1387436424069193730
1387436425415643138
1387436429202976769
1387436430310400005
1387436441496690699
1387436443581231106
1387436443744837636
1387436446760439818
1387436449209847813
1387436451881578496
1387436461914476547
1387436469795557377
1387436471251083271
1387436479291461633
1387436499948408839
1387436500040798209
1387436500661391362
1387436508089655296
1387436511218524170
1387436513835814916
1387436515844923395
1387436519330353155
1387436520567672834
1387436529883168772
1387436531028221956
1387436541601935362
1387436546760929281
1387436558815477770
1387436561218818048
1387436564435800066
1387436571943649293
1387436576016269313
1387436585675800581
1387436595364515840
1387436601903550466
1387436618760523786
1387436624875769856
1387436649869496325
1387436651274702863
1387436651580960772
1387436654269435904
1387436655276036096
1387436663190691842
1387436666965610506
1387436668324569090
1387436673378791425
1387436681113001988
1387436681624649731
1387436689384169472
1387436695969271815
1387436699106430982
1387436703938404353
1387436725719343107
1387436734007463940
1387436743629103107
1387436753355636739
1387436755582963716
1387436760096034823
1387436760729366529
1387436769780506625
1387436771810582531
1387436788583600128
1387436797647482884
1387436815196385282
1387436824835067908
1387436826630184965
1387436828169424900
1387436831042637824
1387436831512408066
1387436833903046658
1387436834708496389
1387436836889444361
1387436840555188228
1387436843965235202
1387436845424857099
1387436854744600578
1387436866908024835
1387436872461398022
1387436874407448578
1387436878102777857
1387436883852947457
1387436900248600576
1387436904921112576
1387436915696095235
1387436919269777410
1387436927150854151
1387436944293044226
1387436944754233347
1387436946444754948
1387436950186074112
1387436950387363840
1387436958582902785
1387436963159056387
1387436963456634880
1387436967726563332
1387436987070750723
1387436991818735627
1387436995606024193
1387436995987845125
1387436999070650370
1387437006414761987
1387437008696619012
1387437012341428225
1387437012396003330
1387437012484075527
1387437012517523457
1387437014556028939
1387437023938719748
1387437032109129728
1387437034789212162
1387437046000611328
1387437046336262156
1387437049003786246
1387437050534707205
1387437052120162305
1387437054615822340
1387437069539151873
1387437076082266112
1387437089726271496
1387437091483787266
1387437097464877056
1387437100958724100
1387437110412685313
1387437112862064640
1387437115705683968
1387437117517623302
1387437124853669897
1387437128125136898
1387437130939576328
1387437131841392649
1387437135666589696
1387437150568919045
1387437151177134081
1387437167320862725
1387437171041128454
1387437174358908929
1387437183099838464
1387437183154331656
1387437210954342400
1387437211306668032
1387437213454147594
1387437218462007300
1387437224128512004
1387437226167095298
1387437228218015748
1387437230562627587
1387437235381833736
1387437236812009474
1387437265710817284
1387437276813275137
1387437279413776386
1387437283347927043
1387437293863161863
1387437299516907521
1387437305217130506
1387437307230396424
1387437308828340225
1387437314125836295
1387437320803131394
1387437348892422155
1387437349794025475
1387437351752900610
1387437361634717696
1387437364369313795
1387437367699689481
1387437379040989184
1387437381410828292
1387437391649153029
1387437395096842240
1387437398812856325
1387437399580446720
1387437405641248774
1387437405901266946
1387437409298751497
1387437413077721098
1387437414403215366
1387437433546067972
1387437434733043712
1387437437773926402
1387437441846595586
1387437450524569602
1387437460028801027
1387437463312814083
1387437465271771139
1387437466970468354
1387437472787873793
1387437476642492417
1387437481264566279
1387437498461270019
1387437501384626176
1387437501527191556
1387437503607681024
1387437505826283521
1387437506463879170
1387437517247586312
1387437527506771968
1387437530866356225
1387437538068008963
1387437541649911809
1387437544569286656
1387437545601093635
1387437546070847493
1387437549187223552
1387437556162310146
1387437556661473285
1387437555872903174
1387437583161073681
1387437585421651972
1387437587468472323
1387437590593294340
1387437592573104128
1387437616635727875
1387437623774523392
1387437626978885638
1387437629638127625
1387437634620850177
1387437639146553347
1387437648277655552
1387437654833201167
1387437658138349580
1387437659174359045
1387437659971276809
1387437670935171076
1387437672319397899
1387437672621301765
1387437675494400000
1387437678635925509
1387437690287689733
1387437691378311168
1387437692879839240
1387437702891511810
1387437703139151876
1387437710084870147
1387437716435087368
1387437717353492480
1387437719303847941
1387437722642440194
1387437725528199168
1387437727478517761
1387437736324333569
1387437740736847875
1387437750954115078
1387437756846993416
1387437770671632387
1387437776476516354
1387437777629945857
1387437779496456195
1387437786551160832
1387437806369259527
1387437811444371462
1387437812828491779
1387437813952622597
1387437817756753924
1387437819069616132
1387437823217786884
1387437830691987459
1387437834705965057
1387437840372490251
1387437850484953090
1387437854721183745
1387437855480373262
1387437859678736388
1387437864351322113
1387437870013550596
1387437872849080325
1387437874715430916
1387437876959498240
1387437884672778240
1387437888535629827
1387437888472862722
1387437892855812098
1387437895863123969
1387437897230426112
1387437909163270150
1387437919233888257
1387437920940818435
1387437921649713159
1387437925407756289
1387437928700329986
1387437936258453508
1387437942126391303
1387437943216918528
1387437951529807874
1387437954021437445
1387437955183124480
1387437956387024904
1387437960841338881
1387437977324998657
1387437978990129166
1387437981481545732
1387437984803442689
1387437994169229318
1387437998606794752
1387438007720968197
1387438029283880966
1387438034505846786
1387438034967220224
1387438038075068416
1387438040499556361
1387438046648311815
1387438056580554755
1387438060229562371
1387438063891226628
1387438063807344644
1387438065728299008
1387438067212951552
1387438082522292230
1387438090965458948
1387438093553201152
1387438098326466563
1387438102139056132
1387438103934160902
1387438107348373505
1387438110804480000
1387438110905184260
1387438112545067011
1387438113132367874
1387438119054499842
1387438130735767557
1387438131570515968
1387438133894078464
1387438135110512640
1387438135361998852
1387438145524977670
1387438151153618944
1387438156086059009
1387438163443003392
1387438167943303173
1387438180752838664
1387438181889548295
1387438184343212033
1387438197211377669
1387438199836856320
1387438213510410247
1387438215901052928
1387438216630784005
1387438219583578113
1387438230992195588
1387438240936964102
1387438246943248385
1387438256707543043
1387438260201291776
1387438260717330433
1387438269693038594
1387438274726305795
1387438283303628804
1387438295869689859
1387438296180174853
1387438303025188865
1387438308075184129
1387438309266296837
1387438309446664196
1387438313083064325
1387438334205587457
1387438334834843655
1387438344683102223
1387438347644243971
1387438348885708800
1387438350886481928
1387438353990123523
1387438362047524869
1387438362924101641
1387438372508028928
1387438376077377538
1387438379684478978
1387438380221403141
1387438381395816451
1387438383014682629
1387438393479553030
1387438398994993152
1387438410999156742
1387438412228042762
1387438418259447811
1387438418901176321
1387438419140354052
1387438424605413377
1387438432239202307
1387438453063831552
1387438455739670531
1387438457019056131
1387438463054753795
1387438471397007363
1387438472583991297
1387438477114028034
1387438489617289222
1387438493647900674
1387438495027892226
1387438496751755278
1387438497464733710
1387438497930170369
1387438498580402185
1387438507648503809
1387438508109795328
1387438513549938688
1387438517245120512
1387438522135715845
1387438534848651267
1387438538824851464
1387438552313520133
1387438554012430339
1387438554440077313
1387438556910587904
1387438566314283011
1387438570080804864
1387438576615444480
1387438584131579907
1387438598438498305
1387438603610075138
1387438606206177283
1387438612699041792
1387438613420519431
1387438615773556736
1387438618499813378
1387438620051755009
1387438627311947781
1387438632370376705
1387438634589167619
1387438635839016966
1387438672019079168
1387438681124913159
1387438682794233860
1387438701505044481
1387438706685001738
1387438718374617098
1387438733843058692
1387438758904143873
1387438761517060101
1387438788926967809
1387438794950029319
1387438795897835520
1387438802394877955
1387438803548315650
1387438812750487557
1387438814147268612
1387438822091202563
1387438824725303304
1387438831608090625
1387438833088741377
1387438843306070017
1387438844451205128
1387438848662253576
1387438855733891075
1387438862629285891
1387438882992558081
1387438883051343877
1387438888210386945
1387438889128841225
1387438903402061828
1387438905222381575
1387438915947098114
1387438918816182272
1387438927745753090
1387438932439207943
1387438937300520961
1387438940307689474
1387438941339627530
1387438948499132418
1387438950164299778
1387438952160927749
1387438953721106432
1387438958188056577
1387438968451502085
1387438969307246592
1387438978043813895
1387438983848755201
1387438990698029057
1387438992920965121
1387438994024194050
1387438994779222022
1387438997824278529
1387439007286669313
1387439017885536257
1387439026853011461
1387439038647476225
1387439046499110912
1387439048965251080
1387439055043010560
1387439064177987586
1387439070893289478
1387439086374244352
1387439087917977601
1387439103973670912
1387439105211092992
1387439107861671950
1387439121409400833
1387439122491527169
1387439123623972864
1387439125884702724
1387439128573251585
1387439132180369408
1387439137939091456
1387439140468232193
1387439150043828228
1387439170977632261
1387439174731583494
1387439176623300611
1387439188891500544
1387439195027755009
1387439199515811846
1387439207602429953
1387439207858196480
1387439218759188481
1387439218922766340
1387439223058403332
1387439227944771587
1387439230188666889
1387439233443536896
1387439235305807877
1387439235947503616
1387439237797236742
1387439238451453952
1387439240104001537
1387439241760755714
1387439242083717124
1387439248161263619
1387439251214802946
1387439254679212035
1387439255237111820
1387439260001841153
1387439268075687939
1387439270424506370
1387439282495770626
1387439292016840706
1387439303723159552
1387439310538936321
1387439315085631493
1387439315635081218
1387439318352887813
1387439322450726917
1387439322610094080
1387439331292352517
1387439331015479296
1387439331510456322
1387439334073069573
1387439340859625479
1387439340880637958
1387439343669846019
1387439343732727812
1387439344508616704
1387439344592461824
1387439370031058952
1387439371582857217
1387439376347578370
1387439389769232386
1387439396643905536
1387439398292185091
1387439400213262343
1387439403715469313
1387439406332616712
1387439415824371716
1387439415883141126
1387439416415821826
1387439421717422081
1387439421646061568
1387439427924873219
1387439434375868419
1387439440436498435
1387439454114222084
1387439458501369860
1387439475681280008
1387439483415457792
1387439490562596866
1387439490613002244
1387439491909103622
1387439497722269698
1387439500272484353
1387439504030683141
1387439525656473605
1387439534569398281
1387439537031311362
1387439537266339846
1387439547433189377
1387439550507585539
1387439557650567168
1387439561530298372
1387439563690418180
1387439563971325956
1387439578349461504
1387439596942864384
1387439602357600256
1387439610318499842
1387439614323986435
1387439616622485504
1387439620225474560
1387439626130886656
1387439626198077442
1387439643986206721
1387439651422674944
1387439655432376325
1387439671110733824
1387439671379206145
1387439674491277315
1387439681109839872
1387439688718319617
1387439691016773637
1387439692648435724
1387439716652437507
1387439721828208642
1387439726999785476
1387439745446420483
1387439751993729026
1387439752778076166
1387439754627649537
1387439773913030661
1387439784617037830
1387439785531252740
1387439787297099778
1387439791516524553
1387439791806029824
1387439792103862272
1387439802182631429
1387439803159961605
1387439807698198535
1387439810823049217
1387439821598208000
1387439824534007812
1387439824886456322
1387439832578752515
1387439838119358470
1387439845384105991
1387439849012092930
1387439850186592257
1387439854263279616
1387439859829121026
1387439863146766339
1387439864811966465
1387439866955374593
1387439869857701888
1387439870289850370
1387439881639534597
1387439892381282314
1387439893580718083
1387439913323347972
1387439916716527621
1387439918511706114
1387439938577313797
1387439948228403208
1387439949599842307
1387439951688650753
1387439961281077257
1387439961872519174
1387439966662316034
1387439967316582402
1387439968675667971
1387439976682491904
1387439989730934790
1387440001240248326
1387440014691164161
1387440016008355842
1387440021314187270
1387440022702415872
1387440033120940040
1387440036443000832
1387440040423329800
1387440045976657929
1387440047117504515
1387440055506116610
1387440057573904385
1387440064251060226
1387440068516745219
1387440084916469768
1387440085759582209
1387440088083173382
1387440091027677188
1387440091291955200
1387440093057757184
1387440103631380481
1387440107205050377
1387440114322661378
1387440128797278211
1387440143301238787
1387440156785876993
1387440166197813249
1387440168886439941
1387440169037361153
1387440171658919936
1387440180089532420
1387440185172926469
1387440188146728963
1387440188780158977
1387440201299992579
1387440202617167874
1387440214960795649
1387440235538042884
1387440246875475968
1387440248569827328
1387440252277637126
1387440268048314377
1387440270443257859
1387440275467870222
1387440277749702663
1387440290978537475
1387440292228259844
1387440305704783879
1387440311350202374
1387440320489476102
1387440325287976965
1387440330665074688
1387440331537494016
1387440338386579457
1387440343600312320
1387440350281682948
1387440350717911042
1387440356388712453
1387440357323984901
1387440376915582977
1387440378261946374
1387440381978161159
1387440388265365507
1387440390358327301
1387440395647340553
1387440399086665732
1387440407034929160
1387440408175812610
1387440411418021889
1387440424852148224
1387440430523064333
1387440431483351045
1387440448004837378
1387440449296736257
1387440454631792642
1387440463372865540
1387440464119336969
1387440467541995522
1387440468896718848
1387440471077658626
1387440472365445124
1387440473099444231
1387440486437240840
1387440493647343622
1387440494947577860
1387440500395810816
1387440501293555716
1387440504443334659
1387440506901307394
1387440513670918151
1387440517345120261
1387440518276083715
1387440521736503296
1387440535976087560
1387440548349366274
1387440555102281728
1387440569375498252
1387440574899294208
1387440575385772036
1387440575952064517
1387440580955938818
1387440582616752131
1387440583787098114
1387440585284464644
1387440619522506755
1387440619753246723
1387440621170741248
1387440623280697351
1387440634831716354
1387440639621562369
1387440652816773121
1387440653613813769
1387440670378323973
1387440674123837445
1387440689533882369
1387440714154319879
1387440720143740930
1387440725768482821
1387440727026720769
1387440727463010309
1387440765169774601
1387440768407654401
1387440768835473411
1387440769955352577
1387440782282461186
1387440782915821568
1387440787688878082
1387440802243268611
1387440813618065415
1387440816172437506
1387440823294468100
1387440825093738507
1387440833897578496
1387440844622516225
1387440851819929603
1387440854458159105
1387440861399683074
1387440861722648576
1387440865145245696
1387440868911632384
1387440870429913090
1387440875819708417
1387440881402265611
1387440885827133443
1387440886498283526
1387440888742174723
1387440892739395589
1387440897239883776
1387440898120818689
1387440902444961794
1387440903384707076
1387440916034555904
1387440916412125188
1387440920308686849
1387440926625173507
1387440937664647168
1387440944014929923
1387440948288819203
1387440950222462981
1387440950855753730
1387440952504057859
1387440953456214018
1387440953997287428
1387440957566631936
1387440964936085509
1387440975799361536
1387441001661358090
1387441003821338628
1387441015523581954
1387441018610536451
1387441021659844611
1387441030878973958
1387441033378766852
1387441049547776004
1387441066425585671
1387441070867353610
1387441071672774661
1387441073174220803
1387441077444124673
1387441091415212035
1387441106443390981
1387441122474090508
1387441132687159303
1387441133630918656
1387441136420143117
1387441137313406976
1387441149519048709
1387441150882029568
1387441154451382274
1387441159597826051
1387441161841909760
1387441162148061186
1387441171442520074
1387441171555782661
1387441173082648581
1387441190082158594
1387441190786813952
1387441206905421824
1387441207920451592
1387441211418550292
1387441215818272768
1387441242284429323
1387441242838011906
1387441244591251466
1387441249829986304
1387441252816367627
1387441266078670848
1387441267374628868
1387441280637194241
1387441281807183879
1387441297766633476
1387441308369780738
1387441314011226121
1387441314233421824
1387441317584596997
1387441319644119056
1387441321552449541
1387441336392077312
1387441346944946183
1387441347271950343
1387441353408225282
1387441357246111747
1387441360999964673
1387441376221093889
1387441385066754052
1387441386690068480
1387441394113933320
1387441396219527173
1387441400812163072
1387441418000605186
1387441421527957504
1387441421708238853
1387441427236499460
1387441432173056004
1387441432776962048
1387441439869739008
1387441440339292160
1387441442872758272
1387441445422960640
1387441465001979906
1387441491925032966
1387441504042508290
1387441512825360391
1387441514444374019
1387441516747046917
1387441517954994176
1387441537580208129
1387441541417897987
1387441546098667523
1387441549697380353
1387441553849847810
1387441563392004101
1387441566290259977
1387441567401713668
1387441568307687434
1387441589316902917
1387441590759739395
1387441594136207364
1387441598213070848
1387441606937219072
1387441611597025288
1387441611370496002
1387441618140155908
1387441621663428612
1387441630261743627
1387441630437855236
1387441631054401540
1387441634971844608
1387441642437636097
1387441665598705673
1387441675933556737
1387441681805479938
1387441701145489408
1387441702927953924
1387441707835396099
1387441710674874375
1387441713761984523
1387441715619897347
1387441720971960327
1387441727535992840
1387441730467897361
1387441732112031744
1387441739430989827
1387441752529940481
1387441758120792064
1387441760494882827
1387441762600427520
1387441771580428294
1387441773673426949
1387441777112649732
1387441778513563652
1387441782586232837
1387441785144680450
1387441791293530114
1387441792149344256
1387441792480645122
1387441796448411653
1387441798302343175
1387441807261372421
1387441809048195072
1387441816023158791
1387441819387146251
1387441841444954112
1387441844099952642
1387441848877162499
1387441850584379392
1387441858142511106
1387441860856057857
1387441866707144707
1387441893794107392
1387441903340331015
1387441906825580550
1387441907136024576
1387441909887500292
1387441912156614660
1387441912379027457
1387441921459736577
1387441928115994626
1387441929214910475
1387441935862976518
1387441940422172673
1387441957304033282
1387441963201224704
1387441964661059595
1387441966183452678
1387441970310647814
1387441973703942149
1387441975616409600
1387441980221935621
1387441985066315779
1387441993278582788
1387441998831837189
1387441999872249856
1387442003030519809
1387442003479302152
1387442003428925449
1387442005521965068
1387442011297386496
1387442014619410432
1387442021044920320
1387442021011529734
1387442029001543683
1387442037859966981
1387442050736418817
1387442054112886792
1387442057984282634
1387442058005209093
1387442060840558594
1387442060886634497
1387442062383935488
1387442063982178309
1387442072567881730
1387442094881480707
1387442105648390151
1387442110555635713
1387442113776963595
1387442116171866112
1387442126485557248
1387442130453401600
1387442136262586369
1387442156361719813
1387442159444533248
1387442161088598018
1387442168390774790
1387442186539737093
1387442205934170113
1387442207515422730
1387442209948045317
1387442212795928583
1387442215794921473
1387442223483002880
1387442236837691392
1387442240063213571
1387442243414409217
1387442244274249732
1387442244630683655
1387442251618525187
1387442256618082317
1387442257142374402
1387442275307843589
1387442276272574466
1387442281612029960
1387442291929985031
1387442294140203011
1387442295885111299
1387442298917621767
1387442319763382274
1387442322766450692
1387442328164618251
1387442332924989441
1387442339275321345
1387442346938224643
1387442354202816513
1387442358137016323
1387442375715217412
1387442379771236355
1387442382073995264
1387442384741482498
1387442395852296200
1387442415053807627
1387442420179210246
1387442423635267588
1387442427099705344
1387442439569412104
1387442453695840261
1387442454056652805
1387442455679848453
1387442455969243140
1387442466387906561
1387442474872942601
1387442484029001738
1387442487766179844
1387442497580933121
1387442499564806146
1387442506283982850
1387442508305768454
1387442520708296704
1387442528799105030
1387442530321670154
1387442533123383297
1387442541226647556
1387442543873470465
1387442550362054659
1387442552412966915
1387442554506031112
1387442563867582467
1387442577687863299
1387442583832518659
1387442586479104001
1387442591143276549
1387442593181704195
1387442598491541505
1387442601268232194
1387442608037761025
1387442608171982850
1387442612588720130
1387442615088467971
1387442617307254786
1387442622336147460
1387442622487310340
1387442632184451080
1387442644083695616
1387442645727948801
1387442670243618823
1387442679462592513
1387442680716677124
1387442681798815750
1387442681991753736
1387442685695471621
1387442689147215874
1387442689952583683
1387442693236695045
1387442699452575745
1387442715009462278
1387442718507421698
1387442728066224129
1387442735238369281
1387442739399196678
1387442744084385794
1387442747854913549
1387442752389095428
1387442766662168582
1387442783124967424
1387442787663089664
1387442790041223171
1387442796395642880
1387442800237584388
1387442803991400451
1387442810899550208
1387442812547911684
1387442815190413313
1387442834601504769
1387442839563509762
1387442849269047306
1387442849927647232
1387442852997828610
1387442853433937922
1387442871951896582
1387442877425389573
1387442890151014401
1387442916365320199
1387442927799054349
1387442941350739971
1387442944995520521
1387442945738121222
1387442958908248066
1387442970203332611
1387442979934244866
1387442984103329794
1387442994475765768
1387442995679662087
1387442996405276680
1387443004902891526
1387443005947326479
1387443009080414211
1387443019398455302
1387443028294569987
1387443029808648192
1387443035131109377
1387443040457936899
1387443040483123203
1387443048313802754
1387443066643025921
1387443073584713739
1387443091125293058
1387443101128699904
1387443102126837761
1387443104794427393
1387443106170216450
1387443109412409344
1387443114474934276
1387443120493694978
1387443121512980490
1387443126130905090
1387443140001415168
1387443144191447045
1387443160847114242
1387443164148125706
1387443167423647746
1387443174902308872
1387443177578188801
1387443188529602565
1387443194342871042
1387443204962852867
1387443212026097669
1387443212948852742
1387443215989497857
1387443219898662916
1387443231273717768
1387443246113050624
1387443247006371846
1387443257865555970
1387443259799048195
1387443265201270784
1387443268372373505
1387443287699558406
1387443304644726784
1387443306678870021
1387443308570443778
1387443319513522179
1387443326840938501
1387443331525926912
1387443349985058821
1387443355127271430
1387443356196868098
1387443375260020738
1387443375876435970
1387443381664575488
1387443382914490368
1387443386399948804
1387443393517740032
1387443400056709124
1387443402166312960
1387443405936947203
1387443410332753925
1387443421133119489
1387443426254233605
1387443430868111360
1387443439923601412
1387443440884006912
1387443442628788225
1387443444251971587
1387443455249555459
1387443458089029633
1387443463952666635
1387443466389495808
1387443468390305799
1387443468922802178
1387443477080854535
1387443483779153920
1387443497456869385
1387443502573920265
1387443532965683204
1387443536333885440
1387443537935933443
1387443545120788488
1387443553975029760
1387443558341398533
1387443559985557511
1387443565912002569
1387443567363301379
1387443575168851975
1387443598157828098
1387443610090627082
1387443623604613120
1387443634555949057
1387443644441894912
1387443644458733572
1387443647155740677
1387443649307234305
1387443660183068674
1387443670442381312
1387443670866141194
1387443672640368644
1387443678113722369
1387443686116577286
1387443688264110080
1387443692114386945
1387443695520305162
1387443696791166978
1387443697244049418
1387443698825269249
1387443709160079363
1387443712515530754
1387443715036303368
1387443719125807110
1387443720556064775
1387443723873755145
1387443750843019269
1387443751736397827
1387443753221337090
1387443753200193538
1387443755104587778
1387443770774331394
1387443773895020546
1387443776315174927
1387443777648959488
1387443794031878145
1387443804513390595
1387443805348155408
1387443810683133958
1387443814676135940
1387443820820942850
1387443828546695168
1387443845885988866
1387443851854442496
1387443861891473412
1387443863191789573
1387443871181721600
1387443873266298880
1387443876625928193
1387443878576463875
1387443879188828165
1387443892279300101
1387443905956823047
1387443906048970761
1387443907248726021
1387443917512134666
1387443920339144710
1387443922583146497
1387443927435857921
1387443940689948674
1387443959480426503
1387443959924989953
1387443961976004609
1387443962445811712
1387443964274380800
1387443970410795016
1387443972180697091
1387443987783487495
1387443995400278016
1387443999368167430
1387444006007701504
1387444013406461953
1387444015512096768
1387444019131678720
1387444023036628994
1387444034159919107
1387444034533302277
1387444036697526280
1387444039595683841
1387444042837995526
1387444052514250752
1387444058419875845
1387444060772659200
1387444067123015685
1387444079412252683
1387444082281230344
1387444084076204032
1387444084139184130
1387444084466339840
1387444087834484738
1387444089491054592
1387444103001133063
1387444104813060098
1387444114103410690
1387444117941018625
1387444134521212932
1387444134634344450
1387444136811315201
1387444158458118151
1387444160412536832
1387444165206806533
1387444171942678530
1387444172550987777
1387444180474019844
1387444189907013633
1387444193610670080
1387444199440543751
1387444211646009344
1387444218751328257
1387444222115020800
1387444225797677060
1387444228243042307
1387444244210716673
1387444251450134529
1387444254323011593
1387444259658285065
1387444260048343044
1387444265391906825
1387444266805436418
1387444275613405186
1387444289618255877
1387444293103722498
1387444307280371720
1387444307997696006
1387444308060655620
1387444309989990404
1387444320924577793
1387444323948638208
1387444327316525067
1387444348049002497
1387444354449510402
1387444359033888769
1387444365187076096
1387444371780345856
1387444375593136128
1387444378973577220
1387444386145918980
1387444410334388228
1387444410938396674
1387444416776859648
1387444417687076865
1387444418114818051
1387444422506332162
1387444424871919617
1387444428982345733
1387444434921472002
1387444449618300934
1387444462683672577
1387444476428312576
1387444491733377026
1387444492299497477
1387444501531222019
1387444505247248386
1387444513124278277
1387444516064579587
1387444520690855939
1387444536348131330
1387444556472352770
1387444565586726917
1387444567935361024
1387444569592188931
1387444578144428034
1387444597308203010
1387444599203893248
1387444601716412419
1387444602966249472
1387444604631404545
1387444605302476801
1387444605407440896
1387444605935816705
1387444613426860033
1387444621798563845
1387444632997482502
1387444644569571331
1387444645085552644
1387444645739868163
1387444649556594693
1387444661908774913
1387444663481683976
1387444665331306497
1387444675011915776
1387444676433747968
1387444682003783682
1387444690941890563
1387444692837572608
1387444696918659073
1387444700156555266
1387444716267089920
1387444726882701318
1387444727243546628
1387444728371810316
1387444729000853505
1387444729382588420
1387444738995986434
1387444740442968069
1387444741663608834
1387444742745563142
1387444750748291074
1387444750828163083
1387444755517173760
1387444758855905284
1387444767722704896
1387444770948227074
1387444777667502082
1387444779206660099
1387444783073857538
1387444790367764481
1387444791328198660
1387444791701426177
1387444797078753289
1387444800723554307
1387444802820608004
1387444806427742208
1387444807207841793
1387444808017399808
1387444810324316162
1387444812232765444
1387444813214199809
1387444815822999556
1387444816674394118
1387444825008521218
1387444826740830210
1387444827185467392
1387444834781302790
1387444837150953478
1387444843924889601
1387444851600355337
1387444853240258563
1387444856990015494
1387444859217317891
1387444870931959808
1387444875059159052
1387444879660310538
1387444894390697990
1387444904373145604
1387444915907436545
1387444919678107650
1387444924317159426
1387444925789134852
1387444930134433795
1387444935297839110
1387444941140467718
1387444951080972295
1387444963839864843
1387444964343394310
1387444969955225601
1387444974292189185
1387444983716847618
1387444985281142791
1387445003815903233
1387445019691393029
1387445023055155216
1387445023076147200
1387445035793326092
1387445037202554888
1387445045318541322
1387445047256240131
1387445049806446594
1387445053040336896
1387445054730559490
1387445067372277762
1387445078701006857
1387445081200865285
1387445081716756484
1387445087274246145
1387445090436755459
1387445093540454401
1387445104718368775
1387445108681838594
1387445111869435904
1387445134132973571
1387445138314596352
1387445140340494336
1387445140776697861
1387445147919601668
1387445148569702413
1387445151958700035
1387445154819108866
1387445158598352897
1387445159265292295
1387445162419306496
1387445163044347906
1387445165397250049
1387445173907513348
1387445177665540097
1387445180161216513
1387445184619761670
1387445190957404161
1387445204848975874
1387445205691949056
1387445214604795905
1387445217867886600
1387445221345034246
1387445223127662592
1387445225958764545
1387445230685888516
1387445250289975298
1387445254438129665
1387445257114107905
1387445258686971919
1387445270196146180
1387445304870461440
1387445324751515656
1387445330359242756
1387445331072270336
1387445331374247936
1387445334952001541
1387445359165771785
1387445371383730177
1387445371404578820
1387445375246782474
1387445393294729224
1387445395530289153
1387445398986498055
1387445412357984256
1387445414941450242
1387445431521718276
1387445452346478597
1387445459493429251
1387445461309693963
1387445465055121415
1387445472822849540
1387445485863067650
1387445486072782849
1387445496361410560
1387445500467720193
1387445501805699072
1387445515491545093
1387445516569620482
1387445524144480257
1387445526975627267
1387445529047670787
1387445538459721728
1387445543878672385
1387445546902773760
1387445553508847617
1387445558693007367
1387445560223830019
1387445560857305091
1387445570214694920
1387445575138873347
1387445583049334786
1387445584584396808
1387445618453499904
1387445633208958979
1387445649071816708
1387445664674631683
1387445673180676098
1387445675105869824
1387445677714599941
1387445694944972811
1387445695968432129
1387445704654692357
1387445704176676866
1387445706714189824
1387445715182489609
1387445734505689093
1387445739333292034
1387445741912829953
1387445744244772869
1387445745561870340
1387445748032233479
1387445750242631683
1387445763010072582
1387445765870522371
1387445770958290944
1387445772942204931
1387445776213843968
1387445781209120768
1387445781804634119
1387445791552331781
1387445798577782787
1387445804542009346
1387445808375738376
1387445812938952704
1387445814306349059
1387445815803789327
1387445822091141120
1387445824817405952
1387445837664440320
1387445843419013121
1387445844929040387
1387445847105806338
1387445862821859331
1387445871869001729
1387445873425240074
1387445886406610950
1387445887912189953
1387445901220798466
1387445902793748485
1387445903322075137
1387445910267904001
1387445911404613634
1387445920149692422
1387445921609224193
1387445924088057860
1387445938046779395
1387445951028076544
1387445952525504519
1387445952751996928
1387445962386280448
1387445964055584768
1387445966542970892
1387445966656077829
1387445968610729984
1387445971261345793
1387445973086089233
1387445978593206274
1387445981805891586
1387446001615650818
1387446001657688064
1387446002337030157
1387446015385554944
1387446019143647233
1387446019378454528
1387446027297296386
1387446033802747907
1387446039330791429
1387446052937142276
1387446052979191816
1387446056833671180
1387446058423304196
1387446063599128582
1387446066358849536
1387446075380932608
1387446085782695940
1387446106368483332
1387446116690522112
1387446120150827011
1387446122289844228
1387446143768961027
1387446145941741574
1387446147745259520
1387446150483955716
1387446159992569856
1387446170096570370
1387446177990279168
1387446184764067840
1387446187423272960
1387446186072752135
1387446190569050117
1387446205974724615
1387446214690435074
1387446219941765121
1387446220528836608
1387446239134896129
1387446245539581959
1387446257594118149
1387446270134951944
1387446278410457093
1387446281451286529
1387446286148804608
1387446298815700993
1387446300040433666
1387446302431141890
1387446305140748295
1387446314170990604
1387446316402241542
1387446324010766340
1387446324778311681
1387446333280112642
1387446334966349827
1387446341450833924
1387446341958348801
1387446346630762499
1387446347029049344
1387446355770150913
1387446356118102019
1387446356223008774
1387446359717031937
1387446362594107395
1387446363479187456
1387446374724165635
1387446385415389185
1387446388531900434
1387446402431737858
1387446403123843078
1387446407670366210
1387446410312765449
1387446429493317633
1387446430927933440
1387446445624631297
1387446446715244545
1387446454696955904
1387446457368723456
1387446486384840704
1387446493066391552
1387446497499783168
1387446498825228293
1387446498829508610
1387446519348015104
1387446538146824196
1387446543070998530
1387446547135143938
1387446551732228097
1387446559164469254
1387446567351771136
1387446569113325570
1387446576449310728
1387446583323545608
1387446587115331591
1387446589166264320
1387446607470157831
1387446626965409792
1387446628265586688
1387446657160208384
1387446657197875206
1387446663875338246
1387446665317994504
1387446672779739136
1387446688747491335
1387446699564703747
1387446703049961473
1387446713003102209
1387446715192647683
1387446717767774209
1387446723388198914
1387446723803549696
1387446753297932291
1387446759803129861
1387446763221569536
1387446771488542721
1387446782003646472
1387446782125293571
1387446788773318660
1387446793017901059
1387446793064099840
1387446793223426052
1387446804703182848
1387446828573077512
1387446842057707522
1387446846772039683
1387446853680128002
1387446873867304960
1387446883212304389
1387446884659175424
1387446884860448769
1387446885041025026
1387446888404865029
1387446904540254208
1387446908822622213
1387446919211978753
1387446945698963460
1387446946118373382
1387446961154969604
1387446967140339720
1387446977583931394
1387446977244372992
1387446991651852289
1387446998601814016
1387447002292801544
1387447004985442314
1387447005346160642
1387447018855952385
1387447019661299715
1387447022765019137
1387447023427796993
1387447023188672516
1387447033095675904
1387447040188289024
1387447041769549825
1387447048677560324
1387447052813037570
1387447054700630022
1387447061013049345
1387447062476754946
1387447074149502981
1387447083280523264
1387447093573324808
1387447095850795008
1387447104520572933
1387447112040861703
1387447132748189703
1387447133444481029
1387447141912752134
1387447143053529088
1387447144324341762
1387447150586605569
1387447153262485512
1387447155493797891
1387447155565252611
1387447156743696388
1387447170039701505
1387447174439456770
1387447176645599246
1387447196904300556
1387447204235956228
1387447207968837632
1387447220874661895
1387447242127069191
1387447246996791299
1387447253720125446
1387447258149498880
1387447274209374212
1387447274544959491
1387447280576327682
1387447281289474051
1387447286339407881
1387447288101019650
1387447296250597378
1387447301363408900
1387447320820600833
1387447324717174795
1387447325543395332
1387447331105116168
1387447339854401536
1387447342564057088
1387447351313408008
1387447362336010242
1387447365972414469
1387447374071713792
1387447376357601286
1387447392920875011
1387447404031627265
1387447412663504902
1387447418669596672
1387447422780051462
1387447423979507716
1387447435169996804
1387447440735969282
1387447446507163648
1387447446377275392
1387447449472667651
1387447456636485638
1387447480552468485
1387447484235010056
1387447490513887237
1387447500949368833
1387447528468135940
1387447529495613441
1387447535929790467
1387447537255157761
1387447537120972800
1387447542103871488
1387447551440343041
1387447553864523776
1387447554548322309
1387447561028399106
1387447561687076866
1387447576165711875
1387447581689761798
1387447583824654336
1387447590862610438
1387447598324219906
1387447601453281281
1387447612123586560
1387447615734919177
1387447621728542723
1387447627285893123
1387447631371251717
1387447639256539137
1387447646814670848
1387447653626040328
1387447658219024386
1387447661557542914
1387447664615165953
1387447685393752065
1387447690330624007
1387447692310323201
1387447695955005444
1387447702347304960
1387447711989964804
1387447728058347520
1387447732810432513
1387447735863939075
1387447745498157056
1387447756550254600
1387447756638326786
1387447757791662083
1387447759616331776
1387447762493448194
1387447763747495937
1387447806831599630
1387447807783497728
1387447815018668034
1387447821968814081
1387447825454145538
1387447834748751873
1387447847319007233
1387447851500834821
1387447869343297537
1387447870819684358
1387447899336941568
1387447902125973508
1387447906777530376
1387447910929940481
1387447910867034113
1387447919658348547
1387447922086789125
1387447931318505473
1387447931423399936
1387447954068357125
1387447960481505285
1387447975790714881
1387447978479161346
1387447980093894663
1387448016836169734
1387448018249605124
1387448026889867269
1387448035404255232
1387448042320666627
1387448048167657472
1387448048976994308
1387448056476545027
1387448059144114189
1387448065984851972
1387448077452197894
1387448077196292096
1387448089057837063
1387448092346228738
1387448112168554496
1387448116509544450
1387448123711053825
1387448126819250184
1387448133538488320
1387448153390166016
1387448165822078979
1387448168087015428
1387448187741425669
1387448197203861510
1387448203327442946
1387448208079605771
1387448208834449408
1387448210541760513
1387448214614327296
1387448223275667466
1387448239226560515
1387448239398559744
1387448240786837509
1387448243823554567
1387448244536414208
1387448267970056196
1387448278053269516
1387448285498052613
1387448291609260036
1387448303147704321
1387448304154288128
1387448308155654145
1387448318813343745
1387448323640946690
1387448328103682049
1387448335301332992
1387448335720718340
1387448341638828038
1387448343148777476
1387448343320793089
1387448344964829184
1387448345141067778
1387448352225234945
1387448356927008775
1387448358365798404
1387448367375077376
1387448375893766149
1387448382831042563
1387448394201841668
1387448400149237760
1387448402263175169
1387448405610303489
1387448427542368256
1387448432755937286
1387448437629767689
1387448449579245574
1387448453999910917
1387448454276845568
1387448462615015424
1387448482219368452
1387448486962946050
1387448499151769602
1387448499533279241
1387448506592415745
1387448519682822146
1387448524032315402
1387448545360363520
1387448554885566464
1387448556663894021
1387448574175105029
1387448580156297221
1387448583838859266
1387448597130604546
1387448600351838209
1387448618848722945
1387448622757806080
1387448624121065474
1387448657138573312
1387448678965813248
1387448686955876354
1387448690214903810
1387448701757632513
1387448704546783235
1387448726717964291
1387448727699398656
1387448729410564096
1387448733093277698
1387448738562650116
1387448750390530052
1387448753188073476
1387448759974461440
1387448764219248643
1387448785794707469
1387448787778478080
1387448794334175233
1387448801326157828
1387448811379859456
1387448811874816000
1387448823358894083
1387448825212719107
1387448826961829888
1387448836826681344
1387448840027090948
1387448841113268228
1387448856435060741
1387448857521389568
1387448861677993987
1387448868523192321
1387448872373395457
1387448884079775750
1387448895358136328
1387448902538780674
1387448902681448448
1387448904635994115
1387448910453657603
1387448913821671429
1387448916203999234
1387448917781061635
1387448935195742211
1387448937225752577
1387448938010054656
1387448944221818882
1387448948625903621
1387448951880790018
1387448958293774344
1387448963989745665
1387448968045637632
1387448984567001091
1387448999213424649
1387449000488493059
1387449001574871040
1387449009971687427
1387449026661003267
1387449027109826567
1387449030301544453
1387449033514389507
1387449037004148738
1387449041441591297
1387449046088945667
1387449057304399875
1387449057895981060
1387449066284453888
1387449074358657025
1387449080226492419
1387449080712994818
1387449090246512640
1387449125667545092
1387449132265136132
1387449137336041482
1387449143287746561
1387449144428666883
1387449146777407489
1387449161302355969
1387449175583961092
1387449182181421063
1387449188619800580
1387449191597805570
1387449195578150916
1387449199415992325
1387449212850163712
1387449213433393164
1387449222535041024
1387449233561714690
1387449233914007554
1387449248472436739
1387449255032500227
1387449256466960400
1387449260925505537
1387449271931314181
1387449278403162112
1387449283104935936
1387449289144737795
1387449291975823364
1387449292475060226
1387449296027590663
1387449300796456961
1387449335101759494
1387449344677216257
1387449356249403393
1387449361693618186
1387449378999345153
1387449386440007684
1387449392576278528
1387449406069354498
1387449408053207049
1387449411198803971
1387449412805353474
1387449419692482561
1387449430094360578
1387449433672101888
1387449443805454341
1387449448347828226
1387449455440433152
1387449457252392967
1387449459039109122
1387449461635493896
1387449462893826048
1387449464827392001
1387449465603338252
1387449468593872905
1387449468677722113
1387449469382299649
1387449470183432193
1387449470460338177
1387449471869624320
1387449473425629187
1387449473794723841
1387449475514388480
1387449476588228610
1387449477573877770
1387449477766729730
1387449479129976837
1387449479989706754
1387449480073469957
1387449480627331081
1387449481524776967
1387449481478692873
1387449483563257856
1387449483823177733
1387449484083408896
1387449484121100296
1387449486079791108
1387449486251892738
1387449486427971587
1387449486616760329
1387449488613203974
1387449489095540740
1387449491414867971
1387449493533175814
1387449495319846914
1387449497106751491
1387449497337298948
1387449497903636481
1387449498318905348
1387449499845550083
1387449499795271680
1387449499950399492
1387449501066072069
1387449504132222980
1387449505398902794
1387449505868500997
1387449506845822980
1387449507584122883
1387449508401975300
1387449510062866433
1387449510360649730
1387449512524800000
1387449517205770240
1387449518510297088
1387449520225767426
1387449521559547911
1387449521949618178
1387449522255695872
1387449522880753672
1387449523249819649
1387449543869009927
1387449551435538433
1387449551582289921
1387449551951433729
1387449554396606468
1387449555726200832
1387449556963446784
1387449559346040833
1387449561149550596
1387449564211257345
1387449565343731712
1387449567461978115
1387449574592294912
1387449574613266435
1387449577868075012
1387449580002975746
1387449580292354049
1387449581617680384
1387449585216495616
1387449587137458186
1387449587514941441
1387449591872724992
1387449591918829569
1387449593261182985
1387449595840581638
1387449601356038146
1387449604371779587
1387449607362281476
1387449614866042884
1387449614949888005
1387449618280198146
1387449617936224257
1387449626425536512
1387449628111605765
1387449629264986114
1387449632716959745
1387449634222755848
1387449637422788608
1387449638454808577
1387449643223683076
1387449650379202563
1387449652417601537
1387449654552371209
1387449665466085385
1387449668410372096
1387449668733489162
1387449669421191172
1387449670918713345
1387449678799810569
1387449680066449409
1387449681509236743
1387449685326061568
1387449689616916481
1387449690199838730
1387449693039480838
1387449709678190597
1387449731077574658
1387449734919593985
1387449735473246212
1387449738430197764
1387449742381129728
1387449751344398339
1387449754276274181
1387449762195116038
1387449763927191554
1387449783133016064
1387449799939612683
1387449804591091719
1387449807434780675
1387449811066970115
1387449813503934464
1387449815605334018
1387449816305786884
1387449822542770183
1387449822496579594
1387449823855529988
1387449825512284169
1387449827273986050
1387449834014134272
1387449842448928768
1387449847507152901
1387449850086690820
1387449851051339776
1387449853236547585
1387449857753899018
1387449863118344192
1387449864401850371
1387449874094989313
1387449874195562497
1387449875844018181
1387449877110661121
1387449878171643904
1387449886086508550
1387449886258483203
1387449893971705856
1387449894517022720
1387449896597344257
1387449908555309058
1387449910706860032
1387449911054983172
1387449926213378053
1387449939832213510
1387449943384809474
1387449951433547778
1387449959411245057
1387449963668557826
1387449964628832260
1387449970228436992
1387449977459277825
1387449980529565705
1387449981758492672
1387449991136960515
1387450002927230989
1387450004126666755
1387450020987871236
1387450021252157444
1387450023789563904
1387450027963002883
1387450028923445256
1387450043163103233
1387450045633597440
1387450047231664129
1387450056110854147
1387450058115887114
1387450061106282497
1387450061622321157
1387450063195197440
1387450073005674505
1387450074288955392
1387450077380239361
1387450077812232194
1387450078332338176
1387450079519264770
1387450083868913664
1387450089069764610
1387450089912762368
1387450093507432460
1387450093922656259
1387450098938961925
1387450101031911427
1387450108438974465
1387450123190407170
1387450127816724482
1387450139342557185
1387450146149912579
1387450147383046147
1387450156140748802
1387450158460329994
1387450169382289411
1387450176189702147
1387450176747474947
1387450184834195456
1387450188508418058
1387450190701998080
1387450194313334789
1387450203935068169
1387450209479929858
1387450210637336578
1387450216794648576
1387450222448685058
1387450225640583168
1387450228652003328
1387450230497497090
1387450241499209735
1387450244170878977
1387450247878627328
1387450260260233217
1387450263351353345
1387450268699090944
1387450291654701066
1387450294917795844
1387450300303388672
1387450304937873410
1387450322528915459
1387450336282021889
1387450339494858754
1387450344599293954
1387450348449800201
1387450349925978114
1387450355466784769
1387450361309372418
1387450374190092291
1387450386726936583
1387450389008576513
1387450389096632326
1387450401281224706
1387450404858957828
1387450411876077570
1387450432180473856
1387450440103735297
1387450443383468036
1387450449738010628
1387450453466652673
1387450453823160320
1387450457132503044
1387450475876917249
1387450485309939713
1387450488703098886
1387450489151840270
1387450489558605824
1387450493618642948
1387450493983772672
1387450496215101441
1387450501374042115
1387450514082869255
1387450515273830402
1387450517719293952
1387450522354003973
1387450526317613065
1387450535352193030
1387450536216170496
1387450547653984257
1387450552116813831
1387450644055928835
1387450657402142723
1387450667468574722
1387450670333284353
1387450674263252993
1387450677362823174
1387450680470904836
1387450681863385091
1387450682228109312
1387450700045557763
1387450706479566851
1387450716407562242
1387450720304078848
1387450724410331137
1387450724787752961
1387450726947958791
1387450728650657793
1387450735923654660
1387450741628014593
1387450745847390209
1387450746015297538
1387450762381336581
1387450787329150978
1387450791397453825
1387450798112710659
1387450805788319751
1387450805670879235
1387450809202343940
1387450810422935570
1387450810997616643
1387450813564416000
1387450818589347840
1387450819713306624
1387450857705201665
1387450865762590720
1387450868660719617
1387450872108552202
1387450876357394434
1387450889124864005
1387450889980547080
1387450893369581572
1387450895709839364
1387450896418807809
1387450898218110977
1387450994703863810
1387451000206680067
1387451007412711427
1387451017894055939
1387451029617188864
1387451029826859009
1387451033346007042
1387451036453937153
1387451038429483012
1387451053541531649
1387451055781335047
1387451058880978956
1387451082410975235
1387451088308162565
1387451088408829954
1387451088396292096
1387451092070457344
1387451097325834244
1387451098579881985
1387451098731065345
1387451100811382785
1387451103420243975
1387451109112000513
1387451120662978565
1387451120856010753
1387451120285540357
1387451132272853004
1387451139252228096
1387451143291383821
1387451147904978947
1387451149008072711
1387451149700288513
1387451155005927426
1387451177789497352
1387451189093076993
1387451192750473216
1387451202544226306
1387451203592720384
1387451211264167939
1387451212484775938
1387451213512384517
1387451214024019968
1387451218402824192
1387451223075393536
1387451225596116992
1387451227932299266
1387451230297858054
1387451233632350209
1387451235557588997
1387451236794961923
1387451241559732227
1387451247800815619
1387451250623483904
1387451259884646407
1387451266436063233
1387451278611992579
1387451294546280448
1387451294605053954
1387451295347351553
1387451313760448513
1387451321796775939
1387451337370128387
1387451338284470273
1387451350309552134
1387451354235478021
1387451376314224641
1387451379967475716
1387451382362411016
1387451392995078146
1387451395482152961
1387451400624525321
1387451405322100737
1387451408748892160
1387451411676467205
1387451427430227972
1387451430433435651
1387451438943588355
1387451442852769792
1387451443213438979
1387451446988247049
1387451450893107200
1387451453267120133
1387451459671756804
1387451462805082113
1387451475027283972
1387451477761822720
1387451498200588291
1387451502650929157
1387451503510704133
1387451516399849476
1387451516668321797
