1381834588478005248
1381834624712720384
1381834657851789314
1381834690559008772
1381834719222919170
1381834745160425474
1381834758330716162
1381834885854298114
1381834957019099137
1381834967487934465
1381835013562458115
1381835016938745859
1381835029773316099
1381835033741197314
1381835054704328709
1381835069506125827
1381835172639805443
1381835177790427138
1381835182580318214
1381835223265112066
1381835275740049408
1381835288897486853
1381835364114042880
1381835397441802244
1381835417859850242
1381835423857577985
1381835440471298048
1381835467755245569
1381835524336418821
1381835591537500161
1381835674454724609
1381835678959468545
1381835688329482240
1381835722487959552
1381835723754602503
1381835737822285825
1381835753613746183
1381835793618984960
1381835825185320961
1381835848560222211
1381835878717300736
1381835910564638721
1381835952054763520
1381836058241892357
1381836060221710339
1381836121592623104
1381836241512001538
1381836274009399302
1381836287590727682
1381836294440026119
1381836305290518532
1381836325716951041
1381836325628837891
1381836374538653697
1381836401851969537
1381836493497511937
1381836500933996544
1381836518034190338
1381836530105397257
1381836531300773888
1381836549076160512
1381836617883783169
1381836618525474817
1381836644660224000
1381836660279754752
1381836663563902976
1381836761391763457
1381836770023628800
1381836782019416067
1381836790651256834
1381836791091621888
1381836832648785922
1381836859609874432
1381836865783787520
1381836922625089537
1381836927335346177
1381837117739823108
1381837143589466114
1381837180583223296
1381837180868378628
1381837252171493377
1381837274686517251
1381837281280061441
1381837294169071617
1381837364792852480
1381837397730553857
1381837403980189698
1381837409554472965
1381837452277600257
1381837464181035010
1381837509840232449
1381837579511865346
1381837587896270848
1381837630480994308
1381837632481718272
1381837637007237129
1381837639360393216
1381837659849551872
1381837715658932224
1381837745627271169
1381837780985081864
1381837790145605635
1381837845820801029
1381837849230778370
1381837869434642434
1381837993179193347
1381838024359747586
1381838071545597953
1381838076675125250
1381838102650585089
1381838158132809728
1381838216119123971
1381838230048358401
1381838300487413760
1381838321907867648
1381838364534472717
1381838364773650434
1381838381328560128
1381838394485960709
1381838407752638469
1381838520063516673
1381838555870326784
1381838627169169408
1381838632521248768
1381838671947649025
1381838677534445568
1381838700091441152
1381838807515865089
1381838834149822465
1381838851228983300
1381838854588674049
1381838965737668608
1381838994078597123
1381838999174533128
1381839049720205312
1381839051171500034
1381839161422880769
1381839175146700801
1381839228292763648
1381839276615274496
1381839333083189248
1381839342126137345
1381839350682546176
1381839353110876160
1381839372673196033
1381839400368283651
1381839426402279424
1381839479414079488
1381839481884512257
1381839484774408194
1381839485361610752
1381839494350041090
1381839541296902147
1381839578634539009
1381839586901565440
1381839640424980483
1381839643247796228
1381839689422925825
1381839709576572930
1381839717906313216
1381839717981958150
1381839749820846083
1381839758771507203
1381839770201042944
1381839778023374849
1381839781815066628
1381839803902275584
1381839825406418951
1381839829806288897
1381839834612830209
1381839855026536460
1381839879198412802
1381839959494037505
1381839971728904194
1381839991035334658
1381840009951641600
1381840036010684416
1381840117690732545
1381840167686832128
1381840180546523136
1381840320132964356
1381840378781913090
1381840383320018944
1381840460440694787
1381840480175001600
1381840505483395075
1381840506649505792
1381840525540515844
1381840603600748545
1381840627500003331
1381840697955913728
1381840718675771393
1381840763101839361
1381840774283677696
1381840861105897473
1381840913295548418
1381840931322793986
1381840942756327426
1381840997311770624
1381841000428138498
1381841018203480065
1381841039036588032
1381841073534828545
1381841078463180803
1381841120435478529
1381841204527177729
1381841227579060225
1381841261603258368
1381841300375343104
1381841301365198851
1381841305337163779
1381841307992264704
1381841314996756480
1381841322093449216
1381841326149398530
1381841392729751555
1381841403043528704
1381841434987270145
1381841507791990787
1381841568882065409
1381841598195978245
1381841605192265728
1381841636188098562
1381841682677825536
1381841693440405505
1381841700436410368
1381841779087921154
1381841802274205696
1381841806292185088
1381841829490999298
1381841848193310721
1381841848386392064
1381841852027011074
1381841859186688000
1381841883350114304
1381841901469458433
1381841963914162177
1381842069992337410
1381842082864762880
1381842084219523073
1381842089026142210
1381842113189408768
1381842115408302083
1381842131480895488
1381842144311185412
1381842175600816131
1381842204910448641
1381842217208283137
1381842227979190274
1381842236887994368
1381842284694626304
1381842311701803009
1381842341997113346
1381842352214532097
1381842363706904577
1381842525808254979
1381842528782090246
1381842578597933058
1381842588743966720
1381842597497368576
1381842608343773184
1381842616833212416
1381842622029959168
1381842672017620992
1381842676316831745
1381842699700015106
1381842749087916032
1381842770114056193
1381842810505166849
1381842841480085507
1381842881686593540
1381842888649281539
1381842969288843266
1381842985407508482
1381842994668564482
1381843011672281089
1381843014515974146
1381843028994879488
1381843038742278151
1381843047521062912
1381843101690564608
1381843103896588288
1381843145630048259
1381843152382873600
1381843183013928960
1381843185001848837
1381843223870468099
1381843294582362114
1381843301263888384
1381843406758899713
1381843420688289793
1381843428388921345
1381843496244367360
1381843504972886017
1381843535045926912
1381843539231916034
1381843542004404224
1381843553685504002
1381843621964513280
1381843646119469062
1381843653962833921
1381843693099835395
1381843720979496963
1381843735403589636
1381843748410261505
1381843753967570944
1381843836289318912
1381843909970518016
1381843921412718594
1381843960998559745
1381843997942034433
1381843998457798656
1381844028858187777
1381844031433535488
1381844073061974018
1381844079554797571
1381844106394148865
1381844135439654913
1381844215886397440
1381844255816224769
1381844256181129220
1381844355619696646
1381844447349022720
1381844463165665283
1381844500646133760
1381844545877458945
1381844550919057410
1381844569319383042
1381844584003604482
1381844678018932741
1381844714740187136
1381844757425491969
1381844805328715776
1381844869807796225
1381844886719172612
1381844952854880260
1381845004247764993
1381845030109814787
1381845033029099527
1381845039031140353
1381845067518902272
1381845084967211008
1381845118370516999
1381845131901419521
1381845139665027074
1381845150578536450
1381845152264642560
1381845211664551936
1381845225384083459
1381845271143972865
1381845279217909761
1381845292480356356
1381845310297808900
1381845315783909380
1381845331722301441
1381845374781034496
1381845433178275843
1381845504460472321
1381845534974038016
1381845599432151042
1381845614057697280
1381845615240355840
1381845622605635584
1381845681707581441
1381845694231801857
1381845699529170944
1381845700124741632
1381845701336915971
1381845714599350273
1381845726515265539
1381845737407909889
1381845750326325252
1381845760472387585
1381845814339907584
1381845821621157888
1381845864856088576
1381845886389514240
1381845901493346304
1381845930630995968
1381845936926769153
1381845949757132802
1381846049829052417
1381846052731547648
1381846138681180160
1381846154116263937
1381846160013283333
1381846206813515776
1381846286945681408
1381846290548600834
1381846315571814400
1381846358252994564
1381846371158876163
1381846373025320961
1381846382076649473
1381846387088850945
1381846434694189058
1381846440117424129
1381846443456143360
1381846463051890688
1381846465962643458
1381846508438360066
1381846522225029123
1381846524003377152
1381846563039838208
1381846586070798338
1381846612343889927
1381846664789524480
1381846689301008386
1381846706086682625
1381846733878071298
1381846739896782852
1381846747614482432
1381846758834143243
1381846799082733568
1381846846092500993
1381846892556918784
1381846959204360194
1381847009079013378
1381847013386412032
1381847037621198850
1381847123520409603
1381847125688905728
1381847127622574081
1381847131833647107
1381847144685051905
1381847214536978435
1381847234283761666
1381847239065280513
1381847343767592962
1381847371940823040
1381847372636905478
1381847377443717123
1381847432959459328
1381847434125582337
1381847479726055428
1381847558063071234
1381847562970300416
1381847572751527937
1381847597397213186
1381847615839600640
1381847643593261056
1381847701986377729
1381847718499397632
1381847732650790912
1381847739856736256
1381847791627042818
1381847817011007488
1381847856470917123
1381847886120509442
1381847903665225731
1381847930840117249
1381847980085510144
1381847993662443522
1381848008577458177
1381848038814048256
1381848061324984322
1381848075329736706
1381848082686611457
1381848212986753024
1381848234176430084
1381848238806949889
1381848256284532743
1381848284612984832
1381848291198050305
1381848295807459335
1381848311515262981
1381848339340124165
1381848382231093252
1381848468545798145
1381848483381018630
1381848522241273859
1381848539538595841
1381848559805431810
1381848568194068482
1381848601077420033
1381848621491044352
1381848680072892419
1381848680291045382
1381848706098503680
1381848726533242884
1381848754110758913
1381848757604548614
1381848851284336642
1381848909560082434
1381848990354923522
1381849034227335168
1381849055362490369
1381849057455300611
1381849075629367296
1381849080935092227
1381849081056612352
1381849114720100357
1381849171850891264
1381849178171654145
1381849195015856132
1381849228675284993
1381849268072374272
1381849325609881600
1381849345541070854
1381849359499853827
1381849395470069760
1381849395755294724
1381849427334242304
1381849429087551489
1381849496745766912
1381849499157549058
1381849529687932928
1381849530128199681
1381849558519590912
1381849574260760576
1381849603029364736
