1379192119684833280
1379192137426866176
1379192140283142153
1379192173044830211
1379192190908383234
1379192191810211841
1379192214228594688
1379192230662045700
1379192244675174403
1379192261997690881
1379192271481024520
1379192283690496003
1379192340800233475
1379192375885631494
1379192408903139330
1379192445418749952
1379192449994612740
1379192466423812099
1379192495968415744
1379192512695394304
1379192518529708036
1379192518747824131
1379192548384780289
1379192552797175813
1379192566260830210
1379192566478827522
1379192570933297156
1379192575706296320
1379192582975143944
1379192596904431619
1379192601312686082
1379192603007201282
1379192614902243332
1379192635060011012
1379192638390333447
1379192674243198976
1379192679637135363
1379192684997402624
1379192709798195203
1379192712256163841
1379192746334773251
1379192778874363905
1379192781760040965
1379192803201179648
1379192803327098890
1379192804648304642
1379192818522935297
1379192819529576453
1379192822415425536
1379192824181235722
1379192849972006914
1379192860260569089
1379192883597742082
1379192931697889282
1379192957417496581
1379192976098856976
1379193012618682368
1379193020554346507
1379193030058577920
1379193048727437314
1379193081245880321
1379193099541487626
1379193127609769992
1379193128872214530
1379193153006239750
1379193165622648834
1379193173491126273
1379193189173628928
1379193192646590464
1379193253430489091
1379193258442653701
1379193259407314948
1379193265828823040
1379193295394516993
1379193296463953920
1379193299001561097
1379193303057510401
1379193304621871104
1379193325350162433
1379193373458829313
1379193391867699205
1379193410628780037
1379193411794796546
1379193420716064772
1379193457269469186
1379193460658409472
1379193472876429316
1379193497471815682
1379193499543871488
1379193511703117826
1379193524751638529
1379193535640051718
1379193578229010437
1379193601066958861
1379193610558640129
1379193617831636993
1379193621958832134
1379193646671663109
1379193663759077376
1379193675507503107
1379193675633160196
1379193678074363907
1379193683140960256
1379193716024471559
1379193745279655936
1379193776594432002
1379193783380811781
1379193802687152129
1379193802607443976
1379193814909399040
1379193839966068736
1379193842935693322
1379193846471397379
1379193874606874624
1379193877018636288
1379193897730052100
1379193905472802817
1379193923973840896
1379193954726449155
1379193995683749888
1379193997533544454
1379194008107356166
1379194036091752448
1379194066873823241
1379194071839834114
1379194086847094784
1379194103485894660
1379194113388593153
1379194164953382913
1379194203683569667
1379194209714888705
1379194244544532481
1379194248105500674
1379194264173821962
1379194275230007301
1379194289167593473
1379194294863544330
1379194306934751239
1379194312496402433
1379194315927326729
1379194342070484999
1379194369727721485
1379194380645453828
1379194384160149510
1379194400920719367
1379194408642437120
1379194409418297344
1379194416712192003
1379194424014569478
1379194430687752192
1379194470600744961
1379194472370692096
1379194477470965762
1379194488007110658
1379194521460768769
1379194558760779785
1379194572039983107
1379194594584322049
1379194608874352649
1379194623604760576
1379194635147431938
1379194642370035712
1379194649118715906
1379194656173522955
1379194666655100929
1379194682555518977
1379194702830919688
1379194707046195211
1379194718412750848
1379194718165233665
1379194731863945217
1379194737404432386
1379194759961579534
1379194778835951620
1379194785777512448
1379194818941829127
1379194848998256642
1379194852806696964
1379194852915699713
1379194870183690241
1379194871207112708
1379194873316839425
1379194905688428545
1379194911065530368
1379194932162916352
1379194955256709124
1379194956938678277
1379194960906485760
1379194980527312900
1379194986932006912
1379194993173217286
1379195019324747778
1379195020696289288
1379195039436435462
1379195058558173187
1379195061091590148
1379195089034035204
1379195095136735233
1379195098077007876
1379195109003116546
1379195150887489536
1379195163730309120
1379195175994486787
1379195198832570369
1379195213441290243
1379195242155540491
1379195263814930439
1379195276209098757
1379195279354683394
1379195281124757514
1379195319515291649
1379195341950611456
1379195373567229955
1379195376259981318
1379195377241501702
1379195386053734402
1379195391917326342
1379195392949116931
1379195397508317184
1379195407344009224
1379195410397413378
1379195420908216320
1379195445356994560
1379195450209763332
1379195455440052225
1379195471244169216
1379195490684833798
1379195505138356225
1379195516131532802
1379195518782332929
1379195531218542593
1379195569621630986
1379195588063940615
1379195595001360391
1379195603171864584
1379195620402077698
1379195620683087879
1379195640505372672
1379195652207386624
1379195661640376320
1379195663049703427
1379195706972454928
1379195716678000642
1379195717781192707
1379195728615116802
1379195746784776192
1379195753269104641
1379195762253307909
1379195764698677248
1379195766967840770
1379195776572751877
1379195803835764741
1379195809674227715
1379195838170284038
1379195843971059715
1379195864866988034
1379195876543852547
1379195886018891777
1379195914536030213
1379195954847477766
1379195965962285056
1379195972564234240
1379195984471863296
1379195998182985730
1379196000997306374
1379196001383243780
1379196003291648000
1379196009474101248
1379196011260874753
1379196017233526785
1379196019100037126
1379196040088195073
1379196056412565504
1379196100255444992
1379196102696648705
1379196112481959942
1379196130928513024
1379196146636103683
1379196152495636481
1379196162666823683
1379196176944275459
1379196177208336384
1379196198393876484
1379196217092055042
1379196252320104448
1379196277930528773
1379196299405312000
1379196331886047232
1379196336839520262
1379196365457272835
1379196403549880320
1379196407614210050
1379196412651507716
1379196442338791432
1379196528103976960
1379196565328437249
1379196578641154048
1379196592100610049
1379196625789276170
1379196643627692032
1379196646962122756
1379196669934338050
1379196672971051009
1379196687479095297
1379196702909927425
1379196709935403008
1379196710409404420
1379196726259617793
1379196727455014923
1379196730269437954
1379196738091806720
1379196745737994241
1379196754852204557
1379196766176731137
1379196769926537222
1379196777174286339
1379196814423957504
1379196832035840005
1379196834128740357
1379196836322349056
1379196897458597888
1379196905339691015
1379196914378366978
1379196923761033217
1379196940194172929
1379196945894268933
1379196963057332224
1379196966220009474
1379196990609895439
1379196991100620803
1379196992333709313
1379196994405740545
1379197004245532672
1379197027607846922
1379197039494451200
1379197054627545093
1379197056854671367
1379197060688273411
1379197073581613057
1379197085313040390
1379197086370041856
1379197138089959438
1379197138022793216
1379197149632737285
1379197198173409280
1379197218016555009
1379197278725021700
1379197295254761477
1379197329710931969
1379197331300564992
1379197356109881349
1379197362485268485
1379197367233183744
1379197386560397313
1379197391627288577
1379197416793079809
1379197423571062789
1379197475941146628
1379197478554198020
1379197504848162816
1379197516399443968
1379197518546935814
1379197528034394113
1379197535374385153
1379197545637892096
1379197554781523976
1379197580320604162
1379197588436553730
1379197602860826627
1379197603703783424
1379197608766283776
1379197628316069890
1379197680413462533
1379197688214851584
1379197688676290560
1379197711056920580
1379197725841879040
1379197728417148929
1379197743244148738
1379197770288885763
1379197771501162496
1379197781563338754
1379197790220398597
1379197794490187779
1379197824517169154
1379197828556283904
1379197873200508928
1379197900178255873
1379197904477282305
1379197907363069961
1379197916254994434
1379197920801603586
1379197922047356933
1379197937922809856
1379197955400404992
1379197964531466247
1379198003471392769
1379198004335423497
1379198023314632707
1379198038124597248
1379198042197303297
1379198063798009862
1379198094617759748
1379198107909509120
1379198129535397890
1379198154487296009
1379198174552674304
1379198202113622024
1379198230261460993
1379198238645960708
1379198239350611974
1379198251572731904
1379198279146074114
1379198313933725712
1379198317268176899
1379198322779521024
1379198330476060682
1379198337363144710
1379198393487081472
1379198402307629056
1379198413305221123
1379198434750693376
1379198437778948102
1379198445811085317
1379198456829505538
1379198520285130752
1379198522512277505
1379198572143411201
1379198591898689546
1379198601868500995
1379198615592243200
1379198654326669314
1379198654544764930
1379198658315313152
1379198687683956739
1379198717010477057
1379198730042286082
1379198777299374082
1379198798086381569
1379198805204160513
1379198819976544261
1379198830042783747
1379198833444356097
1379198834933383173
1379198840050479112
1379198844089602053
1379198844345409539
1379198846786490371
1379198881984958465
1379198899831898117
1379198900855132160
1379198930777473028
1379198959009341440
1379198966592536580
1379198988755275783
1379199010901270531
1379199011551346691
1379199052038860803
1379199063036416008
1379199066698092547
1379199071592714245
1379199074440601601
1379199088701415425
1379199095101743105
1379199115775647747
1379199117281255424
1379199117906243587
1379199164177858561
1379199165679468549
1379199179130433537
1379199190715219969
1379199218393346051
1379199221040041984
1379199224026443781
1379199233476030465
1379199239524339715
1379199261804388353
1379199268343386112
1379199269656260615
1379199293756674057
1379199306914222081
1379199308675747840
1379199323431264258
1379199332969295876
1379199345946468355
1379199421590745097
1379199436262408201
1379199438032343040
1379199440897122305
1379199470857023489
1379199483498663941
1379199484480135170
1379199490494763009
1379199507611717632
1379199523948535822
1379199525651419151
1379199539471601672
1379199557037395975
1379199565396606979
1379199661454528518
1379199713719767041
1379199715003219974
1379199718262255616
1379199737446850560
1379199812877307913
1379199837996912642
1379199846502912003
1379199866899939332
1379199888018186241
1379199904552210436
1379199934713397249
1379199947069915140
1379199978044854272
1379199984143233025
1379199992922050561
1379200038383984649
1379200046533599233
1379200046957215745
1379200051440943106
1379200149705129987
1379200158139813888
1379200160731906049
1379200164506783744
1379200178893230081
1379200195674705920
1379200229082341385
1379200239190433796
1379200244265574401
1379200245599457280
1379200257473581058
1379200288083439616
1379200288544878595
1379200305049440262
1379200333390434305
1379200347193892864
1379200351610413058
1379200364176674816
1379200366886203399
1379200375534804992
1379200378714038272
1379200381213892610
1379200383084601346
1379200403179462664
1379200405222137860
1379200408724377602
1379200414587969536
1379200416143962112
1379200422955479040
1379200434460590089
1379200436444487682
1379200443751006209
1379200446405955584
1379200458439409666
1379200468707115022
1379200480748961797
1379200489221455873
1379200491784085515
1379200502060224513
1379200527532183561
1379200548616859648
1379200554572857346
1379200558712651780
1379200558591000583
1379200561573109760
1379200564412710915
1379200566052724736
1379200589167435778
1379200604447199233
1379200618921885700
1379200628585549830
1379200639268454402
1379200649741561857
1379200661309550596
1379200668565659650
1379200676270501888
1379200677692518408
1379200679600779265
1379200684084637703
1379200689964916740
1379200694155145216
1379200708650528768
1379200716049412105
1379200719996084225
1379200720545542147
1379200723083218953
1379200731178172420
1379200742775472131
1379200756440465409
1379200759045103618
1379200760701984768
1379200774136164357
1379200804947521537
1379200822068805635
1379200828083347456
1379200836803325956
1379200836929118210
1379200857506422786
1379200860593397765
1379200860799045632
1379200884190539778
1379200885671276544
1379200888363905030
1379200895263465474
1379200895951335424
1379200913047441412
1379200944064303108
1379200951073050634
1379200956324253696
1379200969360121856
1379200974691127298
1379200981586575361
1379200993909477377
1379200997755645956
1379201025295409158
1379201049869881346
1379201060594667523
1379201077514502144
1379201086985232389
1379201092433674247
1379201103997235200
1379201120648630272
1379201124289351684
1379201126067793924
1379201126596284416
1379201127430807553
1379201128387252226
1379201141074927624
1379201144291946497
1379201157189537792
1379201157415903232
1379201162231095299
1379201167826186242
1379201170183438340
1379201171517227016
1379201189624053762
1379201193604341762
1379201204971012096
1379201216236957700
1379201233672667137
1379201240303759363
1379201246708523015
1379201260629356545
1379201263770943492
1379201270574051329
1379201300328484870
1379201321589297159
1379201326035263489
1379201328765865987
1379201332016508929
1379201334025445376
1379201366778863617
1379201370033508352
1379201390250094592
1379201399691575297
1379201404875776005
1379201427311050753
1379201430771396618
1379201433048768514
1379201433690595329
1379201433765957634
1379201439004717057
1379201440586072080
1379201446759960576
1379201450799198208
1379201468411052034
1379201475155398658
1379201476753555458
1379201495665537024
1379201496340922370
1379201500669308928
1379201501684375552
1379201504272207881
1379201511582932995
1379201512904093698
1379201518017056774
1379201521842319364
1379201522567815170
1379201523285028868
1379201532193775618
1379201538686644226
1379201547456937985
1379201555635658755
1379201559431626760
1379201561084190723
1379201572022931457
1379201587340541958
1379201605560635396
1379201609897373699
1379201612942508035
1379201614167298048
1379201628822245381
1379201637403619329
1379201642826973189
1379201663383244805
1379201666201886721
1379201677517971456
1379201677765574656
1379201697180966919
1379201706643365888
1379201721797210117
1379201724678742017
1379201736569544706
1379201739736326145
1379201746048847874
1379201751690084353
1379201796804055042
1379201808027906049
1379201819046371331
1379201819507793921
1379201845470535680
1379201847215468546
1379201853523697665
1379201856040239112
1379201865494183936
1379201870317633537
1379201891033227270
1379201893092708352
1379201894556569605
1379201901045166080
1379201922314473485
1379201932150120452
1379201935669133318
1379201958473568262
1379201958930743296
1379201963988975619
1379201971215732737
1379201976806871044
1379201987661737993
1379202003683790849
1379202011523018753
1379202016593973248
1379202033928990720
1379202034449186818
1379202051058638848
1379202052212072454
1379202062617964544
1379202072277479424
1379202076706709504
1379202079860793345
1379202105798447105
1379202110022123533
1379202128082829314
1379202131257921539
1379202148584419333
1379202152892149762
1379202164418080769
1379202182206005248
1379202196554739712
1379202201789284354
1379202204217843713
1379202213315289090
1379202219417866242
1379202225562607617
1379202234211176448
1379202247792398340
1379202248413220865
1379202252251009025
1379202256973795333
1379202260064817152
1379202288187629568
1379202291010469888
1379202303157280771
1379202306957262852
1379202319355670528
1379202322916642818
1379202325697417224
1379202337781252097
1379202351186108417
1379202352620597250
1379202353191034881
1379202354579398657
1379202362951266306
1379202369565560832
1379202383826153475
1379202386355499009
1379202386867200002
1379202390738538503
1379202391258492928
1379202397369667586
1379202401287163907
1379202402696503298
1379202403589758979
1379202403874922501
1379202411399675907
1379202415774347264
1379202418420908034
1379202419649744898
1379202423605100546
1379202426536873988
1379202431008059392
1379202444278779912
1379202463161585669
1379202463417401345
1379202463975284736
1379202465258700809
1379202465766141954
1379202471608864770
1379202473856880640
1379202475996151809
1379202478927867904
1379202479909302275
1379202506694160384
1379202506773909507
1379202511584686080
1379202532703002624
1379202535806754817
1379202539355320322
1379202539439026178
1379202546552688641
1379202549178318850
1379202573719199748
1379202590542491650
1379202598129922051
1379202609140137987
1379202619751677955
1379202627511140356
1379202637548023813
1379202648642101252
1379202652723154946
1379202659094122496
1379202659887034368
1379202677893070848
1379202684524302340
1379202690929004544
1379202695295246340
1379202699292467204
1379202701242867712
1379202714874224643
1379202718112346116
1379202727343878145
1379202737750032389
1379202750039302145
1379202763310043136
1379202774961819655
1379202793081217027
1379202801008570368
1379202801646108674
1379202844302008320
1379202849351983105
1379202854318133254
1379202873544695808
1379202893199384578
1379202895661441029
1379202898765168640
1379202908307156992
1379202913462026240
1379202924329512960
1379202924476305411
1379202926070091777
1379202932692946945
1379202934559240192
1379202941664423938
1379202942897680386
1379202954738208771
1379202961386172418
1379202969590108160
1379202969778917377
1379203011675832331
1379203016633499649
1379203034459344898
1379203037026213895
1379203060732469251
1379203062296932352
1379203078004502530
1379203081053859840
1379203082123313152
1379203087253004294
1379203097315188738
1379203100653797376
1379203114377486339
1379203114687926280
1379203121042370560
1379203133046423552
1379203137966342146
1379203140621365253
1379203151513878531
1379203154194149377
1379203167271972866
1379203170614669312
1379203175069188100
1379203187920535552
1379203191947075586
1379203193582743556
1379203195256340481
1379203196493701121
1379203203972087824
1379203205700202497
1379203227216973826
1379203233235804162
1379203243071393806
1379203258930106370
1379203276676157440
1379203277280186373
1379203282346762241
1379203292786536450
1379203293969141762
1379203319038537731
1379203319781015557
1379203323182505987
1379203327158812672
1379203333471211520
1379203337107693569
1379203339536068608
1379203344451960835
1379203349627727876
1379203359685537793
1379203359681482755
1379203365834461185
1379203373686263810
1379203383425384448
1379203384327168000
1379203386755661828
1379203396905881606
1379203399284101128
1379203400676483075
1379203409232818176
1379203413234176000
1379203426186240002
1379203434683973636
1379203434801287168
1379203434981814274
1379203438450458624
1379203438634921984
1379203441101303810
1379203444532072448
1379203447925301249
1379203448126717953
1379203450546892800
1379203463469531140
1379203478203981826
1379203481240793089
1379203482327060486
1379203485732724741
1379203493467148290
1379203503478996998
1379203504984653825
1379203509078401025
1379203515705405442
1379203532767817729
1379203541315637252
1379203542922104834
1379203550258028545
1379203554175508480
1379203555656089606
1379203556939456512
1379203564107661316
1379203566695374853
1379203573200924684
1379203574241054722
1379203583619567626
1379203584420626440
1379203584429015041
1379203591060156417
1379203594310803456
1379203597515243520
1379203607703207937
1379203614132948992
1379203615152340997
1379203630197186562
1379203632453672961
1379203636245368835
1379203641559539713
1379203648710840324
1379203650229215232
1379203660547194883
1379203668378025984
1379203668512288769
1379203673054658560
1379203673914535936
1379203683901177859
1379203691631235075
1379203703580864514
1379203707590610947
1379203725064089607
1379203733167439873
1379203741442658306
1379203749164498947
1379203762397589508
1379203777996193792
1379203785931812868
1379203787970260992
1379203792349097988
1379203793716404225
1379203794379153414
1379203794811170822
1379203800897089537
1379203804172677120
1379203810996928513
1379203814092369925
1379203818445959172
1379203822044635138
1379203823944617984
1379203831490342916
1379203838863806464
1379203849525813252
1379203850188554243
1379203875220172802
1379203877615108098
1379203879192166402
1379203879997485056
1379203880764968961
1379203892932710401
1379203903288446977
1379203905192595465
1379203905901490176
1379203906643894276
1379203911207161858
1379203913270890496
1379203914965352449
1379203924540932096
1379203932703109124
1379203935446122502
1379203937085972481
1379203973345841154
1379203975774412802
1379203978630557698
1379203989951107072
1379203997404426242
1379204005205696517
1379204008724807690
1379204011820126208
1379204011790905345
1379204020095569920
1379204022138179589
1379204023350394887
1379204023761448961
1379204029146877957
1379204045764763649
1379204049778528256
1379204053977161730
1379204060818108417
1379204065201037312
1379204068846014466
1379204079033978881
1379204091935621123
1379204098856267787
1379204114119323654
1379204123950727172
1379204142049206272
1379204153419915265
1379204186148106240
1379204188060622848
1379204194738040833
1379204196008914944
1379204203537707014
1379204204590419969
1379204208176594946
1379204220813991940
1379204227084529664
1379204235796037636
1379204237113098241
1379204237528342533
1379204238618726404
1379204241886117888
1379204243807109120
1379204245392666630
1379204252262789127
1379204261469253634
1379204262706638848
1379204264493465601
1379204267467284481
1379204268469587968
1379204270675869702
1379204279337160712
1379204280326914048
1379204292612079616
1379204292762955779
1379204304200957953
1379204304888811523
1379204319803752448
1379204320198062080
1379204326887854080
1379204344889843713
1379204351726522369
1379204367757234176
1379204376456142852
1379204378897309698
1379204386170175490
1379204403383697417
1379204414091694087
1379204417472360453
1379204419116429312
1379204426167058432
1379204438494081027
1379204454860349444
1379204458580566020
1379204463563567118
1379204473550221315
1379204476318273536
1379204481708032003
1379204496425775106
1379204499290648576
1379204509835141120
1379204514155216896
1379204521260412936
1379204527803469832
1379204543070670850
1379204553954844673
1379204559818526726
1379204567577993217
1379204574293024768
1379204583977857032
1379204595197485059
1379204616638799872
1379204621625921539
1379204638281330690
1379204648028971008
1379204655729770496
1379204659458547713
1379204686050377728
1379204686230749193
1379204702148120578
1379204704777998341
1379204725875281920
1379204733047611392
1379204733970305028
1379204748906262529
1379204749426364416
1379204749938069511
1379204751288639494
1379204751552839681
1379204759899537409
1379204766543269889
1379204767579172866
1379204767898025991
1379204791398764544
1379204796649984000
1379204821778108418
1379204849091366918
1379204867189841921
1379204876014608384
1379204891466326018
1379204913423642626
1379204913369124866
1379204915273162752
1379204926304309250
1379204949020581893
1379204953210814471
1379204958587863044
1379204959284162561
1379204962916331526
1379204968100425734
1379204977718140932
1379204984022122500
1379204989353140233
1379205010395951106
1379205057309241346
1379205091190792201
1379205106457927686
1379205110614659076
1379205130978004997
1379205148828917767
1379205159490891776
1379205163668406274
1379205166528823296
1379205176611852291
1379205191996694529
1379205194366382082
1379205211361832963
1379205237844623360
1379205245117607938
1379205248208797701
1379205253632000003
1379205256903491584
1379205261135609856
1379205266080550913
1379205271436808192
1379205280089534465
1379205309844049925
1379205325547581443
1379205333730529282
1379205336087814146
1379205337748807682
1379205356212133889
1379205359546564616
1379205361614397445
1379205365674299392
1379205367993925633
1379205386675257345
1379205389317767168
1379205392635457542
1379205396020097025
1379205400369770503
1379205412898148357
1379205414005399557
1379205415108509704
1379205418509987841
1379205425904631811
1379205458939015168
1379205468598439936
1379205472662642688
1379205476919951360
1379205496586993668
1379205499762135043
1379205506129088514
1379205518670102529
1379205531739430914
1379205542938247168
1379205543512965124
1379205546461519882
1379205551939289089
1379205555521208322
1379205566212546561
1379205583488888836
1379205583564275714
1379205584742924288
1379205590686175236
1379205627193397250
1379205641756151808
1379205642087448585
1379205646181138435
1379205656348090373
1379205656847081472
1379205658390716417
1379205659216896003
1379205660714356737
1379205665638391808
1379205673838379023
1379205680465334272
1379205690682662915
1379205703152381954
1379205705522024451
1379205717404442624
1379205718545362944
1379205720302751748
1379205721678508033
1379205725369597953
1379205730100604928
1379205735528206338
1379205740494086144
1379205751986651136
1379205752418668545
1379205790473596929
1379205813663764482
1379205842176774144
1379205863680921615
1379205867220897799
1379205869854994434
1379205870144385030
1379205876607750146
1379205881988927489
1379205883180158978
1379205888146219008
1379205895561871360
1379205899290619909
1379205902364860418
1379205907356213257
1379205948649115650
1379205953380306950
1379205966315536386
1379205973739503617
1379205985206697996
1379205998720786435
1379206004118724608
1379206007369433088
1379206014575214594
1379206025895571462
1379206040370114560
1379206047605387264
1379206063292088321
1379206067175923714
1379206068442566656
1379206074079698944
1379206074562080768
1379206075266703360
1379206078060097539
1379206086238949376
1379206088520736771
1379206130908291075
1379206136222613504
1379206137501913089
1379206142254059523
1379206150772514824
1379206166887030787
1379206167407255558
1379206168514547721
1379206185820299265
1379206197509775360
1379206224638513152
1379206226857185280
1379206228975493125
1379206247874895874
1379206254468423680
1379206260562612224
1379206262198398979
1379206281689505792
1379206290178707465
1379206298869366784
1379206299066449924
1379206309371768832
1379206314190991360
1379206316216832001
1379206319945756673
1379206343106686978
1379206344335450114
1379206344129966080
1379206352317378562
1379206354607382534
1379206363855785988
1379206367114719232
1379206367475548164
1379206373309829122
1379206388883279875
1379206392771457024
1379206404746190849
1379206407120109571
1379206413927481344
1379206421812764676
1379206426615250945
1379206436316647424
1379206448081555456
1379206449574858760
1379206451047002113
1379206459938893824
1379206467568365572
1379206472106672130
1379206477731094530
1379206482755866631
1379206491538923524
1379206495787696135
1379206528427831298
1379206537231667202
1379206544747814914
1379206545129439233
1379206548866486272
1379206559637573636
1379206571939536908
1379206591984111622
1379206619569983491
1379206622959054848
1379206641279672321
1379206647948673026
1379206662129659905
1379206664352567298
1379206665636098052
1379206672032407555
1379206680630730752
1379206682325180416
1379206693943271428
1379206700507488264
1379206712436080642
1379206712465428481
1379206717947396098
1379206737039917057
1379206743637430272
1379206744887410699
1379206747164971018
1379206762289627139
1379206773052112896
1379206794925383681
1379206805578862593
1379206811992137728
1379206817142562816
1379206832435122180
1379206846213394433
1379206850906820610
1379206865922428930
1379206879147003904
1379206889335103488
1379206890991849472
1379206894447812613
1379206894556901381
1379206896880607238
1379206940442689538
1379206949061943298
1379206951301701633
1379206955269509126
1379206957295403008
1379206971216257025
1379206974127144966
1379206994427535360
1379207004456153090
1379207004711911424
1379207005924122625
1379207010307149826
1379207040502018050
1379207044482355209
1379207051134574592
1379207064744960006
1379207065613262857
1379207066372476929
1379207075688022023
1379207078473052161
1379207080998019082
1379207085817274371
1379207088547590147
1379207090107998213
1379207097800392706
1379207098211430401
1379207108403544064
1379207135159013378
1379207137189105673
1379207139604979714
1379207141874089987
1379207148090101760
1379207155618832385
1379207158106062848
1379207160865914881
1379207164762451968
1379207173603946496
1379207176615559178
1379207184140099586
1379207186564349955
1379207189416574976
1379207189827518468
1379207192117673985
