1384476922604703751
1384476925150650382
1384476926929211395
1384476941558951937
1384476944306098180
1384476946176921600
1384476958638051331
1384477005144465421
1384477022391504902
1384477039613337600
1384477063533449217
1384477064632455168
1384477103521898498
1384477179799498757
1384477181070348294
1384477193724514308
1384477251035713541
1384477273475145728
1384477284883738628
1384477314927538176
1384477328324104193
1384477337455112192
1384477338004385800
1384477357050847232
1384477376973733893
1384477473946193920
1384477540958408709
1384477570817826819
1384477599502462978
1384477605529796608
1384477607794720769
1384477614195322882
1384477657572646912
1384477666586226698
1384477672953184261
1384477685934604288
1384477687280979970
1384477724673118208
1384477741102346241
1384477741802606594
1384477750493421568
1384477780994265088
1384477790406275072
1384477793275285504
1384477794382487557
1384477796051820549
1384477805090525188
1384477825642663937
1384477834467442690
1384477837780938762
1384477840301862913
1384477846362542080
1384477853920612352
1384477872157462533
1384477882148286474
1384477919070748674
1384477922338250752
1384477929875382272
1384477934203949056
1384477957851389959
1384478006215913473
1384478084120948738
1384478101367758849
1384478200441425924
1384478204413480963
1384478230711652357
1384478277218316288
1384478290576953349
1384478298336530434
1384478344843087873
1384478364627517440
1384478369836900354
1384478370503659525
1384478386186342400
1384478432021688320
1384478483653476354
1384478524862451713
1384478559608082435
1384478605917360136
1384478609776197635
1384478653661208577
1384478661538193409
1384478678969552903
1384478698133282822
1384478706945626113
1384478759592529927
1384478760590876674
1384478765871505408
1384478767725391873
1384478786436190208
1384478788411658243
1384478826135097350
1384478833680609289
1384478845055627276
1384478857701515268
1384478901431242754
1384478912990924800
1384478916442722306
1384478953348403206
1384478980548534272
1384478997187284992
1384479002174246915
1384479017030479876
1384479023649153024
1384479023892475907
1384479030024577025
1384479088618790912
1384479113839267844
1384479148068859905
1384479167249620993
1384479203576274945
1384479244395425792
1384479260711079944
1384479298824728578
1384479281536016387
1384479289345728515
1384479291061280769
1384479304755580929
1384479324695191560
1384479355682893825
1384479368634851329
1384479369750589440
1384479376448884737
1384479382635532289
1384479435387293699
1384479449752629253
1384479452474773504
1384479511027150848
1384479565548978181
1384479589787787271
1384479598780555265
1384479614618112007
1384479619965874176
1384479644443987971
1384479652698226692
1384479653436567556
1384479684633800706
1384479707479961606
1384479754502524935
1384479758847598598
1384479773804670979
1384479799041691648
1384479803428978688
1384479808982114316
1384479824224325635
1384479839034429440
1384479853462921218
1384479896978825220
1384479911474311169
1384479929132257281
1384479940217741313
1384479946756796421
1384479959834677248
1384479979178807297
1384479981707743236
1384480003891552256
1384480006840094722
1384480037404086272
1384480040952516608
1384480041401151498
1384480098670235648
1384480102721986560
1384480106702200843
1384480122456133634
1384480124792446985
1384480142454661121
1384480206174498819
1384480214068056076
1384480224889372678
1384480254773895168
1384480254748774400
1384480276361793536
1384480276772921349
1384480283496357888
1384480290643513345
1384480304837054465
1384480325162708993
1384480334645915651
1384480349896466433
1384480377780281345
1384480378099052547
1384480438903791621
1384480439423758338
1384480449037172736
1384480474828050435
1384480509879795712
1384480540758265857
1384480550686167040
1384480567979233284
1384480605606400000
1384480606105575426
1384480630067449865
1384480643560706048
1384480729900355588
1384480784858460161
1384480790491193356
1384480803640414211
1384480814268833792
1384480824167329806
1384480854135775232
1384480874704490505
1384480884632391681
1384480888264663041
1384480892828012549
1384480912390361088
1384480924889272324
1384480959127511042
1384481004040060930
1384481060575133696
1384481077264277504
1384481079998910465
1384481102925082624
1384481111510642693
1384481120876732421
1384481125075243012
1384481141768572928
1384481164900110336
1384481192922128392
1384481210169270272
1384481227130945537
1384481246236102659
1384481305673584642
1384481331636105220
1384481377878413315
1384481399391100930
1384481410300395522
1384481450917957636
1384481452776116224
1384481459432411140
1384481488675086347
1384481512658116609
1384481549425340418
1384481561656053763
1384481564004798466
1384481573416833026
1384481606799220739
1384481625099149314
1384481640144121856
1384481653687345159
1384481706204348417
1384481724252377091
1384481768292724737
1384481768791699463
1384481772600053763
1384481772717608960
1384481784646221829
1384481792950996992
1384481837876006922
1384481838165495813
1384481846738653186
1384481887687634946
1384481927613255683
1384481958013571072
1384482020496117760
1384482034299588609
1384482049726328835
1384482053270515714
1384482057192148993
1384482058244812803
1384482070462976001
1384482080038559747
1384482081909067780
1384482126192529411
1384482138519527427
1384482199693529091
1384482229712216066
1384482231968747521
1384482233625550849
1384482241817022464
1384482255574241284
1384482261219880962
1384482268106792967
1384482308074336256
1384482319680036876
1384482349551869952
1384482364617801734
1384482365565652993
1384482373383958535
1384482382992994307
1384482392036061184
1384482399283728389
1384482410264469504
1384482464224083981
1384482509996630018
1384482522474688516
1384482574874169345
1384482626774384641
1384482640837947393
1384482674581069826
1384482732311408643
1384482749885476866
1384482841854160898
1384482843359911937
1384482857544978435
1384482863115116546
1384482888725454849
1384482909353136128
1384482931792441345
1384482964285771786
1384482967767109635
1384482998226022411
1384483021399609356
1384483037296029696
1384483048121528320
1384483080413528064
1384483084070961153
1384483092761616384
1384483095026405389
1384483095508709382
1384483100680413185
1384483145031069698
1384483181257236490
1384483208809508876
1384483217139449858
1384483233841262603
1384483237184032769
1384483260634484736
1384483267802550275
1384483271573184512
1384483289155637248
1384483314476724227
1384483388090892289
1384483430780575745
1384483450984427533
1384483479744774145
1384483486984200193
1384483487512596481
1384483491681812480
1384483496761118720
1384483526976933889
1384483529791361026
1384483617989140480
1384483622569250816
1384483630462951431
1384483652881498113
1384483668945670149
1384483669134299142
1384483686385688576
1384483694069489664
1384483753322586114
1384483783395643395
1384483802328748033
1384483832900947974
1384483842166181896
1384483880523243520
1384483885594124291
1384483890132185092
1384483895974916096
1384483958134509568
1384483959594229761
1384483977004679172
1384483987528331264
1384483992284524544
1384484015978205185
1384484028829650944
1384484039936073728
1384484079207395329
1384484082197880835
1384484093073805316
1384484122177986564
1384484129014648840
1384484152632745989
1384484189420933125
1384484202842894337
1384484229053091841
1384484233385816064
1384484282056548353
1384484306761011200
1384484308136734722
1384484315472416771
1384484361534328832
1384484372187803649
1384484381218250752
1384484397232099330
1384484397446049793
1384484405872414723
1384484415619964929
1384484422716624896
1384484445751676928
1384484468833112064
1384484476114321408
1384484487531204609
1384484489544486915
1384484493399138310
1384484516253732871
1384484529595768837
1384484534436122626
1384484542904426496
1384484557907451904
1384484572608532481
1384484588278337540
1384484608201351172
1384484614979428352
1384484664140775425
1384484668574216194
1384484725138640896
1384484728493989889
1384484751793295366
1384484758911135745
1384484767580708864
1384484774752886788
1384484793174331392
1384484803223883776
1384484805065203714
1384484822718959616
1384484831111917569
1384484873063354368
1384484886266978304
1384484922379968514
1384485018597199874
1384485021323509760
1384485033042452480
1384485042727096322
1384485076684181504
1384485099467575296
1384485103905214464
1384485121198223366
1384485130794848258
1384485134116732935
1384485138986328064
1384485148696072196
1384485164970094595
1384485172515532810
1384485230464147458
1384485265431928843
1384485287443636228
1384485290081886210
1384485306351570945
1384485322596052997
1384485369647964161
1384485369996001284
1384485379802157065
1384485385892507649
1384485434890149894
1384485451088678917
1384485457942261760
1384485462270742529
1384485475013042178
1384485478209134593
1384485485020647425
1384485551001251841
1384485551063982080
1384485567963009024
1384485569137451009
1384485580554346496
1384485585578913796
1384485662758371331
1384485678721929218
1384485715237556225
1384485723718492161
1384485728168599552
1384485748297043969
1384485760737415168
1384485781796966400
1384485793733832708
1384485795231326209
1384485882506383362
1384485909660307465
1384485914773278726
1384485952584921089
1384485958788128771
1384485969202536450
1384485985874972676
1384486028535283713
1384486050576351232
1384486184928387072
1384486241761218560
1384486277446131715
1384486314028929024
1384486318734991365
1384486392584032264
1384486392974266369
1384486411030745091
1384486416852295680
1384486442471026694
1384486444320833536
1384486515204571137
1384486527414247427
1384486542383538187
1384486548012474370
1384486613519114244
1384486615934930944
1384486631726518280
1384486632112353288
1384486675422777345
1384486680611151872
1384486725108523010
1384486740250042368
1384486746877014017
1384486763004153859
1384486795249963008
1384486823804628995
1384486826472316929
1384486837310267401
1384486866028613635
1384486900153688066
1384486912426225666
1384486953375211521
1384486967375810560
1384486967853785088
1384486975298842628
1384486979925127172
1384487018680438784
1384487033897463811
1384487037986824192
1384487062322225152
1384487081032908800
1384487135378649098
1384487140793462791
1384487160049438721
1384487186708508672
1384487234510987267
1384487243180560384
1384487243499204616
1384487292274987009
1384487304476205060
1384487316367060992
1384487318585712648
1384487342753390594
1384487344707969024
1384487360654716933
1384487442363858945
1384487447137067009
1384487494469791747
1384487525205512197
1384487550950182913
1384487563696672768
1384487572739694595
1384487577647001604
1384487597205069824
1384487703950110725
1384487714414858243
1384487746186760192
1384487803388633090
1384487814272753671
1384487870325424133
1384487873756336128
1384487879053746187
1384487904198594564
1384487908963495944
1384487918765449218
1384487939464470530
1384487957059538945
1384487962558312448
1384488024197804032
1384488026190057472
1384488041969037313
1384488056338665472
1384488058624516100
1384488060021248001
1384488074277580812
1384488081764593665
1384488083358371841
1384488083501064203
1384488087472984066
1384488092686553088
1384488093755969537
1384488105093304320
1384488109031796741
1384488159325704192
1384488203919429632
1384488213440520193
1384488220684177409
1384488222328242179
1384488240011354119
1384488241538248708
1384488245338251272
1384488246890188800
1384488254620114947
1384488270713671685
1384488273901461510
1384488320479252482
1384488340540493826
1384488341253640198
1384488370823438337
1384488381862842368
1384488400359723011
1384488459059056641
1384488464247369728
1384488480097677312
1384488509738737664
1384488525165469697
1384488536859107329
1384488544400515075
1384488548464660482
1384488556551229440
1384488582157635584
1384488626017509378
1384488647894786048
1384488648423399425
1384488666270158851
1384488676491767808
1384488685547057157
1384488726923993091
1384488734704369666
1384488762596491266
1384488764525973511
1384488777716994048
1384488779616985094
1384488801133895687
1384488815151271936
1384488825179672578
1384488831408250880
1384488856137965570
1384488864727846912
1384488878204149762
1384488887985184772
1384488903168696321
1384488917437665281
1384488950589530114
1384488955790331914
1384488957593915397
1384488969405087745
1384488983284129793
1384489011205509123
1384489041874366464
1384489042130132996
1384489049092595715
1384489065085476869
1384489071121207298
1384489095448104965
1384489103622823941
1384489106701443077
1384489142499745793
1384489154508169217
1384489168663838721
1384489180143792129
1384489213681274887
1384489231276445696
1384489258535342080
1384489261257330690
1384489275677417475
1384489290676244481
1384489314126544896
1384489369365401601
1384489372322603008
1384489420934557696
1384489430820343809
1384489465566179331
1384489466916704263
1384489521329307658
1384489530863067136
1384489554032353281
1384489557349994497
1384489560361639937
1384489595337859072
1384489604724756483
1384489604670177280
1384489623666270212
1384489641965985792
1384489666569703426
1384489667253444609
1384489691311972354
1384489701999104000
1384489702267445249
1384489720755916800
1384489764037046276
1384489768088604674
1384489773360947204
1384489801760522240
1384489807661867008
1384489807741689858
1384489818663493635
1384489883343884293
1384489932920606720
1384489936259141641
1384489993004011524
1384490014835421186
1384490017213530113
1384490021634277380
1384490040399646722
1384490062851842048
1384490084070797312
1384490091771437057
1384490118396973056
1384490133521674240
1384490163913506816
1384490175426924545
1384490196528414720
1384490202240995336
1384490228958646279
1384490299574075392
1384490325713068032
1384490351419875330
1384490375323193348
1384490387075604489
1384490399289466887
1384490430553894919
1384490431707287552
1384490439047221248
1384490451848241165
1384490454293655552
1384490455505715200
1384490466171887616
1384490471007850498
1384490479681773571
1384490489840238595
1384490508412760065
1384490516168036358
1384490543221297152
1384490558140293129
1384490574225494022
1384490611840069632
1384490621239394308
1384490624343228417
1384490643095965698
1384490681847189504
1384490704592855040
1384490705972776963
1384490708128632833
1384490723341443073
1384490726323539971
1384490726910689285
1384490729511133190
1384490732812124161
1384490735001559041
1384490745143365632
1384490757793492992
1384490758380474379
1384490761547255818
1384490771366154241
1384490788713869313
1384490827976749057
1384490831801954304
1384490841838821378
1384490858116837382
1384490925242474499
1384490978317193217
1384491009946656773
1384491038270754816
1384491044771880960
1384491072727011331
1384491138715844621
1384491151026098187
1384491166947758081
1384491175126573061
1384491182147788807
1384491195288674304
1384491196656103426
1384491199910748161
1384491220286779394
1384491243443531776
1384491293162811393
1384491317124808706
1384491328357212161
1384491382824345600
1384491412473798656
1384491416785604608
1384491458028130306
1384491484460855297
1384491496582176776
1384491503427407872
1384491512659124225
1384491542291824649
1384491576634740739
1384491584251596802
1384491617071992834
1384491624953122818
1384491648357392387
1384491656335003651
1384491661225512966
1384491662886440961
1384491697506238465
1384491702296186886
1384491725092237312
1384491734659264513
1384491757564350469
1384491861470027776
1384491883657826304
1384491929384243200
1384491950523432967
1384491955925749764
1384491974732881930
1384491975722901511
1384491997688381441
1384491998401368067
1384492010376151041
1384492011252862980
