1378890108938678273
1378890115586605056
1378890121207025670
1378890150122450945
1378890151506669568
1378890156732674048
1378890161409363975
1378890185266491396
1378890188018028547
1378890212902723587
1378890224688791559
1378890247317110794
1378890258109042690
1378890281232203777
1378890308650377219
1378890313733836801
1378890314065317888
1378890316787429378
1378890324890820611
1378890350731792386
1378890358805786624
1378890366972264448
1378890370843607042
1378890375813816324
1378890387708903424
1378890428674609152
1378890432319516676
1378890452158586881
1378890486841245704
1378890502624317441
1378890509398253572
1378890529723838464
1378890531514707970
1378890556844208128
1378890564935028744
1378890577908015105
1378890585533124612
1378890586984480773
1378890610686316545
1378890612577996800
1378890624301064192
1378890625345536002
1378890670920892417
1378890672900562955
1378890702994644993
1378890738222661638
1378890738562392066
1378890750092439552
1378890751019515911
1378890770447527936
1378890786360676355
1378890807663542274
1378890811065004033
1378890820418334723
1378890820472823812
1378890829708804096
1378890872176046081
1378890884180291586
1378890895077040129
1378890899548069889
1378890907173404674
1378890915780067329
1378890929726050308
1378890940077723648
1378890942564814851
1378890957135876103
1378890959816175616
1378890983660613632
1378891007874510848
1378891038581002242
1378891040980090881
1378891102112120832
1378891105681485826
1378891117651955713
1378891146517221377
1378891173654368261
1378891176623804420
1378891179924815872
1378891180524638209
1378891187755515905
1378891192272846852
1378891195125006340
1378891195183681538
1378891219049324550
1378891219661512707
1378891236434530305
1378891247935320066
1378891271880728581
1378891279950520323
1378891298736799745
1378891328436666370
1378891391867232263
1378891416991055873
1378891432686145536
1378891461844824065
1378891466123120643
1378891481390309378
1378891494942117892
1378891511815897088
1378891618175090691
1378891623057125377
1378891635682025472
1378891639494635526
1378891645572194306
1378891672046641153
1378891690275008513
1378891711439495169
1378891719760957444
1378891732977246210
1378891745816047618
1378891746965327883
1378891759250464768
1378891777118240769
1378891793522171904
1378891799196930048
1378891826493452288
1378891834164842496
1378891880306503680
1378891885293539334
1378891904000135172
1378891927500644354
1378891929656586245
1378891958911959040
1378891969850531842
1378891973751406597
1378891983708643330
1378891992399237122
1378891993946984449
1378892007817555970
1378892012129288198
1378892032874176513
1378892065728200705
1378892098867490817
1378892121646759938
1378892128521232384
1378892150276956164
1378892155771584522
1378892155779903488
1378892165439438849
1378892172536205317
1378892176864645121
1378892191347642369
1378892202349371394
1378892207948754946
1378892219063619585
1378892258791940099
1378892291310452737
1378892350135623682
1378892350391521281
1378892368900984837
1378892376182288385
1378892391453585408
1378892407098458112
1378892409707372544
1378892433698750464
1378892461431398402
1378892461649534978
1378892496994975744
1378892500136517632
1378892503512932358
1378892503726841861
1378892527395217415
1378892528246657024
1378892566347808768
1378892591303888900
1378892609922465793
1378892620248793088
1378892623159521280
1378892708392136714
1378892765266776068
1378892768953708550
1378892774490116097
1378892785277878273
1378892799370727428
1378892821894160387
1378892831058759681
1378892857474437125
1378892865770680323
1378892873282822146
1378892889938345984
1378892906019254274
1378892911463567362
1378892934989246466
1378892946129498113
1378892964521369603
1378892973249851393
1378892975166607361
1378893010583310339
1378893033727401990
1378893038760685570
1378893086651211777
1378893093181685765
1378893100991574020
1378893129898598400
1378893164178706435
1378893178317598722
1378893186265980929
1378893186144337922
1378893188493086722
1378893196219015171
1378893214258757636
1378893221703585792
1378893227588259843
1378893230310318095
1378893249050411008
1378893252103966720
1378893254737944582
1378893286463574016
1378893367539597312
1378893367199862785
1378893368562868225
1378893374346891265
1378893383205154817
1378893402809360384
1378893456651780101
1378893497613348867
1378893499756503041
1378893512217821184
1378893512247107588
1378893519595655169
1378893522112278531
1378893535588491264
1378893592911994883
1378893639296815105
1378893645110124544
1378893646154579970
1378893656086753281
1378893658297040896
1378893681466425351
1378893682175213570
1378893688009601024
1378893735157661700
1378893737850507266
1378893747241549829
1378893803365433346
1378893825150742530
1378893828162252805
1378893830188113920
1378893841676169218
1378893891626237952
1378893917148475397
1378893923691728900
1378893932659113990
1378893951969673225
1378893953483870212
1378893961297731585
1378893972161056773
1378893975549964291
1378893981011034114
1378894005371609088
1378894014448033794
1378894046303637505
1378894060631420928
1378894089610010634
1378894093791731712
1378894134006669317
1378894155674308613
1378894173923725315
1378894218022715394
1378894224121282563
1378894228491657218
1378894256740265984
1378894309739671552
1378894330031575042
1378894450739580932
1378894452954173442
1378894456389308420
1378894457697865732
1378894480540110855
1378894481840238594
1378894514522370050
1378894541818765313
1378894544138297346
1378894581794676741
1378894587536760837
1378894607979741188
1378894612190916608
1378894634085191682
1378894651281801216
1378894677785636867
1378894694718054403
1378894780592177154
1378894783654064133
1378894795616223238
1378894826582769667
1378894844710453253
1378894845305966594
1378894853845741568
1378894859239559169
1378894862519443456
1378894876251713538
1378894899358105604
1378894901065224193
1378894904005435393
1378894910296756226
1378894921898205185
1378894953607127041
1378894955230285826
1378894972670210055
1378894986054279174
1378894993763442690
1378895015125082117
1378895060406702084
1378895123480596481
1378895148420014084
1378895180942635008
1378895182083497985
1378895204527218690
1378895276530864129
1378895281790443526
1378895296269279233
1378895333569273859
1378895349150932995
1378895356415590413
1378895378561429506
1378895391945465858
1378895418138882056
1378895456344891392
1378895459083771908
1378895466499350528
1378895476360118273
1378895524691128324
1378895554151862272
1378895578613084164
1378895578982137862
1378895593976778756
1378895606823809031
1378895646615236611
1378895672770920450
1378895690290503680
1378895708942704644
1378895743235203074
1378895775212576769
1378895793281757188
1378895811833163779
1378895815553519616
1378895819588440065
1378895879499833346
1378895886114242566
1378895927973457921
1378895951776071680
1378895970449039361
1378896012396404740
1378896012954136577
1378896023511199744
1378896025671335936
1378896028703854601
1378896041542619136
1378896049465655298
1378896097830174721
1378896134391832577
1378896139458609154
1378896145406124036
1378896192537518080
1378896195817472001
1378896196622815241
1378896206080917508
1378896210925355008
1378896216180711426
1378896224250687493
1378896237475282945
1378896252109156352
1378896254424514571
1378896274460717056
1378896286930325505
1378896300943548416
1378896338180526080
1378896338591612933
1378896346569134084
1378896368400429057
1378896376839483393
1378896396976263173
1378896397336985600
1378896433676386308
1378896441683406852
1378896451951022083
1378896458854899718
1378896486092656645
1378896487690555395
1378896505143107587
1378896509056339969
1378896535203672066
1378896550219243521
1378896557500735488
1378896558683394049
1378896570884612098
1378896587041169408
1378896608620912646
1378896609790947329
1378896625104515075
1378896627709140992
1378896641659404289
1378896679106084864
1378896713272844288
1378896715932168193
1378896727806246913
1378896761553440768
1378896762405072896
1378896776950808578
1378896798920683520
1378896806067642370
1378896819271262208
1378896823130054657
1378896841027198978
1378896845770924040
1378896864175652864
1378896884694192129
1378896887684726784
1378896897008562176
1378896918886150150
1378896935722086403
1378896957712838657
1378896973961392133
1378896974716407808
1378896982576599040
1378896987853004804
1378897008996585474
1378897011005652993
1378897032002166784
1378897113556336642
1378897117817675778
1378897126189588480
1378897170640728064
1378897184146518018
1378897212818694155
1378897219848396801
1378897226211147778
1378897239750287361
1378897291038269440
1378897319861489675
1378897333212082180
1378897343504916480
1378897346050752514
1378897363218075650
1378897364639907841
1378897382914584578
1378897383933706242
1378897423024676865
1378897456813903873
1378897475780550658
1378897508089348099
1378897516859510785
1378897526955274242
1378897544365830144
1378897552238465025
1378897570362056705
1378897592973680642
1378897615731912704
1378897633712906243
1378897703111917569
1378897737584947204
1378897741485633540
1378897753770614788
1378897791016005633
1378897847853154313
1378897887090905091
1378897891423567872
1378897951582457857
1378897958519836673
1378897958729564160
1378897999330414600
1378898013721145347
1378898019312095233
1378898030183686146
1378898113608450055
1378898127248187392
1378898167098269697
1378898172051812359
1378898201273638914
1378898202242469897
1378898244332228608
1378898253262041091
1378898282974302212
1378898301068529665
1378898303270723589
1378898332295176192
1378898333436051456
1378898355116507138
1378898363433672706
1378898454257168385
1378898459495952387
1378898477225144321
1378898538050899969
1378898556401164290
1378898560326975489
1378898568422043649
1378898584226045957
1378898617675653127
1378898675083120644
1378898677603966979
1378898707911950337
1378898742997184514
1378898746797395970
1378898785523400707
1378898790443278338
1378898827516727296
1378898841865347074
1378898874278969346
1378898875793162244
1378898898861838337
1378898941647982593
1378898964536307713
1378898970580238337
1378898973092687873
1378898993049128965
1378899032894959620
1378899058933198848
1378899065170141184
1378899076117225475
1378899089207648261
1378899138130153477
1378899149924483075
1378899171927748611
1378899183558668290
1378899198993694731
1378899216320315394
1378899236444639234
1378899247999901696
1378899249790861314
1378899265913827329
1378899289666166784
1378899292652363780
1378899335438610434
1378899398638366727
1378899443303526403
1378899477671645185
1378899478699253760
1378899550476382211
1378899566301351938
1378899567526211588
1378899584664006658
1378899586656387075
1378899588455616518
1378899597645463554
1378899614095400961
1378899622391783430
1378899625785036801
1378899630654558209
1378899672522129412
1378899676947091456
1378899678738059268
1378899679732187139
1378899696085786624
1378899731603017730
1378899733452832768
1378899745163382786
1378899794723225603
1378899805288624134
1378899833805799425
1378899856903729154
1378899877929742340
1378899904693731333
1378899917628977153
1378899932422242306
1378899948931063809
1378899975506178048
1378899983529734144
1378899999749197826
1378900016966688768
1378900035476291586
1378900046695911424
1378900095823937538
1378900100521463809
1378900119941169154
1378900150349934594
1378900159984070657
1378900191961550849
1378900205760745476
1378900217706205185
1378900218025029632
1378900225968893952
1378900317648035843
1378900356986511362
1378900373650432003
1378900381871132672
1378900391878914050
1378900401316061191
1378900427568152576
1378900432349585410
1378900456580263938
1378900461877530624
1378900481066594304
1378900516730630144
1378900517229789185
1378900524729303041
1378900608497942528
1378900628810866688
1378900657822781447
1378900682086916096
1378900688189726720
1378900690223828993
1378900758645592064
1378900832935157767
1378900847703306242
1378900859346677762
1378900859900227586
1378900906075435008
1378900974660554756
1378900975721807873
1378900992197079044
1378901163257573376
1378901166206169089
1378901171172216839
1378901172438802438
1378901261605552132
1378901270342303749
1378901335832211459
1378901386889474048
1378901406711644161
1378901476639137793
1378901494603321345
1378901550957883394
1378901571849703429
1378901577663086592
1378901591542001666
1378901656218304512
1378901668348182530
1378901728532164609
1378901736442765313
1378901790272352259
1378901817195687938
1378901822107123715
1378901834543284227
1378901839358361603
1378901865736196096
1378901866420039680
1378901927187087362
1378901945893670913
1378901973299126272
1378902003783376896
1378902013103194115
1378902056145203202
1378902082183389185
1378902086046339072
1378902096439734274
1378902143210553347
1378902166149156869
1378902217399402499
1378902225221738499
1378902231328550914
1378902232800899073
1378902235258716161
1378902246205755393
1378902274211246080
1378902300467503110
1378902306935164935
1378902418847457280
1378902480457633795
1378902511361265668
1378902567699111937
1378902573516734466
1378902626582941696
1378902674070855682
1378902688914546690
1378902698003664897
1378902712469778433
1378902718174035972
1378902787858178053
1378902788290187266
1378902791100493824
1378902834649952256
1378902847585193984
1378902858863570944
1378902888575950857
1378902904678055939
1378902905386889217
1378902905835544583
1378902911648993282
1378902912655450121
1378902933799063552
1378902991365943296
1378903041898905601
1378903064535441413
1378903075818209283
1378903077638537222
1378903095468421121
1378903101273477122
1378903105065000963
1378903126804103169
1378903135050170369
1378903147389849600
1378903164435451904
1378903165408575491
1378903193422270473
1378903195796217857
1378903220857286657
1378903232945086465
1378903248128598018
1378903332975214596
1378903337014231044
1378903357897781250
1378903486822293505
1378903488948748289
1378903494745337860
1378903497718984704
1378903576534126601
1378903609346301952
1378903627352449032
1378903650127511552
1378903652149030916
1378903715101372417
1378903741923987460
1378903770843639808
1378903790414221313
1378903826267316230
1378903850409631744
1378903873818128384
1378903939714850819
1378903948950577175
1378903952721391617
1378903984161837059
1378903986716180480
1378904011097710597
1378904029389066241
1378904112952139777
1378904126373855232
1378904141746081793
1378904163497705472
1378904182070120448
1378904235807363072
1378904286172651520
1378904313431355392
1378904327285137412
1378904332725321732
1378904361804292101
1378904364157435904
1378904386408230915
1378904392594817028
1378904413528526848
1378904447967985664
1378904448131420161
1378904463679713280
1378904465432997888
1378904466435543040
1378904537931472900
1378904644416573440
1378904646031343618
1378904649772728321
1378904668529639424
1378904670098325504
1378904713463234565
1378904733516107779
1378904734518501380
1378904755288875009
1378904798863323139
1378904835513217024
1378904858640670722
1378904880333590530
1378904890001424384
1378904905352630275
1378904936084205568
1378904952433569793
1378904962395119617
1378904974999105539
1378904979168235524
1378904982460768256
1378904985711210498
1378905037305303046
1378905040585383938
1378905054267195394
1378905058838900736
1378905079118327808
1378905079831523330
1378905089448976389
1378905103269208071
1378905123003453440
1378905125599784962
1378905152988536832
1378905160043364356
1378905168536858624
1378905178707877888
1378905195090903041
1378905195426504716
1378905202862985218
