1385216796584710150
1385216829405204488
1385216834119548929
1385216845293236227
1385216862997204993
1385216870823964676
1385216873328005120
1385216885445234702
1385216891619184643
1385216896472076293
1385216899961733121
1385216923009536003
1385216957247594499
1385216968911949825
1385216971701198850
1385216975375323137
1385217016316010496
1385217017347772418
1385217049807532033
1385217059735416834
1385217065385177093
1385217074197405699
1385217091582763013
1385217140802953221
1385217152760827908
1385217171907829763
1385217180006977539
1385217190476095489
1385217197145051143
1385217198147440648
1385217198554112000
1385217210319245319
1385217224613498885
1385217252715376644
1385217254963531783
1385217258365009923
1385217265457635346
1385217276362719233
1385217324160995333
1385217325541085187
1385217329483636739
1385217333866680320
1385217342188175360
1385217344482516997
1385217344641896455
1385217352766210051
1385217358151569414
1385217362748710917
1385217366448082948
1385217373016248322
1385217374660423686
1385217390128992260
1385217392083677191
1385217432852307970
1385217439995138048
1385217453526077442
1385217456357134337
1385217460685754368
1385217464657661955
1385217466918375426
1385217468134735874
1385217475005005824
1385217477844557833
1385217484928606208
1385217492549869571
1385217492809879553
1385217501202681857
1385217501752090624
1385217512799969283
1385217516860059649
1385217539400249345
1385217553413427220
1385217558417137665
1385217574338629633
1385217612867584000
1385217621268783105
1385217631553216514
1385217646854090756
1385217650083737602
1385217672065990659
1385217680786051078
1385217688771780608
1385217688855846912
1385217689849839620
1385217705880424457
1385217707520503812
1385217714013315073
1385217717901398018
1385217718215979008
1385217740198268930
1385217743100727299
1385217746154131460
1385217751585894407
1385217770426601481
1385217773182365701
1385217789200269318
1385217803217739777
1385217824273149953
1385217828148572162
1385217844216950786
1385217892166389766
1385217901129605123
1385217901637087234
1385217904556363780
1385217916346552326
1385217920771502087
1385217924240191493
1385217931680919553
1385217976316698625
1385217977579155459
1385217997833375746
1385218020017152003
1385218035590569989
1385218036626608132
1385218042917920769
1385218048588718085
1385218049024958468
1385218087243354113
1385218097078956042
1385218106331648002
1385218106742779906
1385218122467119104
1385218124438507521
1385218134035021828
1385218138988503042
1385218151755943937
1385218168457621509
1385218175587868673
1385218179434270731
1385218193782972429
1385218210258059264
1385218221142274051
1385218222732021761
1385218240087998481
1385218240780148736
1385218264226226179
1385218279585767425
1385218280315506702
1385218282849030145
1385218325781762049
1385218335147806721
1385218349047631875
1385218360565288960
1385218366877675520
1385218375316512771
1385218378193903620
1385218395965050890
1385218398691332097
1385218404513107971
1385218425811836936
1385218431935463426
1385218476915232771
1385218485186301958
1385218494061441026
1385218495982542850
1385218511220400130
1385218518254297090
1385218521714593805
1385218523140698115
1385218523878903811
1385218527053897728
1385218534435803144
1385218542610571269
1385218543441039360
1385218550051315716
1385218562982174721
1385218600475185153
1385218602278731776
1385218609148882946
1385218634574929921
1385218649477296147
1385218653667352577
1385218656146137089
1385218671593889801
1385218736471384067
1385218738631286786
1385218766905085952
1385218786249355268
1385218807229259777
1385218835104636935
1385218836216090640
1385218849725878277
1385218883796148228
1385218889114652673
1385218890725150725
1385218891316609027
1385218897838690309
1385218901911482369
1385218912762093572
1385218921779843074
1385218936237662221
1385218957632811008
1385218965916422149
1385218970278514689
1385218989584961542
1385219006810841095
1385219020719333378
1385219024427098116
1385219037773373442
1385219046262677504
1385219048863059970
1385219052939976708
1385219074662313985
1385219077258584068
1385219115363848195
1385219118425591810
1385219127913103362
1385219135785865216
1385219155171979273
1385219157537525764
1385219157449494532
1385219167767379968
1385219170510544905
1385219174818107396
1385219181117800455
1385219185882587138
1385219196284510208
1385219198071234562
1385219219244126212
1385219221265788932
1385219226193981443
1385219238990864384
1385219239724732421
1385219242954412037
1385219254232915974
1385219271278661634
1385219285203787780
1385219285975371778
1385219291998572550
1385219292350779395
1385219294481371140
1385219307823566850
1385219316543410187
1385219343622066177
1385219344184094729
1385219348055220224
1385219371740631041
1385219373707796482
1385219374777315330
1385219382196936706
1385219388203315201
1385219406263951360
1385219408956514304
1385219418679136257
1385219435833737222
1385219447414267904
1385219454334758912
1385219460999569411
1385219461804826627
1385219474387873794
1385219489248206851
1385219490175139841
1385219501302730754
1385219502036639744
1385219504687525889
1385219508936314885
1385219542792773634
1385219555933384704
1385219565127303171
1385219567098662925
1385219586178564097
1385219587046789122
1385219589441671168
1385219604402905112
1385219607858974723
1385219640570359816
1385219646480076800
1385219667451695105
1385219686988537858
1385219721168044032
1385219732266172418
1385219734296268805
1385219738326949889
1385219755322187783
1385219761521430529
1385219771696783364
1385219779204505602
1385219782551744512
1385219786662203395
1385219789996560384
1385219805867806720
1385219808501764100
1385219810959654918
1385219824444395521
1385219833776771074
1385219851581476868
1385219884884312067
1385219886029357057
1385219887396790277
1385219894447386630
1385219901573537793
1385219902286569472
1385219908087083012
1385219934410608649
1385219951246647296
1385219959782006785
1385219978295709699
1385219999401381888
1385220001683156992
1385220010629472256
1385220027385884685
1385220034721615872
1385220048868974593
1385220080322158592
1385220094037577729
1385220104766595074
1385220130876100612
1385220161997885442
1385220174740066305
1385220176585523208
1385220188673564677
1385220192251392000
1385220215961686017
1385220216326656000
1385220217001873408
1385220218914492422
1385220224430088193
1385220227567390723
1385220235356168192
1385220240854892544
1385220265186152451
1385220275994865664
1385220280365240322
1385220320072667140
1385220322035740672
1385220323843452928
1385220329635778560
1385220333771317250
1385220339685367809
1385220347906170884
1385220348610678788
1385220361474740224
1385220381305413632
1385220393854803971
1385220409931534339
1385220410698915843
1385220415539322890
1385220431989252096
1385220432803008516
1385220435915067392
1385220439136481295
1385220442105868294
1385220460552630275
1385220475920568321
1385220492815060992
1385220516584202242
1385220524683452417
1385220525945937923
1385220536599552005
1385220549383688196
1385220562008559616
1385220593696468992
1385220603188219904
1385220623857815554
1385220623937462273
1385220635723407363
1385220648545488901
1385220654899867649
1385220679805464584
1385220690031300612
1385220700953210883
1385220707332894722
1385220715801190404
1385220718254862337
1385220719655546884
1385220727343882240
1385220735623340032
1385220737552814082
1385220739666571266
1385220750794178560
1385220755340685313
1385220758234882052
1385220761342910465
1385220778413731843
1385220790631780354
1385220801977327623
1385220806662369292
1385220821187239945
1385220849620377602
1385220849666445312
1385220854150164486
1385220855123398660
1385220864715608065
1385220886052093955
1385220890602967052
1385220896651153409
1385220902481190918
1385220905429872643
1385220911184367620
1385220911809273856
1385220925625352192
1385220926392786944
1385220937151238145
1385220939831562245
1385220968596090880
1385220973293617152
1385221024690573319
1385221030671704066
1385221040981348354
1385221043275583491
1385221052670742529
1385221055510245380
1385221080118448133
1385221093523214343
1385221106123034626
1385221114989735936
1385221121721749511
1385221142840025092
1385221182262239234
1385221197177114624
1385221199785979904
1385221202113880066
1385221206861885443
1385221211840516100
1385221231356616704
1385221238449074178
1385221259567501315
1385221277472989185
1385221303020490756
1385221303762931712
1385221312579256332
1385221323123826690
1385221326751748098
1385221332670074883
1385221332804292611
1385221352848773120
1385221357219287045
1385221361849847814
1385221362541899777
1385221362961117188
1385221383785959427
1385221387439149063
1385221390752632832
1385221393973977091
1385221402102468608
1385221412781236225
1385221417382387714
1385221417906708480
1385221418732883970
1385221420813271040
1385221429646352394
1385221432817328132
1385221442216861699
1385221464559861762
1385221488484122629
1385221494150737934
1385221497996906500
1385221499888422912
1385221502841262083
1385221525113118721
1385221526069202947
1385221527923089408
1385221561469210624
1385221565923483648
1385221599465406465
1385221607719796736
1385221643828703234
1385221644906639360
1385221690469195777
1385221691610107904
1385221692830720003
1385221694529458178
1385221702532014080
1385221708097916930
1385221710253895685
1385221713642889218
1385221717946093573
1385221724011126785
1385221724246003715
1385221739265675268
1385221749076373515
1385221750187696128
1385221754172239880
1385221758836477957
1385221761235628039
1385221766742675458
1385221775974445059
1385221788787937289
1385221796165824521
1385221802151059456
1385221803132526595
1385221809935720471
1385221813517623297
1385221816331931650
1385221822136868867
1385221847768342528
1385221852025344008
1385221856618287107
1385221881289052161
1385221886745870339
1385221887182221323
1385221895495290881
1385221914990366720
1385221921780891653
1385221922582114305
1385221930966343680
1385221933466275842
1385221953485672451
1385221962004193290
1385221966940884994
1385221972674727936
1385221987258224641
1385221996590485508
1385222009806893056
1385222010851168257
1385222049573085187
1385222058934689794
1385222061509992455
1385222070275952647
1385222070544392197
1385222070892642309
1385222073757409282
1385222085342027779
1385222107924246538
1385222132758577161
1385222163335057417
1385222167558828045
1385222182624661507
1385222188060581893
1385222225473716229
1385222233149280263
1385222234126573573
1385222235498110980
1385222237821849603
1385222243802750982
1385222256436076553
1385222266858795009
1385222268255674372
1385222274597408779
1385222278934323204
1385222281069223936
1385222321812742148
1385222345921646600
1385222365852938243
1385222370239991809
1385222376057565185
1385222382219112450
1385222389588447232
1385222402372739076
1385222415177986055
1385222416394186753
1385222423826599936
1385222427504902149
1385222437625896960
1385222442105417730
1385222442365427717
1385222445083373573
1385222457108357123
1385222459692142597
1385222460908314631
1385222459692142597
1385222471620513794
1385222485377884164
1385222496568451086
1385222497189105666
1385222517619662850
1385222524800208901
1385222536896552960
1385222545222295556
1385222559625617491
1385222563496923136
1385222592139649024
1385222595344228358
1385222618928799746
1385222622221320197
1385222622397480964
1385222628139487232
1385222638847467521
1385222652839792646
1385222655968677891
1385222659533856770
1385222668199374848
1385222684087308291
1385222688218755072
1385222698578677763
1385222709928398848
1385222710188396547
1385222727355805699
1385222731189428224
1385222750894182400
1385222758402043908
1385222764253044743
1385222774109708291
1385222781676277761
1385222795542638594
1385222820825866240
1385222823275372546
1385222838559420419
1385222844842319875
1385222848923439106
1385222862689251330
1385222889654214663
1385222889847148554
1385222899167072259
1385222898999246850
1385222899951456256
1385222903361327109
1385222946843680772
1385222967928533000
1385222979710296064
1385222980750516226
1385222989365583874
1385222992691666947
1385222992582615043
1385222997804453888
1385223019962896384
1385223029324713984
1385223029467357189
1385223039814717441
1385223062879080449
1385223070949023746
1385223072156950528
1385223094680313856
1385223097603829761
1385223108857110530
1385223123369299970
1385223125131010050
1385223127693774851
1385223127962112003
1385223140805070848
1385223145888665600
1385223150602948612
1385223155594108930
1385223166830731267
1385223190989914116
1385223211877548035
1385223212217344003
1385223223491633152
1385223230621995017
1385223232492539904
1385223235588042756
1385223241757859846
1385223243364290570
1385223247470419970
1385223266814550021
1385223268270067713
1385223276377563154
1385223279338741764
1385223280005636101
1385223299530170370
1385223306790506498
1385223317594927106
1385223323525787649
1385223330316292096
1385223331599818758
1385223343922634752
1385223346988650496
1385223358703280131
1385223366093717504
1385223381155520513
1385223381117587457
1385223387631521795
1385223398733791235
1385223403402051585
1385223404031184903
1385223411572609029
1385223427087347720
1385223427003355139
1385223473803431937
1385223475682439171
1385223481520971776
1385223494426796036
1385223499678056451
1385223502320574465
1385223504421920773
1385223507018014726
1385223517604487168
1385223520414748675
1385223521119440903
1385223528564281344
1385223535631626241
1385223546344026112
1385223550659870722
1385223554472595462
1385223555386851342
1385223564412948487
1385223565545512960
1385223589297807364
1385223609514352641
1385223611183677441
1385223660475019264
1385223683359322115
1385223723851079683
1385223733946863619
1385223735406333956
1385223737658781697
1385223744029962246
1385223749444722690
1385223760903655427
1385223749444722690
1385223761876639748
1385223754830209025
1385223763197792257
1385223775117975552
1385223778477694977
1385223780444803081
1385223786958569477
1385223808492052484
1385223849269108739
1385223754830209025
1385223778477694977
1385223830877229059
1385223818319433729
1385223852993691654
1385223775319433226
1385223846056316929
1385223853245358082
1385223856256868352
1385223799180828672
1385223801156296706
1385223876255305731
1385223877287059460
1385223875881967621
1385223872195203072
1385223885268865027
1385223891312852997
1385223799751299072
1385223899764363264
1385223923508207624
1385223933587337220
1385223939232829440
1385223948883750913
1385223949211086848
1385223951308050432
1385223956119101440
1385223957897306121
1385223965136859137
1385223965975711745
1385223974871834624
1385223981675040770
1385224003896422407
1385224004202598404
1385224032295993346
1385224036905586688
1385224060624248832
1385224061891092482
1385224063862206464
1385224067419197442
1385224075853840384
1385224085702168576
1385224090924077058
1385224107424325635
1385224108477194242
1385224144371929090
1385224159081373696
1385224161543344132
1385224169344823296
1385224171639148545
1385224174747140099
1385224184905838595
1385224194846244868
1385224198222716930
1385224198709301248
1385224235627520007
1385224249263091722
1385224255785381894
1385224270096314373
1385224274311536640
1385224284600213509
1385224288962187270
1385224289977348099
1385224291772416009
1385224293752086533
1385224297321439241
1385224307211706373
1385224307878604804
1385224318829875200
1385224319312203777
1385224326648041474
1385224340333940737
1385224354812743680
1385224357459369987
1385224357740490758
1385224359854460933
1385224360651231232
1385224362534518789
1385224364489015297
1385224364648501254
1385224384135274497
1385224387268280327
1385224399972831243
1385224401268797456
1385224409531748356
1385224409506533382
1385224418813698055
1385224436962443269
1385224479039582211
1385224511440756738
1385224513906958343
1385224518994628615
1385224522207432707
1385224523524489217
1385224553824194562
1385224553845215232
1385224556667756550
1385224559100633090
1385224561231376390
1385224567824683010
1385224574682423298
1385224583704457221
1385224597558202369
1385224603530932229
1385224613291036681
1385224617204330499
1385224641698885634
1385224670325231623
1385224688096346117
1385224707088084995
1385224717649518594
1385224720656736257
1385224745130598405
1385224754882236418
1385224755259658241
1385224757415538690
1385224762297917442
1385224769310760965
1385224776961052675
1385224792320610314
1385224794598039553
1385224812428156929
1385224812956512256
1385224818019250179
1385224827057889282
1385224827942887429
1385224842904064006
1385224844573351936
1385224851183579139
1385224868279554048
1385224884612128768
1385224886583443456
1385224891671228424
1385224892535250944
1385224898960838669
1385224899887878145
1385224910117736448
1385224911745060864
1385224911816384516
1385224912386748423
1385224913250918408
1385224916291788803
1385224916874706945
1385224930552340481
1385224933136080897
1385224934046240768
1385224941189038085
1385224951255470081
1385224961619644416
1385224989255868419
1385225012408422405
1385225014593691651
1385225031190339589
1385225043618062342
1385225045824311298
1385225047686713345
1385225048299036677
1385225057262264324
1385225060311572481
1385225083061477378
1385225096613142529
1385225099255582725
1385225105857384449
1385225112924966912
1385225114963357700
1385225132113793025
1385225144482746375
1385225157933879296
1385225159662084103
1385225159859183619
1385225177550639109
1385225179039604737
1385225183187898374
1385225188221014018
1385225202020278277
1385225203186294784
1385225215316221952
1385225216993943553
1385225227735642116
1385225237000773637
1385225278004289537
1385225290599784448
1385225303858065415
1385225316923318274
1385225330273705987
1385225330575777793
1385225338289065986
1385225363643641859
1385225372896309250
1385225375538614275
1385225376494915587
1385225395537006596
1385225396770287617
1385225404097736711
1385225409076158470
1385225418236735492
1385225433893986306
1385225442014244864
1385225456165793793
1385225468824195074
1385225469482741764
1385225475438649344
1385225478575988737
1385225491871850500
1385225524302200834
1385225535786164227
1385225548708909057
1385225557294546948
1385225578538840068
1385225579121758211
1385225607991238656
1385225613687115776
1385225631030333442
1385225638634835975
1385225643080683521
1385225652392054791
1385225667931897860
1385225673116053510
1385225685757841419
1385225690061099010
1385225692405633027
1385225695626883073
1385225731140165645
1385225734264922114
1385225739457503238
1385225747158142976
1385225772030382080
1385225777818611722
1385225781056610308
1385225789617152004
1385225806356434946
1385225811461124097
1385225812828467203
1385225816980721665
1385225820193579013
1385225843530780675
1385225869954895877
1385225889533681669
1385225893212131332
1385225894738993152
1385225895762407426
1385225917715271680
1385225920999563275
1385225933150294021
1385225943497777152
1385225945385037830
1385225978855706630
1385225991660867584
1385225994211110914
1385225996845162503
1385225999588147200
1385226010757586947
1385226014297579523
1385226021373349890
1385226021813854216
1385226027123625988
1385226041304788994
1385226042915307526
1385226051383660544
1385226061458333698
1385226063974965249
1385226069054304263
1385226080244674563
1385226112045879300
1385226126163841025
1385226145730334723
1385226153988853762
1385226178328502272
1385226178198396928
1385226184145899522
1385226198515687427
1385226200000303107
1385226203712393227
1385226210435796996
1385226217159229440
1385226221450002433
1385226224511766529
1385226226625912832
1385226230039924741
1385226233580068868
1385226248692109316
1385226250579546114
1385226252923990021
1385226261350473730
1385226263212744705
1385226291088019465
1385226293411815432
1385226296658178052
1385226302550994945
1385226307622117378
1385226318644752386
1385226319751909387
1385226332154515462
1385226336847888385
1385226340467568643
1385226343185530880
1385226344691343361
1385226350252986369
1385226355172810752
1385226358171779072
1385226360335990789
1385226364765282308
1385226385590005762
1385226403617071106
1385226411363868672
1385226413494571009
1385226417009475596
1385226430146125833
1385226430620094465
1385226432411062273
1385226437490188288
1385226453760061442
1385226476015034369
1385226484365897728
1385226485141688320
1385226514833317890
1385226520520757251
1385226524392103942
1385226528447995909
1385226540695310336
1385226563877281795
1385226568973262851
1385226577240264728
1385226579714916357
1385226610832457729
1385226627823542277
1385226632143675395
1385226634979053569
1385226639664193543
1385226639815159813
1385226640041545731
1385226641060864002
1385226649189294082
1385226666478383110
1385226692377993218
1385226700418654209
1385226701035249670
1385226708119396366
1385226710455443457
1385226722329731074
1385226725177528320
1385226726309957632
1385226729820667905
1385226733511708680
1385226750536286214
1385226751715024897
1385226759000498176
1385226766038491137
1385226786724884488
1385226787798634497
1385226855851171843
1385226871575650304
1385226891691495428
1385226906937737219
1385226918987980803
1385226938063720450
1385226952672530438
1385226956938125324
1385226960465534977
1385226976143806465
1385227000617517058
1385227007097819137
1385227010033819657
1385227038479446028
1385227040979365891
1385227048998903808
1385227099502415872
1385227102165688324
1385227119786135552
1385227146336116740
1385227161288781835
1385227171573080064
1385227172407922689
1385227196596310026
1385227209690910723
1385227222416445442
1385227226245783568
1385227232591978496
1385227241290752001
1385227251294384134
1385227253198598145
1385227255501266947
1385227262300020740
1385227279631069186
1385227299428130816
1385227301168631811
1385227305836974082
1385227319325962241
1385227326296821764
1385227328108732416
1385227329111306240
1385227344319639554
1385227344726663168
1385227349860536321
1385227357380874240
1385227377660383237
1385227380462022668
1385227390587179010
1385227404931584001
1385227416910577666
1385227423931850754
1385227425487880199
1385227432588763140
1385227432450400256
1385227444508975111
1385227453891850246
1385227455103787009
1385227459671457798
1385227481754619907
1385227484849971203
1385227490499641347
1385227501195116549
1385227504009433089
1385227563132407813
1385227589439082499
1385227595621535747
1385227602265354242
1385227604245024768
1385227607772438528
1385227656518639619
1385227691809546240
1385227701653590018
1385227710910238726
1385227712734896135
1385227715335368710
1385227716899790852
1385227729457618947
1385227748986269700
1385227764077404161
1385227767827083264
1385227769056043012
1385227770972676096
1385227780129009688
1385227781953396736
1385227787045281793
1385227797506019329
1385227797866508292
1385227798965460994
1385227822940233729
1385227825893068807
1385227827532894213
1385227835208568834
1385227861666189314
1385227863087992834
1385227867823525899
1385227871090667532
1385227877474574338
1385227888908189700
1385227888979365892
1385227899641516033
1385227938862354432
1385227950669275143
1385227956864249860
1385227987482710018
1385227997196787714
1385228021800464390
1385228037936099339
1385228051768881163
1385228059301842946
1385228062925656066
1385228069259124742
1385228069896474629
1385228074703212547
1385228098220695558
1385228099894136834
1385228106982592517
1385228109033598977
1385228116612747268
1385228128960790529
1385228129958973444
1385228131913539591
1385228152616669185
1385228161865109505
1385228181007966208
1385228181611896833
1385228224934731778
1385228227300503557
1385228290705838080
1385228300616798219
1385228310377021441
1385228343809875973
1385228366526230530
1385228388642738177
1385228393533173760
1385228397073387522
1385228417017257986
1385228422889226249
1385228431726718977
1385228467042664452
1385228467483160578
1385228467868942337
1385228479117991939
1385228494788046852
1385228507698057217
1385228548617740292
1385228555152408599
1385228560659582980
1385228581702447107
1385228581966684162
1385228583698894855
1385228596860440587
1385228630704406534
1385228634760351748
1385228634898771974
1385228636995964928
1385228638312882178
1385228639441195011
1385228641102024707
1385228656717570049
1385228675088486403
1385228677588389889
1385228702586445825
1385228715148382208
1385228716192800769
1385228725990612994
1385228744881852419
1385228804994461696
1385228820261728256
1385228834119856131
1385228836783247360
1385228839958192132
1385228841107529743
1385228844949557256
1385228870945759237
1385228873860665347
1385228909764038656
1385228916047155204
1385228945726054400
1385228951459704832
1385228956337594372
1385228958640316419
1385228961177866248
1385228972670300160
1385228978454102019
1385229006224691201
1385229016009904135
1385229019168210952
1385229040194256900
1385229057785217025
1385229061467697156
1385229067184652295
1385229069676007427
1385229100185530374
1385229103410806789
1385229137279913985
1385229161032261633
1385229176756588550
1385229182666518529
1385229222046806022
1385229254020026371
1385229256922484737
1385229264845426688
1385229271778607108
1385229284529278977
1385229293429559303
1385229297246371840
1385229306843049989
1385229319455268867
1385229330423304195
1385229379572314115
1385229380570521601
1385229390389317634
1385229408730898433
1385229416838705155
1385229445422845953
1385229445619912704
1385229458169339904
1385229481120395266
1385229481716092929
1385229482269810689
1385229486229114880
1385229497947938819
1385229510640078857
1385229512192008192
1385229533897428994
1385229538574090245
1385229541476503554
1385229546157395971
1385229548271194119
1385229553552044037
1385229561642856448
1385229591963344902
1385229597915058183
1385229603761840133
1385229608656662532
1385229614495248384
1385229617410281483
1385229622300774400
1385229622695112706
1385229650474016772
1385229668866052099
1385229710033145859
1385229727523344405
1385229727846346754
1385229734846640132
1385229738524889093
1385229740043227136
1385229740827504640
1385229740873814020
1385229744728330243
1385229748272435207
1385229759899123713
1385229767952146434
1385229798939762688
1385229799724093443
1385229805210071048
1385229805721817091
1385229815708405762
1385229816777957379
1385229821068734471
1385229838252843010
1385229840282906628
1385229844330463237
1385229851045634049
1385229867709571074
1385229874743320578
1385229901360414721
1385229926786166790
1385229931127443464
1385229935149678595
1385229939704750082
1385229942963703811
1385229950769262596
1385229952027611140
1385229952652513280
1385229963566190592
1385229971828867075
1385229972563013638
1385229979496194055
1385229988723523585
1385230004640882688
1385230031241113602
1385230060638986240
1385230061280894978
1385230087692427266
1385230099264548870
1385230112363147265
1385230129337602051
1385230133804503040
1385230143409557509
1385230154985885696
1385230173017100293
1385230180281581572
1385230214687600653
1385230226125361155
1385230239765344261
1385230242147536900
1385230274603098119
1385230274599047176
1385230276369035265
1385230278541680641
1385230283474018311
1385230284891648000
1385230301316665347
1385230307633373188
1385230309160017922
1385230311852810245
1385230321247981573
1385230339690225664
1385230340730638352
1385230344455081990
1385230345000214531
1385230348276183045
1385230362561888256
1385230385353838594
1385230386414772226
1385230397827584005
1385230399849353218
1385230406358818821
1385230409617846276
1385230421861015566
1385230422615941123
1385230423962251265
1385230426550251524
1385230448872329216
1385230462549782530
1385230464617680896
1385230474898026500
1385230490966364161
1385230498402738184
1385230504610385922
1385230512952946690
1385230525229584386
1385230542040338451
1385230544594558981
1385230548445147136
1385230553344057345
1385230555290079240
1385230557173280772
1385230576093843457
1385230642867326976
1385230644586991616
1385230646159708160
1385230660873379840
1385230662597292033
1385230678439120896
1385230706201223171
1385230712891006979
1385230721145397248
1385230730423271435
1385230755014524928
1385230766263635971
1385230770202107913
1385230781249855497
1385230782432677890
1385230811570610178
1385230817106939904
1385230824388415492
1385230828599402499
1385230833221574660
1385230833980690435
1385230840490184705
1385230846412611587
1385230847134023687
1385230849201803271
1385230883406467073
1385230885562183684
1385230889786003456
1385230891111247872
1385230909205528595
1385230913525612550
1385230923029958656
1385230932261617666
1385230947260452873
1385230952788549634
1385230962691395586
1385230973520986116
1385230973693046784
1385230989182619659
1385231000960176128
1385231002633650176
1385231008421793794
1385231009021636624
1385231016214794253
1385231016781127692
1385231019964575745
1385231021285724161
1385231023147978752
1385231033935679494
1385231041821122564
1385231043209441284
1385231044090159105
1385231061064499202
1385231065300754434
1385231070203764738
1385231077917315072
1385231105545150466
1385231113010905102
1385231124754964488
1385231133126782980
1385231134041198593
1385231144350781441
1385231148499021827
1385231151565049858
1385231153024671748
1385231155742523406
1385231172674867207
1385231173622829061
1385231186088366081
1385231186717548548
1385231188617539588
1385231206652989442
1385231208456536070
1385231212877426690
1385231218858463235
1385231221878403076
1385231233446207489
1385231254854017034
1385231259723501571
1385231260096794627
1385231268238004227
1385231312106115074
1385231314148904968
1385231315914665984
1385231317458108422
1385231327276924938
1385231348181442564
1385231352086282244
1385231358876954631
1385231371233374209
1385231375264014347
1385231378304815105
1385231381806993410
1385231386789912581
1385231390883467264
1385231429647310848
1385231446776942595
1385231447074635783
1385231469648433158
1385231483623858178
1385231501973938176
1385231503102251014
1385231504431669253
1385231520462344197
1385231522559561729
1385231537562537986
1385231539424931840
1385231541094293512
1385231553853284353
1385231562908729344
1385231565563867136
1385231580310999042
1385231591610322945
1385231613295013889
1385231625206878209
1385231627261943815
1385231638737551366
1385231645834309645
1385231653740716035
1385231657008041985
1385231661076471812
1385231662875701256
1385231688406601728
1385231695041937412
1385231700267917313
1385231715208151040
1385231720811843603
1385231724737667073
1385231739228852228
1385231739350441986
1385231745872801793
1385231746980061189
1385231770929483780
1385231781050322959
1385231792186220548
1385231796737040384
1385231798213414915
1385231808971911168
1385231812071464972
1385231815154221056
1385231816710316033
1385231819008663554
1385231822276206592
1385231823458816007
1385231829364580352
1385231831168167943
1385231835198750720
1385231836528451587
1385231839590326275
1385231843117633539
1385231848788406274
1385231849195192321
1385231848549142537
1385231851825074176
1385231874058985476
1385231875900383239
1385231880686034949
