1381653316283826176
1381653334499672067
1381653334789124097
1381653337372827650
1381653337813225489
1381653341718077441
1381653343378923521
1381653349372682247
1381653364115669001
1381653368976859142
1381653371430567938
1381653374848864263
1381653390095187969
1381653404842291203
1381653407925215233
1381653409539964932
1381653417353957378
1381653420990476297
1381653425780297737
1381653435481784320
1381653435947347975
1381653441181839364
1381653441328640005
1381653443178164229
1381653446164635651
1381653447372648452
1381653455257886721
1381653463831023617
1381653470550224900
1381653475856154628
1381653477437366276
1381653488644595720
1381653494097195010
1381653502167019532
1381653506365460484
1381653539173367808
1381653544172974088
1381653558047703043
1381653568286035981
1381653597218353157
1381653607175573507
1381653608983367680
1381653616138797063
1381653624061759489
1381653625949278209
1381653626054131720
1381653653963034630
1381653656530006019
1381653660934025224
1381653665803612169
1381653678633943043
1381653686485725192
1381653691921358860
1381653699496398851
1381653741816909827
1381653748041314304
1381653747424616450
1381653750545326080
1381653766248800258
1381653776864514049
1381653779259490311
1381653798368776194
1381653820959289344
1381653829750513667
1381653855256125447
1381653862394720260
1381653864131272709
1381653870120738817
1381653871949324288
1381653878450569220
1381653880778407938
1381653882565169152
1381653892207894529
1381653905684058114
1381653906946715650
1381653908913799169
1381653909794611207
1381653922721361920
1381653938940829698
1381653951020470275
1381653961925554176
1381653979533283333
1381653999678590987
1381654033136500739
1381654048718340096
1381654053608943616
1381654058101055489
1381654087066918912
1381654114979827712
1381654117446205440
1381654131132170240
1381654147800444931
1381654167626907650
1381654175851876356
1381654179844919298
1381654182847868934
1381654187252060167
1381654196655509508
1381654213185437702
1381654235171987457
1381654236140814338
1381654249155747844
1381654250338582533
1381654264582393857
1381654273570828289
1381654279908323330
1381654279950327812
1381654280789241859
1381654291254026242
1381654294068404225
1381654328499445765
1381654338448334851
1381654338947416064
1381654409676005379
1381654410154143747
1381654416193945612
1381654438985732096
1381654461978927109
1381654463908352000
1381654495109685250
1381654500323303424
1381654514713952264
1381654515213082626
1381654515536035845
1381654530467766272
1381654542341840896
1381654550772334597
1381654558624133127
1381654568736538625
1381654570498060290
1381654591234838529
1381654597484347399
1381654599094898688
1381654604002246656
1381654605046505473
1381654605285584898
1381654630023708673
1381654634507423746
1381654656615641090
1381654661690748930
1381654665889259531
1381654667491483649
1381654675154481153
1381654676421160973
1381654687708016643
1381654697371664386
1381654709640032256
1381654713955934213
1381654722311036938
1381654728870887429
1381654748781285382
1381654754615558151
1381654761678770177
1381654762827960333
1381654773288423424
1381654774446166021
1381654774785970176
1381654779223498757
1381654786878148616
1381654791311527936
1381654793228316677
1381654796239659010
1381654801080066049
1381654811427414020
1381654812291334144
1381654827361574913
1381654829752217600
1381654835813097484
1381654840208715776
1381654848203001857
1381654854670581765
1381654877236035592
1381654888401137664
1381654888757796864
1381654923310424065
1381654940574121986
1381654942755217418
1381654962363596803
1381654962799792128
1381654968978055172
1381654976892575745
1381654977832235008
1381654984228487173
1381654994194079747
1381654996131966978
1381655007397826561
1381655020123398144
1381655024942645248
1381655033595461640
1381655034769858564
1381655041128292358
1381655053950451725
1381655062422945795
1381655076054437895
1381655091745325060
1381655104709918727
1381655106626727942
1381655112477724680
1381655115438886920
1381655122128818183
1381655131528253442
1381655138226466816
1381655149140140049
1381655158556389380
1381655160913530883
1381655162863767553
1381655165170683904
1381655176600227841
1381655179339173888
1381655188289822720
1381655188772114441
1381655198310014976
1381655211828215816
1381655223031173128
1381655227162632200
1381655244610756610
1381655246049406978
1381655264835874817
1381655273316712448
1381655274587586560
1381655277603274756
1381655280035852292
1381655284062556160
1381655307445755910
1381655308662104076
1381655316232822785
1381655319114350592
1381655319668011012
1381655320179658764
1381655321605767168
1381655330329878534
1381655335471964163
1381655341310435339
1381655358456930307
1381655360939888645
1381655402018959361
1381655415360954369
1381655418993270787
1381655418917818373
1381655420272529417
1381655431144087553
1381655433778130946
1381655435581739009
1381655439247437824
1381655441399193602
1381655441474736136
1381655449603338247
1381655456855121924
1381655457216000009
1381655457329205248
1381655461125050368
1381655473255018511
1381655476375597058
1381655477604470784
1381655482721579015
1381655490984349698
1381655494985543682
1381655507186937859
1381655508868689922
1381655512362651655
1381655518842920960
1381655527227338756
1381655528699494403
1381655538786766848
1381655568121729031
1381655573020749825
1381655579005837313
1381655586119409664
1381655589953138704
1381655603882422275
1381655605396537346
1381655606881312768
1381655607556648962
1381655609146228737
1381655621238460428
1381655621842432008
1381655627064344577
1381655651559084035
1381655654373462021
1381655658655780870
1381655665949691905
1381655667828744200
1381655672236957696
1381655682169065474
1381655682672250881
1381655702406537216
1381655711965396996
1381655717338308609
1381655738326597636
1381655761089101830
1381655771654447109
1381655777358704648
1381655780617773058
1381655781326659588
1381655804357439492
1381655811420749827
1381655812297269249
1381655821969416196
1381655839816228867
1381655842731171846
1381655843255508993
1381655853288189952
1381655854437531651
1381655866701717510
1381655885974540299
1381655899509567488
1381655907738734599
1381655916517462016
1381655932581601284
1381655934577954819
1381655941020520448
1381655954324926465
1381655962898026496
1381655965502689282
1381655970460397568
1381655975141146625
1381655975371870209
1381655980535132160
1381655998855806976
1381656014076968967
1381656019303022595
1381656020070453250
1381656020515233792
1381656028937326593
1381656029516197898
1381656074206515202
1381656095102406657
1381656107152601091
1381656119429394433
1381656121979633665
1381656133782364161
1381656146105237508
1381656169001979905
1381656171224895488
1381656176102936576
1381656191261102085
1381656196738875399
1381656229429215234
1381656238388207616
1381656239545806848
1381656257795391496
1381656279404449802
1381656290552918025
1381656296252977153
1381656298798739456
1381656308412264449
1381656317073444870
1381656317249658880
1381656325185224706
1381656327529828352
1381656341345923078
1381656343401132033
1381656343384326144
1381656353589059588
1381656357145829381
1381656357741465602
1381656362208305158
1381656372601745409
1381656381028245504
1381656386661195788
1381656399726399493
1381656408500924416
1381656469351788547
1381656471595798530
1381656474699579396
1381656480504483840
1381656507801026560
1381656521482854406
1381656535386972164
1381656536305577987
1381656544039735298
1381656558140977154
1381656562515775494
1381656575866150912
1381656580471590916
1381656598834216966
1381656607390584836
1381656610804666369
1381656611249213442
1381656612293726211
1381656614634192898
1381656633546207233
1381656637522477056
1381656660322705412
1381656667452891137
1381656679301971971
1381656681151672320
1381656693826859008
1381656703872204811
1381656705164009475
1381656712915079171
1381656714093731840
1381656723941859331
1381656725426728964
1381656727532175361
1381656729679724554
1381656742602403841
1381656746238877698
1381656749254541316
1381656755357253636
1381656761854222340
1381656775766642691
1381656775808651269
1381656815734194176
1381656816296325120
1381656867856904196
1381656882872520717
1381656886391447555
1381656917831995398
1381656918024843264
1381656924572282883
1381656925746642945
1381656925813800961
1381656957770162176
1381656964762062849
1381656967123324928
1381656991517483012
1381657004083712005
1381657005518024705
1381657006537240577
1381657017698295808
1381657042713202691
1381657051005399040
1381657053647806467
1381657057758183430
1381657064171319306
1381657086065532932
1381657096488386562
1381657098765864962
1381657100108107779
1381657103417360386
1381657113152212993
1381657116969172998
1381657134224539648
1381657135927468033
1381657137655525380
1381657140411179015
1381657140486619141
1381657154663370759
1381657156060123137
1381657165694373889
1381657169741893637
1381657170895384578
1381657173160308742
1381657180693270528
1381657194064609281
1381657214415421440
1381657220560076808
1381657221298282497
1381657228634173440
1381657255037259780
1381657255813259266
1381657270451339266
1381657272703725570
1381657280173780998
1381657287119486980
1381657301560524818
1381657316341256198
1381657320615215106
1381657324406763525
1381657339472797704
1381657340190076928
1381657342425624577
1381657344627646477
1381657363057410048
1381657365997584384
1381657372536475651
1381657377288683522
1381657379750678534
1381657397593309187
1381657400147578880
1381657403863752707
1381657410218168324
1381657429469978628
1381657434788364297
1381657453067177991
1381657465373274122
1381657467520700416
1381657470976761856
1381657471664541701
1381657476634980357
1381657497321271297
1381657505453981696
1381657512227704838
1381657521996242945
1381657522185105410
1381657525980893189
1381657531173470209
1381657532284960781
1381657545794756608
1381657545765498888
1381657552795078663
1381657560995000322
1381657564920877059
1381657566845997068
1381657585477165056
1381657587196821505
1381657598504562689
1381657609158164480
1381657623548792842
1381657641496285185
1381657653911388161
1381657661784141827
1381657685775556612
1381657688552042501
1381657701332189186
1381657714468790272
1381657717828427781
1381657718440792069
1381657721166987265
1381657751420604416
1381657768487182342
1381657774329892869
1381657780478676994
1381657811944419332
1381657812657397765
1381657814083461124
1381657829036163072
1381657832437784578
1381657833826041856
1381657833918369800
1381657837043134465
1381657843451891714
1381657853136662528
1381657855187689477
1381657857683304451
1381657869762838532
1381657887118868481
1381657906131693570
1381657906802741249
1381657914788638722
1381657928898379776
1381657930446073861
1381657933579173895
1381657936657707008
1381657938759098369
1381657940512415744
1381657943465209864
1381657947558797315
1381657950301863936
1381657961286799363
1381657973156683784
1381657983227199490
1381657990902730753
1381657991301173249
1381657991846494212
1381657996493742081
1381657999782121474
1381658003254824965
1381658018056658949
1381658026105581572
1381658035546959874
1381658057340502020
1381658060796624906
1381658086901882881
1381658101829431302
1381658102970343429
1381658110188720133
1381658112214581248
1381658116400541697
1381658125594337282
1381658130468179971
1381658132787695619
1381658133966303233
1381658149979975682
1381658150999318538
1381658173933780995
1381658178887159808
1381658208532594691
1381658215344136192
1381658215616716800
1381658226207363074
1381658233782337545
1381658236219179009
1381658271824584704
1381658272667742211
1381658285120626692
1381658292401827840
1381658296608817156
1381658299989364737
1381658301671280650
1381658306628874240
1381658313537036289
1381658335276109834
1381658352422379520
1381658373234552832
1381658382101213185
1381658386815721475
1381658387692261377
1381658406180814854
1381658422924427265
1381658442985799683
1381658469581873155
1381658503186616327
1381658506718248965
1381658525949173769
1381658552159268866
1381658554415906819
1381658554885636096
1381658581028777985
1381658582291189761
1381658598682587142
1381658603094966281
1381658631918088194
1381658633998639118
1381658637618270218
1381658654869352448
1381658654944993280
1381658662058536960
1381658665954992131
1381658668580618240
1381658671726260225
1381658676226879488
1381658682501521408
1381658684984590350
1381658711475769344
1381658743507714048
1381658755604094982
1381658756702859265
1381658761169940481
1381658761979379720
1381658762688233475
1381658770909110282
1381658775304691713
1381658783961726976
1381658786130169875
1381658794153762816
1381658810541076480
1381658821244899331
1381658839808946181
1381658845676724225
1381658845316063235
1381658853801136136
1381658871886921735
1381658889654042625
1381658899237986307
1381658903197282306
1381658906343133185
1381658907949535242
1381658915205750795
1381658920754819079
1381658934470189060
1381658965319282691
1381658973640785930
1381658981085507587
1381658986668261381
1381659001755160581
1381659018905665539
1381659028271427587
1381659037180252161
1381659041756237825
1381659043257782273
1381659065164705794
1381659079920164864
1381659087667101696
1381659089260793860
1381659090259222531
1381659090363895808
1381659093916655622
1381659099742543876
1381659106931568644
1381659141828182017
1381659169653022722
1381659172807307268
1381659180050747397
1381659183955603456
1381659212036636680
1381659215450767362
1381659237189836805
1381659237558976512
1381659255493820419
1381659256957587456
1381659259021225991
1381659272136814596
1381659300876189696
1381659310871080962
1381659311374430211
1381659315937939461
1381659330060111875
1381659332400533506
1381659332828393484
1381659334128586759
1381659337425305605
1381659339295916032
1381659342680772611
1381659350096359433
1381659369381769216
1381659383428481024
1381659406056759297
1381659410980773888
1381659412360728578
1381659433592311808
1381659450008829954
1381659453343244293
1381659453494329345
1381659453917818883
1381659463254347778
1381659464714031111
1381659533437771776
1381659549803950089
1381659550470692875
1381659563749957642
1381659579726012419
1381659589842731014
1381659596796858370
1381659629537652742
1381659632083558405
1381659640275079168
1381659649745817606
1381659653524877313
1381659653419991051
1381659657941487622
1381659671220649992
1381659675318358016
1381659682721431554
1381659684457869315
1381659700652032002
1381659734567223307
1381659735854698500
1381659745438810117
1381659746122530825
1381659791425216512
1381659796789735426
1381659797968277504
1381659802758176783
1381659806667206656
1381659811314597898
1381659829165568008
1381659837449244674
1381659845787578368
1381659863785164807
1381659886010925056
1381659887785099268
1381659889638981632
1381659891862007811
1381659897004093442
1381659913840177156
1381659938360016899
1381659944966062080
1381659978688159747
1381659979145490432
1381659988318433284
1381659990054866958
1381659998384746500
1381660027077935110
1381660032081784833
1381660047806189568
1381660054181404677
1381660059701235715
1381660064868618248
1381660081062866951
1381660086712594441
1381660088834871296
1381660099278741510
1381660121613406218
1381660145919221762
1381660157743038466
1381660166710566915
1381660168774107142
1381660169998831618
1381660173119365124
1381660197148622856
1381660200625668096
1381660210381664263
1381660210570305537
1381660211736363016
1381660228664619009
1381660229495062540
1381660233228025865
1381660238735159298
1381660250013581316
1381660277637144576
1381660281764507649
1381660296306102274
1381660312802357251
1381660331206975492
1381660340014956551
1381660352354643972
1381660363989647360
1381660364148969474
1381660373863043078
1381660374013861892
1381660375616212999
1381660381047881729
1381660386244591617
1381660390451523588
1381660392749928458
1381660394717118469
1381660415747358721
1381660419887144970
1381660434852421634
1381660451646365700
1381660453923872774
1381660458587979787
1381660479815176194
1381660480532406272
1381660481518239747
1381660484596756480
1381660499331452929
1381660505316724739
1381660513927585793
1381660529371054080
1381660531849785349
1381660543723958272
1381660553014345730
1381660566943588355
1381660576565264386
1381660582944866304
1381660584509370372
1381660587470512135
1381660589122985991
1381660596010156035
1381660596328783872
1381660615425601550
1381660627127697408
1381660630655045648
1381660633347747840
1381660633540743171
1381660637835710479
1381660639635066883
1381660639668625409
1381660644836044800
1381660651018330112
1381660660711444489
1381660663370629121
1381660666017112065
1381660680563130368
1381660684253982720
1381660696967065600
1381660735533645834
1381660737312071684
1381660737299447815
1381660741225308160
1381660742169006087
1381660748452134912
1381660749261643776
1381660769151021058
1381660769218031617
1381660770128293889
1381660771952717825
1381660774377123842
1381660785638793223
1381660788650217474
1381660790982336515
1381660809802231811
1381660815460294658
1381660836050051073
1381660839422398471
1381660857390743555
1381660868795117572
1381660873283014663
1381660879746428932
1381660888801890308
1381660890252988419
1381660896100024322
1381660896158609410
1381660906124378118
1381660920401825793
1381660937636216832
1381660937690697735
1381660939389435923
1381660955847884804
1381660966362972164
1381660970699874305
1381660984205582337
1381660984540991488
1381660989691723783
1381661009841156104
1381661024651251715
1381661042921603078
1381661055580012549
1381661056309821444
1381661059493203970
1381661067231789056
1381661089826476038
1381661090371805186
1381661091218997256
1381661103948763136
1381661110865166337
1381661115583725577
1381661122277879810
1381661128862937090
1381661129999581192
1381661135208906761
1381661149322743814
1381661166712336384
1381661172320112641
1381661208164589570
1381661215823441920
1381661236396445697
1381661237281439747
1381661255480401921
1381661256562659335
1381661269963407361
1381661271880253442
1381661275583840257
1381661284060520452
1381661294697312259
1381661294529499138
1381661303459094528
1381661333465227264
1381661338095681536
1381661353006485507
1381661369259368452
1381661380714098689
1381661383310344195
1381661395058573313
1381661404491620354
1381661404910919684
1381661439254007808
1381661441770450944
1381661452847693826
1381661474196754439
1381661502529273857
1381661508971675649
1381661527296647172
1381661539829186560
1381661540701511684
1381661543205584904
1381661547362189327
1381661551648641024
1381661552189788161
1381661552294588418
1381661558145712136
1381661558640623617
1381661584582447106
1381661601409994752
1381661605709148160
1381661611916726278
1381661617335717902
1381661626525478912
1381661644305133569
1381661651917737984
1381661678434054145
1381661685136699396
1381661693617577988
1381661707756568588
1381661717286039555
1381661719643181056
1381661731575844864
1381661742581751809
1381661751465369602
1381661775360192514
1381661780980731907
1381661785284079628
1381661804846329866
1381661814791020545
1381661816066048003
1381661828988641280
1381661829278150656
1381661845149380612
1381661861666549768
1381661869405048832
1381661880834473984
1381661899729862658
1381661901516636178
1381661955564445696
1381661963143454722
1381661974275223556
1381661982668025859
1381661983192141826
1381662001223581706
1381662025399603202
1381662050435366915
1381662059419598848
1381662061424414721
1381662080609226758
1381662094983114762
1381662098112049156
1381662120186626049
1381662122589884416
1381662136989052936
1381662164914630657
1381662167599046656
1381662179187904513
1381662187123568642
1381662189514264579
1381662194715222020
1381662201698738189
1381662205947609089
1381662206027173890
1381662209466630149
1381662231864221696
1381662236859506688
1381662248578453513
1381662253104119814
1381662256857903107
1381662261681532929
1381662274583154695
1381662275916984320
1381662279054229506
1381662286864080904
1381662288134963203
1381662308829589504
1381662340387631107
1381662347995930628
1381662347832532994
1381662351175335937
1381662354254012418
1381662361342332935
1381662367457624073
1381662368413929474
1381662384079667202
1381662387112140802
1381662392443080705
1381662400995266562
1381662408217870338
1381662415314690059
1381662421475938304
1381662430984613891
1381662436588158988
1381662451343720454
1381662451884822537
1381662463217836034
1381662466078171136
1381662467953135621
1381662468821377041
1381662483950182404
1381662526291767298
1381662529017966592
1381662533208178690
1381662542318202882
1381662566175305730
1381662575784570880
1381662583233552385
1381662599717257217
1381662623339585536
1381662625357037577
1381662630880890885
1381662636618641409
1381662639240151041
1381662653085577221
1381662659536424960
1381662660756963328
1381662662774300673
1381662673893355520
1381662684798681093
1381662695301206019
1381662702544764931
1381662704356757508
1381662723935703043
1381662725286203395
1381662749466501120
1381662810602606599
1381662816306925568
1381662846229041156
1381662852885442563
1381662854785478659
1381662863513714689
1381662872867049472
1381662895478599680
1381662900939599876
1381662908761792515
1381662910087323650
1381662913077899273
1381662915871318017
1381662938310795269
1381662946787483655
1381662951275380739
1381662957856243712
1381662978261479425
1381663000554311686
1381663001829335042
1381663020435218433
1381663023773872129
1381663046603468804
1381663070049730563
1381663091646033921
1381663095957942282
1381663118720294915
1381663119928217600
1381663135824703488
1381663137812844548
1381663142531497984
1381663171417624581
1381663188207468545
1381663204905000960
1381663213088075776
1381663233895849984
1381663237763182597
1381663264078188545
1381663264803680256
1381663267957932034
1381663276015050752
1381663282906464259
1381663306495225862
1381663309368156160
1381663331174481923
1381663354897494018
1381663358315753472
1381663362782797835
1381663365584482305
1381663369501962240
1381663388921696257
1381663390045593600
1381663392860094468
1381663396131655681
1381663416130109443
1381663432257253381
1381663434027102208
1381663436019490829
1381663447109283840
1381663454579331075
1381663471922728971
1381663490050514948
1381663494139961348
1381663499085041664
1381663500376944643
1381663510288011266
1381663510929768451
1381663516109725702
1381663516512428048
1381663530479452168
1381663538016612357
1381663539383914502
1381663557541060608
1381663558921035780
1381663565237608461
1381663569381621763
1381663578256773120
1381663582283296770
1381663595570794500
1381663604655595521
1381663608845787140
1381663614554243073
1381663615808380928
1381663623517462539
1381663623823564800
1381663631226634243
1381663640051445762
1381663658237816833
1381663658531549187
1381663662499368962
1381663663489187847
1381663673823883268
1381663681067487236
1381663683315691520
1381663701644812289
1381663704236834817
1381663733609553921
1381663737233412098
1381663740022624264
1381663744351207435
1381663746884505603
1381663748352512000
1381663768829169667
1381663771219828736
1381663778031435776
1381663779746938887
1381663782376771585
1381663788093513729
1381663819475353604
1381663826530033666
1381663829906518016
1381663835526987786
1381663836567126022
1381663849837912066
1381663851163303940
1381663859711340549
1381663869165273090
1381663878178820096
1381663887746080771
1381663894318555145
1381663902765871106
1381663905232121863
1381663906368737286
1381663912668594186
1381663914014998532
1381663932071432200
1381663944914386944
1381663963893616644
1381663968809394179
1381663979395710978
1381663985460600832
1381663988358901762
1381663993106890753
1381663994189086727
1381664026988580874
1381664031589679105
1381664051575537666
1381664053257515008
1381664064112263168
1381664072274472961
1381664081724067840
1381664100992872449
1381664106323746816
1381664130910801924
1381664136975769600
1381664157318144004
1381664162808467457
1381664178797215746
1381664199709982721
1381664211852492809
1381664216139104256
1381664216168476675
1381664222535413771
1381664246510026755
1381664262003822597
1381664273441652738
1381664287945588740
1381664289241460739
1381664306232750087
1381664308405362699
1381664313547485184
1381664316831727616
1381664323387469829
1381664331453059081
1381664361836503043
1381664368178442241
1381664377892376576
1381664392509497344
1381664405457403904
1381664423736135682
1381664427150356485
1381664428102311940
1381664429499166722
1381664431503896578
1381664436008579073
1381664441247297536
1381664448335773707
1381664450831343627
1381664456674004996
1381664470636785665
1381664490027167744
1381664491931381763
1381664508234641410
1381664538844672007
1381664547723862016
1381664561082732546
1381664563142266884
1381664593953521667
1381664603298529282
1381664615445184517
1381664618280583175
1381664624353902592
1381664646038425602
1381664647078502401
1381664664673734656
1381664674874294281
1381664691185942538
1381664692901412870
1381664695183114246
1381664702275723270
1381664742117408773
1381664808077041664
1381664815224066051
1381664830852100100
1381664832483688449
1381664863932575747
1381664873231290373
1381664891392688133
1381664893464535040
1381664910237696001
1381664930248679427
1381664959642341379
1381665008279506946
1381665011140075520
1381665012620566529
1381665024159199235
1381665029544632321
1381665048930758660
1381665062079885312
1381665077636558855
1381665087014981642
1381665091242823682
1381665092127744002
1381665093054779400
1381665106153635840
1381665107978117123
1381665112252112900
1381665114747764747
1381665127426977797
1381665138835562497
1381665164399947783
1381665172444614656
1381665179943985156
1381665185610358784
1381665202492616709
1381665202945597449
1381665206607167489
1381665214165356547
1381665237124927489
1381665240509726729
1381665274009636878
1381665298055593985
1381665306205126662
1381665315378069505
1381665326337728514
1381665326836908036
1381665328254554116
1381665334340501511
1381665339793154062
1381665349133864964
1381665364765933568
1381665378632413185
1381665383900405770
1381665385955520519
1381665387767455746
1381665391861194754
1381665411998027785
1381665420265058304
1381665432348790789
1381665441165291520
1381665450438885377
1381665455463538689
1381665495917735938
1381665495234056192
1381665501403885568
1381665512585900037
1381665543992700929
1381665544403845120
1381665550955331588
1381665555762020359
1381665561134915593
1381665568470798341
1381665569464782854
1381665569791967241
1381665576326684676
1381665576993587202
1381665585763921926
1381665587026407425
1381665587265409026
1381665604713771012
1381665619804835840
1381665621155414021
1381665621079859203
1381665636456235014
1381665659671707657
1381665667976417288
1381665693029036037
1381665694778019847
1381665709097431046
1381665710959640580
1381665713216233473
1381665718618390529
1381665733952692225
1381665738453303298
1381665743645913096
1381665751363371016
1381665767343726596
1381665774184632329
1381665792551481344
1381665792534663170
1381665794979954693
1381665795403620352
1381665795768475656
1381665798209568774
1381665817528569859
1381665827498377216
1381665831201857538
1381665842090405888
1381665848167780352
1381665852630519808
1381665856644648960
1381665870791970825
1381665885019115527
1381665892052959240
1381665902479998979
1381665915423571974
1381665916627382274
1381665924302958592
1381665932754440199
1381665944242692097
1381665950144077828
1381665958247469063
1381665959392448524
1381665964622766083
1381665965998551046
1381665974127104007
1381665992330334216
1381665994544910338
1381666026073387013
1381666042947190789
1381666050257850369
1381666072093286400
1381666072538054668
1381666073578209296
1381666074068807681
1381666076577181702
1381666076384243719
1381666082444996608
1381666097854832644
1381666098215522306
1381666103810789380
1381666126912962562
1381666141978890245
1381666150480756738
1381666152544407556
1381666159028809736
1381666166767255554
1381666179782164482
1381666182244274176
1381666192130240517
1381666198165803018
1381666203618308097
1381666220001361924
1381666236266913796
1381666237126733825
1381666242084364288
1381666249902555138
1381666252180103176
1381666254428200968
1381666263097868302
1381666264272281606
1381666276804714497
1381666280579723267
1381666281452154886
1381666286275592194
1381666302679511048
1381666327262269440
1381666334782713861
1381666340210147333
1381666346996498432
1381666349001375745
1381666365912793094
1381666366743269384
1381666374196420610
1381666376193048579
1381666376541167620
1381666395952414721
1381666419050446855
1381666426956693506
1381666427053166594
1381666435349454851
1381666439996735491
1381666444748890112
1381666456337838082
1381666471277862912
1381666506140905477
1381666509580275712
1381666516983287809
1381666520825221123
1381666529390043138
1381666570649403398
1381666573447008257
1381666577859416071
1381666583160877058
1381666586080243714
1381666598830870533
1381666617097138176
1381666635488972801
1381666641742815232
1381666649900650498
1381666651825922051
1381666657937063939
1381666686101819392
1381666734260674561
1381666762828226560
1381666764166209538
1381666771254571018
1381666778959372293
1381666792385433603
1381666792842657792
1381666801004728327
1381666836186599427
1381666849813856263
1381666853282578437
1381666877261414404
1381666880059019269
1381666881040420869
1381666882307022849
1381666886803410952
1381666900841795590
1381666926082977793
1381666949021716480
1381666974787375110
1381666992034299911
1381667014712889346
1381667016625512449
1381667022325616642
1381667042000916484
1381667088738222082
1381667104953225217
1381667111421018121
1381667116240150529
1381667127480918021
1381667132765786128
1381667145151434753
1381667164831252486
1381667167805042689
1381667168421576704
1381667170103463942
1381667176663412737
1381667176566943754
1381667206027706380
1381667206795264009
1381667207994867714
1381667213959127046
1381667231407337474
1381667239947034627
1381667249455394819
1381667259613995018
1381667281231577092
1381667283140030472
1381667290870132737
1381667302903586817
1381667307873689601
1381667308599443459
1381667345928753152
1381667350299164675
1381667372038299650
1381667379546050561
1381667397871022081
1381667402446995456
1381667448320094213
1381667456096305152
1381667460831666176
1381667461603360772
1381667469530701829
1381667486538600454
1381667496797724673
1381667501780692994
1381667507493249024
1381667519493210115
1381667525180657674
1381667525780459521
1381667525964926977
1381667536987688966
1381667544147226628
1381667545124634629
1381667562832936965
1381667563365601282
1381667571632594952
1381667578419032065
1381667581258530821
1381667585146548224
1381667588447604744
1381667592574750727
1381667607141613571
1381667617392324608
1381667632462585857
1381667632965951498
1381667675873632261
1381667694806700033
1381667695356182536
1381667696216047627
1381667697772146688
1381667741007015943
1381667746690301954
1381667750008008705
1381667757167677447
1381667764377632768
1381667773160386561
1381667794773798916
1381667798682853378
1381667832258236425
1381667849987588100
1381667850675482624
1381667863501664257
1381667864353079306
1381667887950274567
1381667905788649478
1381667911207677956
1381667915422908424
1381667929914216456
1381667946460667909
1381667952068591621
1381667957240180737
1381667960721444867
1381667967772016645
1381667970653462532
1381667971077185536
1381667977951506432
1381667980745003008
1381668003973042180
1381668006686826498
1381668021316562946
1381668023732408323
1381668046037790728
1381668051943325697
1381668073548156931
1381668077708918784
1381668081446105093
1381668081844518913
1381668084243595267
1381668097418002438
1381668118121086980
1381668131245031425
1381668140908740609
1381668142846509062
1381668149276381185
1381668150576619523
1381668155425181698
1381668163419578370
1381668165869043725
1381668169824276488
1381668173376860163
1381668174106624006
1381668178967715841
1381668198517510146
1381668207346393089
1381668213990232066
1381668237612490752
1381668239571357696
1381668244960866305
1381668246097702918
1381668253714419712
1381668261696307205
1381668266255519750
1381668277689143299
1381668278003773444
1381668284907552770
1381668289840087045
1381668312204111874
1381668317115613187
1381668319070150665
1381668337600585728
1381668344126873600
1381668352494551041
1381668357695545349
1381668387961593857
1381668399974133760
1381668400523579392
1381668401945440257
1381668410573131782
