1380037704356823046
1380037748774473730
1380037758585032705
1380037820216041472
1380037820656414724
1380037852466139140
1380037862633054209
1380037892865687552
1380038099112235008
1380038214845526020
1380038335545057283
1380038341995991042
1380038401584472064
1380038415429828613
1380038417011015681
1380038418911141890
1380038428641914880
1380038504382664707
1380038558975660034
1380038589434621954
1380038613396639746
1380038646875578369
1380038752756760581
1380038791830794242
1380038794863329283
1380038795077296129
1380038824823259136
1380038869710733312
1380038880519282688
1380038887163109380
1380038967060480000
1380038981660774402
1380038982596063233
1380038984361992194
1380038987532931075
1380039012665204738
1380039032084779008
1380039044583809027
1380039121469468673
1380039123751337984
1380039169968324611
1380039205603192832
1380039222795644928
1380039277036384258
1380039355343986688
1380039497891655681
1380039504061476864
1380039513477574661
1380039528384192512
1380039622655377411
1380039630477737984
1380039699595583495
1380039716909776901
1380039717534769153
1380039729530478592
1380039795376672771
1380039811336187906
1380039819225485312
1380039872413581313
1380039967452323843
1380040002772537360
1380040041020461064
1380040045403336706
1380040073102520320
1380040138927927296
1380040141302030338
1380040181051490306
1380040273837760512
1380040275930673162
1380040324463083536
1380040383611105283
1380040405761224706
1380040413856342018
1380040454549303299
1380040463340683266
1380040501299142658
1380040509767421952
1380040511222767618
1380040537227501568
1380040566998773761
1380040646971457539
1380040654189961223
1380040708103487489
1380040720241750028
1380040747953577986
1380040782380433409
1380040852383408132
1380040873707245568
1380040945203208192
1380040949099687942
1380041056482377737
1380041100581199875
1380041160928997376
1380041254042394624
1380041330420822019
1380041333822402561
1380041335135035392
1380041341879480324
1380041359654940678
1380041377170399232
1380041412293488644
1380041417012219904
1380041424750645248
1380041444392591364
1380041472569917443
1380041551980675073
1380041569676451840
1380041574978048003
1380041597321117697
1380041643529707528
1380041648877547522
1380041649783508992
1380041651737874434
1380041653474430977
1380041663763058689
1380041714379939841
1380041741584175107
1380041839961513984
1380041915773648899
1380041960090529793
1380041988095975429
1380041989559832576
1380041990860021761
1380042004541931521
1380042075543117826
1380042097252786176
1380042101874814976
1380042119893504000
1380042132585598978
1380042162448998401
1380042183475073027
1380042211954319362
1380042257550598144
1380042298373849089
1380042311195824128
1380042350316019715
1380042362122956805
1380042362102091776
1380042371140829184
1380042400047976448
1380042507870953478
1380042544067710976
1380042545762160640
1380042562178838528
1380042573478174720
1380042708601827328
1380042743829852161
1380042817477697536
1380042835693477889
1380042893054902272
1380042912608702467
1380042926118498304
1380042932070219777
1380042939590533122
1380043083195297793
1380043089591472132
1380043123003437057
1380043153365929984
1380043184542126081
1380043206490955778
1380043212669210624
1380043248815775746
1380043252238274560
1380043277047529475
1380043294579826689
1380043328234852352
1380043368953212928
1380043405938589698
1380043446170177540
1380043485961723904
1380043596129206272
1380043610327023619
1380043623769735169
1380043658498428930
1380043746126000128
1380043758306095106
1380043783526522888
1380043842079064064
1380043859124625408
1380043911092174852
1380043913587798016
1380043978062577665
1380043990066597892
1380044018579513344
1380044020991238145
1380044094550859779
1380044101500993547
1380044135097376771
1380044257654886406
1380044261933117445
1380044311350312961
1380044406229622784
1380044440274923530
1380044459740704768
1380044465096646666
1380044536437637120
1380044552397074433
1380044577483206661
1380044580310093825
1380044597146087428
1380044614728581123
1380044646127034368
1380044687864705048
1380044779891855360
1380044794706149381
1380044813895077889
1380044831641112580
1380044836863107072
1380044844949762048
1380044857905836032
1380044876880834560
1380044910863126529
1380044939422208000
1380044957507936258
1380044959756165125
1380045086109491200
1380045091650351105
1380045102270214150
1380045104119881729
1380045126228180993
1380045159732277248
1380045185145479169
1380045186508656641
1380045195950096388
1380045272986877953
1380045294423842823
1380045298337259529
1380045303412371464
1380045397159247872
1380045429472133123
1380045465681465344
1380045494840295424
1380045502801190918
1380045507171557379
1380045512393551872
1380045527727935489
1380045555296993284
1380045555590631425
1380045588050370563
1380045654437683201
1380045671709937664
1380045696779309058
1380045735643770884
1380045745663922177
1380045817927598080
1380045855273717760
1380045892841959425
1380045910080557057
1380045933375709187
1380045955198709764
1380046014044807171
1380046094583918593
1380046125521076224
1380046174330179584
1380046179988299796
1380046256454647808
1380046315590193156
1380046320598052866
1380046356983775235
1380046433458380801
1380046440878247937
1380046445454229505
1380046502618394625
1380046508649766912
1380046512877617153
1380046538194444288
1380046544980881410
1380046566719819776
1380046621677821954
1380046628615168002
1380046642305454081
1380046661171478528
1380046667534061570
1380046762220662797
1380046843774521347
1380046878230855681
1380046881712074753
1380046881963831297
1380046892583673857
1380046907817525249
1380046917728673793
1380046974074806272
1380047048075063296
1380047086180261888
1380047100990214146
1380047110637256707
1380047127338967045
1380047129058672642
1380047136415436800
1380047143130501128
1380047149954605059
1380047168648585217
1380047214915907584
1380047237821165571
1380047238626373637
1380047298936324098
1380047306037325833
1380047359522922498
1380047369346109445
1380047398697803778
1380047421741367300
1380047475017400322
1380047496710340611
1380047515727302656
1380047521716658177
1380047530440949760
1380047543623688198
1380047546043666432
1380047560274976769
1380047625295106052
1380047700855549957
1380047743452905472
1380047873191055361
1380047900441513986
1380047922407079939
1380047937020043266
1380047942401277955
1380047953398693892
1380047975741861888
1380047992573456384
1380048005542338562
1380048014333652993
1380048027814010880
1380048037976887296
1380048166318338051
1380048203094106113
1380048217736237059
1380048217874833423
1380048265618538496
1380048277308051456
1380048407193092097
1380048425958453248
1380048441988968448
1380048447592665099
1380048530321063937
1380048536583217154
1380048543818321921
1380048667718025221
1380048677566287873
1380048718884450305
1380048733778284546
1380048754837889024
1380048755639128071
1380048838266744837
1380048843669143552
1380048888430784512
1380048890917912578
1380049014758985728
1380049016327602180
1380049030764498944
1380049037609459713
1380049062364278784
1380049069536636928
1380049096401022976
1380049103502110721
1380049115074138113
1380049125543006213
1380049227661856771
1380049253171671040
1380049257625948161
1380049286210023425
1380049317621284867
1380049368221245445
1380049424055947265
1380049432129978372
1380049447141437441
1380049457312628737
1380049533607014405
1380049539541962753
1380049558416203776
1380049565492056064
1380049569199890432
1380049578255294465
1380049614406041601
1380049621976748032
1380049671461212164
1380049688473182212
1380049697356705792
1380049698279460864
1380049743775154178
1380049744714555396
1380049755502387207
1380049777686151168
1380049781272289281
1380049827371814914
1380049853682622464
1380049866403897347
1380049881843204096
1380049926181167104
1380049963913256960
1380049985685835784
1380050000101580805
1380050022427844609
1380050082503008258
1380050158088519680
1380050330088525833
1380050373101060102
1380050377865891840
1380050384484454401
1380050428847529991
1380050511970308096
1380050579997618177
1380050587128012803
1380050601229312026
1380050677532139524
1380050703364673538
1380050714077114370
1380050728903962624
1380050754665390082
1380050779109785602
1380050784348483585
1380050869165625345
1380050897770799105
1380050993354846209
1380051126100316162
1380051144005705734
1380051172992638979
1380051222422511617
1380051276050821123
1380051329473785856
1380051384905699333
1380051416291676161
1380051417474416641
1380051463590846468
1380051464718970883
1380051497682079744
1380051573292756994
1380051622437486593
1380051623821500419
1380051645749473281
1380051698224398343
1380051720995184640
1380051726401564677
1380051759264108544
1380051808048062465
1380051823042564096
1380051823331971073
1380051823407607815
1380051832714764301
1380051857515675648
1380051863702241281
1380051870291480576
1380051881867636740
1380051881926389764
1380051915225112578
1380051982812016641
1380052052580139011
1380052100059701255
1380052120515317763
1380052132603162624
1380052144494116865
1380052166778318859
1380052182838304769
1380052185552015363
1380052199968022529
1380052267445915649
1380052298454433794
1380052336094154759
1380052390636756994
1380052392071290880
1380052433116692481
1380052437722087424
1380052487273582592
1380052488804524033
1380052489932730369
1380052503387983875
1380052520517701633
1380052548191674369
1380052553589682180
1380052555913388032
1380052640432799750
1380052642207047681
1380052644144812034
1380052663199363072
1380052714042880002
1380052714827120642
1380052739284144129
1380052757785219072
