1387391126110412802
1387391125946867721
1387391128950001667
1387391129486770177
1387391131713998850
1387391138131152897
1387391142770221057
1387391145056014336
1387391150986833923
1387391162831589387
1387391166962970626
1387391169563344902
1387391174806233091
1387391178312757248
1387391194347540480
1387391201800773641
1387391206641045509
1387391212085293056
1387391215033782272
1387391216422203396
1387391217244114948
1387391223908941827
1387391226190594058
1387391233614548993
1387391238853193729
1387391241202008064
1387391244352081925
1387391245752881152
1387391250026872835
1387391250962190340
1387391255466893319
1387391255676600324
1387391260382613505
1387391266644795393
1387391267600965632
1387391270767579138
1387391274215378944
1387391276123926528
1387391282750922752
1387391290875207680
1387391295233085443
1387391301042286592
1387391307702804482
1387391311775424514
1387391314304589828
1387391315781038082
1387391316082974721
1387391326665252864
1387391329810796546
1387391333476835328
1387391344298049539
1387391344763621388
1387391349683638276
1387391350182596610
1387391350786691076
1387391353018007552
1387391355341660160
1387391355693973512
1387391356847497220
1387391359682859020
1387391368864149510
1387391370088919045
1387391373549047817
1387391377424662529
1387391379769335814
1387391381006700545
1387391384655646723
1387391385389522953
1387391385582637057
1387391395154075648
1387391395153924102
1387391397834203136
1387391405425840128
1387391405778038785
1387391406029824012
1387391406285758466
1387391412187144196
1387391413264949250
1387391414208765955
1387391418570874881
1387391419615154178
1387391421322305536
1387391427735298051
1387391429249482765
1387391431212474371
1387391434731528199
1387391435960459264
1387391438401511426
1387391441740222466
1387391452263718917
1387391453035433988
1387391460044115973
1387391471066693638
1387391471783796743
1387391473843326977
1387391476791873540
1387391481678376966
1387391485390299141
1387391502209454083
1387391511298551810
1387391514221989890
1387391518340751361
1387391521364787201
1387391526498623496
1387391537101824002
1387391540222439425
1387391544014082053
1387391545897279488
1387391553111429122
1387391557687418882
1387391559599943682
1387391562364112896
1387391567921500164
1387391568038948866
1387391575299219461
1387391575798517760
1387391581855141891
1387391582861619200
1387391583784476676
1387391592802230275
1387391606836375552
1387391606366552064
1387391617187844098
1387391618249019394
1387391630492278786
1387391632715108352
1387391645763530756
1387391647177129992
1387391652155822081
1387391668559564802
1387391668995846150
1387391673026625538
1387391672644816904
1387391676625440769
1387391678382854155
1387391687987810306
1387391691313778690
1387391693364899843
1387391699253665805
1387391699760992261
1387391703003418625
1387391704555208705
1387391709533835269
1387391711513620482
1387391716718743554
1387391722599108608
1387391723077255173
1387391732250071041
1387391737459470336
1387391743415422983
1387391752017833987
1387391753456599040
1387391753901146114
1387391754287079431
1387391757462147072
1387391759274156034
1387391766438060038
1387391768031809541
1387391790328733697
1387391800764153860
1387391802169167873
1387391807181426691
1387391810360725506
1387391811199569922
1387391818602532878
1387391830359171073
1387391831449690112
1387391835371417604
1387391836877172745
1387391845949480963
1387391848763645955
1387391857370574852
1387391861883604992
1387391872260349955
1387391879831040003
1387391888710307849
1387391892195794948
1387391894922186755
1387391896574640128
1387391902018936835
1387391906364153860
1387391906200522758
1387391913758703619
1387391921761439750
1387391928883458049
1387391930103906305
1387391936810651649
1387391941038444551
1387391965864415234
1387391971870838793
1387391973728964615
1387391989553975296
1387391989759594505
1387391992951230472
1387392010915561472
1387392022999453696
1387392023246737408
1387392044151214080
1387392049947844609
1387392051835293701
1387392062308368395
1387392066036977665
1387392068226478081
1387392069686099969
1387392076967460866
1387392077584076806
1387392081354711042
1387392082453491714
1387392100795289602
1387392101181181953
1387392105165860869
1387392111255998474
1387392122391777280
1387392138212560899
1387392151936438275
1387392152263610369
1387392153341530113
1387392160497029129
1387392161096900609
1387392164330622977
1387392164695523329
1387392166465523720
1387392167849734146
1387392170626322435
1387392173851648002
1387392176859009027
1387392187936169984
1387392193229463552
1387392197490843651
1387392198346424325
1387392198988152834
1387392200745668608
1387392201198538753
1387392206726746114
1387392209864073222
1387392210296057860
1387392210862235652
1387392227132035073
1387392231607242752
1387392235835117568
1387392239320580098
1387392239731544068
1387392242168467457
1387392243992907780
1387392248271282181
1387392256668278784
1387392257737830403
1387392260027809797
1387392260631838725
1387392261193936906
1387392267493773314
1387392272682061824
1387392276368920581
1387392278864572429
1387392280563122179
1387392281683103746
1387392281938903044
1387392297151696901
1387392298099503105
1387392307784306694
1387392312431493120
1387392318718808064
1387392322640429068
1387392325714907139
1387392326620884997
1387392338360770565
1387392341162483713
1387392347135164417
1387392358984175616
1387392360959643649
1387392364667408386
1387392379473248261
1387392384812605446
1387392392672710657
1387392409181450243
1387392408883634180
1387392410842509312
1387392412796874754
1387392414634053632
1387392415162589187
1387392425631653889
1387392428747989000
1387392432304582661
1387392437807722501
1387392442027192320
1387392451082690560
1387392452504563713
1387392454001893377
1387392454261944321
1387392454928699395
1387392455704723465
1387392456149413892
1387392460096221186
1387392463829184522
1387392464894537731
1387392481512284161
1387392488932102146
1387392501221249027
1387392507231756290
1387392516023017473
1387392519344959491
1387392521379086337
1387392524579377164
1387392531529404423
1387392537334272004
1387392540211662850
1387392549581643780
1387392549917167616
1387392555164127236
1387392557424992258
1387392557689225221
1387392558091972611
1387392563267743747
1387392563469037570
1387392566124032001
1387392566853787650
1387392567659147266
1387392577847103488
1387392579814240259
1387392581949079552
1387392588932595714
1387392589029068804
1387392590228688900
1387392601003892737
1387392601070972928
1387392601985257474
1387392606884278273
1387392607471509509
1387392611296718852
1387392621539123200
1387392644125495302
1387392662987108354
1387392668557262849
1387392670184652804
1387392679122673670
1387392681643495426
1387392685082923008
1387392685300850688
1387392688786493451
1387392693358276610
1387392698781425665
1387392701805514752
1387392701822382080
1387392705055973386
1387392705655889929
1387392715336429572
1387392726543609856
1387392736211488769
1387392737692078080
1387392743949930501
1387392745518424066
1387392752959246340
1387392753378725894
1387392762111217666
1387392764984373256
1387392770843762696
1387392771833704456
1387392774006317059
1387392776598441986
1387392778792054788
1387392779702075393
1387392785523826688
1387392791827918852
1387392799440572417
1387392801944608769
1387392802175258629
1387392805434269699
1387392813189500933
1387392815341219840
1387392825696813058
1387392838695018506
1387392850044801026
1387392850212491268
1387392853479858178
1387392863189798912
1387392884232626179
1387392888586317825
1387392891195166723
1387392898501599233
1387392908421173250
1387392911059341317
1387392924363759617
1387392925449981957
1387392929354899461
1387392934723690498
1387392934845325315
1387392935633764362
1387392948115939329
1387392957536514050
1387392958866075648
1387392959843348485
1387392963781795845
1387392966956883969
1387392969544716289
1387392977320955907
1387392978034040835
1387392989450883077
1387392997508136960
1387393006723031050
1387393012230144001
1387393015531155457
1387393020459376646
1387393030877974535
1387393035495952386
1387393037966446592
1387393040504004609
1387393041430990854
1387393047625834504
1387393051555876876
1387393054718447616
1387393057503342600
1387393060087246859
1387393067653738502
1387393068459036674
1387393082937720835
1387393098624364545
1387393103833804803
1387393104987054088
1387393113979752452
1387393114969673731
1387393124700409856
1387393130706710529
1387393139435048963
1387393146594766849
1387393150491181058
1387393154207322116
1387393171857055745
1387393185840775170
1387393190848868356
1387393191175929860
1387393201414287364
1387393204601954311
1387393218069811203
1387393231567179778
1387393234398334977
1387393238462615552
1387393257450221570
1387393277314228233
1387393283131912198
1387393287418482701
1387393299221295105
1387393306024366084
1387393321757118464
1387393330183561217
1387393331223728128
1387393332452761604
1387393335741063172
1387393343617855490
1387393351994036230
1387393365994524673
1387393370687946756
1387393373506572289
1387393375398027265
1387393381903577092
1387393386747944963
1387393388501106690
1387393402195619844
1387393408889729024
1387393414145118210
1387393424630816772
1387393428569329666
1387393431958433794
1387393436559593477
1387393441567444998
1387393466813063174
1387393476136869895
1387393479949574144
1387393480574476292
1387393487960563713
1387393492779945985
1387393496785428483
1387393504666525698
1387393517601783808
1387393519552245764
1387393522463039488
1387393524929372169
1387393525151670278
1387393543430365186
1387393563768537094
1387393565106581508
1387393572526202881
1387393574044684299
1387393575948857347
1387393579501244425
1387393588884090884
1387393595473285121
1387393605220851715
1387393613768712193
1387393625554784256
1387393629929578498
1387393642013200387
1387393642713817090
1387393656437366785
1387393657553227785
1387393657926557696
1387393660342386696
1387393668164816897
1387393682400284672
1387393694295277573
1387393698015612936
1387393719347855362
1387393721604481024
1387393726364930048
1387393739316936704
1387393740977889295
1387393743922282496
1387393750205353987
1387393755490172931
1387393767746031624
1387393773022371842
1387393779183722497
1387393779133521931
1387393779800420353
1387393799857475587
1387393802156007427
1387393808518815749
1387393810842505217
1387393824910151684
1387393835614019590
1387393839233634308
1387393841687195652
1387393854081544193
1387393854970732551
1387393861388054528
1387393861513777156
1387393861715169282
1387393861928898572
1387393867197161473
1387393872972685314
1387393877619974145
1387393890043453442
1387393890542620672
1387393894950789120
1387393902689374211
1387393902995456003
1387393906484989954
1387393907198210056
1387393921555304448
1387393926483546121
1387393931655016449
1387393942266724352
1387393947920650243
1387393954463854593
1387393955361402882
1387393964815405057
1387393965155028993
1387393984029462537
1387393984012632068
1387393990568333315
1387393999531618308
1387394027054579714
1387394031374766085
1387394040186945538
1387394049439580162
1387394058423705605
1387394072705331200
1387394073284255749
1387394073326100483
1387394075440058368
1387394081614073857
1387394089105121282
1387394089604235267
1387394090317213701
1387394098961731592
1387394109124579330
1387394112035360772
1387394117093793795
1387394123813036032
1387394124261863425
1387394124299620359
1387394131983421443
1387394132730159109
1387394140564987907
1387394153206661125
1387394156499279874
1387394158273388545
1387394162064957442
1387394193077805057
1387394196357586944
1387394203622199297
1387394204998021127
1387394206889615371
1387394214464458752
1387394220185501697
1387394225407512581
1387394226799906817
1387394232671870983
1387394232969797633
1387394240129298433
1387394246731313153
1387394255065337857
1387394260350103554
1387394262111752192
1387394265085530113
1387394268931690496
1387394272773689354
1387394277110550531
1387394279199281153
1387394288779153408
1387394304260378624
1387394307733082113
1387394308874162182
1387394311332012039
1387394315744276480
1387394316415475713
1387394318290149376
1387394335260520448
1387394337428934659
1387394339647725571
1387394349177184257
1387394351173623811
1387394352251609091
1387394358375337990
1387394358698196998
1387394363643236354
1387394363744047104
1387394365375455232
1387394366856105987
1387394383306182659
1387394388712595459
1387394391992537091
1387394398246297600
1387394402977472512
1387394407138095106
1387394410451767299
1387394414801264641
1387394435298832384
1387394440365580288
1387394448997367810
1387394452701032450
1387394453707624449
1387394454097694722
1387394455473467394
1387394478726520835
1387394481025060869
1387394495667376137
1387394497705914372
1387394529947492357
1387394536209457153
1387394536670859266
1387394538793230336
1387394539963387904
1387394542333317121
1387394543906004995
1387394543918587906
1387394545701330948
1387394556958814211
1387394558355443717
1387394559936655363
1387394564420481029
1387394567201247236
1387394572775530504
1387394581818482693
1387394594472697856
1387394595194122243
1387394605662961672
1387394607693041667
1387394611371560971
1387394616366931980
1387394623576870916
1387394627192434693
1387394630656815105
1387394634393993216
1387394638680629250
1387394646423212032
1387394651460677636
1387394657529778181
1387394661103374336
1387394661292072962
1387394662080593920
1387394663183785984
1387394666870362115
1387394670452432901
1387394670947414019
1387394687728644096
1387394687841996821
1387394691411349504
1387394697027534850
1387394710298300422
1387394711178993664
1387394714228252679
1387394721828458499
1387394722616971274
1387394725435478022
1387394736986542081
1387394739981455360
1387394744104280066
1387394748898582530
1387394754422390790
1387394758625071106
1387394763096215561
1387394768309731338
1387394783644028928
1387394784592113672
1387394787809140742
1387394796784914435
1387394806503157760
1387394808822435841
1387394810114359296
1387394836827971592
1387394841802428416
1387394847426977792
1387394851612860420
1387394852510257152
1387394859858894848
1387394864132857866
1387394874207621125
1387394878427045888
1387394883221139456
1387394885154709505
1387394885695705092
1387394891345371148
1387394891425058817
1387394896462548992
1387394904771473411
1387394907711623169
1387394922567782402
1387394926376259586
1387394929853444103
1387394934697832457
1387394935385636870
1387394937357021184
1387394937755480065
1387394941039652869
1387394941425438727
1387394945233735682
1387394954662752259
1387394955656695810
1387394955942023173
1387394957326041091
1387394974006878208
1387394984198934531
1387394984689774599
1387394994122670089
1387394996601511944
1387395001991184389
1387395012451704834
1387395024955092995
1387395027119267840
1387395030122475524
1387395031099707395
1387395037974118403
1387395047038062592
1387395048074096641
1387395049592442885
1387395053707055104
1387395055594450953
1387395056970108936
1387395064201162753
1387395064725377026
1387395068097671175
1387395069230059530
1387395069653635078
1387395074728861698
1387395082354036740
1387395084828778497
1387395089073385482
1387395093481410560
1387395100288897025
1387395103178690563
1387395103535284225
1387395104185389058
1387395105737297921
1387395110674042888
1387395111760322561
1387395114780213254
1387395133319036938
1387395153850216458
1387395163459313667
1387395171155947522
1387395177283739649
1387395177891893252
1387395182748897280
1387395183332020225
1387395188616798213
1387395195856203783
1387395196208533506
1387395206207746053
1387395213744803841
1387395214243876868
1387395216743743495
1387395222481641472
1387395225509928962
1387395229859393539
1387395234536075267
1387395254450630659
1387395268384116743
1387395272557301761
1387395272360316935
1387395274411286531
1387395279444393988
1387395283621875716
1387395283630313472
1387395284511117313
1387395289028382722
1387395298020970502
1387395309370761216
1387395310436114434
1387395311547699202
1387395322251513860
1387395327297298437
1387395329058873344
1387395331005026313
1387395333311897607
1387395340089929735
1387395367449280516
1387395379033935873
1387395381936467971
1387395383060541442
1387395383215656961
1387395386336325638
1387395402412920832
1387395404925489154
1387395406515122176
1387395406506643465
1387395406670274564
1387395433077612547
1387395435036250115
1387395442133110786
1387395449691254785
1387395452769800192
1387395461309419521
1387395477071663107
1387395478568984579
1387395495211962375
1387395496248025097
1387395502577053702
1387395503260844032
1387395518066839552
1387395524916137984
1387395531253731328
1387395532876881923
1387395541735284737
1387395548756553733
1387395552971616264
1387395556503277571
1387395583518728192
1387395584840118272
1387395598509395969
1387395602464473089
1387395603500572673
1387395604158971906
1387395604918284293
1387395610890866695
1387395612480573442
1387395625264812036
1387395630209830918
1387395630339969029
1387395632911069184
1387395643996614664
1387395645900607489
1387395646450192394
1387395651022073856
1387395655245746177
1387395661054808064
1387395664489844744
1387395665928597506
1387395666788470784
1387395676997394432
1387395677005697027
1387395680038113281
1387395680948326404
1387395686019178502
1387395689618067456
1387395717673668612
1387395726540480513
1387395726976733191
1387395729086353412
1387395732009717765
1387395736464023558
1387395738976538625
1387395741262520320
1387395752339640324
1387395755330215936
1387395758522048512
1387395759058952193
1387395764519845890
1387395767367831552
1387395770677092358
1387395781234094085
1387395788008042501
1387395792525307904
1387395798015561735
1387395803207983105
1387395807964450817
1387395808815841286
1387395809851891716
1387395818710212612
1387395825106554882
1387395835617497091
1387395836921929731
1387395844769517572
1387395847437041668
1387395851467857924
1387395852822630401
1387395858099019780
1387395858832965634
1387395861861355524
1387395862180110351
1387395864025522192
1387395883533176835
1387395885676568585
1387395886934802435
1387395889719779330
1387395890852290568
1387395893322727428
1387395895029796875
1387395908497641474
1387395914256592898
1387395915728760837
1387395919222480896
1387395919545520136
1387395920636043264
1387395921667837955
1387395922489925636
1387395928194179073
1387395936670859265
1387395939413893135
1387395951833325570
1387395954500898818
1387395956149268483
1387395957839605764
1387395960196804608
1387395965066252292
1387395981407244288
1387395982367805442
1387395994652975104
1387396018375888902
1387396019554594822
1387396022234648582
1387396028450578437
1387396028517822466
1387396036159750145
1387396038546309124
1387396043160137730
1387396043579482122
1387396061430419456
1387396074751528967
1387396084155232257
1387396093143654404
1387396096490573824
1387396099921653764
1387396107022577667
1387396111942488066
1387396118745657347
1387396140837097472
1387396146813980675
1387396147094949888
1387396169945567235
1387396173942693890
1387396175360311300
1387396178992582658
1387396182830460931
1387396195102781446
1387396199616024580
1387396201545445377
1387396203403481091
1387396204917526529
1387396215512338434
1387396219845087233
1387396221728432133
1387396226417668100
1387396227852115969
1387396230330916870
1387396231434051588
1387396242011955205
1387396245447233538
1387396247519219716
1387396250589437957
1387396251822477317
1387396252829114370
1387396255765118978
1387396256939524099
1387396264552275972
1387396270793367554
1387396275105144837
1387396289277702154
1387396291257319429
1387396298509361152
1387396301361385476
1387396305991897094
1387396314896338949
1387396318868484098
1387396321804496899
1387396330788724736
1387396332885839875
1387396344197832707
1387396350963245061
1387396351961571333
1387396352729026573
1387396353186226188
1387396359834243075
1387396370240348160
1387396373880975360
1387396374522650629
1387396377538301956
1387396378482155522
1387396378784145410
1387396383766945792
1387396397000007680
1387396405275230215
1387396409742221321
1387396410593718278
1387396413970124808
1387396414502735879
1387396422438432779
1387396426502639620
1387396433368608768
1387396437126811651
1387396439584690176
1387396447537176581
1387396463966265346
1387396465232801792
1387396465274785796
1387396467246002180
1387396478952480773
1387396487353704448
1387396492370092033
1387396498024013825
1387396502813913088
1387396506186129414
1387396511777050628
1387396514499207169
1387396519096201216
1387396523160375303
1387396535567196175
1387396535969882112
1387396538201219080
1387396542408105984
1387396544228478980
1387396546472431619
1387396563186733062
1387396576801280000
1387396577191501830
1387396586385387521
1387396588939747334
1387396591351476230
1387396595004497922
1387396608040521736
1387396609739218945
1387396609516920840
1387396616978673666
1387396623802720256
1387396626906599425
1387396629733457926
1387396636213760005
1387396643721469956
1387396649069260804
1387396653229953025
1387396661601767428
1387396689607147533
1387396689649184768
1387396691381395458
1387396692010586118
1387396693080031232
1387396695701532672
1387396709148463110
1387396717742600192
1387396733571780613
1387396734461091844
1387396739146125316
1387396750030163969
1387396750474846209
1387396753134129154
1387396753872261121
1387396766140669956
1387396771844853764
1387396775275806721
1387396776542486536
1387396778362687489
1387396788567560214
1387396790589313025
1387396790568247298
1387396814693748739
1387396826542731265
1387396829256503298
1387396845589127178
1387396848500068358
1387396848969674759
1387396851251523586
1387396851226320899
1387396868351700999
1387396872852082690
1387396873145622534
1387396876891267073
1387396880221446144
1387396883837079558
1387396886504542210
1387396892254945283
1387396896294064131
1387396896516448256
1387396897392967688
1387396905102192643
1387396904619675658
1387396907580813315
1387396913964666886
1387396920344199176
1387396923510898693
1387396927029907456
1387396937888976896
1387396940447506438
1387396942439895040
1387396954078867460
1387396960567664640
1387396964317286400
1387396964774522883
1387396989109870598
1387396995476705286
1387396996433068036
1387396997460729864
1387397002187710467
1387397003945127942
1387397019728289792
1387397020760031238
1387397025537290242
1387397025688399878
1387397031493316610
1387397034987118598
1387397039894454284
1387397045640630276
1387397050355101698
1387397050556469252
1387397053727264768
1387397055392387077
1387397067220430861
1387397076963704832
1387397078196887554
1387397089471127552
1387397101085241349
1387397102020399109
1387397103467511812
1387397107414351875
1387397109771550724
1387397115274530821
1387397122102808583
1387397122388004866
1387397125848420355
1387397130369880066
1387397143665659909
1387397152612274178
1387397153077747713
1387397156466790400
1387397169347317760
1387397180844089344
1387397182320365575
1387397182781804546
1387397183591301124
1387397189257859073
1387397197889785856
1387397207607943168
1387397208308207617
1387397211130978305
1387397216596373511
1387397217498062858
1387397219909767175
1387397233054732288
1387397239396524036
1387397242047418375
1387397245302050818
1387397258614910976
1387397262767271936
1387397265598320641
1387397275907854341
1387397277271035907
1387397278957142035
1387397280127356931
1387397283633762306
1387397286318182402
1387397290009243651
1387397305268121601
1387397316223639555
1387397326470266880
1387397327434956802
1387397327145558019
1387397335634882562
1387397342219939842
1387397361689927680
1387397366223839239
1387397367402438660
1387397380761346049
1387397388080398340
1387397395609227274
1387397402299043845
1387397411283378185
1387397412252229637
1387397412872884230
1387397420242259968
1387397425212661763
1387397426621845508
1387397430602256394
1387397442195316738
1387397442463731716
1387397444128985092
1387397445458538497
1387397445655703561
1387397452274225156
1387397456485404672
1387397471102455812
1387397471727456262
1387397476664107016
1387397498852020230
1387397500781346818
1387397510474477577
1387397514098266115
1387397516992335872
1387397523141283853
1387397541730430978
1387397545157177347
1387397546574708737
1387397552836861954
1387397561292673024
1387397566363574275
1387397567797989377
1387397572961128453
1387397577344172035
1387397578057211909
1387397592561209344
1387397592854810626
1387397608889536523
1387397609204109316
1387397620134563840
1387397633489186819
1387397638350200836
1387397643450699786
1387397644331454464
1387397649410793476
1387397649465323524
1387397651176509441
1387397656155205634
1387397659498094594
1387397664887775243
1387397665437192199
1387397667337211904
1387397667618279428
1387397670088683522
1387397670524882944
1387397677290299399
1387397683007168512
1387397688413544452
1387397689755713539
1387397700719628289
1387397706021285893
1387397712199536641
1387397713612967940
1387397715005517826
1387397720814596100
1387397743199637504
1387397743556141056
1387397745149943808
1387397747137941511
1387397747276492803
1387397753953718272
1387397758701785092
1387397758777241602
1387397762841407489
1387397769757962247
1387397770047201283
1387397773230624770
1387397776624046080
1387397788162527235
1387397793313169408
1387397800766357504
1387397801148141568
1387397802645405697
1387397808580345866
1387397810815967235
1387397814058160133
1387397816549511171
1387397827790266371
1387397833553334274
1387397833553219586
1387397838372540416
1387397841417498631
1387397852972863490
1387397856210919425
1387397856500326406
1387397857326419971
1387397860346548228
1387397862019928072
1387397862523342848
1387397863244664837
1387397864213647367
1387397871129874432
1387397871868186631
1387397875240407042
1387397881439539200
1387397881741643777
1387397882429444109
1387397886217003011
1387397888016363526
1387397906173513731
1387397906253041666
1387397919964291079
1387397920794849283
1387397928873046016
1387397930454245383
1387397940927422465
1387397942630363143
1387397947067977728
1387397954315513861
1387397954634387458
1387397962414755844
1387397963677421580
1387397967741702149
1387397970845310977
1387397977963077634
1387397980504805380
1387397981951959044
1387397983373873153
1387397984342745088
1387397993335296004
1387397997881876481
1387397999836368898
1387398003535745028
1387398006962536449
1387398007344095234
1387398009206439939
1387398009453961216
1387398016466919427
1387398036612173828
1387398045273317379
1387398062105145351
1387398063191437314
1387398067528380422
1387398067935186946
1387398068283318273
1387398068665036807
1387398090915713034
1387398095303028738
1387398098008387589
1387398103469264896
1387398114189869062
1387398119214796811
1387398120439431169
1387398125703290880
1387398131445288962
1387398136373592065
1387398137577308165
1387398150340583424
1387398151473147906
1387398163149983746
1387398171727380481
1387398184318783488
1387398191361007617
1387398198050836491
1387398201028845569
1387398201901191170
1387398213154615300
1387398214735777794
1387398219903156224
1387398222730207239
1387398227763384325
1387398228904185856
1387398228644085764
1387398233186578435
1387398245689659394
1387398248155992067
1387398248961282049
1387398251284946946
1387398254589976576
1387398258637615104
1387398262370439169
1387398265486954501
1387398266590007298
1387398266623512583
1387398267613458433
1387398273003053057
1387398278669643777
1387398279214899211
1387398290510057474
1387398299087343623
1387398301838938121
1387398305995313158
1387398306482069507
1387398315164176385
1387398317261344769
1387398318146285571
1387398324412731392
1387398326434340870
1387398334994845699
1387398344310358018
1387398349012283392
1387398357061185540
1387398359070171137
1387398360429170691
1387398360655671307
1387398361490264066
1387398370524868613
1387398372647227392
1387398373632786439
1387398377835540481
1387398387348119552
1387398390959443973
1387398408529485824
1387398413201731586
1387398415936626705
1387398421745704961
1387398428292915200
1387398433917607944
1387398442381713410
1387398444952834048
1387398451617533965
1387398453005783040
1387398461528711176
1387398463223119872
1387398465760768004
1387398475588018178
1387398477487947780
1387398483515150336
1387398487424258058
1387398489378893829
1387398490091839490
1387398490527916036
1387398495213031428
1387398518801903620
1387398519871451138
1387398535910359046
1387398548216549376
1387398549743230978
1387398562061950978
1387398565081849856
1387398566650523653
1387398578260348928
1387398580059607045
1387398583033516035
1387398590566371334
1387398599110184962
1387398602025316353
1387398612540399617
1387398615266643969
1387398620698357761
1387398622447210498
1387398631427354630
1387398633289654273
1387398636011724800
1387398641078439938
1387398641762045956
1387398642911301639
1387398646627438595
1387398656014405634
1387398657171931136
1387398659487244290
1387398661504528396
1387398663769624580
1387398674796277761
1387398678458081282
1387398680362332163
1387398680815095815
1387398687744094209
1387398688222425090
1387398700419502080
1387398701069516805
1387398703833509890
1387398706278846465
1387398711689482246
1387398713031761929
1387398714692677633
1387398724830310401
1387398727992713221
1387398728907214848
1387398729758617603
1387398740533731333
1387398745365565440
1387398747009605634
1387398750973284358
1387398754852999169
1387398760276299776
1387398763052896259
1387398764277637125
1387398776256671749
1387398777804316676
1387398786809569282
1387398792887013377
1387398797131763716
1387398798721359878
1387398799283347458
1387398800206086145
1387398805897682948
1387398814475096068
1387398816584851456
1387398819458002945
1387398833831874565
1387398834037329920
1387398837975851012
1387398840735748098
1387398841943658503
1387398843680104452
1387398846133641216
1387398848985944072
1387398859098312707
1387398868980146181
1387398871379218433
1387398874281742344
1387398888156446726
1387398888601137155
1387398893382422529
1387398913741795334
1387398914312216577
1387398914664509444
1387398937468882946
1387398939469549570
1387398941658947585
1387398945043738625
1387398945706369033
1387398949724516355
1387398949716205568
1387398950089543682
1387398954141245442
1387398956292902917
1387398956347392000
1387398959858163724
1387398959648448515
1387398967806279685
1387398967965663232
1387398979353198593
1387398981857206277
1387398982968745985
1387398983241322499
1387398986005467138
1387398986525552642
1387398987506929666
1387398988110958595
1387398991558713345
1387398992741404674
1387399002140913665
1387399006737756165
1387399019278872582
1387399020394401797
1387399023879933955
1387399025968697348
1387399030930563075
1387399043840622597
1387399046852136961
1387399053512744967
1387399055043665925
1387399059086921729
1387399059736961029
1387399068431826947
1387399079425200131
1387399080742113287
1387399086765187077
1387399091181821959
1387399100740640783
1387399101482889217
1387399115806552068
1387399123482169354
1387399140380975110
1387399152133361667
1387399157724364802
1387399183980654593
1387399217497272320
1387399220517392384
1387399226628448259
1387399227140096001
1387399228079624195
1387399229761474565
1387399234786414596
1387399255057387523
1387399263555145738
1387399263680966662
1387399269875736578
1387399282823733248
1387399286573391878
1387399298229342218
1387399313463021571
1387399316424232963
1387399325613973504
1387399341430640646
1387399341577539587
1387399348191993856
1387399350200934402
1387399359646605315
1387399360342896644
1387399360732823552
1387399364528812039
1387399365527056385
1387399374725132299
1387399388733984777
1387399405465214979
1387399427912912901
1387399431096467458
1387399434082914305
1387399445550141445
1387399450063261697
1387399451740880902
1387399460481769474
1387399464361414660
1387399465766637570
1387399471454167041
1387399472653553670
1387399485626671107
1387399506610753537
1387399514605203458
1387399517746569216
1387399522448379911
1387399524184993794
1387399525929717760
1387399529260007427
1387399529884913667
1387399532506324995
1387399536537112587
1387399547706564611
1387399552081309703
1387399562512506884
1387399575338688517
1387399584692023299
1387399586113798145
1387399598939987971
1387399601163055109
1387399605424377861
1387399608012247040
1387399617575329794
1387399630837714946
1387399641029808128
1387399661229678598
1387399665570746368
1387399668968067078
1387399670071271428
1387399683044225026
1387399690036121602
1387399691336290311
1387399690895777793
1387399692754034691
1387399694255599621
1387399694394044417
1387399695421513730
1387399708314832899
1387399711691259905
1387399730146070533
1387399730662051844
1387399740720041987
1387399744603844612
1387399754628296711
1387399757073633282
1387399770306646024
1387399771502022656
1387399777579675648
1387399778317873153
1387399779789967361
1387399783346843654
1387399783837540353
1387399786408681473
1387399793207558147
1387399793316667397
1387399796869275650
1387399810496434181
1387399826392981510
1387399828678877187
1387399831048556544
1387399835091972101
1387399838371745798
1387399839097495554
1387399842905812997
1387399855526617090
1387399858517155846
1387399860547203072
1387399882940497920
1387399893736697857
1387399896035168258
1387399898341982209
1387399899587784705
1387399903257628674
1387399911591776262
1387399912434794497
1387399913286213634
1387399918814388232
1387399920219480069
1387399926976483332
1387399927248998403
1387399928507404294
1387399930990383109
1387399941237231617
1387399942252150784
1387399947130126340
1387399955896279042
1387399960023339009
1387399962099687430
1387399967598329857
1387399978671353860
1387399980227469315
1387399981775134723
1387399983784030212
1387399987605262337
1387399992369827844
1387400004810182660
1387400011399454727
1387400016491421696
1387400016852029443
1387400022048788480
1387400027723771907
1387400040600195077
1387400042873384962
1387400052793032704
1387400057083858945
1387400062813233162
1387400065065660420
1387400065371852801
1387400069008216066
1387400071071911937
1387400075937255427
1387400081326886913
1387400088947810304
1387400092823564288
1387400093096161285
1387400095772168194
1387400101291778049
1387400101178626048
1387400102545866755
1387400108443062272
1387400108619309060
1387400114885513216
1387400115292356609
1387400116806590467
1387400123077042176
1387400126021394432
1387400127145406466
1387400130052202510
1387400133470523398
1387400135198580736
1387400137471889409
1387400145722036226
1387400155671023620
1387400158258810882
1387400161844817923
1387400164688629767
1387400177066070016
1387400179825844234
1387400180031442945
1387400182896238598
1387400197081337868
1387400205319000065
1387400217641865220
1387400225891946497
1387400236017098754
1387400238726479873
1387400246012022784
1387400246863581185
1387400247660486656
1387400249229021184
1387400255918940167
1387400256082563072
1387400262109650947
1387400266442498050
1387400266690015235
1387400268539629568
1387400273006563328
1387400273644109828
1387400277049806850
1387400279478444035
1387400283374989312
1387400284041846787
1387400285652328450
1387400289041461254
1387400291314814982
1387400295672647680
1387400301251072000
1387400308750528512
1387400309312430082
1387400311287975938
1387400323006877701
1387400332737761285
1387400334415380485
1387400340887252993
1387400342258610177
1387400343408025602
1387400345060405251
1387400348919341057
1387400349741322243
1387400355349155843
1387400360298418176
1387400361376374790
1387400366254403591
1387400382800875520
1387400386181488641
1387400389838970880
1387400389968998405
1387400398374281218
1387400398705774592
1387400399921897478
1387400407908069380
1387400412219813888
1387400414786637828
1387400431496744961
1387400435863015427
1387400452099215364
1387400458512314377
1387400459476819979
1387400461469241351
1387400464476647425
1387400465562931206
1387400467538399233
1387400471518789633
1387400474987569160
1387400504586682368
1387400515101806598
1387400518503444484
1387400518457192455
1387400522127355910
1387400532680232966
1387400533653164039
1387400545816616965
1387400546915598342
1387400548127760384
1387400549809655812
1387400564326109185
1387400586912407563
1387400615165235202
1387400618285748237
1387400619095429123
1387400624019488770
1387400625424568323
1387400626762616836
1387400633028804612
1387400633603563522
1387400636795326464
1387400647293681665
1387400647646056449
1387400654168240130
1387400656282169349
1387400670571945989
1387400673516474368
1387400693959516163
1387400694035066884
1387400695242911752
1387400704525049866
1387400710199906314
1387400711953162241
1387400717183459330
1387400720727543810
1387400723290365952
1387400743561408514
1387400749018124289
1387400750561742849
1387400754311438338
1387400759491375106
1387400765191254020
1387400766823010305
1387400772288122882
1387400778340573191
1387400778164281350
1387400790151778321
1387400791301017607
1387400793536540672
1387400794098524164
1387400795881148421
1387400796829102081
1387400797001027587
1387400798133444619
1387400805473525761
1387400808807997440
1387400820447141888
1387400822934343685
1387400825157439490
1387400825404682244
1387400825836802049
1387400835722850308
1387400836704358411
1387400840009457665
1387400840130928643
1387400844472201221
1387400848569946116
1387400857071853568
1387400859542245381
1387400864957181954
1387400868090159105
1387400868715184130
1387400869776396290
1387400877582045191
1387400881600143363
1387400886104870914
1387400888625532929
1387400889292312583
1387400890009612288
1387400893146963984
1387400897513152519
1387400905847418892
1387400913510412288
1387400914554654727
1387400915661987842
1387400917738213382
1387400919248166915
1387400919302737922
1387400922666569729
1387400930233135109
1387400932464513024
1387400934255382532
1387400936243531778
1387400943558295557
1387400948113448963
1387400952739622918
1387400954148950019
1387400965171646464
1387400968455786502
1387400968933937156
1387400972125810688
1387400973300244483
1387400979222437892
1387400980170424323
1387400981495701511
1387401002177925124
1387401003553673217
1387401006468771845
1387401011765993472
1387401013968134148
1387401020142096386
1387401021241143299
1387401034767732742
1387401039477977091
1387401045459054592
1387401048470573058
1387401055789584387
1387401063528009728
1387401069937008642
1387401070192775171
1387401070914117633
1387401076534546432
1387401085082640392
1387401091256627207
1387401103155806211
1387401108155478023
1387401118930640898
1387401120314707972
1387401121539530755
1387401121933807616
1387401122592268288
1387401129995247624
1387401141391171587
1387401148219408388
1387401158910746625
1387401165965565953
1387401174622539791
1387401177722195973
1387401181626920962
1387401186119200769
1387401187029311493
1387401187075366917
1387401189621436419
1387401191261413377
1387401197070557185
1387401197422747651
1387401202523070467
1387401202929897482
1387401212484595717
1387401216334966789
1387401226510376967
1387401229148491779
1387401229857296393
1387401231325437952
1387401231988035591
1387401235964301317
1387401241328689158
1387401243212099586
1387401254930767879
1387401259599151109
1387401265567633408
1387401265609646082
1387401269107593221
1387401271758495747
1387401274417688577
1387401275646545925
1387401277840232449
1387401278238625801
1387401278825848832
1387401282999173126
1387401283708010502
1387401289206730756
1387401295766556672
1387401297637388290
1387401302381056004
1387401309792444418
1387401310010544130
1387401310534787082
1387401319204392961
1387401319825100804
1387401319657394176
1387401321591054338
1387401336707325955
1387401336728195076
1387401338384838657
1387401342415785985
1387401346710528006
1387401354885353474
1387401358320492552
1387401362166620166
1387401369758302208
1387401382022549506
1387401384212025347
1387401384551649283
1387401387240267776
1387401387344945152
1387401394467049473
1387401404168515586
1387401407255490564
1387401408283123716
1387401409155330055
1387401412607451145
1387401422652719108
1387401426457055235
1387401429208354822
1387401430311505923
1387401432530309126
1387401435256561666
1387401436992995335
1387401445675311106
1387401447223013383
1387401449290682371
1387401450066690052
1387401450263830528
1387401454537764864
1387401458073624581
1387401461320069120
1387401472317460480
1387401482031480841
1387401482643906563
1387401483444965377
1387401485550379010
1387401485999349762
1387401486121021441
1387401488079593472
1387401488943702023
1387401488889126914
1387401496258498564
1387401499572011012
1387401500541005829
1387401503560851456
1387401507142840323
1387401511668420610
1387401511697883147
1387401524553256960
1387401528676282373
1387401532719525895
1387401535806656513
1387401537165561862
1387401545587707911
1387401549790384132
1387401551744995328
1387401558938226691
1387401571462483969
1387401571856797697
1387401572963979268
1387401573479878660
1387401579310067719
1387401585030991874
1387401585031061507
1387401587169972231
1387401588927500288
1387401590177423363
1387401599111376897
1387401602508607490
1387401605230862338
1387401611866218496
1387401616274255874
1387401616764981252
1387401617775988736
1387401643113779206
1387401647538806795
1387401652689416196
1387401653473656836
1387401668514369536
1387401668904452102
1387401669428740096
1387401675787362307
1387401682078912517
1387401686491226115
1387401708104454145
1387401708427415554
1387401709035556864
1387401709945823233
1387401710440755205
1387401714005942274
1387401718095306752
1387401735476445185
1387401737867350017
1387401746557902854
1387401750244732929
1387401753147150337
1387401756519370752
1387401763305705473
1387401765054816258
1387401772373794818
1387401801499090947
1387401804460158980
1387401808176373765
1387401809564680196
1387401810214891520
1387401820281184258
1387401824089649156
1387401827751182340
1387401832113360898
1387401832541065217
1387401833870544896
1387401835422568448
1387401840053063682
1387401844746379264
1387401845044244488
1387401855102115840
1387401861657989127
1387401863213899782
1387401868406571013
1387401869195051011
1387401869962534916
1387401889105522689
1387401892163211272
1387401899305881609
1387401899746471940
1387401901390667777
1387401907795230722
1387401913914859522
1387401916393664512
1387401916498522118
1387401917614153728
1387401939747475464
1387401940196339718
1387401947129520129
1387401947188236293
1387401950698868740
1387401951688724480
1387401952032604162
1387401952217157632
1387401964305227778
1387401967455047687
1387401970231746567
1387401971548803078
1387401987705262080
1387401988158205957
1387401992901996544
1387401993929510914
1387401994940338182
1387402012187365381
1387402018579435521
1387402019774812163
1387402020362014723
1387402021163175947
1387402027270029313
1387402028855537665
1387402029413408771
1387402032236011520
1387402032487702529
1387402041996230662
1387402042650546179
1387402044735213571
1387402048598167553
1387402054411374594
1387402056378503173
1387402059503202305
1387402069292822528
1387402085793243138
1387402088611647491
1387402090717360129
1387402105196011520
1387402111659479046
1387402121213997057
1387402121214144520
1387402131200778248
1387402138142322688
1387402139719196679
1387402144836464643
1387402153573060614
1387402154500108294
1387402161252864000
1387402163756965889
1387402173433012228
1387402180240543744
1387402182874517509
1387402191586091009
1387402192835989508
1387402193284726789
1387402194056589312
1387402194580774921
1387402199773351937
1387402208325640195
1387402224851197955
1387402232174301196
1387402242840424448
1387402245197733888
1387402250524504071
1387402250868469765
1387402257566687232
1387402263212269572
1387402268979384327
1387402276063436805
1387402278580150276
1387402294518374408
1387402297169285124
1387402305394417671
1387402307529228289
1387402322167357442
1387402327489880066
1387402328739782667
1387402329226366977
1387402331206135809
1387402332028211201
1387402340777533445
1387402351418302465
1387402355394625547
1387402359169425409
1387402371144331265
1387402372893364226
1387402372566208517
1387402376261296133
1387402381374205952
1387402384469540868
1387402384578695172
1387402396675059713
1387402402224029699
1387402418552459264
1387402422876782592
1387402435598094340
1387402444548808705
1387402446276898819
1387402446956269568
1387402463926439940
1387402473040646146
1387402473946718210
1387402476119277576
1387402481072750593
1387402482553434112
1387402489465614341
1387402498277785602
1387402503474618368
1387402515650592768
1387402529517023239
1387402535112036358
1387402543593148419
1387402551302131714
1387402561800470529
1387402564233138176
1387402565361410048
1387402567098019841
1387402569182453764
1387402574542868484
1387402578833645578
1387402582155530248
1387402587922698240
1387402588451082244
1387402593211670529
1387402595107581954
1387402596202262528
1387402598249029634
1387402600685973517
1387402601596014597
1387402605085609997
1387402626929729539
1387402627680555010
1387402633522991113
1387402649583202308
1387402653492260866
1387402680897708034
1387402681988300800
1387402682151751681
1387402686883147785
1387402704327041024
1387402704847261698
1387402705568681991
1387402706688659458
1387402709452611590
1387402712375992328
1387402714687197187
1387402718860517386
1387402726074683394
1387402736690515975
1387402739664269314
1387402739693637639
1387402761449390080
1387402770156642306
1387402780361515009
1387402788846678019
1387402791178616834
1387402797151358979
1387402804143218698
1387402806194184192
1387402807024758786
1387402810002706434
1387402821847425026
1387402822065475586
1387402841132724228
1387402850813218818
1387402872246218753
1387402874653642756
1387402881117065220
1387402888624885765
1387402896052867077
1387402898955546629
1387402902138888195
1387402905456627712
1387402906052276225
1387402916466761729
1387402927808159746
1387402936364453889
1387402939472416768
1387402942651768836
1387402944098799618
1387402947294859264
1387402964541710340
1387402994417799169
1387403003972489216
1387403008636489728
1387403024084217859
1387403039493922823
1387403043096993793
1387403043960983558
1387403055579140101
1387403073702842373
1387403084226248705
1387403085664854021
1387403088881987592
1387403095412457478
1387403108494491648
1387403113217232899
1387403130728591360
1387403140207718403
1387403144032882690
1387403152530550784
1387403154443100160
1387403165981581321
1387403168254939141
1387403170423451653
1387403173166526469
1387403173514645504
1387403179579613185
1387403187624292353
1387403218695573507
1387403220927094792
1387403228627804168
1387403232448757765
1387403236815085572
1387403239436345349
1387403241026068483
1387403244901650442
1387403245178421248
1387403249976709122
1387403255118979077
1387403260965892096
1387403263809519621
1387403271556452359
1387403275415298051
1387403281979383809
1387403292758654985
1387403294612541447
1387403299616301064
1387403310379016192
1387403314611036161
1387403318218035204
1387403323343622147
1387403326011158528
1387403330121453574
1387403346848489472
1387403347976675328
1387403348190523395
1387403351571173377
1387403356675710976
1387403358416297990
1387403366242918408
1387403371200630801
1387403397507264515
1387403398346121216
1387403398589284358
1387403418495508482
1387403419627966468
1387403424413720579
1387403430142959620
1387403430759706624
1387403431669899265
1387403441153081346
1387403441618800642
1387403449940254722
1387403456181379075
1387403459863977990
1387403468164542464
1387403468361502724
1387403473487073284
1387403475340857344
1387403477333143552
1387403480302772226
1387403482139791363
1387403486283849735
1387403487051350020
1387403491698675718
1387403507444105220
1387403515824381955
1387403536552562688
1387403542005260290
1387403545868214275
1387403546459521024
1387403546807529475
1387403548430905344
1387403551819935745
1387403563488448512
1387403565275176968
1387403581226106883
1387403583113605123
1387403623005671424
1387403626688221190
1387403626994311176
1387403630785957889
1387403633633857541
1387403638612574208
1387403643436032001
1387403666198433796
1387403681474113540
1387403683093106690
1387403683244150790
1387403696233881600
1387403705813712898
1387403706199597059
1387403706325299202
1387403706602344449
1387403714596524033
1387403714902724610
1387403724566450176
1387403728286720005
1387403733621952515
1387403734435737603
1387403735811428352
1387403735975047175
1387403744523001859
1387403746968276996
1387403755600158724
1387403755809910785
1387403762147418115
1387403765574033408
1387403765888729090
1387403770913382408
1387403777846693892
1387403781743198209
1387403785186672642
1387403791130054665
1387403794829529090
1387403803402588162
1387403809610027014
1387403815826038794
1387403818644787206
1387403820754407425
1387403831735033857
1387403833651998724
1387403833861607431
1387403849460240386
1387403863251107841
1387403869878116356
1387403873866985480
1387403875444039681
1387403877658644481
1387403880376508419
1387403898797936647
1387403901830303749
1387403908277022721
1387403910931910657
1387403914165751814
1387403917743382533
1387403926941671427
1387403929365983248
1387403938681528327
1387403945568575488
1387403946097102853
1387403952409432067
1387403952656846849
1387403962429714432
1387403965168508928
1387403979550822407
1387403985653440515
1387403985796026377
1387403989696892931
1387403998332743693
1387403999847059456
1387404000979529740
1387404015755989004
1387404020625534983
1387404021246222340
1387404022701830150
1387404024505241601
1387404025167941632
1387404027630034952
1387404028796043270
1387404050648510465
1387404053764837379
1387404057086672901
1387404060957974530
1387404070500114444
1387404073712996354
1387404083879981061
1387404084102242304
1387404088158167042
1387404088439083010
1387404090330783744
1387404099247804416
1387404101147889664
1387404101894430728
1387404102678859780
1387404103395971078
1387404103924387844
1387404105916760068
1387404119334346754
1387404120533962752
1387404123314741252
1387404128289271811
1387404130461765633
1387404148035964930
1387404155212402689
1387404158781726734
1387404160384045059
1387404161571041280
1387404162011484164
1387404165803089921
1387404172509827083
1387404172815908868
1387404176779628545
1387404179518287875
1387404184547364869
1387404188615942155
1387404193565134848
1387404193976094727
1387404212263399424
1387404214616301571
1387404220433780748
1387404222413561856
1387404223156035585
1387404224284274690
1387404229602652161
1387404233817923584
1387404236690972672
1387404243771011073
1387404245192777731
1387404246866407424
1387404248686600194
1387404250553147395
1387404262678876161
1387404263190532098
1387404274813095948
1387404277140889602
1387404277493026823
1387404280446033925
1387404281607827458
1387404295021154310
1387404304735252486
1387404306517794820
1387404309667721227
1387404310288297985
1387404317204770818
1387404321621520387
1387404322221264898
1387404323441627142
1387404323919962118
1387404334250532864
1387404340210585605
1387404347324047362
1387404350708912135
1387404354534133764
1387404360917950464
1387404378429181960
1387404392630992897
1387404396980486146
1387404409915592704
1387404415427088385
1387404424776138755
1387404425828782083
1387404432225280001
1387404436146847748
1387404444770439168
1387404452097773569
1387404455935549441
1387404456128614401
1387404456665354242
1387404456795557889
1387404465158897664
1387404481621544965
1387404482414252036
1387404485706801154
1387404490303852552
1387404494003113991
1387404504027566081
1387404507659653122
1387404507689144322
1387404509505261572
1387404517059309568
1387404519118708738
1387404519257030656
1387404524122476544
1387404528534925317
1387404531152076804
1387404532804734983
1387404538907267074
1387404555500015617
1387404557660180480
1387404558784159746
1387404561133015042
1387404563682975747
1387404567055278081
1387404579059474435
1387404579327954954
1387404580682715139
1387404584138641409
1387404591638228993
1387404593567571971
1387404600186130432
1387404605596655616
1387404609862479892
1387404614648074243
1387404621916741632
1387404627138723840
1387404639109144576
1387404639213998080
1387404640036261891
1387404652115906563
1387404654745726983
1387404654582108163
1387404669450809347
1387404673036918787
1387404675792523265
1387404680871940098
1387404684873199624
1387404685066309637
1387404686232334337
1387404689608695810
1387404690791407625
1387404695719878657
1387404696533536773
1387404702032306178
1387404703198285826
1387404716955537409
1387404717769306116
1387404721242128387
1387404723452628995
1387404726237491205
1387404726136868864
1387404735137857541
1387404746844164102
1387404753655717894
1387404753760575492
1387404763986284546
1387404765387116546
1387404768293818369
1387404775285735426
1387404779207413762
1387404787738624000
1387404788069933056
1387404796144066560
1387404804205563908
1387404811918876673
1387404814099824640
1387404815387414528
1387404817119825922
1387404842310807553
1387404847847284736
1387404862481215491
1387404863764680710
1387404865085792258
1387404869640724483
1387404874782961664
1387404877312270338
1387404882445959176
1387404885960937473
1387404897520431112
1387404899072286721
1387404901857308673
1387404904856125446
1387404912426983424
1387404915744645122
1387404919997706247
1387404925777362944
1387404928080023554
1387404931259408384
1387404934870704129
1387404937739395073
1387404945838776321
1387404949076824069
1387404953346580482
1387404953430417409
1387404954860605451
1387404955544395777
1387404968022380549
1387404968152477703
1387404980944969730
1387404985210712064
1387404991854383106
1387404997713821699
1387405005037006855
1387405008891695105
1387405009801793538
1387405010489778181
1387405011039047681
1387405013811699714
1387405014470168585
1387405025563987969
1387405027157762058
1387405028214943747
1387405044215996416
1387405055863652357
1387405061530087434
1387405062872342535
1387405074649911304
1387405075933454341
1387405077346865160
1387405077435068417
1387405080626962432
1387405080824057858
1387405084523257857
1387405088482807808
1387405089137074185
1387405099798990850
1387405106522607623
1387405111815770116
1387405115171250179
1387405126046990339
1387405126977998848
1387405132430778373
1387405132560838656
1387405136163745792
1387405148092129280
1387405149002510341
1387405155239333891
1387405156837253129
1387405168933806090
1387405178261938184
1387405179071471618
1387405180652724224
1387405181566980104
1387405182179368966
1387405193713758210
1387405195261452288
1387405201397600260
1387405202492334087
1387405202693652481
1387405208502874112
1387405239691665411
1387405242032136196
1387405242229313538
1387405244074692611
1387405250387136512
1387405260134645760
1387405262303023108
1387405277968863235
1387405279944380424
1387405280296636416
1387405280317779968
1387405289679466498
1387405297069686785
1387405298382426117
1387405306414649350
1387405310642511874
1387405314895478786
1387405323032465409
1387405332738199553
1387405346679967747
1387405349683093507
1387405354221424645
1387405354473074693
1387405355345498114
1387405359170478082
1387405370402951170
1387405375675191296
1387405376463777796
1387405380377063426
1387405387003953152
1387405387561721861
1387405389411536897
1387405395849740290
1387405407816192000
1387405417706397697
1387405418738163713
1387405419568635904
1387405426182995982
1387405427294425092
1387405437063122944
1387405439843725319
1387405454142283776
1387405455425560577
1387405457430568961
1387405460416966658
1387405461037752321
1387405462782365707
1387405469199724545
1387405472949542914
1387405478477680642
1387405482642477059
1387405501072232460
1387405507468660740
1387405508278034437
1387405517904044040
1387405520231878658
1387405526649098241
1387405535503282177
1387405536950427654
1387405537571000322
1387405539580301313
1387405540721102850
1387405542084186112
1387405549076160513
1387405549826940943
1387405554503520258
1387405558274084870
1387405559167651840
1387405561377878020
1387405563022123019
1387405570328702980
1387405575143653382
1387405576645263361
1387405580885577730
1387405587072229376
1387405595171594240
1387405605527298049
1387405606408105985
1387405609528606720
1387405617615228932
1387405621335674883
1387405628403036163
1387405629963309060
1387405638033100802
1387405643082911744
1387405643879878656
1387405648023801859
1387405650024665094
1387405656504684552
1387405660275449859
1387405664016867329
1387405668513091587
1387405676431958016
1387405679745400834
1387405683675615239
1387405689522380800
1387405709881581570
1387405710250680323
1387405716957372419
1387405717699809281
1387405719687794691
1387405723752009734
1387405727329837059
1387405731373228034
1387405737475911682
1387405737886949376
1387405745969369090
1387405761752543233
1387405764571058177
1387405771202310145
1387405782304673794
1387405787899826176
1387405790198308866
1387405794518384642
1387405798746296326
1387405798670749697
1387405803276095488
1387405811962499073
1387405813107601410
1387405814214897677
1387405814768586752
1387405816429490178
1387405819743023112
1387405820632068096
1387405828446212096
1387405836084031490
1387405850843697154
1387405856174743553
1387405858284441601
1387405874755510280
1387405883513065480
1387405888273661955
1387405890173743104
1387405896972742666
1387405900319756291
1387405903582879747
1387405904497233930
1387405905524928520
1387405924466405376
1387405926416764932
1387405928140509184
1387405936738934785
1387405949917220869
1387405951423193091
1387405951418916867
1387405954321469458
1387405956909309954
1387405956829569033
1387405960478666752
1387405963821473794
1387405964127752195
1387405970750332929
1387405990249869315
1387406005760184321
1387406008721547271
1387406009900011527
1387406011032489990
1387406020838834179
1387406026308296709
1387406026832445444
1387406028497637381
1387406051352322054
1387406057698258949
1387406062970712070
1387406081274507265
1387406084982198275
1387406086924288001
1387406097758052353
1387406102632050688
1387406102904573953
1387406111137943553
1387406113344262146
1387406140422590464
1387406143132250118
1387406144025604099
1387406145200037888
1387406145321676804
1387406146617630724
1387406146928062465
1387406152401506308
1387406160660246529
1387406167211532289
1387406169640218626
1387406170990784519
1387406172597149697
1387406173192720385
1387406188153872386
1387406192834617344
1387406196332707843
1387406205132312579
1387406209213353984
1387406213831344137
1387406220823351297
