1384899711245619203
1384899718409510914
1384899725560852482
1384899726055723011
1384899729604190211
1384899730451357698
1384899736541536256
1384899737690808331
1384899742958772224
1384899764475543555
1384899778606141450
1384899789201022990
1384899792988483586
1384899802006179840
1384899806443757573
1384899807710486529
1384899821899853836
1384899825116848128
1384899844439949312
1384899845626941449
1384899858088218625
1384899872873197571
1384899882926977026
1384899890376028164
1384899917689331716
1384899931945721858
1384899939638169600
1384899971544227843
1384899984932417539
1384899994772283399
1384900012128276482
1384900015815020546
1384900020403642370
1384900030293811200
1384900048522207233
1384900050724270082
1384900050522882052
1384900053672812548
1384900063244210178
1384900069942513664
1384900073176305669
1384900079614631945
1384900086556155906
1384900087583842305
1384900124833370113
1384900127773581316
1384900131758252036
1384900145175793665
1384900152046014467
1384900156357844998
1384900162070454272
1384900170068942848
1384900176691798018
1384900186397421568
1384900205171154944
1384900236552835074
1384900241506377729
1384900242609479682
1384900251040026629
1384900252243841033
1384900261789962241
1384900270677798921
1384900271768313859
1384900272619675650
1384900273970286595
1384900275018866694
1384900293859717121
1384900295956877313
1384900304093827076
1384900304815198210
1384900356296126464
1384900363581591556
1384900372100231171
1384900372985176065
1384900372934889473
1384900390269997058
1384900398708838401
1384900401271615489
1384900401900687364
1384900412138999810
1384900419021852672
1384900422658314240
1384900437602623491
1384900439137787907
1384900439213318144
1384900440400269312
1384900444493910017
1384900451376713730
1384900452941275137
1384900485661040642
1384900499229614080
1384900502249410560
1384900514173919232
1384900517210562562
1384900517294379011
1384900520624672771
1384900522428207106
1384900535887745024
1384900548026060802
1384900556091793408
1384900565185048576
1384900565927448579
1384900566267142147
1384900571245776899
1384900572524994570
1384900577822396417
1384900583853895681
1384900587498704897
1384900590858383361
1384900598831661063
1384900614749032453
1384900628795830275
1384900647326265351
1384900677382590467
1384900683791577091
1384900684756226050
1384900714397380608
1384900718314860554
1384900722601439239
1384900731463995393
1384900778377285632
1384900780306706436
1384900787290136588
1384900801290768386
1384900805724102656
1384900806483357698
1384900809373147139
1384900816646123520
1384900825189859332
1384900828776050689
1384900835021402118
1384900837516976128
1384900839899291652
1384900843976237058
1384900860975751171
1384900873176981511
1384900897810092037
1384900904978092035
1384900906848817154
1384900920757129231
1384900923089203200
1384900965959143425
1384900993113071618
1384900993645780997
1384900996808253447
1384901019130290179
1384901030207438849
1384901034259124224
1384901036255633408
1384901069042487299
1384901093621108737
1384901095621791748
1384901108716408834
1384901127578296321
1384901129696317443
1384901134385569792
1384901144229654532
1384901146133901316
1384901149741002752
1384901150449733636
1384901153742262273
1384901156246282248
1384901161862500355
1384901180673904641
1384901192996827138
1384901198730469380
1384901218607173634
1384901224345096195
1384901232360312840
1384901234017058825
1384901234281353222
1384901241285849092
1384901244108656643
1384901258142756866
1384901265243652097
1384901273942638594
1384901279198191618
1384901283627274245
1384901297967714307
1384901299091693571
1384901304582090756
1384901311217471496
1384901316330328069
1384901326107201541
1384901333174599682
1384901343962357766
1384901347313606659
1384901347997331457
1384901357484843010
1384901359359692802
1384901366179667974
1384901367517618177
1384901370986344449
1384901382080237568
1384901387255959552
1384901390590435329
1384901395267170305
1384901401701138437
1384901407069855744
1384901411654311936
1384901423490535425
1384901425428373509
1384901439277965313
1384901450686476289
1384901458596962306
1384901458693435393
1384901467409166336
1384901470936608772
1384901479400628231
1384901485683691521
1384901486635896836
1384901498178527235
1384901501714374659
1384901508005826564
1384901514620248068
1384901516318892032
1384901518151802884
1384901519447896068
1384901520156672005
1384901529199681536
1384901549961457664
1384901573344694276
1384901575982919686
1384901578499497988
1384901578826584073
1384901589006159875
1384901589329235978
1384901600477655041
1384901604403470338
1384901616369815556
1384901634929614848
1384901635722420224
1384901638729748480
1384901638876536835
1384901642710134798
1384901649584558082
1384901650805035014
1384901655368507393
1384901658669428739
1384901660833636353
1384901667959750659
1384901675157278722
1384901676415557634
1384901688696393730
1384901695700979712
1384901702055251970
1384901706903957513
1384901710573981699
1384901717213515777
1384901726117957644
1384901738243710980
1384901758925819905
1384901769386504192
1384901770057551875
1384901775447281664
1384901787040292867
1384901797412687872
1384901819495817220
1384901828752642049
1384901833798397955
1384901837032144899
1384901841520111619
1384901845345243137
1384901851603218434
1384901852442107910
1384901875775025155
1384901876928372738
1384901887284154369
1384901895739908107
1384901897446993920
1384901897476321280
1384901901972557833
1384901919043371010
1384901927822102529
1384901937246654474
1384901945861808129
1384901952841072644
1384901954439163904
1384901955764502533
1384901958302064643
1384901964622929925
1384901967340875779
1384901969085673474
1384901972231327746
1384901976337616900
1384901998068346881
1384902006502985731
1384902015088791552
1384902031337472005
1384902046516715520
1384902061867900928
1384902070097125381
1384902072324214784
1384902073720975360
1384902078754086912
1384902093060902915
1384902094050713600
1384902100392546315
1384902100967206916
1384902112820277250
1384902115592753153
1384902125453553666
1384902128087543812
1384902144420110337
1384902160756916224
1384902168419909634
1384902171586609153
1384902181053214721
1384902181619392512
1384902186191233025
1384902186912583680
1384902187164241926
1384902190901469188
1384902194244296715
1384902204239269894
1384902211520667650
1384902218428698629
1384902220399972354
1384902226301407246
1384902227660353541
1384902239542775809
1384902240935321602
1384902243988738048
1384902258391986177
1384902274791661568
1384902283335512064
1384902326532681728
1384902340973629441
1384902355280437252
1384902355888578563
1384902369947828224
1384902378139303941
1384902390156075014
1384902399085711363
1384902404508897280
1384902408896192517
1384902411832147968
1384902412545241089
1384902415170813956
1384902418224254976
1384902434598932482
1384902438071717890
1384902446128971787
1384902461039710208
1384902468841115648
1384902478278299657
1384902483777105920
1384902494657122310
1384902501753925641
1384902522675081216
1384902526793826306
1384902529172049922
1384902532779192322
1384902541977264128
1384902546809139201
1384902559589076992
1384902563393417218
1384902574919274503
1384902588970242048
1384902624131047431
1384902627008393220
1384902640857931777
1384902655055695881
1384902660977999881
1384902661363879938
1384902675687518218
1384902679277842432
1384902729194147840
1384902746264985601
1384902749964353537
1384902775184756742
1384902780612190209
1384902794906423296
1384902808802111491
1384902809334714377
1384902810584723459
1384902820604829700
1384902832797716481
1384902836375461891
1384902840892772353
1384902849390391301
1384902874233245698
1384902874589802502
1384902880503734272
1384902891526410240
1384902893254414336
1384902897629073411
1384902920546705415
1384902939488161804
1384902941132435460
1384902944949145607
1384902951303516160
1384902962452045825
1384902977664786435
1384902981515153409
1384902996899897344
1384903013651857408
1384903018315976709
1384903022220808194
1384903029628018694
1384903031511207939
1384903035353190401
1384903047785160705
1384903071969562625
1384903079779254274
1384903088838873090
1384903088952299524
1384903099228303365
1384903099647766534
1384903100083937294
1384903106274729987
1384903109848309762
1384903120606711809
1384903126558388225
1384903141091643397
1384903142584856579
1384903144392601601
1384903144417734656
1384903165200510978
1384903169839443973
1384903173031276544
1384903176894169088
1384903205516161026
1384903205197340676
1384903229620858881
1384903234922467329
1384903237036347399
1384903249111785475
1384903252752408577
1384903261505851398
1384903267688321024
1384903301834158080
1384903313930477572
1384903325557080067
1384903349724753926
1384903352639709188
1384903354090983426
1384903354514644994
1384903356813021184
1384903360210341898
1384903361271635970
1384903363981201409
1384903367458164739
1384903368238374912
1384903379982422018
1384903380292808712
1384903388576550914
1384903389184671746
1384903399091707910
1384903402585526276
1384903403709636612
1384903423901016064
1384903424479797252
1384903434336444416
1384903435296911362
1384903458160009217
1384903458256564224
1384903466162741249
1384903467165261824
1384903468280860672
1384903469753061377
1384903473876111360
1384903483325919236
1384903487427907587
1384903490716241920
1384903493996191747
1384903500140883970
1384903508802035721
1384903511155032064
1384903522324553730
1384903531325530121
1384903533682728960
1384903534571839494
1384903546127147009
1384903549662941185
1384903560245223424
1384903560727613440
1384903564804374538
1384903568956723201
1384903570068287489
1384903575172702209
1384903581367668741
1384903585855590401
1384903586744786946
1384903593841598464
1384903596530184197
1384903611445125121
1384903615131918342
1384903632437526531
1384903635847598081
1384903684241465347
1384903695553507330
1384903731309854723
1384903738779971589
1384903751513817088
1384903764373610496
1384903775232606210
1384903775731818502
1384903776545476615
1384903779917651971
1384903781012451330
1384903792630587393
1384903797990952964
1384903810297081856
1384903817754464264
1384903833273438212
1384903839443206145
1384903844971356161
1384903850633666560
1384903851892002818
1384903865674391556
1384903880832598020
1384903884418818050
1384903904454971393
1384903907802025989
1384903910717116417
1384903920850554880
1384903924503695360
1384903925405556740
1384903925946634241
1384903941176057856
1384903941238968326
1384903954740531202
1384903959069003780
1384903963305197569
1384903969558892546
1384903970754285575
1384903975544164354
1384903992019460097
1384903995626508291
1384903998927511553
1384904002140360708
1384904012491800576
1384904041545846785
1384904050152443909
1384904053856030721
1384904071426023430
1384904079802048523
1384904087301464065
1384904094997962752
1384904118741970949
1384904145405157380
1384904160055803911
1384904180947722247
1384904183812345861
1384904200736366593
1384904210886627328
1384904217379360770
1384904234336989187
1384904238158000131
1384904271062261762
1384904287889891328
1384904290645512195
1384904291756953604
1384904302855086081
1384904318151766017
1384904333079334913
1384904338791964673
1384904341182627841
1384904351039250436
1384904354126311430
1384904378918842368
1384904404436926480
1384904428139032577
1384904433411280897
1384904437857193985
1384904452268863491
1384904472820858880
1384904489531019266
1384904508543807505
1384904519872663552
1384904534305222658
1384904540374372354
1384904554320367616
1384904564374216708
1384904566735613953
1384904570485284866
1384904575690346497
1384904596661886976
1384904612310831107
1384904613388820480
1384904621039173639
1384904627213193226
1384904635572436993
1384904642170134533
1384904656808202241
1384904658662027272
1384904673556156416
1384904681546190849
1384904690299817987
1384904702962380804
1384904706481328131
1384904711271337990
1384904712877711364
1384904753889648643
1384904761611272195
1384904764371226636
1384904788643622912
1384904798596648963
1384904800689655816
1384904806586802188
1384904808889556992
1384904826513985542
1384904835582021632
1384904842515263497
1384904850970906625
1384904853886013443
1384904872420651008
1384904883451662338
1384904895938056195
1384904899549356034
1384904901537501186
1384904916716695555
1384904918180536323
1384904919203864576
1384904921665974277
1384904933632266245
1384904957070032897
1384904981946507264
1384904986216239108
1384904987818569730
1384904989479477250
1384904990137987072
1384905019623940099
1384905027194601473
1384905030998892547
1384905031414071299
1384905032471138305
1384905032726982657
1384905041945976835
1384905048476590080
1384905052347846661
1384905064603693057
1384905065526407168
1384905076314152968
1384905078813962257
1384905092911013889
1384905093158477825
1384905100003577868
1384905109721784321
1384905113249144832
1384905116801712133
1384905128847806470
1384905129741230083
1384905130668175367
1384905136045187073
1384905136661729286
1384905149148184578
1384905150993739780
1384905153082441733
1384905180324540420
1384905182740369412
1384905193054216200
1384905201115615238
1384905208430534666
1384905232396718083
1384905236721119235
1384905242370793475
1384905243213930500
1384905244388249602
1384905246787444740
1384905259034812417
1384905263883358213
1384905270460026882
1384905281797300227
1384905333970198531
1384905333521387520
1384905346511249411
1384905349866663941
1384905353016614915
1384905374013210626
1384905380040433664
1384905401125199872
1384905403469869058
1384905418376425472
1384905418850381826
1384905434826485766
1384905496377896963
1384905502467969025
1384905525591171073
1384905529521233921
1384905532612485120
1384905533006794755
1384905543798693888
1384905561016344577
1384905561045716994
1384905577596391425
1384905577952907264
1384905597938814983
1384905598106484739
1384905598425354243
1384905604859375621
1384905616620150792
1384905658164776963
1384905681355124736
1384905682227453953
1384905682781151235
1384905686967070726
1384905687558463489
1384905691685605376
1384905692474232836
1384905695577919489
1384905700992815109
1384905722115264514
1384905749172719620
1384905759037722625
1384905763336953856
1384905792760029191
1384905799152119809
1384905805884018692
1384905813752434691
1384905814469718018
1384905853581541379
1384905854487564294
1384905854391095297
1384905857826238464
1384905869855502339
1384905878252425220
1384905880219660290
1384905881549148161
1384905886720741376
1384905892756402179
1384905915774681088
1384905920229019648
1384905934057660420
1384905942173618178
1384905957831069697
1384905970665639936
1384905972020387840
1384905974775959558
1384905975749095428
1384905976319467522
1384905980111200260
1384905987874770947
1384905990911537152
1384906027670327299
1384906027766894593
1384906072813674497
1384906079977488386
1384906101058048002
1384906111749345281
1384906122100887553
1384906129050849281
1384906136143466498
1384906139284934661
1384906146448871424
1384906151238721538
1384906168317906946
1384906185338507275
1384906201582931970
1384906209317249026
1384906217483538432
1384906220717346818
1384906224198619141
1384906230716637185
1384906232549584905
1384906239147225092
1384906239273062408
1384906267240632322
1384906272789651459
1384906300753170437
1384906308592209922
1384906315852619777
1384906327974105088
1384906336538927106
1384906355639730182
1384906361381720068
1384906364095434753
1384906366511353857
1384906368222646278
1384906395175247878
1384906410773917700
1384906424388661248
1384906432991178753
1384906453778059264
1384906457519427584
1384906458530295808
1384906461747240960
1384906472073670661
1384906481716404237
1384906482588717056
1384906498980171780
1384906499303034885
1384906500741664774
1384906516793282563
1384906520664723459
1384906523999154179
1384906523885850624
1384906528281485315
1384906531586646023
1384906534434615299
1384906535122489347
1384906564461596678
1384906588482310145
1384906600092164097
1384906621785096192
1384906623618011137
1384906625354510336
1384906634309287937
1384906638843424768
1384906652902731781
1384906680895524872
1384906687186972675
1384906695038615554
1384906696846360577
1384906700642258950
1384906727133429761
1384906757244432384
1384906768531197952
1384906774478786562
1384906787061739524
1384906807202787332
1384906807735422988
1384906818003120131
1384906818548285443
1384906818724548611
1384906848571166720
1384906861183475716
1384906878979805185
1384906898466656266
1384906907085942785
1384906908570722304
1384906924748156928
1384906930972413952
1384906937221910529
1384906943555321861
1384906951826542594
1384906961255337986
1384906964640145408
1384906970575089665
1384906976514252805
1384906979370586112
1384906984470757381
1384906988430184451
1384906989470367750
1384907004288847875
1384907019707166722
1384907020592193543
1384907031342194690
1384907037717540867
1384907037834887168
1384907052963729417
1384907069527138304
1384907085159276544
1384907086149169160
1384907087160004613
1384907091094220802
1384907103911940098
1384907115349880834
1384907152750530560
1384907160870690820
1384907162477072388
1384907171205459969
1384907177136119811
1384907182882361346
1384907183595327489
1384907193653268484
1384907258845351937
1384907261965897737
1384907292299104258
1384907314969423877
1384907320350674945
1384907325970993157
1384907327011278851
1384907328084979715
1384907337010487298
1384907354521718789
1384907362843205632
1384907363807813632
1384907369608617984
1384907372854923267
1384907384594780163
1384907387946024966
1384907393088331776
1384907403066478596
1384907407273385984
1384907442174234625
1384907445923946498
1384907452559278086
1384907454060892162
1384907454799130626
1384907461258326021
1384907466761252868
1384907467218464768
1384907470636728324
1384907482162728968
1384907482926039040
1384907524088946694
1384907565562273792
1384907593500463104
1384907602346262534
1384907609707323402
1384907613897437192
1384907615742877701
1384907617424785410
1384907638002143235
1384907645581201417
1384907651696447494
1384907652849967112
1384907667504783366
1384907703072526339
1384907704850948097
1384907710978797568
1384907715974205440
1384907720252403719
1384907730549460993
1384907733057654784
1384907733795807234
1384907743753027590
1384907746512936962
1384907750740795394
1384907759951532034
1384907774535028742
1384907788028104705
1384907801055666180
1384907807883939841
1384907822387929090
1384907824858341378
1384907832772935682
1384907832865210372
1384907835780341762
1384907857083121671
1384907857552977922
1384907878247583749
1384907898741043202
1384907933386002440
1384907936783347718
1384907937718624258
1384907957838692361
1384907964310564865
1384907983600115712
1384908002197741581
1384908003170787329
1384908005070753794
1384908004714291204
1384908007352504322
1384908010821242884
1384908025710923777
1384908035823386629
1384908071286226945
1384908073169477634
1384908077418389510
1384908089325932545
1384908095776821254
1384908097580306442
1384908124532920321
1384908130656657408
1384908137153630213
1384908160146759682
1384908186952642570
1384908193499856899
1384908205394907142
1384908208284782595
1384908210054836232
1384908219772981250
1384908260776501250
1384908265792983048
1384908268582182912
1384908282188509188
1384908293861224448
1384908294226067460
1384908298105802753
1384908316409794563
1384908322487345155
1384908331421212673
1384908332960464897
1384908336441831425
1384908339981819911
1384908340799680515
1384908345648222209
1384908363386040323
1384908398488166401
1384908400237105152
1384908402640539648
1384908407061241861
1384908412383858688
1384908441337188355
1384908443463598088
1384908445493743617
1384908449843142659
1384908459586596865
1384908465903214596
1384908478419030016
1384908492524359686
1384908522480078850
1384908526460489731
1384908536661032970
1384908549193617411
1384908562800037897
1384908590801117185
1384908591568723968
1384908607834185728
1384908620475809794
1384908651031375878
1384908661924016133
1384908671042441219
1384908686112567297
1384908695411298304
1384908697282007041
1384908697298690049
1384908712205295619
1384908712452792321
1384908717683060738
1384908733076148224
1384908747663888384
1384908748192423940
1384908767138025476
1384908769407156224
1384908802034593795
1384908812520509444
1384908837019336704
1384908837380050945
1384908840630726657
1384908856724180992
1384908858636787713
1384908867918864384
1384908883928485891
1384908924655128576
1384908949586067460
1384908951750385668
1384908952006242308
1384908962592698374
1384908963217616899
1384908963687374848
1384908968858955776
1384908977117487108
1384908980326215683
1384909004829306881
1384909017433223169
1384909019744194561
1384909021774290945
1384909026295701507
1384909034826969090
1384909040073969669
1384909039952404480
1384909055576117249
1384909069639692289
1384909073972355078
1384909074278633478
1384909089407475712
1384909092683194369
1384909093144510465
1384909105408745472
1384909116519424003
1384909120470458369
1384909124933230598
1384909127625936897
1384909148668809217
1384909162446995459
1384909168344244228
1384909171045306371
1384909209557520389
1384909210362826754
1384909222857617408
1384909234400333824
1384909234719137792
1384909247696285698
1384909248262443008
1384909251466964997
1384909280676044800
1384909287194046465
1384909289173798918
1384909302117322752
1384909308492763141
1384909320777830403
1384909336506478594
1384909338964283392
1384909348133122049
1384909366202191873
1384909371747020806
1384909395730051073
1384909400192786432
1384909402881331204
1384909413622878209
1384909426663043074
1384909436645482503
1384909444811792388
1384909452478926850
1384909456715157508
1384909458732691459
1384909465409970176
1384909466102124546
1384909472011890693
1384909475170095104
1384909479343534080
1384909487488835585
1384909501392896000
1384909505700540416
1384909511052382209
1384909537359142912
1384909545156358144
1384909555059015680
1384909558758494223
1384909599409594374
1384909599984259072
1384909611682127876
1384909629495422981
1384909636524986369
1384909637611307010
1384909672298205188
1384909672956706817
1384909674286301187
1384909679101349888
1384909680355553284
1384909688647606275
1384909716707495937
1384909724454465538
1384909726518063105
1384909731849023488
1384909738903748609
1384909746940096512
1384909766607134720
1384909779450187778
1384909785519300616
1384909786987307009
1384909787897421830
1384909792087613441
1384909793584898052
1384909805022760964
1384909813226803200
1384909816083230723
1384909835951644673
1384909853261451266
1384909860094070786
1384909883640778762
1384909895800168449
1384909912585670659
1384909916905816067
1384909942839287811
1384909968902602752
1384909983180017667
1384909992420159488
1384910012389240832
1384910014167531521
1384910016642158593
1384910017808240642
1384910025169178626
1384910026968535048
1384910030315606016
1384910037852770310
1384910040612605954
1384910087865655300
1384910098749956108
1384910113690034178
1384910135156477954
1384910157776408586
1384910187006468097
1384910190227730435
1384910195667705860
1384910207894048770
1384910210830159878
1384910218795028482
1384910220045037579
1384910237501698058
1384910272545140739
1384910275061723139
1384910277670547456
1384910287208390658
1384910314408484867
1384910316207853571
1384910335631560708
1384910335862247426
1384910338911576064
1384910340211810304
1384910342300573696
1384910353394544641
1384910378119880705
1384910382872018944
1384910383018921984
1384910385216643072
1384910404552384514
1384910413628911619
1384910414333501443
1384910416426553344
1384910426098577408
1384910426601832448
1384910427398852608
1384910440946442241
1384910445849546754
1384910453042724865
1384910458604425216
1384910492460855296
1384910507111600128
1384910517358243842
1384910523251281922
1384910545606877187
1384910548127686659
1384910551952855043
1384910559779430400
1384910576044986368
1384910580654518273
1384910589261189121
1384910594554441735
1384910603706380288
1384910607338590210
1384910607846191112
1384910608420773891
1384910616406773769
1384910625072164865
1384910631778856968
1384910659406770177
1384910671825997825
1384910677941358592
1384910679820361732
1384910685751156743
1384910710396891137
1384910728889503746
1384910731745890304
1384910742948876288
1384910753040371712
1384910756647419916
1384910774821433344
1384910779024035843
1384910779170934785
1384910789723803651
1384910810397483008
1384910815460044801
1384910844346122241
1384910864122318856
1384910878412267520
1384910912012881920
1384910920476938241
1384910932367794177
1384910940190216195
1384910942157299714
1384910960083804162
1384910963422474247
1384910966761132037
1384910970561122304
1384910978001874948
1384910978853310465
1384910981311172608
1384910986092720133
1384911005826813954
1384911024512544771
1384911032213192705
1384911047941922820
1384911070796685316
1384911072889552896
1384911085589893121
1384911088156876801
1384911089591328768
1384911111829561346
1384911143156830211
1384911146461843456
1384911156737941506
1384911169832509440
1384911181102600196
1384911182256087043
1384911184541929472
1384911185259212800
1384911188950200321
1384911236425469958
1384911239625822208
1384911242255548416
1384911257812312069
1384911266741997571
1384911287256326155
1384911301823041540
1384911308215173124
1384911346500788227
1384911367673679873
1384911369103978496
1384911372086087682
1384911379824619524
1384911380231434246
1384911392818536449
1384911455951237136
1384911458358775808
1384911475207286784
1384911488830300161
1384911491212713992
1384911495792939008
1384911510028361736
1384911511160819714
1384911519159406595
1384911521390731266
1384911531121553411
1384911542555140097
1384911545298296832
1384911555654004736
1384911555792408577
1384911565367955456
1384911586444419075
1384911617478078488
1384911617624887298
1384911636297916418
1384911651737067523
1384911657395183616
1384911665540521985
1384911671018278913
1384911677234221068
1384911693931761668
1384911694808371200
1384911704946008064
1384911711245832192
1384911716178399234
1384911720678821888
1384911733417037826
1384911734763311110
1384911737057681408
1384911751179816963
1384911752786239489
1384911777041891334
1384911780930105345
1384911783710928897
1384911791575212034
1384911796323201024
1384911796725821441
1384911797615005697
1384911810579603461
1384911814715219969
1384911851620872194
1384911909783318531
1384911932658966533
1384911932965203968
1384911935032938500
1384911957464166401
1384911961809473536
1384911976657297411
1384911978729287683
1384912000153702400
1384912015760691212
1384912019564924931
1384912044449751043
1384912052309962753
1384912059540856833
1384912076360097794
1384912079958810627
1384912081305186315
1384912081565200390
1384912082018217984
1384912091493060609
1384912098950533120
1384912111638298625
1384912118122786817
1384912124451885056
1384912147231100930
1384912154793492481
1384912169234575360
1384912169658200066
1384912172841590784
1384912196199669765
1384912213236981766
1384912215061508097
1384912218479857666
1384912226201526274
1384912226453180417
1384912242534141958
1384912250977333248
1384912257394659329
1384912282963042305
1384912295365685253
1384912295608868866
1384912304299520001
1384912305234776065
1384912311421476867
1384912330388131841
1384912333038923780
1384912337333899268
1384912337849757700
1384912339720359936
1384912423300341762
1384912445873995778
1384912452907933705
1384912454174617604
1384912456846282755
1384912457332895744
1384912470863720450
1384912487313821697
1384912493018062848
1384912499385016320
1384912503973548032
1384912509971337218
1384912513150689286
1384912533786664960
1384912544247304194
1384912548554756096
1384912556259696640
1384912556754710530
1384912597129039875
1384912599494582272
1384912607556128769
1384912617827885058
1384912619258138624
1384912645296377860
1384912645719998466
1384912649167769600
1384912680088186880
1384912680843108352
1384912688489406464
1384912716360568840
1384912717706899460
1384912736262443013
1384912738716110850
1384912780940152835
1384912787672084484
1384912802993876992
1384912809562103811
1384912810807865346
1384912815669096452
1384912818676318210
1384912828361056262
1384912858073505796
1384912883180621825
1384912901983637509
1384912916898582528
1384912928214822912
1384912931083755521
1384912934648811522
1384912937261936642
1384912941330407425
1384912969851670531
1384912972015882241
1384912973022572546
1384913010871971846
1384913022351708162
1384913030488764416
1384913031533109256
1384913035123478530
1384913036453023751
1384913042568327171
1384913052383031296
1384913081533349889
1384913085538910215
1384913094976102400
1384913103922647040
1384913117457563648
1384913129079988226
1384913137393094657
1384913140392005633
1384913144821305345
1384913148545839104
1384913161950842880
1384913172650397697
1384913176349880331
1384913201205293058
1384913205005271049
1384913205860913154
1384913206766882821
1384913255240544261
1384913259623497730
1384913243005652992
1384913274513371147
1384913243005652992
1384913251285315587
1384913255240544261
1384913281282887685
1384913255332814848
1384913283103301633
1384913272491724808
1384913293354098689
1384913249947246592
1384913310559113217
1384913326027808768
1384913344306499588
1384913351659200516
1384913354683203594
1384913357644484611
1384913352300929028
1384913369241694210
1384913380708847616
1384913387633713154
1384913249947246592
1384913438695202819
1384913380708847616
1384913442814021638
1384913387633713154
1384913369241694210
1384913426271571972
1384913435423645699
1384913402598993921
1384913400967450624
1384913464846655492
1384913476213166083
1384913408223494144
1384913476703899649
1384913499944628226
1384913464330756098
1384913494101929985
1384913526070956035
1384913525693366277
1384913577589551107
1384913580844269569
1384913607520145408
1384913613912166401
1384913614591733760
1384913608551936000
1384913632455184387
1384913642521612290
1384913650960539649
1384913654555021317
1384913657004544004
1384913673672605706
1384913673215483909
1384913689917153281
1384913693935390722
1384913698263818240
1384913704869896194
1384913707331883012
1384913723014455304
1384913740076920834
1384913741695832072
1384913745776975872
1384913772565893124
1384913777947250697
1384913790576349187
1384913811430383616
1384913820049678340
1384913820536262657
1384913825355423749
1384913828564066305
1384913839821631489
1384913856389074944
1384913861778845697
1384913863804690436
1384913866728124419
1384913875674542084
1384913884788797444
1384913913087766536
1384913929298718724
1384913930129190913
1384913963830452226
1384913991009542144
1384914021460160520
1384914025788608513
1384914033879523331
1384914038757416962
1384914052942532612
1384914058147778563
1384914058663583746
1384914073247223808
1384914100648562689
1384914101797797891
1384914103739822080
1384914105505566724
1384914126976299011
1384914135457189893
1384914156399251456
1384914160706891777
1384914164536254465
1384914171263913992
1384914179795165186
1384914203006447618
1384914228205834242
1384914231385075716
1384914238230126592
1384914238557261826
1384914249798103043
1384914267959398402
1384914270165639168
1384914295075528706
1384914307654291457
1384914336754319360
1384914339438776320
1384914356857675776
1384914360343089163
1384914391599140865
1384914392714711041
1384914395327762432
1384914395487248387
1384914396502237184
1384914407659122690
1384914438009020420
1384914441158922240
1384914445848227850
1384914462847688705
1384914465343295489
1384914486969225220
1384914490433712138
1384914492941864962
1384914498247659522
1384914502395781123
1384914509551316996
1384914510197182469
1384914533161050112
1384914534465409027
1384914559790723073
1384914559966842882
1384914560923193350
1384914582817411072
1384914600672509954
1384914621111357444
1384914621543366656
1384914626001965065
1384914640837226496
1384914671086579714
1384914672864960512
1384914696306823168
1384914730108825602
1384914731996270596
1384914753403895808
1384914753538101253
1384914769371672579
1384914780352303105
1384914780822122503
1384914799155453952
1384914799788797953
1384914805539098637
