1380143380731199497
1380143391992864778
1380143396883423237
1380143400096268288
1380143407184670723
1380143415275397124
1380143415866888197
1380143417230032899
1380143460284567557
1380143465053454336
1380143466940936204
1380143535727517700
1380143558284304390
1380143561828601858
1380143563611254784
1380143573090336769
1380143577095884803
1380143583349645313
1380143619898753033
1380143659295895554
1380143674265325570
1380143682419064839
1380143688869896192
1380143716745232386
1380143728258584578
1380143729814736898
1380143742061961216
1380143750777872392
1380143764702908416
1380143783443099650
1380143788086153217
1380143790137225219
1380143833019736065
1380143846126981120
1380143880507641860
1380143917509849088
1380143925915131907
1380143926796021760
1380143939676737536
1380143944495996928
1380143966268575745
1380143974963417091
1380143999206449159
1380144026423296003
1380144064377544706
1380144062733385728
1380144067263205379
1380144076587143171
1380144076608143369
1380144087072903171
1380144095125995524
1380144132279169030
1380144134044987394
1380144146359447556
1380144153984663558
1380144189719990273
1380144195013373952
1380144206228811777
1380144222217646081
1380144233135419392
1380144247861518338
1380144254635237377
1380144278379360256
1380144301024407557
1380144376249249794
1380144381726969859
1380144393802428422
1380144393886261250
1380144409849761794
1380144434914934784
1380144458935767043
1380144536681377793
1380144546080784397
1380144560291057667
1380144570089021443
1380144583066017794
1380144583305277446
1380144590087450628
1380144599537221634
1380144655564730375
1380144670878035976
1380144675110195202
1380144677605797889
1380144684337655819
1380144685935685633
1380144687504314369
1380144694072606726
1380144695490273284
1380144715631366145
1380144717518798856
1380144754625708035
1380144764012613637
1380144780827447300
1380144808434491394
1380144827795390479
1380144846829150211
1380144849647714311
1380144870644404225
1380144879494430721
1380144880786284544
1380144890907090951
1380144891574038533
1380144911052324867
1380144925606612993
1380144955574910983
1380144955767861248
1380144991708807173
1380144995555012615
1380145007038844934
1380145011271012352
1380145033924464650
1380145034549415946
1380145067600580610
1380145090170093568
1380145109686222849
1380145113033285635
1380145130523484162
1380145139847467014
1380145150626824196
1380145150538698752
1380145157442580483
1380145202183221250
1380145225851543555
1380145238287781891
1380145244860190725
1380145256725889024
1380145277886156805
1380145316708683779
1380145348878950402
1380145385335877632
1380145398560489480
1380145403685838856
1380145406055755781
1380145417644601348
1380145433360494593
1380145434308407297
1380145438792245255
1380145452759142401
1380145463110856705
1380145473860771842
1380145503036440581
1380145506920333312
1380145622892830721
1380145658292793346
1380145674776424449
1380145701963890691
1380145711941963779
1380145715922501643
1380145743596560388
1380145767298514948
1380145782569984005
1380145796511887365
1380145804736880642
1380145819098173440
1380145828191428611
1380145834847834124
1380145840749170704
1380145846625439744
1380145864501469193
1380145867429195781
1380145867689181189
1380145938497429507
1380145957250080768
1380145962132205569
1380145977810677767
1380145981379895296
1380145990485864453
1380145995795730434
1380146014351409160
1380146031459979265
1380146031829061633
1380146057993203715
1380146058878140417
1380146097750958080
1380146099567140870
1380146111814467593
1380146119821299726
1380146136854507524
1380146182786256904
1380146207104724995
1380146211219501059
1380146218102358022
1380146244123770887
1380146259684646918
1380146271130804227
1380146311350132741
1380146346431283213
1380146349899931648
1380146427989401607
1380146435157598210
1380146444292661248
1380146444502360066
1380146449334341635
1380146449057521669
1380146451871891464
1380146460122083330
1380146470616244227
1380146475385159682
1380146478589431815
1380146491399024648
1380146507446374403
1380146566242127876
1380146572151902213
1380146585036713989
1380146614329806850
1380146696810864645
1380146739978645507
1380146745523453956
1380146745729024007
1380146760014827520
1380146765962301444
1380146789718708227
1380146803304189959
1380146824883789834
1380146832253272069
1380146853874966528
1380146870236942339
1380146877623074819
1380146881699975168
1380146883977445377
1380146885168562182
1380146915770302464
1380147010892935174
1380147012293779464
1380147024654385156
1380147060578652164
1380147075157987331
1380147077905276931
1380147087191506944
1380147108372742145
1380147109073195015
1380147124638208006
1380147135765753859
1380147136369659910
1380147139037310983
1380147164895178759
1380147167306911745
1380147169559109635
1380147169857011716
1380147194410409984
1380147234474446848
1380147251654328330
1380147286211141635
1380147289415675905
1380147332646338563
1380147335875997699
1380147344671453189
1380147358693011459
1380147375034003460
1380147377227538433
1380147418352676867
1380147437273292800
1380147449982038019
1380147469682626564
1380147472689938439
1380147495913803777
1380147509394354183
1380147519456444424
1380147546773807109
1380147549298900992
1380147592126926853
1380147618563682308
1380147627585638404
1380147632694292480
1380147655817461763
1380147657876893697
1380147658854178823
1380147677908889612
1380147697257226240
1380147700352565255
1380147714143445008
1380147758879797248
1380147781763993600
1380147801628143620
1380147804656578568
1380147810889162752
1380147823371448325
1380147842510163968
1380147850563223553
1380147875158626305
1380147876370743296
1380147879269044231
1380147898072117248
1380147908205547520
1380147909577031685
1380147921190932482
1380147928883412995
1380147944691744776
1380147947862695939
1380147966611185664
1380147987171663884
1380148006561910784
1380148011502800899
1380148012962480128
1380148036140154883
1380148040024096768
1380148069241663495
1380148130780311559
1380148130927235074
1380148160639737863
1380148179069501447
1380148201106333708
1380148206009524225
1380148206789566464
1380148209113161735
1380148222916653060
1380148247314972677
1380148260224913412
1380148364747112448
1380148373131554819
1380148399224279044
1380148406660825094
1380148412851556357
1380148429071003648
1380148446368239620
1380148453142069255
1380148463338405900
1380148484075106305
1380148485299769348
1380148501775024138
1380148509404491780
1380148531919523842
1380148571215818754
1380148584650264579
1380148589154959362
1380148603675496450
1380148633019019276
1380148638106673153
1380148640841355266
1380148641571209221
1380148643148279815
1380148650513367045
1380148651738025984
1380148667970166787
1380148692024446979
1380148705177833475
1380148722206642178
1380148723993473028
1380148748492374025
1380148780524244999
1380148784890408960
1380148791978909699
1380148798438129665
1380148821641019396
1380148835851378689
1380148845657665547
1380148855333736448
1380148866536837123
1380148885218226180
1380148894756114438
1380148929933770753
1380148937676439556
1380148942625705987
1380148947654737926
1380148960761946113
1380148965065232390
1380149000528089088
1380149000779804674
1380149003833245696
1380149021440794624
1380149057801306114
1380149057935581185
1380149093356343296
1380149094870626305
1380149102227419144
1380149117964451844
1380149120158027776
1380149127707820033
1380149128341155844
1380149129385369603
1380149178064584716
1380149208020312074
1380149222234677250
1380149235404902404
1380149241977405450
1380149273313083401
1380149280808132610
1380149304514387970
1380149305927950344
1380149321702645760
1380149354053435400
1380149362735640579
1380149377126313989
1380149384663375876
1380149389415436289
1380149395749007369
1380149399284768770
1380149406289256449
1380149418855444492
1380149429844512771
1380149437645852674
1380149446982373389
1380149450455257090
1380149468557946882
1380149475675676673
1380149514498097157
1380149522354073609
1380149538552475655
1380149540997758991
1380149543015170052
1380149545644912641
1380149549751279621
1380149569217003527
1380149594663837705
1380149632215437323
1380149633813520386
1380149654835314690
1380149664897400835
1380149674141569026
1380149719419252747
1380149741749633024
1380149743905607689
1380149744736043016
1380149842895368197
1380149866886729734
1380149895772790786
1380149905222737925
1380149923304329217
1380149923304325123
1380149925057560587
1380149925187624973
1380149947723513856
1380149989800828932
1380150015973265413
1380150038043766789
1380150087943262210
1380150089931390977
1380150105467187204
1380150116326199300
1380150131832553474
1380150134156197893
1380150148517523459
1380150160991264774
1380150165777043463
1380150169799393281
1380150171296665603
1380150184374571009
1380150200136835076
1380150218071531520
1380150231417954305
1380150249935794179
1380150260534804485
1380150264959795201
1380150267442782222
1380150288120696840
1380150289332891650
1380150303555784711
1380150322505596932
1380150327073210373
1380150340885090306
1380150355498008587
1380150356743761930
1380150373294428161
1380150394635104256
1380150426893492225
1380150429019947020
1380150437228199941
1380150444639584261
1380150477577412615
1380150487194943495
1380150509173096451
1380150557285945345
1380150561148911617
1380150562533081094
1380150566232354819
1380150568375578628
1380150574704910340
1380150618782896144
1380150645303414795
1380150649766117376
1380150654610575363
1380150683513536518
1380150703306473473
1380150715046318088
1380150735032176654
1380150757811494917
1380150760122499082
1380150779668008961
1380150791848222727
1380150792468848640
1380150796566851589
1380150798500442119
1380150803768426499
1380150820101062663
1380150822248591371
1380150846252576770
1380150852309123081
1380150911499173888
1380150912786837511
1380150918679789578
1380150922559549441
1380150923939475460
1380150924195328005
1380150939164815360
1380150954335559681
1380150956478849036
1380150988363943940
1380150997331415049
1380151010300157955
1380151015945596931
1380151037479288833
1380151043187748869
1380151057775353856
1380151074745511936
1380151130718670852
1380151136078942211
1380151145507721218
1380151190697218054
1380151193817788416
1380151208640344064
1380151214546030603
1380151245789347840
1380151266853187597
1380151291637329925
1380151310285213700
1380151317977522187
1380151331516788741
1380151335098540034
1380151337095159814
1380151371786149890
1380151378656509967
1380151386164359171
1380151386940268561
1380151406166872064
1380151415486742536
1380151417697079301
1380151418829611015
1380151448865013761
1380151495530799109
1380151507488759816
1380151522068156420
1380151578070487050
1380151591706198022
1380151591710433285
1380151591827865603
1380151594319249412
1380151625906585603
1380151660153036803
1380151690406559748
1380151698707079169
1380151699982192644
1380151730936111111
1380151798930014216
1380151799924019210
1380151802197389322
1380151802507694082
1380151830068350976
1380151834719961100
1380151847047028742
1380151856186408965
1380151857285332992
1380151860535955470
1380151930895413254
1380151944266854412
1380151952982609929
1380151963862626321
1380151968438566932
1380152017881067524
1380152045190193153
1380152047794851841
1380152087401664513
1380152131714379777
1380152137456422914
1380152146713321481
1380152148269338625
1380152191034482699
1380152206071111680
1380152226140758016
1380152231752839169
1380152243526246403
1380152270822707204
1380152286094168065
1380152310983184386
1380152310983188485
1380152327454265357
1380152330503421953
1380152350489317388
1380152354079535105
1380152354356404224
1380152360928956420
1380152362254340101
1380152388124872707
1380152397268389889
1380152409364783109
1380152432173404165
1380152443418329098
1380152472136777738
1380152474108096516
1380152506274217996
1380152511051542534
1380152535147773953
1380152535919517706
1380152545860026368
1380152553946689536
1380152582581202948
1380152587622694912
1380152591229796356
1380152638344400901
1380152645281808384
1380152650721792010
1380152652483469320
1380152687614902283
1380152716589207552
1380152722159239177
1380152723945971712
1380152732787544070
1380152751028633602
1380152753738104836
1380152789540728844
1380152792753520645
1380152798130679816
1380152820935110658
1380152831261433859
1380152845429800961
1380152852170084363
1380152878866821120
1380152899985104897
1380152901884997632
1380152921908740098
1380152934596415489
1380152943949778946
1380152952074203141
1380152965009379329
1380152965718228993
1380152987687981066
1380153011197112336
1380153016205119494
1380153057460301824
1380153060014579717
1380153070345150470
1380153085268525063
1380153087709564943
1380153089882271747
1380153090230325262
1380153090448457730
1380153103887044611
1380153116906098689
1380153128239120386
1380153132391534598
1380153137160364032
1380153150217330697
1380153170127593473
1380153172493271043
1380153183260004352
1380153189136277505
1380153194123235332
1380153228264939530
1380153249521618947
1380153271336243204
1380153288092479490
1380153293406674949
1380153307650523143
1380153333671981063
1380153333982367744
1380153342249295880
1380153344954675205
1380153352034508800
1380153381742911493
1380153392874536962
1380153396691369990
1380153419743297536
1380153433689296899
1380153433890693132
1380153444678389761
1380153449166204929
1380153453058613253
1380153453813579783
1380153482901123084
1380153491876876300
1380153512923779072
1380153515830546436
1380153544771244037
1380153549275992068
1380153559736594437
1380153563960250371
1380153578438995974
1380153581173608454
1380153592015904777
1380153621464121347
1380153628422455299
1380153630733393920
1380153635028434945
1380153645082238976
1380153682965188615
1380153689348902917
1380153714913185803
1380153719891890189
1380153767551717382
1380153784706424832
1380153791341678592
1380153818768416770
1380153826850791429
1380153871167803405
1380153899269644288
1380153920333418496
1380153930257162240
1380153931028905996
1380153938914185217
1380153954705813509
1380154048742047768
1380154056820285455
1380154060603555844
1380154093851787266
1380154137841647625
1380154141004210186
1380154148386131971
1380154180162220034
1380154196599713793
1380154273619664900
1380154282666758144
1380154293156724739
1380154297497886720
1380154302967250947
1380154319459205125
1380154323997491203
1380154329496162320
1380154343249342469
1380154372437368832
1380154376103288836
1380154386450677770
1380154386865913859
1380154390573637634
1380154395023794176
1380154402523254792
1380154445250527232
1380154466687545344
1380154503727570946
1380154508609777675
1380154517828857857
1380154532601200646
1380154540180262920
1380154572526784517
1380154593552838659
1380154615572889602
1380154628046733317
1380154643389485058
1380154645973139457
1380154647692906501
1380154675266260994
1380154707860160519
1380154712100642823
1380154713841270789
1380154735651549189
1380154748989546503
1380154792039841808
1380154803406450695
1380154825208397830
1380154828672884740
1380154855612878854
1380154856036519939
1380154861728174084
1380154861698834442
1380154864358019072
1380154878492872710
1380154884075425800
1380154887036624900
1380154889762930694
1380154892967415813
1380154904107393025
1380154916950396939
1380154943273889798
1380154960692736000
1380154984361295876
1380154997057454087
1380155002442944521
1380155044268535809
1380155078317838345
1380155079613878296
1380155098035290119
1380155106872721408
1380155116393742344
1380155123347906576
1380155131291914245
1380155159574155272
1380155182475001857
1380155183829815299
1380155195234074625
1380155195510906888
1380155210157395974
1380155223264612355
1380155252385718274
1380155276310020100
1380155288783847424
1380155338872156160
1380155338981306381
1380155362595209222
1380155362616180741
1380155369050226690
1380155413111398407
1380155415204356098
1380155427904753667
1380155428278038532
1380155444300292096
1380155459542351882
1380155460293160969
1380155474927104012
1380155497022640135
1380155580552216582
1380155584788496386
1380155589070880773
1380155591730036740
1380155600114450446
1380155601620250625
1380155619651510276
1380155624907018247
1380155631131312130
1380155644121133060
1380155655923888137
1380155660252364804
1380155664555773957
1380155689939664909
1380155690501738499
1380155701360787456
1380155723099803651
1380155727751356418
1380155738169958403
1380155747338747922
1380155784957415426
1380155795552174080
1380155823914160128
1380155849411334146
1380155850090766338
1380155851198054405
1380155869590122510
1380155875567013905
1380155879966801933
1380155886300241927
1380155893883502592
1380155901315850242
1380155908727136264
1380155925089116167
1380155951492239370
1380155963555069953
1380155974015668241
1380155974862921732
1380155982781808640
1380155998862766082
1380156001798782981
1380156002633408518
1380156032408752133
1380156035877453838
1380156043397885967
1380156053464084480
1380156130563923968
1380156144212181002
1380156174390198275
1380156186612338701
1380156187933564936
1380156214676492293
1380156218421960708
1380156219999014913
1380156242165907461
1380156251024338947
1380156254283309071
1380156281680490497
1380156295962112004
1380156315465617413
1380156329080328204
1380156345282871296
1380156352203517958
1380156363389685774
1380156364807356420
1380156371967078400
1380156371484688394
1380156399527792642
1380156404720353280
1380156418641256449
1380156431639384065
1380156446105567238
1380156447330344965
1380156455421104143
1380156474501046280
1380156474610094084
1380156496214900747
1380156511469600771
1380156529240895496
1380156533657505802
1380156546424975360
1380156550296317960
1380156560316497933
1380156581111824384
1380156584114987025
1380156592088346624
1380156598715346952
1380156612762030082
1380156643929960449
1380156716160057349
1380156716516573189
1380156721834909696
1380156723256758272
1380156761777262601
1380156830253465605
1380156833449533443
1380156872100024320
1380156910142390281
1380156928236605447
1380156955487010818
1380156963493974016
1380156968858435585
1380157025380925460
1380157030527303694
1380157039406637063
1380157041440915457
1380157061846159370
1380157070624833548
1380157076169752580
1380157077201547268
1380157095371284489
1380157096109424640
1380157126723702785
1380157132268527625
1380157145631588363
1380157165999161352
1380157177730596868
1380157179265712136
1380157190112174088
1380157198614007815
1380157214917296132
1380157220944502788
1380157231551946757
1380157244734603266
1380157265475407884
1380157274031788033
1380157274048581633
1380157311340134403
1380157322538934272
1380157334991876104
1380157343002951682
1380157353803321346
1380157408379568136
1380157410015346688
1380157429304983560
1380157434619179023
1380157438553427968
1380157457293586442
1380157471130578954
1380157495197450251
1380157528957403138
1380157546791628811
1380157557453561861
1380157562499309570
1380157615506870275
1380157627020283908
1380157637707321351
1380157649250086913
1380157650156056576
1380157654388121605
1380157660251709449
1380157698633822211
1380157726244937742
1380157731009597444
1380157743043072005
1380157752471908358
1380157755475001355
1380157776165502982
1380157822743289859
1380157853701398534
1380157903584251909
1380157943493095427
1380157949495152659
1380157966817619970
1380157969380347910
1380157984207163394
1380157990544769035
1380158012128690182
1380158012887855117
1380158032034861070
1380158046916214787
1380158056655372297
1380158061415956481
1380158063240433665
1380158108497018881
1380158128076025856
1380158134556241925
1380158135407611908
1380158136431034368
1380158144924545028
1380158147294339085
1380158150121242629
1380158156354035713
1380158165271130118
1380158173173182464
1380158196745170951
1380158203535712263
1380158208057167879
1380158209613238280
1380158212150792192
1380158215854432256
1380158222200373254
1380158237106913285
1380158251292065805
1380158254907592705
1380158266173489152
1380158278307610630
1380158284020264962
1380158311014797312
1380158318308646914
1380158318686113799
1380158345177395201
1380158348029485068
1380158356686577670
1380158361098977292
1380158389087571975
1380158389624438787
1380158422721630208
1380158446524317709
1380158447686156293
1380158456167010310
1380158457723166722
