1385835921128443904
1385835927533092868
1385835963788652545
1385835965277630465
1385835979546767362
1385835998056046594
1385836009586249728
1385836022542524417
1385836027630206976
1385836033493721088
1385836067006205953
1385836080688099328
1385836102896865281
1385836130529021954
1385836140675088386
1385836163940892673
1385836187475185666
1385836194794139650
1385836244773478400
1385836255271849986
1385836301119725570
1385836323135623172
1385836331218006022
1385836357629534209
1385836374977179650
1385836425954828290
1385836468715851782
1385836473036025856
1385836496071000071
1385836501125111811
1385836560688377859
1385836569635049474
1385836569911771142
1385836599909437441
1385836611603247104
1385836612529975299
1385836637976875008
1385836656612106241
1385836662211575813
1385836668721242113
1385836692481875970
1385836709590470659
1385836747938942976
1385836758093418497
1385836759561367555
1385836780214124547
1385836780453175298
1385836798337822721
1385836806730514432
1385836843384688642
1385836850082844672
1385836884006522880
1385836922355036162
1385836977283534848
1385836993968447492
1385837003661463556
1385837026335887362
1385837086020833283
1385837161048678400
1385837187082588169
1385837222331621378
1385837309556371463
1385837322260795393
1385837333505880067
1385837339965022218
1385837346738774021
1385837371875381248
1385837413428125697
1385837571494727680
1385837583918194688
1385837588221554690
1385837645733916674
1385837722200203267
1385837728965664768
1385837731989835777
1385837763270897666
1385837770317262849
1385837788373733378
1385837801103495171
1385837862550085632
1385837895504773121
1385837896788291584
1385837932058222592
1385837958721196032
1385838040032194562
1385838064510152705
1385838071237709824
1385838138522746881
1385838166486274048
1385838179970961412
1385838251588599810
1385838252662214660
1385838253350154242
1385838259704537088
1385838289387724800
1385838289249263616
1385838291245625346
1385838298313236483
1385838332995907584
1385838338649772032
1385838338980999172
1385838380873699333
1385838426474254338
1385838465544114182
1385838469352607744
1385838537430355971
1385838554610290688
1385838725578444803
1385838761766883330
1385838768050118660
1385838791181492226
1385838796608921601
1385838905656815618
1385838929413296128
1385838931086745600
1385838962594377738
1385838980105596928
1385839020396138496
1385839037517234176
1385839044664438785
1385839064297918467
1385839081536376838
1385839118282723331
1385839193440485376
1385839198331187200
1385839203901050881
1385839241343782912
1385839249941884928
1385839265393872897
1385839292170317825
1385839330346749956
1385839332175585285
1385839367470653440
1385839390962946048
1385839393525616640
1385839401905831936
1385839442208837635
1385839444163325953
1385839497905152002
1385839516439695362
1385839597880582144
1385839612111855616
1385839649164169217
1385839668671942663
1385839690197069827
1385839723151691777
1385839723680342018
1385839761470889990
1385839772564918272
1385839792349491200
1385839838901858308
1385839839183097858
1385839925661077504
1385839936964792327
1385839971450322944
1385839974453370880
1385839994456231940
1385840013225590791
1385840066656980992
1385840105131151362
1385840125905489931
1385840151062933504
1385840180406456321
1385840218364809218
1385840230960295938
1385840247095775234
1385840262673362944
1385840283997327361
1385840295363895297
1385840296370442240
1385840334119133189
1385840344181317632
1385840380260732932
1385840382894690307
1385840404780621826
1385840424032489478
1385840443775127553
1385840446136410114
1385840452595851264
1385840473755975682
1385840487660081156
1385840502805647361
1385840523303211014
1385840552709525508
1385840600843313156
1385840629775749122
1385840663825063939
1385840671974731776
1385840675502149634
1385840698197307395
1385840723354800128
1385840749002911747
1385840755869061120
1385840786265186306
1385840795039805442
1385840799078825985
1385840837272162305
1385840881425555462
1385840898404241411
1385840900740317184
1385840911486181377
1385840924865925123
1385840942830260224
1385840987700858881
1385841003710590978
1385841012732403713
1385841027655913472
1385841107637047301
1385841152260198400
1385841157821722625
1385841168106377216
1385841183780270083
1385841187764850689
1385841191464275973
1385841223177490433
1385841225320697857
1385841239258370048
1385841244597886979
1385841247580037122
1385841259571408899
1385841267909791745
1385841268773724161
1385841271126863872
1385841282111524865
1385841298213535748
1385841303431172101
1385841312809644032
1385841328689348609
1385841329540718597
1385841347748405250
1385841354362789888
1385841367838904327
1385841435455279106
1385841444791881731
1385841449531490306
1385841463926288386
1385841468032667649
1385841468464635906
1385841484780474370
1385841488735703040
1385841492925747201
1385841502648156162
1385841506917961731
1385841507479982080
1385841510743257091
1385841554024173568
1385841583405223937
1385841611372998656
1385841614388563968
1385841619421646853
1385841661666762756
1385841673578553345
1385841679601569797
1385841703337275397
1385841706164178944
1385841725063761920
1385841741979283457
1385841742365093893
1385841768390819840
1385841804545708033
1385841811105763329
1385841827585138689
1385841853908541441
1385841869377052682
1385841888629039108
1385841919939383298
1385841957599989767
1385842004635041793
1385842006593785856
1385842038701101056
1385842053335064578
1385842066601783296
1385842142136918024
1385842145882349568
1385842176429420547
1385842204103614464
1385842219433791492
1385842244247179265
1385842331866259459
1385842345615052800
1385842367777808386
1385842406478684163
1385842444143525889
1385842446328766466
1385842546425794561
1385842611382935554
1385842634015473671
1385842676478582789
1385842677845987328
1385842716169445377
1385842756472426497
1385842760083705856
1385842798260199427
1385842808284618753
1385842830547976193
1385842832204865540
1385842839687290887
1385842846180073473
1385842856770695169
1385842876114890754
1385842905747578887
1385842905827340288
1385842945715183621
1385842964069449730
1385842971841601537
1385842974983036928
1385842999599325187
1385842999599374338
1385843009846222851
1385843031346192385
1385843039353069569
1385843060949536775
1385843107304939523
1385843111151095809
1385843122446356481
1385843134765043716
1385843179807670277
1385843196689780738
1385843206215114760
1385843220081487873
1385843232790040579
1385843233104793604
1385843238209130499
1385843244622180352
1385843267544264704
1385843284921110538
1385843298921713666
1385843301450878976
1385843310997221378
1385843313559756804
1385843313866153987
1385843323730993156
1385843330035159043
1385843351761526786
1385843357537095682
1385843403313844227
1385843419872956423
1385843426361495554
1385843441519763457
1385843453297364993
1385843462700888066
1385843502949429253
1385843516450906116
1385843546108960768
1385843594074812420
1385843597166014466
1385843616166289416
1385843647116058632
1385843647623561218
1385843661955428352
1385843692246769664
1385843704280268808
1385843706889179138
1385843756893540354
1385843775520530434
1385843822110855168
1385843833750138881
1385843859196841986
1385843887189774337
1385843903060791296
1385843909373222912
1385843909499121665
1385843930722234374
1385843960245936132
1385843963370803200
1385843988737888256
1385844046749339658
1385844046728474625
1385844047680401413
1385844053321740291
1385844065074302979
1385844106962870273
1385844200097394695
1385844231990808578
1385844253142568961
1385844265440272387
1385844353814384645
1385844366816776195
1385844387704459264
1385844388895526913
1385844389193338881
1385844432713433094
1385844435393601537
1385844437775917056
1385844500707348480
1385844546219790336
1385844547725320193
1385844565307887621
1385844589735600128
1385844675349671938
1385844695675379713
1385844720169938944
1385844781901877249
1385844786243031042
1385844805851394048
1385844806639706112
1385844848679292930
1385844854794620929
1385844870208655369
1385844874788982784
1385844887598243840
1385844916069220353
1385844978102931460
1385844992317345800
1385845005227491329
1385845042892328961
1385845084009152513
1385845131383775235
1385845145803894785
1385845170458005504
1385845231854235650
1385845239328374788
1385845248467869697
1385845316067368963
1385845354009174017
1385845380869287941
1385845473613733892
1385845484648992769
1385845497458425856
1385845529544855554
1385845557231448067
1385845580316954625
1385845696159490048
1385845699133120512
1385845731165020164
1385845755756388354
1385845788207722497
1385845818100523008
1385845820432527361
1385845827520839681
1385845834164543490
1385845882315149313
1385845961080070145
1385846030319685633
1385846071566376961
1385846091090993154
1385846106735607810
1385846197001334785
1385846262486888455
1385846304593653762
1385846304891363329
1385846311476506627
1385846353499017220
1385846381055643648
1385846487339311110
1385846501587382275
1385846509061558277
1385846550706987011
1385846551264653312
1385846569476448259
1385846580171870208
1385846596257017858
1385846621376815106
1385846622727380992
1385846654092279810
1385846693543829504
1385846726179934208
1385846727949836288
1385846799794114560
1385846807465431042
1385846847105863680
1385846850243031043
1385846890084843520
1385846923538702336
1385847046914023425
1385847054862331907
1385847058284916736
1385847098214555656
1385847118913425413
1385847140321087490
1385847158482509824
1385847160084762626
1385847185820905472
1385847188463423488
1385847190170464258
1385847223821299718
1385847234722336770
1385847287402881025
1385847312346337280
1385847338426585090
1385847350992637954
1385847395183779841
1385847413894639616
1385847437747802119
1385847443846144002
1385847451391717378
1385847463182020608
1385847474619752449
1385847507532406784
1385847535626067968
1385847594035957760
1385847624113164288
1385847675187249154
1385847686587326465
1385847765905801218
1385847805332398080
1385847830418497538
1385847910122807296
1385847936903368707
1385847992251392003
1385848011197124609
1385848027584290816
1385848034571931654
1385848073725915138
1385848080176607238
1385848106856730625
1385848135881089024
1385848154562596867
1385848183629221888
1385848193670389761
1385848313526824960
1385848340290719744
1385848352315781121
1385848390903242753
1385848423832723456
1385848430581460994
1385848439515226114
1385848470720839681
1385848593706360833
1385848629609603074
1385848630641299456
1385848665479294980
1385848681480429569
1385848687948091397
1385848735322755073
1385848764410171396
1385848857037348865
1385848902964887552
1385848949295271936
1385849077888323587
1385849087308832769
1385849138563010564
1385849140307914755
1385849148642111489
1385849211065753605
1385849233027305472
1385849333573201920
1385849429144621057
1385849514716798978
1385849526880145409
1385849527924576256
1385849574426877952
1385849597248081922
1385849671868846084
1385849733747466240
1385849767960457221
1385849796355887105
1385849821790150657
1385849877670813697
1385849879679836161
1385849919437606912
1385849926509334528
1385849941810089984
1385849965612732418
1385849984004739074
1385849995782410240
1385849999452422145
1385850001369219073
1385850011796361218
1385850056100753409
1385850060206841859
1385850090473103363
1385850109037096963
1385850134030868481
1385850234069078020
1385850273122291716
1385850275639042048
1385850321755426820
1385850337656033281
1385850339526647809
1385850372531568642
1385850381733871621
1385850389946241029
1385850404454424577
1385850414801711104
1385850419998453760
1385850430253518854
1385850464067985408
1385850489812697088
1385850492706861059
1385850507810455552
1385850518669385735
1385850527372779520
1385850530623328257
1385850540064755712
1385850554836930561
1385850630607147010
1385850652266569728
1385850668548857857
1385850668813099009
1385850702774292481
1385850732218359808
1385850748416585732
1385850800497438720
1385850819820593153
1385850906441363457
1385850924699209729
1385850927563874310
1385850944949264387
1385850962426830852
1385850963987111936
1385850964914040832
1385850966327578625
