1387949820338266113
1387949838852034563
1387949852877803526
1387949867331465218
1387949908901208069
1387949909391777793
1387949916337569794
1387949940895256582
1387949945483841537
1387949955365679115
1387949969529663489
1387949977125724162
1387950001783934977
1387950008943759364
1387950026094166016
1387950069954093057
1387950076786532355
1387950079227699205
1387950092330553347
1387950124425383940
1387950136526049286
1387950147271757828
1387950149754888195
1387950150593617925
1387950154569949184
1387950160735473668
1387950165215043585
1387950169262460929
1387950191219597316
1387950209917804547
1387950240628629505
1387950241870225409
1387950244294504451
1387950260090179584
1387950272702464000
1387950283402137601
1387950291572518915
1387950295045529603
1387950300175106051
1387950308815376384
1387950325508808706
1387950346979381249
1387950357784023041
1387950358832553996
1387950361990901768
1387950366373908481
1387950366625566721
1387950367565094920
1387950371595857921
1387950377471987716
1387950387190063107
1387950388880429056
1387950397197676546
1387950398854504451
1387950411223420928
1387950414306361349
1387950421709410306
1387950438465552387
1387950466219315203
1387950471696900101
1387950471764189188
1387950483038347269
1387950484229476360
1387950489854226435
1387950497814941697
1387950519616905217
1387950529058275328
1387950540223651845
1387950547412586501
1387950558217113606
1387950598889299973
1387950607802191875
1387950619982450691
1387950659878723591
1387950661115985923
1387950676462825473
1387950688056094720
1387950689662472197
1387950704803803136
1387950710348726277
1387950712626237441
1387950721669029889
1387950725674713096
1387950742229725189
1387950742300921860
1387950751012597762
1387950755923992577
1387950797246238722
1387950810248540162
1387950828418306049
1387950833883570177
1387950857103319041
1387950861041688582
1387950867702116355
1387950879567798274
1387950885502955525
1387950935268372488
1387950935297646594
1387950950334091266
1387950960660652034
1387950990054334467
1387951024456048642
1387951058253647876
1387951069700009987
1387951073785229313
1387951075546648580
1387951095176122368
1387951113693921284
1387951146304684032
1387951148259282944
1387951161458794502
1387951172745457664
1387951178286309377
1387951185093615623
1387951187534565380
1387951189942226946
1387951228563329024
1387951232329961477
1387951244669501445
1387951262449143808
1387951295626088458
1387951307894366209
1387951332645089286
1387951356992966663
1387951378136408065
1387951403935703043
1387951428472291330
1387951435157966849
1387951445488586752
1387951476799123464
1387951482734059529
1387951493328818178
1387951503445434370
1387951512261910532
1387951527235657729
1387951531039723523
1387951604410642432
1387951626946678784
1387951634081255424
1387951640028667910
1387951644898328576
1387951652683100160
1387951665186099202
1387951667048554496
1387951709167706112
1387951716478431234
1387951748413894660
1387951763399995392
1387951771696381955
1387951772593889281
1387951816474710018
1387951828533346306
1387951832287358980
1387951870312919040
1387951877409619968
1387951881381728270
1387951884380610568
1387951886121127938
1387951887253745666
1387951937815994374
1387951951325847566
1387951953284673539
1387951969516625920
1387951970091163657
1387951974159687684
1387951988609060865
1387952030174437376
1387952060935524352
1387952087175024643
1387952106607464453
1387952111288209410
1387952128791089163
1387952244516139012
1387952255744229395
1387952266754265090
1387952268348174338
1387952270277451776
1387952286366900232
1387952319522816000
1387952333364027394
1387952346509025283
1387952356663472132
1387952375290281986
1387952391954345985
1387952417841451008
1387952422429937670
1387952428977373184
1387952439777587200
1387952448267034632
1387952461470646278
1387952461751652353
1387952468861112320
1387952489719291911
1387952496031813636
1387952501534560259
1387952502935597067
1387952510795751428
1387952512305713156
1387952532132089856
1387952562251382788
1387952568773447682
1387952591464767490
1387952606199173121
1387952612998193159
1387952620153810947
1387952645676191756
1387952656526741511
1387952659634794500
1387952670493786112
1387952702903226368
1387952716723343361
1387952743248105476
1387952775179292675
1387952796696260613
1387952797505646592
1387952807509102596
1387952819152596993
1387952864245452802
1387952870251802625
1387952873565302785
1387952907635601411
1387952913423732742
1387952916187725825
1387952915999043584
1387952936089702403
1387952941001154560
1387952965617688579
1387952992264073223
1387952993568440321
1387952993853599744
1387952996479234052
1387953001663385606
1387953014707736580
1387953018839216135
1387953023079616513
1387953028704083968
1387953032063700994
1387953042075623428
1387953046710333441
1387953049675649027
1387953082215112704
1387953090674905090
1387953091757191169
1387953091992080390
1387953107670388739
1387953130290049041
1387953139370889216
1387953169297248259
1387953181188136978
1387953186929995776
1387953192822923267
1387953196098899970
1387953222443143168
1387953223638691845
1387953224456441860
1387953228978003981
1387953230659952640
1387953231666368513
1387953248347193349
1387953252499591168
1387953253275557888
1387953267460612096
1387953267829739523
1387953303837835265
1387953312121561090
1387953359231934468
1387953362541420544
1387953375698956290
1387953379125694469
1387953389175193600
1387953415980871680
1387953420515135494
1387953435157438472
1387953457685016586
1387953462789427205
1387953463498199043
1387953486097178628
1387953491029680129
1387953494641020934
1387953502270394374
1387953508133920770
1387953512877891588
1387953517344616450
1387953555567308801
1387953557735944196
1387953564853706752
1387953602333970437
1387953614467964929
1387953622290415619
1387953626681724929
1387953657849679872
1387953665802129411
1387953666519310337
1387953680792576000
1387953683040641024
1387953691664207875
1387953693836914691
1387953700124102656
1387953702955274243
1387953710383370241
1387953718973267969
1387953728930471938
1387953731187011587
1387953801215234054
1387953806088998915
1387953807364030474
1387953832781434883
1387953836795498504
1387953839135809540
1387953839899385865
1387953853396623360
1387953862179540996
1387953863974653961
1387953887768981513
1387953901132034048
1387953903736606720
1387953904722317314
1387953940587704325
1387953943569911813
1387953951409016836
1387953955599110144
1387954000633335809
1387954005142384642
1387954006081871883
1387954010037104653
1387954012259946496
1387954029544812545
1387954029549035525
1387954033378447364
1387954035911794690
1387954037610459136
1387954042555428866
1387954052974120963
1387954061471719430
1387954066832171008
1387954071156494336
1387954082678247427
1387954083609432064
1387954084095877122
1387954096775200770
1387954127569887234
1387954136533061632
1387954174143475714
1387954189976969217
1387954190740295680
1387954213779615747
1387954217646661634
1387954221090279428
1387954246360961029
1387954259342266371
1387954294133985280
1387954294221991937
1387954310898544642
1387954316590215168
1387954338002137090
1387954346609020928
1387954358420078596
1387954367593078786
1387954372601024514
1387954379559424000
1387954391332790276
1387954415026331648
1387954428720807938
1387954430297923585
1387954437763698693
1387954439890296832
1387954464410198020
1387954464737406980
1387954486547677186
1387954487541653505
1387954501332750336
1387954504583327747
1387954518411907073
1387954532345212928
1387954540557733891
1387954545104498689
1387954559763501056
1387954573130805257
1387954586934202376
1387954587974332417
1387954592697159681
1387954596547530758
1387954597218725890
1387954625781932032
1387954653896355841
1387954654529560578
1387954670023237634
1387954688071507970
1387954688298037257
1387954694367191051
1387954703829508100
1387954711475613699
1387954721391001604
1387954760209293312
1387954762629357569
1387954768560132096
1387954773060571137
1387954776680243200
1387954788009193473
1387954797366628353
1387954807059722241
1387954814013870088
1387954824000458755
1387954832435261441
1387954841000071171
1387954842979774468
1387954861749252097
1387954869324107776
1387954876936687617
1387954892300374017
1387954908150775811
1387954965319098369
1387954990984036355
1387954999427219461
1387955006997811200
1387955012853280768
1387955015244034050
1387955040715952137
1387955045141032960
1387955057086406660
1387955066263400449
1387955066880118787
1387955113268895749
1387955117547298816
1387955121112322051
1387955138627837956
1387955175395151875
1387955182852509699
1387955194068029445
1387955206399332354
1387955215480115200
1387955228746555396
1387955231174971392
1387955232852766724
1387955237072384004
1387955242025709568
1387955251790090246
1387955261315375107
1387955285348610048
1387955290306347009
1387955293238153217
1387955299135414276
1387955302629355521
1387955307700183050
1387955310074073089
1387955309738668039
1387955321415421954
1387955327077740546
1387955338113134592
1387955339606335491
1387955355930431488
1387955357763309580
1387955370358755332
1387955383239647233
1387955416475205632
1387955430282862597
1387955431805526027
1387955442727407617
1387955448561606659
1387955456748961801
1387955462121852939
1387955467754823682
1387955477426970627
1387955480299917312
1387955507202334720
1387955508871667718
1387955515578359808
1387955543495565324
1387955552555175936
1387955554694270978
1387955557362028544
1387955560100896768
1387955571551182850
1387955572272664580
1387955600571707402
1387955602698035200
1387955611745275909
1387955629847977984
1387955635732549632
1387955636323831811
1387955658725679107
1387955691747352577
1387955702384181249
1387955716552642566
1387955729496117248
1387955729743613961
1387955740401414146
1387955756624908288
1387955763545509888
1387955767790161920
1387955786307969025
1387955823872299009
1387955825067511810
1387955862900146179
1387955866360504320
1387955898329468929
1387955907091390470
1387955915110948872
1387955922031595527
1387955925668012035
1387955934945849351
1387955936703119360
1387955938028556297
1387955955619401731
1387955959637684230
1387955963190149121
1387955980248494085
1387955984568655873
1387955989438205953
1387955992357388289
1387955996933464067
1387956003954577408
1387956004424495104
1387956008769708036
1387956016051073029
1387956034203963399
1387956041401487360
1387956042143731714
1387956050767265796
1387956055301316616
1387956058644258817
1387956067209039874
1387956082933485569
1387956091254976514
1387956095277146112
1387956116265611275
1387956126625550339
1387956147689304069
1387956169252216839
1387956192685662211
1387956197077176323
1387956204945690628
1387956217981460480
1387956225799688192
1387956242685956102
1387956253138190337
1387956257559044098
1387956257714229250
1387956303562162176
1387956305634238466
1387956313536221187
1387956320951840769
1387956325129375748
1387956369307815936
1387956375775453186
1387956403478962183
1387956413767557126
1387956415763935233
1387956417659908097
1387956421216534532
1387956430955761671
1387956438572707841
1387956441890308098
1387956446394916864
1387956467844755457
1387956480008200193
1387956494818320395
1387956495715737600
1387956503492153345
1387956506881048577
1387956510018265091
1387956516561448960
1387956528934576129
1387956537080127491
1387956539030261763
1387956550858313734
1387956551420350469
1387956552397635586
1387956555060940801
1387956563424448524
1387956584525885446
1387956589076774913
1387956594164518916
1387956602343407617
1387956606273421313
1387956629866434570
1387956632127111173
1387956651483828226
1387956655850201088
1387956673822687234
1387956683557662725
1387956684023283712
1387956695742226438
1387956702000132104
1387956708404862977
1387956726268407808
1387956727832788994
1387956728990416903
1387956743527829504
1387956745830494208
1387956787152920576
1387956793784033285
1387956821764108291
1387956832509988866
1387956866798391298
1387956884590628871
1387956887602171907
1387956896250748928
1387956918006652929
1387956921555169282
1387956935266275330
1387956964878176257
1387956971370958848
1387956982661922816
1387956988538081283
1387956996578713600
1387957001708310537
1387957006699356165
1387957007429242880
1387957013653725185
1387957019512954884
1387957019462746112
1387957031689195523
1387957033807368192
1387957043210997774
1387957045576572928
1387957060671885312
1387957081458741254
1387957084218478593
1387957086265352194
1387957132163616771
1387957152103518216
1387957155345707014
1387957162916270082
1387957163117531136
1387957175432237058
1387957176497475585
1387957182025580546
1387957188623314946
1387957196596518916
1387957208621670408
1387957213180973062
1387957228460781569
1387957232118091776
1387957232315346945
1387957233116397569
1387957242062950403
1387957250451517440
1387957259058044929
1387957281342451714
1387957289878016005
1387957292994207746
1387957300602626048
1387957321943306240
1387957328327098371
1387957346563932160
1387957359159373831
1387957378021269509
1387957381502484480
1387957399051399169
1387957402830524416
1387957404982124551
1387957405942616069
1387957406693474307
1387957409507807234
1387957414692106244
1387957421918748674
1387957450419183619
1387957451144810499
1387957451434074115
1387957456551112705
1387957480898973697
1387957489023422465
1387957500662661123
1387957501304348673
1387957525711032327
1387957540038746113
1387957546544033799
1387957559949201409
1387957560511193090
1387957563128352773
1387957568757059588
1387957574419435522
1387957575166033925
1387957583198101511
1387957603100106752
1387957603758743555
1387957607894339591
1387957622033186820
1387957638630199299
1387957641683496960
1387957649673687041
1387957652077039617
1387957660008464388
1387957670829715456
1387957693273477120
1387957707265646596
1387957707605372928
1387957728237195266
1387957728337817600
1387957736760020992
1387957753734385664
1387957766174691329
1387957780745760780
1387957785162395648
1387957805408133121
1387957828183232519
1387957833229078528
1387957835305209859
1387957839277264897
1387957839000260608
1387957850144608257
1387957872252780548
1387957879450193924
1387957888459714561
1387957892112863233
1387957896156114945
1387957903080837124
1387957903454314499
1387957911624749056
1387957916855152646
1387957944831119374
1387957945871347712
1387957946173120514
1387957983053680643
1387957984458723330
1387957984945397761
1387957989349289984
1387957993619087364
1387957996710350851
1387958000900612096
1387958009565941764
1387958019884032004
1387958025323909122
1387958041601925121
1387958051009929217
1387958107142299649
1387958118731165697
1387958119997845508
1387958131569868803
1387958150666637316
1387958186053971972
1387958192726941697
1387958227594223619
1387958229699727361
1387958282585878535
1387958299266404356
1387958347014414336
1387958385757331459
1387958415666728960
1387958430942564359
1387958435388461060
1387958462315999239
1387958464853385217
1387958501188808708
1387958517370327041
1387958519714893828
1387958535737196547
1387958540841623552
1387958545665101825
1387958563134267394
1387958573494325253
1387958576640004097
1387958577474805762
1387958579303378946
1387958581711024131
1387958609238233092
1387958614556647427
1387958623360360450
1387958651114201091
1387958653001474052
1387958661981646851
1387958683120844803
1387958696865533952
1387958706961223680
1387958713697382404
1387958737021722626
1387958747256008708
1387958754423971844
1387958771461365762
1387958796882890752
1387958798136987648
1387958800456601600
1387958811193921540
1387958819179962373
1387958823793594368
1387958831888670724
1387958848477179904
1387958857079660545
1387958862817468419
1387958863194820608
1387958864901857281
1387958876402683907
1387958899299426304
1387958918505193477
1387958922661613568
1387958932623134720
1387958938998616064
1387958974847229954
1387958984942915585
1387959004496908289
1387959012172369920
1387959049703002116
1387959051527630854
1387959052584591360
1387959057663791106
1387959066409021445
1387959089213366273
1387959110193266690
1387959171367284743
1387959174877925376
1387959182985285634
1387959183186833408
1387959204430815234
1387959218301440003
1387959226769698818
1387959239780577291
1387959241730838534
1387959242963886084
1387959253890080782
1387959260844204032
1387959287314583554
1387959309330485251
1387959349956411395
1387959354469625857
1387959362375884801
1387959365198622727
1387959369396932609
1387959384765050880
1387959384215461889
1387959435763490818
1387959446102446081
1387959460526649351
1387959461415956483
1387959466319093768
1387959473780584449
1387959492004941824
1387959509390221313
1387959524032606212
1387959540084314119
1387959543250886657
1387959547822710792
1387959563287240705
1387959566843973636
1387959569096265731
1387959570853736457
1387959594425724930
1387959605691510787
1387959646669864960
1387959651908521986
1387959653380739074
1387959666651631620
1387959670120329223
1387959692031373312
1387959710045900803
1387959721563344899
1387959723798929411
1387959729012584449
1387959737015316483
1387959769500200963
1387959791624937473
1387959810344333313
1387959822054690823
1387959827066880002
1387959848290111493
1387959862018023424
1387959877805346819
1387959881647415296
1387959886080724994
1387959899708084227
1387959900282707968
1387959914224623619
1387959916686610432
1387959936651509764
1387959954313814019
1387959981400461314
1387959990640652293
1387960015273795586
1387960029379063811
1387960039080701958
1387960042792620044
1387960051688747015
1387960060270219268
1387960060819644416
1387960062384218113
1387960091891044355
1387960121142104064
1387960123759505411
1387960139597164564
1387960157066469376
1387960183792484356
1387960190536933380
1387960225181863952
1387960229405462529
1387960237047570432
1387960237240455168
1387960247667486723
1387960258891378692
1387960260376375300
1387960263538708482
1387960267816964099
1387960269360467969
1387960315481137157
1387960342794227712
1387960344262242308
1387960353682649089
1387960368534806533
1387960399253970947
1387960406174359555
1387960411987726336
1387960413074202627
1387960425900351489
1387960433005498372
1387960438437163011
1387960459286913028
1387960469802029061
1387960483718836225
1387960484838600705
1387960490454786050
1387960523627503618
1387960523707330572
1387960540396457986
1387960544116752386
1387960552220102657
1387960564563984389
1387960576094220295
1387960576765140993
1387960593865379845
1387960595933134849
1387960606544695297
1387960607337590789
1387960626098618368
1387960640577228802
1387960643358232577
1387960660303048707
1387960664161935361
1387960668242862080
1387960672693194763
1387960682927337480
1387960687918465026
1387960694998405124
1387960695036207120
1387960700035870722
1387960700371443713
1387960705937248257
1387960730217967616
1387960773981310977
1387960792381902851
1387960794860634118
1387960806218768386
1387960847553732610
1387960862326104066
1387960878356705303
1387960883687526405
1387960887361908744
1387960889576345606
1387960911399309317
1387960925114695684
1387960926582841346
1387960966466478082
1387960982270472193
1387961029947273216
1387961081889439748
1387961082531172353
1387961089892130816
1387961117331361795
1387961139540152321
1387961147928637447
1387961156266909698
1387961159165284355
1387961161287716865
1387961163296694273
1387961172448657413
1387961196750516226
1387961212617609217
1387961218686754820
1387961224000720899
1387961235996483585
1387961281601101826
1387961298739073025
1387961305500307456
1387961314471944192
1387961324794224645
1387961343081320453
1387961343316307973
1387961369979461632
1387961391924064263
1387961394948153344
1387961413025468421
1387961421623750656
1387961427953131520
1387961428804456450
1387961436467511296
1387961440926056450
1387961443937443842
1387961446730895364
1387961460274339843
1387961523612573698
1387961533079064578
1387961552184164355
1387961574942330886
1387961613022547971
1387961614385565701
1387961644777623560
1387961658786652163
1387961665245913088
1387961693230157825
1387961713593552903
1387961765137244165
1387961776646492162
1387961803217457152
1387961809970343937
1387961813543882753
1387961815578169350
1387961826571427843
1387961838000771075
1387961841675087879
1387961844694802432
1387961880937779202
1387961883605409792
1387961894842081282
1387961921245257729
1387961933630906368
1387961936701239303
1387961951599267841
1387961973019656198
1387961980355481601
1387961983908163584
1387961987938734080
1387961988731478018
1387961989729722369
1387962006184112134
1387962038526304257
1387962055697879040
1387962072412135429
1387962074882523137
1387962082566361090
1387962100782440466
1387962106603970560
1387962116418637828
1387962121309282306
1387962122462662658
1387962135150424067
1387962143849517060
1387962178796326916
1387962187524853760
1387962203458789378
1387962232747663363
1387962237554356225
1387962267338252291
1387962300066320384
1387962324959571979
1387962329581592583
1387962360665673745
1387962386116665345
1387962393171529728
1387962403309068291
1387962412968591361
1387962419591323651
1387962425274687495
1387962463128326144
1387962468119433221
1387962469654667269
1387962479238520840
1387962480450695168
1387962484884049920
1387962513069801473
1387962515800444937
1387962518887305218
1387962527343067138
1387962540232253444
1387962544543965187
1387962570582237191
1387962579419553796
1387962587992764419
1387962589016166400
1387962589791940608
1387962599128637451
1387962605789224967
1387962612877561857
1387962616413261829
1387962618120347655
1387962623254224902
1387962626190233601
1387962645022662656
1387962662873489409
1387962672075837442
1387962700811042817
1387962712727212034
1387962713142300672
1387962724022431750
1387962728342503427
1387962732046127104
1387962735497863177
1387962736416497667
1387962739952427015
1387962746277404676
1387962754586320896
1387962759472549888
1387962765864620034
1387962769572458496
1387962804229992449
1387962831966978048
1387962832352854022
1387962835054080001
1387962860219682817
1387962863587774470
1387962877546541060
1387962887017140227
1387962919497912323
1387962924623351809
1387962927290802178
1387962948165931009
1387962951018053633
1387962953572372480
1387962973185060873
1387962980038549505
1387962984975278082
1387962997432217609
1387962998946287620
1387963012988891136
1387963018110246912
1387963020358291456
1387963026469392384
1387963050972651544
1387963059449204741
1387963079489638412
1387963090608721921
1387963092491980814
1387963105095786496
1387963112913981442
1387963126478426113
1387963138201456640
1387963138822217728
1387963155192721408
1387963165296705547
1387963166009659396
1387963180056449027
1387963183541866501
1387963185207013386
1387963195885690880
1387963197018165249
1387963203238318084
1387963226814570505
1387963228655923200
1387963267516190724
1387963285958402048
1387963299334135809
1387963321647775744
1387963333328834561
1387963359119790083
1387963366812131329
1387963422344634373
1387963505404432385
1387963510932443136
1387963528095535106
1387963542951759873
1387963581749022720
1387963619523039232
1387963639584407552
1387963641404661760
1387963646173749250
1387963677677064192
1387963751329144835
1387963752910360585
1387963769968594950
1387963772908703744
1387963778248105988
1387963788117303303
1387963795008630790
1387963808560340998
1387963846971871233
1387963849865719810
1387963851413626880
1387963857423900672
1387963859621748742
1387963872800243714
1387963873739763712
1387963880991825929
1387963886503038976
1387963914378436612
1387963915758342145
1387963925996605440
1387963931583516676
1387963957445464072
1387963973803315206
1387963992082042881
1387964015825932291
1387964019038851073
1387964060038217728
1387964063335002114
1387964094431432708
1387964129445613574
1387964144570281987
1387964152845684737
1387964161691422721
1387964170734239745
1387964178078515205
1387964216817201153
1387964267060674567
1387964270302928898
1387964281858281477
1387964295183482883
1387964306730360833
1387964315001659401
1387964327840436225
1387964334408622081
1387964338577707011
1387964338636480513
1387964362367791107
1387964382592765952
1387964403916558336
1387964412833660930
1387964413043380225
1387964414322790400
1387964421989928961
1387964427148873734
1387964442906824707
1387964443540086785
1387964457775665155
1387964489832620032
1387964491120340995
1387964503736864768
1387964505494376448
1387964506039484417
1387964510552608777
1387964524511256576
1387964534137270273
1387964555452723202
1387964555804905475
1387964560070647808
1387964566219333633
1387964568148795399
1387964605373194244
1387964605788459016
1387964608720236545
1387964614265032704
1387964619415859200
1387964625405231104
1387964639707754498
1387964684779802624
1387964688202289153
1387964700013563908
1387964702505017348
1387964705340153856
1387964711631609856
1387964725053562880
1387964729646223361
1387964761615192072
1387964766572924928
1387964775553028100
1387964777364959233
1387964783337492481
1387964783954206724
1387964787338858500
1387964791885639683
1387964794599182342
1387964794825846784
1387964819052154881
1387964826178056195
1387964846692519939
1387964860059770884
1387964863243186180
1387964866112016386
1387964874651701249
1387964877042561030
1387964894444666884
