1365980050731003904
1365980159573131267
1365980174253228034
1365980264606883849
1365980281002463234
1365980290095677440
1365980335725502468
1365980348023271424
1365980348396494850
1365980525136121859
1365980574389731330
1365980592916037633
1365980744133324803
1365980760033886208
1365980804485181442
1365980886542520320
1365980901646233601
1365980985481977861
1365981022739976193
1365981150573973504
1365981276545630210
1365981283868844038
1365981316529938434
1365981339300876288
1365981339003064320
1365981356552052736
1365981371785764870
1365981424764002304
1365981442610786309
1365981483287076873
1365981490656538627
1365981527063068673
1365981529818677248
1365981533983621121
1365981649943617536
1365981709284610049
1365981736270761985
1365981765064605696
1365981825429098507
1365981847742734338
1365981863236554752
1365981864650018816
1365981902449106954
1365981920966942720
1365982077791989762
1365982081428328450
1365982103851139072
1365982128647921664
1365982178698539011
1365982208515846152
1365982224491888643
1365982272021798913
1365982327755669506
1365982405950070785
1365982508341469184
1365982530915205121
1365982609314996224
1365982626415263744
1365982703934398468
1365982728622112771
1365982750218604545
1365982781327609858
1365982889544835073
1365982900479537152
1365982977155563520
1365983024458981379
1365983109150351364
1365983246438301696
1365983264108855298
1365983271553761284
1365983335827308544
1365983438428332035
1365983445332197377
1365983476634288128
1365983505407234058
1365983616531111937
1365983691160305667
1365983700324913157
1365983711246835721
1365983766590726145
1365983813353037824
1365983880294072320
1365983918730706946
1365983920173555714
1365983927198957576
1365983987617968128
1365984238558920704
1365984390166241282
1365984409992716289
1365984438576898050
1365984455001706501
1365984541735813121
1365984549730189312
1365984557997129735
1365984607418544130
1365984693024403459
1365984783357140994
1365984794467827718
1365984844791037953
1365984936784764933
1365984951309639681
1365984982590754824
1365985015956439042
1365985019840188421
1365985085300875269
1365985127189409793
1365985143761043456
1365985207501914117
1365985208173027328
1365985268147322880
1365985402432221188
1365985456832266241
1365985546032582658
1365985593470185472
1365985631751573506
1365985743127085059
1365985766204129282
1365985790577299456
1365985867328876546
1365986030709592065
1365986289380597768
1365986408004022277
1365986504674332672
1365986577252560896
1365986599096442884
1365986603785736192
1365986653123313664
1365986859319492617
1365987015297294341
1365987018111606789
1365987078979391491
1365987160021729281
1365987230716751872
1365987302934216705
1365987344826785798
1365987362375892993
1365987375424278531
1365987461772562436
1365987526784253957
1365987537186086917
1365987539144744963
1365987564113588227
1365987580723003397
1365987599219851265
1365987774436954112
1365987777679134722
1365987841197682688
1365987860709404675
1365987906821763076
1365987938685829127
1365988001415901185
1365988006587478016
1365988024958521346
1365988025084170243
1365988049084166144
1365988060660264960
1365988094885965828
1365988147541245953
1365988166621093890
1365988237752356866
1365988288679542792
1365988352156196865
1365988366098059270
1365988388671750147
1365988394657021953
1365988530183307268
1365988608692391939
1365988673263665153
1365988822257917952
1365988910803742725
1365989060129521664
1365989098863751168
1365989120544296960
1365989135631093764
1365989198872776706
1365989279806205952
1365989447121182723
1365989623822974981
1365989661873741824
1365989683080163329
1365989823044071424
1365990007362760706
1365990007761227776
1365990042250989573
1365990122555125763
1365990137100967938
1365990163546046465
1365990258739998720
1365990306311786496
1365990460171427840
1365990538961387522
1365990546699923458
1365990626890829829
1365990639318499329
1365990721925308416
1365990893602406407
1365990895355592704
1365990910299955200
1365990977710813190
1365991125958463490
1365991156165787648
1365991189841915909
1365991193184624651
1365991231436828672
1365991384222740485
1365991397556424705
1365991442733219840
1365991572488216577
1365991664049815553
1365991694781407232
1365991699122634753
1365991770979459076
1365991788645908483
1365991810988838918
1365991842920230914
1365991881608474637
1365991883579785218
1365991902387052545
1365991903007821824
1365991934150475778
1365992000772841475
1365992086013693952
1365992123519152130
1365992132901756931
1365992353941643267
1365992454864785410
1365992478839627776
1365992480525717514
1365992614374301696
1365992635475759108
1365992659182120965
1365992714634985474
1365992759300096003
1365992765507723264
1365992820767666178
1365992903382761473
1365993010673168387
1365993085608620033
1365993109654560770
1365993148531548168
1365993161085100035
1365993194073243650
1365993230534328320
1365993311765475330
1365993317675245571
1365993364601135110
1365993446490701824
1365993561976696834
1365993563658584066
1365993619325407234
1365993756969689092
1365993849911463936
1365993897139273731
1365993989434986497
1365994198852399107
1365994219274440705
1365994280884441090
1365994418122096640
1365994538318393348
1365994638780338176
1365994656023068673
1365994690177241095
1365994692635201538
1365994732959195138
1365994826655760390
1365994911942791174
