1356452516725153792
1356453126212096000
1356453140975898624
1356453405879861248
1356453471067766784
1356453483059142657
1356453545160052739
1356453584024465408
1356453799590842368
1356453901717786624
1356453925696786432
1356454224918237184
1356454264709648384
1356454280094486529
1356454353352200195
1356454505009840128
1356454601483051008
1356455117919318017
1356455206691758080
1356455570740445187
1356455860139143168
1356456057703383042
1356456201245057024
1356456263526191108
1356456289476349953
1356456479855833089
1356456578241724417
1356456693559828480
1356456924623949827
1356456971755417601
1356457331584733184
1356457350463250432
1356457479966658562
1356457627241172994
1356457732950417409
1356457787451191296
1356457890408759297
1356457983149039616
1356458431511629828
1356458544187535360
1356458551267500033
1356458610096766983
1356458700798631936
1356458709703143424
1356458808814436353
1356458821070241794
1356458930755563520
1356459029476691968
1356459102738743299
1356459109676179456
1356459135689248768
1356459252076969984
1356459846158209026
1356460089000001538
1356460117689053185
1356460159472717825
1356460163641794561
1356460167680909312
1356460328238804994
1356460430261186561
1356460477836980230
1356460585005809664
1356460642157420545
1356460856108863488
1356460939558572034
1356460949431980038
1356461132240707592
1356461141547835392
1356461203002822656
1356461244639637504
1356461334079102977
1356461336578973698
1356461518980669441
1356461524236324866
1356461742281265153
1356461795410468867
1356461801580490753
1356461849802342401
1356461858211983360
1356461931117252612
1356461940478865408
1356461962239082497
1356461975832825856
1356462102530170884
1356462164056264705
1356462230120910849
1356462243223793669
1356462314334126080
1356462426254934016
1356462525475389441
1356462672162643968
1356462723438157827
1356462773924937728
1356462997787475968
1356462998576132096
1356463142457536512
1356463296887599106
1356463363774111744
1356463584092553217
1356463727713910785
1356463816947740678
1356463885071470593
1356464032597880837
1356464089682366464
1356464230963302403
1356464390002929665
1356464407899897857
1356465021736353795
1356465058235224064
1356465223553617923
1356465342663581702
1356466035164078087
1356466077597921284
1356466565705777152
1356466667652435968
1356466885194309633
1356466897278164995
1356467007462408193
1356467094955548672
