1356301301718646784
1356301310694465536
1356301375718699008
1356301432597733386
1356301464046612480
1356301465376206850
1356301534561112064
1356301608238211073
1356301642564579328
1356301658184159232
1356301737766871040
1356301776090234880
1356301821971587072
1356301848483950593
1356301866108379141
1356301965341454338
1356302036690735107
1356302203082989568
1356302322129915905
1356302327284641794
1356302390807420928
1356302433807380480
1356302439683600385
1356302460642590733
1356302572735365120
1356302644592128006
1356302663789535234
1356302733180096513
1356302872250560520
1356302899903516672
1356303106246639617
1356303123011293184
1356303138144333826
1356303154590199813
1356303170151055360
1356303185120534532
1356303370378649600
1356303411566800898
1356303477631299590
1356303641666314247
1356303763712180224
1356303876161466386
1356303965571395587
1356304047297474561
1356304067098791936
1356304112997068800
1356304398155194370
1356304405373583361
1356304483073060865
1356304497732153345
1356304557932949505
1356304618666520584
1356304676229148673
1356304829287694341
1356304838112518144
1356304924376772610
1356305059588534276
1356305086054625280
1356305155424182273
1356305196624850944
1356305199543984128
1356305219777404928
1356305229621424136
1356305248566923264
1356305255181541378
1356305299028770816
1356305477873885191
1356305495125094401
1356305512116203521
1356305526058070016
1356305542675918855
1356305907500646400
1356305937447985153
1356306000001839107
1356306142826291203
1356306144965357569
1356306174052888577
1356306205069729792
1356306259918663680
1356306344937218050
1356306378147688449
1356306527607525378
1356306624940486657
1356306638953738242
1356306755005927429
1356306790414168064
1356306839193808896
1356306862782566400
1356306892847513602
1356306900904763395
1356306938909356036
1356306969070600194
1356306969993342976
1356306971004174339
1356307027526561798
1356307092651401216
1356307269441495043
1356307293290328065
1356307321056464896
1356307418750320641
1356307647968866310
1356307651056046081
1356307653446742021
1356307663433441283
1356307671411023881
1356307712879943682
1356307755972362240
1356307770736340995
1356307845470445573
1356307876143357952
1356307928903401472
1356307942706868226
1356307959953948673
1356308013531934720
1356308033547218944
1356308156608086017
1356308278150639624
1356308313080737793
1356308385419898882
1356308426066776066
1356308625300598785
1356308689217609737
1356308722822352897
1356308735463981059
1356308832511782914
1356308938275303424
1356308972538626051
1356309036350795778
1356309041807560705
1356309219889213440
1356309312256286727
1356309388269596673
1356309412646969351
1356309413490024456
1356309434423791616
1356309445417062402
1356309449900744707
1356309560953212928
1356309570797379584
1356309793602940928
1356310109543165952
1356310191982006273
1356310259581771778
1356310268666667008
1356310296047050752
1356310382118395914
1356310416998199297
1356310477987405824
1356310652940271617
1356310703565660162
1356310784628895745
1356310828060971010
1356310853893693441
1356310890061189124
1356310912379060225
1356310951662907393
1356311024790511616
1356311027873419265
1356311097972822017
1356311125328076800
1356311190050320394
1356311247273095168
1356311308430405635
1356311375782400000
1356311469651091456
1356311517772341255
1356311601830264832
1356311623485566977
1356311657366970368
1356311706805407746
1356311908790513677
1356311923537678336
1356311993028931584
1356312015392829440
1356312071646928897
1356312247996358657
1356312279122370561
1356312352002609152
1356312351612407808
1356312372449832961
1356312433162334208
1356312505639989248
1356312573440897026
1356312606915629057
1356312630420336641
1356312880006787073
1356312881650950145
1356312894112227330
1356312936395001858
1356313018829844480
1356313019320573958
1356313083027795968
1356313110290833408
1356313127781072897
1356313150245777410
1356313182479003650
1356313236619079682
1356313254046396421
1356313273092681734
1356313354294452224
1356313389325172736
1356313425652166657
1356313560050184192
1356313564169056256
1356313732062736385
1356313862975451139
1356313877554847745
1356313939248881667
1356313973474418688
1356314124293201922
1356314176369676290
1356314307143716865
1356314348596158464
1356314568323117056
1356314593111498754
1356314623545286657
1356314725370486786
1356314903267713026
1356314945793699841
1356314969810161664
1356315109753237511
1356315118859145218
1356315138148732928
1356315170818158593
1356315238124179458
1356315272769138692
1356315272521531392
1356315299952422915
1356315310895280129
1356315409448906753
1356315415857811459
1356315452365017089
1356315504747667457
1356315516172955654
1356315574410727424
1356315687053099008
1356315736356966400
1356315833249751041
1356315865545846784
1356315953169117184
1356316016041713665
1356316239753326594
1356316260171186178
1356316276713422849
1356316353133600768
