1356875072481419272
1356875307920347136
1356875438782472196
1356875652985724928
1356875698867216385
1356875705053704192
1356875709453598722
1356875930212433920
1356875980875444224
1356876186568155137
1356876236312752128
1356876455943294977
1356876531415592960
1356876814895861762
1356876816279986181
1356876872169254912
1356877162930929665
1356877163471859712
1356877474752204802
1356877561050005505
1356877905545080832
1356877996267868162
1356878056300793860
1356878142649077760
1356878190690590722
1356878261532286976
1356878282566889473
1356878648033357824
1356878655033638913
1356878971447705600
1356879215988211712
1356879226276880384
1356879550962139136
1356879618830180352
1356879769653178371
1356879784022859777
1356879923542130688
1356880408168656898
1356880575290826753
1356880677803864067
1356880711169490946
1356880835392270337
1356880902069112832
1356881107707330560
1356881126996983811
1356881282240765953
1356881656058101760
1356881720281206784
1356881843262533633
1356881964058435584
1356881993527685126
1356882085571624961
1356882170061545474
1356882454167097344
1356882737450397696
1356882768811147264
1356882869684211713
1356882953578643456
1356883102199611392
1356883150320717824
1356883166624112641
1356883244462051330
1356883333314134016
1356883453342453762
1356883510443839488
1356883595726585857
1356883710671347714
1356883753243725829
1356883825209434118
1356883901961109505
1356884021314215936
1356884026909458440
1356884075735183361
1356884571984449536
1356884642855604224
1356885109253697537
1356885336039776257
1356885392876728320
1356885403911995393
1356885465744433152
1356885604722737153
1356885834549575682
1356885954078797825
1356886457873534977
1356886465402318850
1356886510172336129
1356886587796152320
1356886773775781888
1356887002076110849
1356887055821897732
1356887157147852802
1356887258738139136
1356887364128366592
1356887547134246912
1356887596819832833
1356887699450380288
1356887872704573441
1356887985325813761
1356888092477652992
1356888563502243844
1356888765504102400
1356888946110844928
1356889102071844864
1356889195311169537
1356889354149462018
1356889561658449921
1356889614695366656
1356889748074283009
1356889799630721025
1356889830525964291
1356890012239945729
1356890030623625216
1356890135749566464
