1363896300463390726
1363896330624643079
1363896330515439617
1363896421200535552
1363896434232279044
1363896464984932353
1363896494319788035
1363896506546348038
1363896551110811653
1363896558287208453
1363896566277410821
1363896567422472196
1363896588012294144
1363896595918520323
1363896619725320193
1363896669423734794
1363896689967443976
1363896714814488577
1363896717045870596
1363896733399326724
1363896767402631172
1363896789598928896
1363896792857923585
1363896793902235648
1363896812587859980
1363896845919940614
1363896877327015939
1363896885736591365
1363896904346718208
1363896951155159041
1363896972277673988
1363897048647483394
1363897096928067587
1363897139189981184
1363897157921742850
1363897168084484098
1363897182093467651
1363897203530563586
1363897216780431362
1363897276440141827
1363897315749150720
1363897320438333443
1363897337798684672
1363897338280951817
1363897415946956806
1363897418216058883
1363897466232459265
1363897500210495490
1363897511132422147
1363897518615052295
1363897541289459715
1363897582200778755
1363897587737198593
1363897609388105733
1363897646671355904
1363897658004414465
1363897693463052289
1363897756595666951
1363897793799192577
1363897804901474304
1363897812031782916
1363897816351965188
1363897883578273793
1363897900888113155
1363897919783378947
1363898006282506241
1363898008945975299
1363898022787170308
1363898066470916098
1363898083613024259
1363898133219008513
1363898166450528261
1363898220053630978
1363898228039708673
1363898238676434948
1363898278107086852
1363898287116472322
1363898288131432456
1363898312957382660
1363898351775793153
1363898366963429377
1363898382662725642
1363898420033818624
1363898494822592513
1363898515450195977
1363898573742571524
1363898588443668482
1363898602012241926
1363898637558906887
1363898659079917571
1363898674850463746
1363898680537931778
1363898687299211264
1363898688083525635
1363898729883910145
1363898746304667651
1363898822754263041
1363898834456358920
1363898841930563584
1363898843171934210
1363898860914036742
1363898936197607430
1363898985069613056
1363899013867700226
1363899098139623437
1363899122051383297
1363899190674350082
1363899218990141440
1363899237646401543
1363899240158748675
1363899249608577029
1363899253521666050
1363899270030626819
1363899272471584773
1363899278310187008
1363899379611021313
1363899388226117636
1363899418559315970
1363899421038153733
1363899440675901442
1363899473148203015
1363899494270701570
1363899558225395718
1363899560939159553
1363899584737652738
1363899609555304453
1363899643432734722
1363899775406456832
1363899789130276865
1363899795270680577
1363899806930845697
1363899811024494593
1363899811808874501
1363899843316510720
1363899891018326017
1363899927156248579
1363899952804601862
1363900017115861000
1363900021222080515
1363900079665537028
1363900145499275271
1363900163757064193
1363900223253274626
1363900233533505543
1363900235408429056
1363900280736219142
1363900331919175681
1363900344972021760
1363900368099418120
1363900392698953735
1363900394846486533
1363900407580418058
1363900435829043200
1363900457131913225
1363900519161413639
1363900559519064065
1363900619111677953
1363900622941155335
1363900629400354820
1363900644227219460
1363900672484143105
1363900680306630662
1363900725265379328
1363900771822166018
1363900788276400130
1363900807003983885
1363900821981782019
1363900852763848706
1363900866324025350
1363900878479097857
1363900915586056196
1363900963707322376
1363901018195509252
1363901027368529920
1363901128065351684
1363901148244152322
1363901177079992324
1363901186483642373
1363901204355575810
1363901217743777802
1363901228854476800
1363901242490064897
1363901285242728467
1363901383649464323
1363901428138467334
1363901495570272266
1363901510057414660
1363901535021858821
1363901542651355137
1363901573831798787
1363901627187552258
1363901651912978433
1363901653204815878
1363901739414532096
1363901820620443649
1363901845987602440
1363901863024865283
1363901869752528899
1363901870603984899
1363901890862448646
1363901915390705667
1363901929777061891
1363901953458200578
1363901956532686852
1363901986819735554
1363901992557568007
1363902004779573248
1363902057984516103
1363902058739470336
1363902066591154182
1363902114574008320
1363902133800738817
1363902154398986245
1363902163559342086
1363902222195646468
1363902238134001677
1363902272888012802
1363902278734807042
1363902289434603526
1363902349908062213
1363902367515705348
1363902368388182023
1363902545488445446
1363902561040883714
1363902562966077442
1363902579210522624
1363902583874736131
1363902584877166595
1363902617903001600
1363902622848200707
1363902637280747532
1363902657858068482
1363902696017788929
1363902702397325323
1363902710169423876
1363902778117079043
1363902786400829440
1363902822337687561
1363902824309010436
1363902837672062977
1363902875500498945
1363902880084881411
1363902950721130496
1363903013895757826
1363903030169640963
1363903052315586565
1363903052818886658
1363903088806002689
1363903132934283266
1363903138990817285
1363903141327106054
1363903165289148418
1363903190190596096
1363903214396047364
1363903267529510913
1363903275150569476
1363903309916999683
1363903327227039747
1363903348043350022
1363903431082082305
1363903492088299531
1363903551249002503
1363903576641273858
1363903577039790085
1363903623739146243
1363903643511103492
1363903652872785922
1363903694929018884
1363903743570423810
1363903827389386763
1363903882733248514
1363903893684551681
1363903914790289410
1363903921224359939
1363903963335192576
1363904081564229640
1363904092876193793
1363904096458137603
1363904114711748613
1363904141400096770
1363904161847398406
1363904179228397568
1363904200766275584
1363904225231724551
1363904254180794384
1363904288045625353
1363904314385833987
1363904323025952771
1363904355221573634
1363904358384099334
1363904363434041346
1363904372330094599
1363904397701492736
1363904459512938503
1363904479540752391
1363904489246318595
1363904490890493953
1363904498297679873
1363904503947395072
1363904533076856835
1363904537354903554
1363904614320410625
1363904633765326855
1363904637678460934
1363904670712754176
1363904733648474117
1363904753156173829
1363904757228851204
1363904777847996421
1363904801126318082
1363904817085763584
1363904839403663364
1363904869959147520
1363904872043708418
1363904884890882055
1363904893585612800
1363904914305515522
1363904989412794368
1363905016306753550
1363905042290532359
1363905058157584389
1363905092127195137
1363905108967362561
1363905172817207307
1363905209114775555
1363905210645704710
1363905236616765441
1363905245601013761
1363905273358909440
1363905315780128778
1363905343168917506
1363905361896423429
1363905381282557956
1363905498567741442
1363905517739999234
1363905524597620739
1363905541357989891
1363905552632471556
1363905564124667904
1363905572349890573
1363905619347050496
1363905625483333637
1363905670840537098
1363905707997806596
1363905718424920068
1363905747034152964
1363905780605460488
1363905796480905223
1363905830005870592
1363905861211607043
1363905955222745095
1363906001179664387
1363906033458892806
1363906044922122246
1363906076656214028
1363906092598763521
1363906131102375938
1363906198895009794
1363906200547569666
1363906299164061696
1363906299055005696
1363906308362153985
1363906309595226116
1363906330508095488
1363906331367858182
1363906331753787400
1363906382928498690
1363906458841194502
1363906465728200705
1363906489233141764
1363906526910554113
1363906542551130116
1363906573253435392
1363906579788095493
1363906599518093317
1363906617494827008
1363906651531530241
1363906670397636625
1363906713800347651
1363906782733729793
1363906838979248128
1363906881786413057
1363906945913077762
1363906990469091331
1363907013957345280
1363907016989753344
1363907043934040067
1363907052180041728
1363907053320892417
1363907098002812933
1363907109893640197
1363907163048079360
1363907194173931520
1363907199353905156
1363907202944237577
1363907227527114756
1363907244052664325
1363907253779259392
1363907297169313798
1363907370301218821
1363907382120701952
1363907458373210112
1363907459547594752
1363907489201348609
1363907573066436608
1363907580310024193
1363907590099406848
1363907605727301632
1363907659242610695
1363907669053104129
1363907670667710465
1363907676216950784
1363907679362707457
1363907756533682178
1363907806982643716
1363907820819607555
1363907844546961412
1363907907952259083
1363907915199971331
1363907933910814720
1363907945239613443
1363907965829349376
1363908012793081860
1363908050965307397
1363908066631168005
1363908083072778244
1363908100781137925
1363908120200810500
1363908164542885889
1363908267026624513
1363908285267542016
1363908299155005440
1363908377768787981
1363908390385197060
1363908456810430467
1363908493003079683
1363908515866308613
1363908604785549316
1363908607759294468
1363908608828792845
1363908655314264064
1363908666928332807
1363908675660824577
1363908678923915264
1363908712491081728
1363908749023469568
1363908751762350090
1363908764466876416
1363908772498989063
1363908815649914886
1363908817445031941
1363908833182113795
1363908851423195136
1363908887620026375
1363908889129996291
1363908913888972805
1363908945346056204
1363908957446799360
1363908975490654218
1363908982205788162
1363908990967697410
1363908993496870915
1363909017081290753
1363909044814176256
1363909051697008650
1363909139005661185
1363909189429579780
1363909193502089218
1363909203082018817
1363909238901387267
1363909273907060737
1363909274427133953
1363909283918807040
1363909310422667264
1363909316823031810
1363909323697647619
1363909325979332609
1363909358711693314
1363909371546259457
1363909372322136067
1363909386972909577
1363909387652333573
1363909389892149249
1363909432476844032
1363909442245455883
1363909442723606528
1363909442685829122
1363909448843075584
1363909454157279235
1363909463506305024
1363909475942424581
1363909484377219083
1363909494942683136
1363909497492676610
1363909506711883783
1363909515146625029
1363909529298173959
1363909542468321280
1363909551913803778
1363909556502429722
1363909559224586246
1363909563502764039
1363909572331765766
1363909601813528578
1363909605424852996
1363909621874761736
1363909632557785090
1363909636559167490
1363909640266866689
1363909641600725007
1363909650417082377
1363909656129716228
1363909660760244228
1363909662404395012
1363909664954601472
1363909682499383304
1363909683229192198
1363909698081198080
1363909728624128002
1363909739902476288
1363909744579076096
1363909745053163524
1363909745963397124
1363909746844176385
1363909748597399552
1363909768272900104
1363909769887629312
1363909779412963331
1363909786400612360
1363909790485872640
1363909792914407426
1363909794764103688
1363909799532986374
1363909812052844548
1363909814129197062
1363909823537033217
1363909824145207299
1363909827550978056
1363909836317065216
1363909876594839560
1363909881355530245
1363909884794798082
1363909891283369988
1363909914687639556
1363909920635117568
1363909922380001280
1363909948212727814
1363909949970132992
1363909958534897664
1363909981758754825
1363910018219843584
1363910023215276038
1363910026251952136
1363910051434430468
1363910066861178886
1363910074465284097
1363910078986788865
1363910079687184384
1363910111643729925
1363910112176463875
1363910117402562560
1363910127884120070
1363910129142423559
1363910135664492547
1363910190135996423
1363910205734604800
1363910209702416391
1363910253574692868
1363910267046871044
1363910270809231362
1363910276496637954
1363910282888704002
1363910315658801159
1363910326731878404
1363910327092588546
1363910337683218433
1363910363893428226
1363910369899610114
1363910375167700997
1363910400937492483
1363910414900350979
1363910417505013761
1363910437180473350
1363910446818881536
1363910463617048576
1363910494474665993
1363910521934741504
1363910523667046401
1363910525969715206
1363910531577479169
1363910534303789061
1363910550724485123
1363910560023207937
1363910564427169793
1363910568671924231
1363910573985918978
1363910574447337474
1363910574581678081
1363910575227629571
1363910594550784002
1363910597306314752
1363910605955022848
1363910616952557580
1363910633029312526
1363910634262458374
1363910651991703559
1363910692647149575
1363910694605901826
1363910695906017280
1363910703007096836
1363910708329594888
1363910735991029762
1363910743846916098
1363910781046153216
1363910797014011907
1363910809907318789
1363910814483243014
1363910823584944133
1363910836578881540
1363910858494140421
1363910867398647809
1363910898277093381
1363910908926377984
1363910916169957380
1363910917570793473
1363910954308620291
1363910968934293506
1363911001591197701
1363911005328334850
1363911025192546308
1363911029529468934
1363911041512480768
1363911043836215296
1363911045488603138
1363911055030820864
1363911059640373252
1363911103495962630
1363911126602240004
1363911139151724549
1363911186270543873
1363911196366286854
1363911229312540674
1363911231325806592
1363911245510901763
1363911258131419136
1363911258261630982
1363911287030317063
1363911292965302272
1363911300095565825
1363911307263676421
1363911313588580352
1363911316633714690
1363911334363021313
1363911341132689408
1363911359512141834
1363911402361139202
