1359306216841699332
1359306261494444034
1359306266410160136
1359306277806092291
1359306299213815808
1359306341916037121
1359306351416119298
1359306488947343368
1359306491036114945
1359306648020541440
1359306767407144963
1359306775258931203
1359306790211624960
1359306852220231682
1359306874508767236
1359306893810937856
1359307023662256130
1359307024811646980
1359307156483420165
1359307230777118726
1359307246765826054
1359307283180756992
1359307324104577024
1359307337639493635
1359307352911052800
1359307447299502080
1359307448817831940
1359307455126241281
1359307471333044228
1359307531181522947
1359307583081877511
1359307652430446593
1359307691970097152
1359307773800980480
1359307930705747970
1359307980362182657
1359307992575991814
1359308102013747201
1359308133273751554
1359308187304947714
1359308192002543619
1359308227926650880
1359308258335408128
1359308362547146753
1359308393773694978
1359308464854425604
1359308591065419777
1359308615362961408
1359308692525613059
1359308758212567042
1359308772523577346
1359308822972661761
1359308843285688326
1359308843394633729
1359308860142415878
1359308899636162562
1359308986907041803
1359309051679621126
1359309295939125250
1359309317229404167
1359309350494343176
1359309359688388610
1359309459626016769
1359309528773320704
1359309567121903617
1359309590391848961
1359309593952858117
1359309654426341377
1359309664538660867
1359309759275429890
1359309784504291334
1359309788669243392
1359309860349743105
1359309913051201537
1359310033155104769
1359310038146445312
1359310062444048391
1359310076381691919
1359310243960913924
1359310324915183623
1359310348638060546
1359310376253407233
1359310458373685250
1359310516594868225
1359310630470242305
1359310645737320448
1359310745641574401
1359310857960738817
1359311170935656448
1359311298517999616
1359311554282459136
1359311731265306624
1359311775951245315
1359311896126521345
1359311926044598273
1359311994982047747
1359312040750415877
1359312053245251587
1359312166046883849
1359312175689564162
1359312228936220672
1359312279557275649
1359312371815047175
1359312393080348676
1359312425250603008
1359312435266678789
1359312587050127362
1359312764494307334
1359312827337605120
1359312950532579328
1359312982799310849
1359313087195676674
1359313159799111681
1359313171429924866
1359313195769487361
1359313207089893377
1359313298609623042
1359313386824114178
1359313626704789504
1359313651677724673
1359313703896760321
1359313770774892546
1359313828157132800
1359313985653387272
1359313990082469888
1359314062685929474
1359314078838239233
1359314177672683521
1359314217162203136
1359314241468178435
1359314325979152391
1359314358589919232
1359314375060803584
1359314420241940482
1359314520724955137
1359314555466227714
1359314872752824322
1359314885570682880
1359314909041950729
1359315014025310209
1359315018668507136
1359315163468365826
1359315301293293570
1359315411678883843
1359315461096243205
1359315463499517952
1359315483791675400
1359315509020270597
1359315537721847808
1359315600946978817
1359315604302303235
1359315606349246472
1359315632983048193
1359315739270918156
1359315793733951488
1359315864328179717
1359315870669885444
1359315874067476483
1359315939439726594
1359315961451450368
1359316053306839041
1359316066598551552
1359316172152438785
1359316182315110401
1359316253114916866
1359316294093340673
1359316333129838599
1359316393964023809
1359316566702186497
1359316619932151808
1359316653637517325
1359316777273065473
1359316791432941571
1359316850799071238
1359316859007299585
1359316915546697729
1359316969758064640
1359317153070120970
1359317183508185090
1359317281960939521
1359317327414775811
1359317332200484865
1359317481639321603
1359317493999931394
1359317538145005569
1359317550807609344
1359317709981437952
1359317769582497795
1359317863866134529
1359317971026411521
1359318214447144960
1359318250518155264
1359318329605971969
1359318346311819269
1359318368331923459
1359318377387409409
1359318402737844224
1359318417036173312
1359318455619629056
1359318736029720582
1359318775925940224
1359318818196230146
1359319000254144520
1359319312016769027
1359319405063192578
1359319433991188480
1359319454967021568
1359319515251822595
1359319721137430531
1359319749579137025
1359319984736976897
1359320084683124738
1359320091502993408
1359320182401867777
1359320204505849863
1359320277222625285
1359320361809178626
1359320380444467202
1359320467182555138
1359320561332191233
1359320642521354240
1359320722573692933
1359320784620118018
1359320856070148098
1359320874176958466
1359320942963552257
1359320978971627521
1359321004615602176
1359321062371123200
1359321133103865861
1359321137256140802
1359321155102982150
