1357026059871547395
1357026063617036290
1357026156793352193
1357026194177327110
1357026309864640514
1357026533723033602
1357026609157599233
1357026646709125124
1357026696772288513
1357026799495106560
1357026965677625349
1357027175740952576
1357027296746610690
1357027349859078153
1357027453336776710
1357027560698179587
1357027611394723840
1357027647268732933
1357027647969259522
1357027659109269506
1357027674275729410
1357027698858618880
1357027736460488704
1357027818878758916
1357027837065183235
1357027839271403526
1357027841364221953
1357027886037753856
1357027941159436292
1357028066552410124
1357028117563527175
1357028125469777921
1357028135280275457
1357028154884382723
1357028201327972356
1357028202598793221
1357028252154433541
1357028455792193538
1357028496975949824
1357028529226006531
1357028534250852360
1357028618820608007
1357028640286859265
1357028893979475970
1357028894356955139
1357029257541730307
1357029345848680454
1357029356204359682
1357029561817587715
1357029651567288322
1357029739530227712
1357029799026393092
1357029904722907144
1357029957894082562
1357030018854105088
1357030027100102656
1357030081839960070
1357030285288824833
1357030369745375234
1357030371725111298
1357030371834085380
1357030383678709761
1357030386572775426
1357030389559275521
1357030510275354624
1357030515736412160
1357030559155912704
1357030591636647937
1357030809597865984
1357030837825335298
1357030900811378691
1357030930599280642
1357030951767965700
1357031039827329024
1357031055258247170
1357031121113018368
1357031122165719051
1357031193821249536
1357031240453353472
1357031248288485377
1357031342710611968
1357031412394848262
1357031471538651136
1357031566535442435
1357031596747075585
1357031605571846147
1357031619316621312
1357031629601046532
1357031680758996994
1357031682591891458
1357031697519423488
1357031709112467457
1357031759234351104
1357031763655196673
1357031815253553153
1357031862502379527
1357031881699713024
1357031883293523972
1357031920685703169
1357031929242124291
1357032022498238476
1357032155067670530
1357032258318827521
1357032297627848707
1357032326279008256
1357032330184060930
1357032333895995395
1357032343555440640
1357032378972200962
1357032539244924940
1357032546836631552
1357032593858859008
1357032748230316032
1357032776139161602
1357032804576595969
1357032806069768195
1357032829008363523
1357032869605031940
1357032877532319747
1357032921085870080
1357032923497717760
1357033011716489218
1357033104356106241
1357033242218487808
1357033280755949572
1357033370589548547
1357033452873334790
1357033494925443074
1357033522754650112
1357033711636783107
1357033743236661255
1357033866628841472
1357033931384754178
1357034103669985280
1357034108124160001
1357034146326077446
1357034150293872641
1357034201992880128
1357034238177124353
1357034244015607811
1357034246356013059
1357034352501211142
1357034455500750856
1357034481538973697
1357034506633510916
1357034537381998595
1357034640662556678
1357034655678156803
1357034723508424707
1357034728038289409
1357034786058104833
1357034839497728000
1357034862121746433
1357034871626039297
1357034895663628289
1357034912281419788
1357034925233479682
1357034965251293184
1357035113125666818
1357035120360894470
1357035225763762176
1357035276841988099
1357035279199125507
1357035285100564481
1357035307267457026
1357035367270993921
1357035443640967168
1357035546632052744
1357035560242720768
1357035761309253644
1357035772516384775
1357035828988366848
1357035855731429392
1357035907044569094
1357035986530627585
1357035993443008514
1357036004813795331
1357036208078127105
1357036227195625472
1357036269545652232
1357036310037422080
1357036347752472578
1357036347979161600
1357036401976479747
1357036533094694913
1357036566288478213
1357036611930890248
1357036614447493120
1357036691337469956
1357036905632776192
1357036925794803712
1357036928579887104
1357036947089330181
1357037069307117568
1357037128216010757
1357037197715718145
1357037213473787904
1357037298576195584
1357037347964084224
1357037384400044032
1357037480957075456
1357037510635978755
1357037522107400196
1357037565124227072
1357037584749387783
1357037711782199298
1357037754182496257
1357037766761058304
1357037775527309312
1357037794179379200
1357037856544280578
1357037904065888256
1357037931215560705
1357037947846086658
1357037968423342081
1357037988715188225
1357038048815513602
1357038085637349376
1357038108433383426
1357038109741973504
1357038113781071877
1357038161197678596
1357038186984140800
1357038551632924678
1357038611355623424
1357038611678519302
1357038633744752644
1357038676061093888
1357038761801117697
1357038764602884103
1357038811209940992
1357038926016335873
1357039006211571713
1357039059009478656
1357039202492321792
1357039236529201153
1357039316539564033
1357039369488629762
1357039385682857986
1357039447246798849
1357039460895047692
1357039545049620490
1357039570072858629
1357039657494720517
1357039701304221699
1357039733684248577
1357039750402703363
1357039818182696961
1357039852852764674
1357039857302970370
1357039866156998657
1357039911635849216
1357039929067511812
1357039949414100992
1357039960122150915
1357039964702322690
1357040027000164354
1357040027553980422
1357040067227877377
1357040068196712448
1357040110383022085
1357040119686062083
1357040129379074048
1357040207762235401
1357040226569486343
1357040355271671809
1357040379246374912
1357040384044634113
1357040455133917185
1357040474561916933
1357040508191858695
1357040525791039490
1357040542966820870
1357040566492487684
1357040612097294341
1357040749725032449
1357040765860511744
1357040766925873155
1357040987986665473
1357041007125286912
