1358385059011702784
1358385105732063233
1358385146727129094
1358385203211862023
1358385434095718400
1358385612622094337
1358385644431638531
1358385726866542592
1358385767849066505
1358385896773488642
1358385911948398592
1358386020111310850
1358386030320246785
1358386049140064257
1358386056056492035
1358386087408861187
1358386121399545857
1358386171991252996
1358386289305862145
1358386297350492160
1358386417110499333
1358386437595557888
1358386437528371201
1358386511746637824
1358386517186662403
1358386554738204676
1358386786389512195
1358386794279153673
1358386796342706182
1358386841242595329
1358386893960929283
1358386957571809281
1358386973237469184
1358387070302097409
1358387188224978944
1358387239034753027
1358387270945013762
1358387308064604160
1358387376633114626
1358387419054235650
1358387456886849538
1358387546976264193
1358387565414412293
1358387571370303492
1358387741294092294
1358387742560903168
1358387850119696392
1358387860978753539
1358388216982822912
1358388274629382146
1358388335560040449
1358388385262493702
1358388471686000642
1358388924608053249
1358389088529899526
1358389269971283968
1358389321351503879
1358389394282074115
1358389548984774657
1358389758695673856
1358389763200471042
1358389785287561216
1358389833836728327
1358389929584316417
1358389986542952449
1358390051642744832
1358390088720412675
1358390103534665728
1358390134962593792
1358390153673285634
1358390316324122624
1358390318983507968
1358390325035810816
1358390371793960961
1358390377716342787
1358390604502360064
1358390680276635653
1358390686433894403
1358390847679705089
1358390857129459722
1358390866814136321
1358390892059627521
1358390917309292547
1358390946019356672
1358391060460929024
1358391063371743232
1358391164894928897
1358391376535257088
1358391391429283843
1358391474111545351
1358391493887721472
1358391589706547201
1358391886327799808
1358391909056659459
1358391977285464064
1358392208701853698
1358392262145761280
1358392281879879680
1358392289849204738
1358392390231408641
1358392451359256580
1358392523107037185
1358392588026466306
1358392642816651268
1358392710420430848
1358392887382216705
1358393107180568577
1358393241482108929
1358393466074640385
1358393606587834368
1358393677379497989
1358393777275228161
1358393802256510981
1358393829481611265
1358393834825261056
1358393891129540608
1358393928702124035
1358393944418181121
1358394052165656579
1358394123867332608
1358394146088706048
1358394197343170560
1358394502705082368
1358394585819586565
1358394586679369732
1358394674533253132
1358394687887986688
1358394820088242178
1358394820511879169
1358394938933846019
1358395116516503555
1358395190965329926
1358395196766093317
1358395307088875528
1358395675503951872
1358395717233049607
1358395725487493120
1358395962251747329
1358396012293808130
1358396013606825988
1358396104598040578
1358396158746451968
1358396538687471623
1358396631822041088
1358396698117169161
1358396933602217986
1358396964283547650
1358397078058237954
1358397092696268804
1358397236955262976
1358397269301690372
1358397316194054151
1358397367301644288
1358397378462679042
1358397448864030722
1358397552832479233
1358397845490040832
1358397948212748292
1358397955666022425
1358398048511156224
1358398077460238336
1358398173073539072
1358398341156122626
1358398376820281347
1358398392972492800
1358398436513615873
1358398539114704896
1358398555019497478
1358398623973838850
1358398890026954754
1358398899455688704
1358399064791015424
1358399093538770948
1358399098890592262
1358399121992859649
1358399157053063169
1358399284744396800
1358399359927345155
1358399409407594498
1358399518430007297
1358399663163002887
1358399713486209027
1358399832608673795
1358399966092402688
1358400032479858689
1358400046136504322
1358400071398789125
1358400073881812992
