1366191951704252416
1366191972692545539
1366192061674848257
1366192189760364544
1366192334019440642
1366192631919771651
1366192717462532098
1366192803357757442
1366192804519694344
1366192863147667457
1366192876527493122
1366192938309414914
1366193041594195971
1366193315297681412
1366193421828849666
1366193441953079298
1366193449314189312
1366193493828382722
1366193549318963200
1366193686091075588
1366193925577441280
1366193952894955521
1366193962978000899
1366194105064251401
1366194108717436931
1366194185318113280
1366194272463118343
1366194307795996676
1366194314217279488
1366194476490911747
1366194491288399873
1366194505641324544
1366194547831758848
1366194855521607680
1366194962606530566
1366195053476143104
1366195086619512834
1366195154097430532
1366195168274079746
1366195281843347458
1366195308162646023
1366195614896312320
1366195678620381186
1366195734723235841
1366195742046527492
1366195745477570560
1366195769435447298
1366195863924727809
1366195999518064640
1366196033282220034
1366196068724183041
1366196075225370631
1366196105071849472
1366196177373327360
1366196413114294277
1366196511961358337
1366196589962797060
1366196652705533952
1366196819856875525
1366196862034857985
1366197034441732098
1366197237345374210
1366197237718650880
1366197465234378753
1366197483005763593
1366197565381877761
1366197711607918596
1366197745216806912
1366197786031443972
1366197844017770498
1366197997852319748
1366198109546688512
1366198310831333379
1366198372688830467
1366198385527685120
1366198494101340162
1366198509695684608
1366198523440504841
1366198524841517058
1366198569460498432
1366198619859279872
1366198691015589892
1366198716646981635
1366198756367081475
1366198895882166276
1366198950202662913
1366198964224155650
1366199179882631168
1366199188791451652
1366199223264362497
1366199224875053063
1366199256978227200
1366199329749352449
1366199361458348033
1366199470212407297
1366199542996205570
1366199567394496514
1366199595689148417
1366199683736096772
1366199779823353860
1366199797783408641
1366200046048350209
1366200296393867276
1366200351163039746
1366200611256086528
1366200625885765635
1366200931411505154
1366200953997824008
1366200984851140610
1366201000088854528
1366201115063287814
1366201691071209473
1366201698063122432
1366201777113112582
1366201931799158785
1366202034525933568
1366202267813224448
1366202490023251969
1366202709892755460
1366202754427998208
1366202965594374144
1366203118594240516
1366203220494753792
1366203385846894597
1366203402737364993
1366203418008715269
1366203430428106752
1366203472723406850
1366203546476175361
1366203577773953030
1366203688222666754
1366203824650731528
1366203964702744576
1366204085129670656
1366204220832120832
1366204364432506882
1366204383353065477
1366204386930692100
1366204647929761799
1366204666762027018
1366204924183330818
1366205019532398593
1366205221215621121
1366205242598039554
1366205354485383171
1366205439680131075
1366205707087798273
1366205724695662593
1366205810947223556
1366205816454348804
1366205817091842048
1366206109468401664
1366206182197714946
1366206277127442433
1366206453606985733
