1360529132241620993
1360529209706352640
1360529350383312897
1360529380750094339
1360529661789433859
1360529713102532608
1360529725765083137
1360529764998610944
1360529936486858754
1360530034474237954
1360530040732217345
1360530046428012545
1360530115495665667
1360530154095857667
1360530211608133632
1360530339396005888
1360530440331923456
1360530451413278728
1360530479024377857
1360530757672968195
1360530845556232193
1360530874845048832
1360530894705078272
1360531002695839748
1360531005174648833
1360531061248303107
1360531191007485953
1360531264495878148
1360531274826452995
1360531336545652739
1360531372939440128
1360531496013021189
1360531502744956931
1360531546969571334
1360531641354117120
1360531680830894087
1360531700648968192
1360531724040560641
1360531736774475777
1360531815631642624
1360531824070561799
1360531849030692864
1360531890248290305
1360531909227479042
1360531936465346561
1360532005298003973
1360532260517208066
1360532286400327682
1360532315554783234
1360532431468720131
1360532524989100034
1360532603108024321
1360532622410084353
1360532674578960386
1360532676885757953
1360532719285977090
1360532741159288832
1360532756942438402
1360532923204657154
1360533027323957250
1360533046202687493
1360533049948127232
1360533073151094786
1360533144261201920
1360533153107095557
1360533187903049729
1360533202432065537
1360533267510919169
1360533275995947010
1360533299182133249
1360533337392041986
1360533348314189825
1360533372339179522
1360533383185633281
1360533417977339905
1360533483286855682
1360533559874838529
1360533586265468929
1360533616086966273
1360533626706944000
1360533656176099328
1360533890432139265
1360533982144679938
1360534102194212864
1360534118023372800
1360534210877001730
1360534315290009602
1360534375079813120
1360534633616707584
1360534716919803906
1360534722565320709
1360534747072585731
1360534885635620865
1360534954120126464
1360534979621629952
1360535014723649536
1360535042385182720
1360535052011122688
1360535106461515780
1360535211075915780
1360535222719107073
1360535341736751105
1360535360288210944
1360535384157995009
1360535406475792392
1360535438017126405
1360535511794913285
1360535553922523138
1360535723624050688
1360535746587803656
1360535760676524032
1360535809619865603
1360535882940448776
1360535944122744833
1360535980508291073
1360536022686261249
1360536033918648322
1360536174742409222
1360536207692881921
1360536372587556867
1360536409803804673
1360536543631409157
1360536557850152960
1360536769754664962
1360536823492038658
1360536825744523264
1360536846250500100
1360536892442177536
1360536944862765059
1360537022138519553
1360537064786247684
1360537106515378176
1360537308546666497
1360537561236701186
1360537574167707648
1360537575748849665
1360537619671646209
1360537780556808192
1360537789360721920
1360537803608702976
1360537964963651584
1360538025877471236
1360538034324791296
1360538067690541057
1360538147852017664
1360538266953388033
1360538268459237376
1360538291313856514
1360538374977843201
1360538393524994049
1360538433207336960
1360538481341136899
1360538599805059075
1360538686832730117
1360538759612293120
1360538809746784257
1360538857725427713
1360539105084465153
1360539107559170050
1360539123765944320
1360539269262020608
1360539281354326021
1360539291915595776
1360539347041345537
1360539378792112129
1360539831374286853
1360539926618648577
1360539970025496576
1360539999045898241
1360540004104216582
1360540449136664578
1360540452877963264
1360540533916065798
1360540643949506563
1360540897230790656
1360540914234531842
1360541003279593479
1360541068324986883
1360541168694616065
1360541286411902977
1360541360986738689
1360541391768715264
1360541454863642624
1360541461511630848
1360541483594616833
1360541485779677184
1360541529132195844
1360541574023827458
1360541978883207169
1360542215873978375
1360542260060954625
1360542410099613704
1360542700110454787
1360542749464776711
1360542763511672840
1360542794352320515
1360543017241882628
1360543223869968384
1360543232288030720
1360543630277156864
1360543642683928576
1360543760728342529
1360543949312708610
1360544089423245317
1360544181207379969
