1359230602344615940
1359230647387238400
1359230658632175616
1359230716886851586
1359230809828433921
1359230855965728779
1359230865990160387
1359230973544693764
1359231048694042636
1359231072647729158
1359231081329922052
1359231101848473606
1359231165044031494
1359231256714739713
1359231336813367300
1359231348922286081
1359231455310807044
1359231476638834688
1359231690556796928
1359231766494543875
1359231803203215362
1359231808416739329
1359231818210361350
1359231824904527876
1359231899177279498
1359231970694336512
1359231973764562956
1359231985307308035
1359232109790048264
1359232201955622917
1359232205671657472
1359232220976791554
1359232260675928070
1359232272902201344
1359232350102708228
1359232448131960836
1359232467551592458
1359232784603217928
1359232811564208131
1359232929277345794
1359232948457897984
1359233072399454208
1359233106499145728
1359233258257547266
1359233327316795392
1359233332370841600
1359233473584766980
1359233540748050432
1359233581017612293
1359233639872094210
1359233835947425801
1359234010568921089
1359234044668628997
1359234064654479367
1359234115556397056
1359234191578259457
1359234198163214338
1359234256237658117
1359234306837803019
1359234318355337220
1359234395115298816
1359234397032116227
1359234482251915267
1359234544461901828
1359234650841972740
1359234710015254529
1359234718122803206
1359234812771520513
1359235170604310539
1359235287105306624
1359235309855154178
1359235388905242629
1359235474473291776
1359235479988748288
1359235519914287105
1359235619709325314
1359235662357155842
1359235676160548864
1359235783996112897
1359235809497513992
1359235827012935684
1359235894645911555
1359235904125231104
1359235935825784837
1359235984894930947
1359235999679860737
1359236057074704387
1359236073264537600
1359236102175997957
1359236152289468416
1359236161969995782
1359236222334476292
1359236236574089226
1359236262096302081
1359236304433733635
1359236326671982593
1359236341104578562
1359236342954229763
1359236358519156738
1359236374428217344
1359236464450674689
1359236566519054343
1359236582381817858
1359236623771254794
1359236844223930372
1359236887089729539
1359236958174801927
1359236977292378114
1359237007709401091
1359237012138639360
1359237063497961472
1359237091628994560
1359237108658036744
1359237158809178112
1359237195865837569
1359237206943162380
1359237267445997570
1359237332117778432
1359237350707101701
1359237395040903168
1359237470458642432
1359237519603302406
1359237537865338890
1359237545566101508
1359237553321357314
1359237562343243788
1359237650088136705
1359237660804608001
1359237698914033671
1359237728609665025
1359237740668321799
1359237747999989768
1359237783206981638
1359237834377461762
1359237888169414661
1359237935070076932
1359237976463663109
1359238058244268036
1359238246019039237
1359238258555772930
1359238263224041474
1359238528408973313
1359238682142773251
1359238693597437952
1359238699280723971
1359238733351038986
1359238791026905095
1359238836560289801
1359239066127065096
1359239330984820741
1359239376966983680
1359239401801408518
1359239435393597448
1359239495044853761
1359239508219351043
1359239522731630603
1359239563261132809
1359239696891736066
1359239730051903497
1359239822506946569
1359239852227780618
1359239860259872773
1359239952970616833
1359240131966812163
1359240241870229508
1359240336707584008
1359240376205377543
1359240394752548870
1359240428307034113
1359240473836142593
1359240507122212864
1359240513224798210
1359240556434518018
1359240744100376576
1359240750026936320
1359240754720350209
1359240889604976640
1359240904591233028
1359241086980534274
1359241183885631488
1359241200499183616
1359241384893497347
1359241389746323459
1359241581488988163
1359241673855885312
1359241684974993419
1359241700284235777
1359241743087120389
1359241791623561227
1359241810141274115
1359241912134295558
1359241949887139842
1359241956228952069
1359242118221467651
1359242140438704130
1359242302628241409
1359242356357234692
1359242445456887812
1359242458845114375
1359242511500398598
1359242783802982401
1359242787175211010
1359242857866022913
1359242868494372875
1359242956687998982
1359243007346814981
1359243034559471632
1359243126288887809
1359243243188342792
1359243292970348545
1359243296971706372
1359243347764924418
1359243362054848513
1359243387015229447
1359243390949457920
1359243408813019144
1359243468850274304
1359243479784824832
1359243625377501185
1359243630083526659
1359243891719962630
1359243898879623173
1359243963815915523
1359243978508558338
1359244005058375683
1359244186969587712
1359244201398046722
1359244441114931200
1359244488649113605
1359244616785137667
1359244638759051264
1359244728894652423
1359244875909246977
1359244998219210754
1359245127647072256
1359245148266364933
1359245184114913282
1359245242256551936
1359245253786615811
1359245384749563908
1359245405704314881
1359245455188762626
1359245461652004864
1359245507764363266
1359245527003656193
1359245550642692096
1359245566912454656
1359245586759888897
