1358626757192998913
1358626947656536065
1358626985103089666
1358627092523454464
1358627109028044800
1358627192880717827
1358627356890386432
1358627455548989443
1358627515892391940
1358627518740193282
1358627622192877568
1358627787205210115
1358627907560742912
1358627949478633477
1358628018814504960
1358628028377559041
1358628286390300673
1358628467043160065
1358628613273227264
1358628881473929217
1358629026886205441
1358629105613361156
1358629169098293248
1358629259493789696
1358629326573473793
1358629496895791104
1358629506299355137
1358629555918016514
1358629653888593925
1358629670376386560
1358629703536570369
1358629855030484994
1358629890975821824
1358629983267225600
1358630153702707201
1358630173692866564
1358630183943561217
1358630252562370561
1358630311052124162
1358630376185462785
1358630383521312769
1358630569391706115
1358630598181494784
1358630747331063815
1358630835830878208
1358631167004663808
1358631191063232513
1358631246084112384
1358631246042173441
1358631285313388546
1358631292179513344
1358631320570785796
1358631336978894850
1358631362530451457
1358631450581618688
1358631462308839425
1358631465299267584
1358631479731920896
1358631750591602690
1358631814617702400
1358631823862079490
1358632200384647168
1358632669853216774
1358632773452517377
1358632774794674176
1358632867564314625
1358633258427113479
1358633411301281793
1358633442469023744
1358633538053021696
1358633569661440001
1358633654310739970
1358633751333412864
1358633782639792129
1358633882258579458
1358633889258893313
1358634019139842049
1358634097762070529
1358634263055327234
1358634273021038597
1358634315710533633
1358634356579983367
1358634381460480000
1358634681177149441
1358634835967963136
1358634850719305729
1358634899461259266
1358635096346140673
1358635111747522561
1358635145750790148
1358635149714366472
1358635340504981510
1358635366891352065
1358635547342815232
1358635551570599936
1358635551872536577
1358635733666258944
1358635779388506113
1358635945768148993
1358636371859173376
1358636551308124160
1358636723966595072
1358636780606676992
1358636842438955009
1358636885728399360
1358637007363334144
1358637024077611008
1358637420896485378
1358637535816257536
1358637575670497282
1358637630116810752
1358637718377553922
1358637856072335362
1358637873096925187
1358637932744216582
1358638010783432705
1358638129167667202
1358638266568699904
1358638285996908546
1358638401373818880
1358638521712599040
1358638573499518976
1358638690646523905
1358638741787561984
1358639012437757953
1358639071376080897
1358639465724579840
1358639467217752064
1358639488470298632
1358639496292569091
1358639504836468742
1358639539762327553
1358639572649996289
1358639633136025603
1358639722394914816
1358639776333783040
1358639786857291776
1358639797166833665
1358639803504369665
1358639869354856449
1358639949264789505
1358640005137203206
1358640106161147909
1358640114180771840
1358640457702510594
1358640468662185988
1358640493798838272
1358640628985450496
1358640706965950464
1358640803938238464
1358641005520560129
1358641178309128194
1358641339789938689
