1364983491260260359
1364983495114829824
1364983502043836417
1364983532590829573
1364983544393723906
1364983546532687874
1364983616166576128
1364983638723559424
1364983646369714177
1364983654607425536
1364983680519835653
1364983717454704642
1364983725621133313
1364983726019592194
1364983736358604801
1364983755954348032
1364983797331226633
1364983804545425410
1364983822530605059
1364983846492639242
1364983849416065026
1364983852733665281
1364983894727032837
1364983977493352448
1364983980865519617
1364983999513329664
1364984023886557187
1364984032451325959
1364984036331040771
1364984052923699200
1364984061752725511
1364984066680963078
1364984120930091018
1364984139846418433
1364984206971965447
1364984219420786691
1364984220695805956
1364984255865053186
1364984289759268867
1364984300660228099
1364984313851256832
1364984315059318784
1364984353055330311
1364984354401886209
1364984367592861696
1364984473373339648
1364984490922156034
1364984494953025536
1364984507540131842
1364984516423675904
1364984543166558215
1364984589903618051
1364984618890506240
1364984629095186433
1364984656093995015
1364984681578573830
1364984713094574085
1364984727279726598
1364984759361937410
1364984794883321857
1364984808850399233
1364984808980574213
1364984933144526850
1364984934293733376
1364984941688336386
1364984949712031753
1364984968779358208
1364984982658289667
1364984987758526465
1364985008885268482
1364985012081352711
1364985069325193218
1364985080091992067
1364985090510585857
1364985100442681345
1364985136840912896
1364985157195878408
1364985167421595649
1364985198883065862
1364985250477203457
1364985252817604616
1364985333213925378
1364985333163700224
1364985350771326979
1364985353959014410
1364985360565026825
1364985380521603081
1364985451409416192
1364985485760876544
1364985489795743750
1364985494833156097
1364985497744007171
1364985499283304448
1364985539099848708
1364985584977117196
1364985611455725572
1364985622662946825
1364985632402071558
1364985648529223683
1364985681143992320
1364985693043318792
1364985698277851144
1364985732759048195
1364985748827623432
1364985770428129282
1364985790866935818
1364985842910035971
1364985861323030528
1364985890544578560
1364985891341496321
1364985896261414913
1364985899633815552
1364985912678100994
1364985920563384321
1364985936585621512
1364985942621237250
1364985952813383683
1364986028273065991
1364986035336142852
1364986043422900239
1364986062674817027
1364986071759609862
1364986091980390402
1364986126189137921
1364986137995997185
1364986198607986693
1364986205809512450
1364986216131756035
1364986258234171398
1364986264118833152
1364986286134747140
1364986339729489920
1364986357786042368
1364986365813874693
1364986377717350404
1364986386584059904
1364986387989205001
1364986447326031876
1364986456519958528
1364986458143154177
1364986464291991564
1364986474773512195
1364986513428279299
1364986518222352388
1364986539776868353
1364986544105402368
1364986550338129925
1364986553387352064
1364986573192888328
1364986575344590848
1364986588661481473
1364986594223128578
1364986629895712768
1364986652343607299
1364986658517573642
1364986659352301568
1364986669431218180
1364986680181100544
1364986695435902982
1364986722967289865
1364986724603035652
1364986749513052173
1364986760590196736
1364986808392638471
1364986837874442240
1364986856451018752
1364986866198450183
1364986930811797506
1364986930946072577
1364986941964509195
1364986961619005441
1364986963212656645
1364987014635008002
1364987035547746308
1364987036986273792
1364987048315260928
1364987057999904773
1364987061749620737
1364987086420475905
1364987127549812739
1364987134126546949
1364987160873504770
1364987216431349760
1364987265408262149
1364987268776288260
1364987268918829058
1364987299474386946
1364987325025951744
1364987354998575108
1364987372736184320
1364987382144106499
1364987470983659524
1364987482639532041
1364987483692408833
1364987508224913409
1364987512481976320
1364987526939873285
1364987545814069251
1364987648847282176
1364987722235052041
1364987765226541058
1364987789234884615
1364987792938438661
1364987795832508416
1364987811259183105
1364987815583506433
1364987847380451329
1364987850589143048
1364987905488355328
1364987956931530755
1364987967811518471
1364987996584480772
1364988033053851651
1364988048765779972
1364988067191398400
1364988117426520070
1364988126419165186
1364988150242770950
1364988152994287619
1364988184078155779
1364988220094767106
1364988224968482817
1364988249371013120
1364988316983193602
1364988406657388547
1364988415574499329
1364988445148463109
1364988463330770946
1364988501528313861
1364988522403356672
1364988524768952323
1364988552354881537
1364988559455883266
1364988560575766529
1364988593152823297
1364988608449568770
1364988626212425730
1364988640632438792
1364988647481696262
1364988661910151176
1364988688497836037
1364988693950337027
1364988713659416577
1364988724392693768
1364988724736643082
1364988749654986752
1364988795309993984
1364988810157641729
1364988847960940545
1364988861605163015
1364988925228449796
1364988950088208384
1364988969524600836
1364988974901649411
1364988978257100808
1364988979079168002
1364989016966324224
1364989045265358858
1364989051984613379
1364989089766907905
1364989096909758467
1364989109001981966
1364989109756956685
1364989136831197186
1364989157408468999
1364989175750008833
1364989210214756357
1364989211678507013
1364989216015327234
1364989218074873860
1364989279961821184
1364989282247716865
1364989300555673600
1364989301692329986
1364989325038006277
1364989329798529025
1364989343425789956
1364989346437361667
1364989396676530187
1364989409138012163
1364989429660712960
1364989455996698626
1364989459947782147
1364989477052178433
1364989490083880964
1364989496849293314
1364989498036256769
1364989519683018757
1364989567741403149
1364989568307458055
1364989571545587713
1364989575047876619
1364989582564016131
1364989594962325508
1364989600591085569
1364989616164585472
1364989669809688576
1364989690089201667
1364989712780259329
1364989718526636033
1364989741888925700
1364989742539026433
1364989749371432967
1364989753318400002
1364989768782802954
1364989776462495747
1364989799308742657
1364989805814288386
1364989812885905409
1364989819781328897
1364989831089180672
1364989831621861382
1364989834863992839
1364989895295574016
1364989918934564869
1364989921937793043
1364989961708052481
1364989969870295040
1364989974869913601
1364989976920936449
1364990008873029633
1364990020378128392
1364990050111533063
1364990056042094593
1364990067262029825
1364990075822612480
1364990085784096770
1364990120911380480
1364990165400322050
1364990223181099009
1364990241589886981
1364990245041799175
1364990250972495875
1364990253119987712
1364990278659158016
1364990286196260870
1364990293368528898
1364990306068942854
1364990337312296961
1364990337404444674
1364990360234188800
1364990375757250561
1364990419805868032
1364990430639763459
1364990431147229184
1364990434687254534
1364990538995224576
1364990542589919232
1364990548386459653
1364990574596673547
1364990645207789570
1364990675616489477
1364990683933769729
1364990688308396036
1364990729441976323
1364990733699198982
1364990764967727106
1364990771158515712
1364990818411569155
1364990827160862728
1364990977522290690
1364990997671923718
1364991035399680004
1364991080396181512
1364991126835507206
1364991136776015874
1364991182183555073
1364991244594794504
1364991250391134208
1364991289931018248
1364991293898838019
1364991315402891268
1364991391462473735
1364991402770395141
1364991408482832386
1364991409858699264
1364991456902066177
1364991462421786625
1364991513411817476
1364991536409309189
1364991538527354890
1364991540960124929
1364991579077955590
1364991622795165705
1364991700511436810
1364991706119213056
1364991730030948356
1364991739996602372
1364991740772380673
1364991868308779015
1364991875309010948
1364991915591159813
1364991937825095681
1364991938227703808
1364991958637289478
1364991973619302401
1364992003868528641
1364992012039172096
1364992020440317952
1364992059111862275
1364992073930137600
1364992087675072519
1364992091936477188
1364992107514114052
1364992131853647877
1364992134856777739
1364992179035385860
1364992199922974725
1364992225814405127
1364992226783289348
1364992263194034176
1364992295414587394
1364992318638608384
1364992328935616513
1364992336552427520
1364992385105731585
1364992403682295816
1364992421159964673
1364992424326610948
1364992439531016193
1364992439556182017
1364992467628662787
1364992484187734026
1364992520493690881
1364992530543173641
1364992537644130314
1364992541452619781
1364992576797908994
1364992601930219533
1364992630791286785
1364992656137412610
1364992708159279106
1364992768012144640
1364992850140749830
1364992857673670657
1364992863528976388
1364992912833081348
1364992957087166468
1364993051412877314
1364993089883013121
1364993127094890501
1364993129716330501
1364993134808170500
1364993136695607301
1364993173580255235
1364993175517949952
1364993208703418372
1364993230492721152
1364993271148261384
1364993341167910914
1364993365759193088
1364993407286992901
1364993428694519815
1364993476455247872
1364993491378479104
1364993524966555652
1364993548714708994
1364993558005092360
1364993612870688770
1364993622156967941
1364993627731165184
1364993632080650255
1364993646261645312
1364993653437984768
1364993687063830528
1364993698853834753
1364993720890904579
1364993752973135878
1364993763483865088
1364993791128719364
1364993821843591173
1364993826943827974
1364993832144756751
1364993835143725059
1364993846925484036
1364993888709201922
1364993903632424961
1364993921252798464
1364993927535882240
1364993929851011080
1364994003754774535
1364994009903419395
1364994014659940359
1364994031361564672
1364994045844594689
1364994082825773057
1364994112575922177
1364994115469983756
1364994125859352580
1364994171103293442
1364994237750669315
1364994248991465475
1364994257442988032
1364994283015651338
1364994285972713477
1364994289785319429
1364994300396773377
1364994327949307911
1364994366691942401
1364994395129405442
1364994399420243968
1364994412141568002
1364994435625463811
1364994459625218048
1364994461705646081
1364994463823663104
1364994468584312834
1364994476029210630
1364994508488925192
1364994565900365830
1364994589216567296
1364994686071504899
1364994743621533701
1364994743663431681
1364994749980160001
1364994766065176577
1364994802048266243
1364994810181001228
1364994823124635648
1364994825116876802
1364994830317854721
1364994850727297027
1364994876161613827
1364994896994656258
1364994911070740489
1364994935070547972
1364994946114215942
1364995002431111168
1364995028410580997
1364995031195672576
1364995049294077959
1364995053249196035
1364995066692009988
1364995106785423360
1364995115169812493
1364995122459467785
1364995167359500298
1364995203644362753
1364995213349908482
1364995234862682113
1364995244685688834
1364995273999585282
1364995277812207617
1364995280433680384
1364995300113473542
1364995415268032519
1364995423035793409
1364995472365027333
1364995514920431618
1364995546813845505
1364995622550593541
1364995642586587136
1364995677625835523
1364995716788097025
1364995716951728131
1364995731262640131
1364995736870543362
1364995769674129408
1364995779778215942
1364995821842796545
1364995830558519297
1364995864758939652
1364995879577542661
1364995900603568128
1364995971076157440
1364996001900023808
1364996015351209988
1364996019738406915
1364996026428395520
1364996051367772163
1364996081847730182
1364996090798370818
1364996103221903362
1364996111593742336
1364996141633347585
1364996154631458818
1364996213838278657
1364996226677047298
1364996268582264833
1364996279651106816
1364996287720955905
1364996374220005377
1364996389957033985
1364996458890493952
1364996497482293251
1364996545561513987
1364996564712792066
1364996568194052097
1364996579766149126
1364996585260687360
1364996591434625028
1364996605636616193
1364996613312290818
1364996627086209027
1364996640235397121
1364996688939606017
1364996689971404804
1364996692676775941
1364996692886450176
1364996695310831616
1364996723769184258
1364996741058076674
1364996759433351168
1364996830459691015
1364996855432548355
1364996888366227457
1364996890371104768
1364996920708534275
1364996922486919175
1364996959652614144
1364996972688470016
1364997047120633857
1364997063730032640
1364997067056160773
1364997095480991746
1364997167794954241
1364997186593853444
1364997243896352772
1364997284467892228
1364997318710239233
1364997330114465795
1364997356874129412
1364997415078490114
1364997459143925761
1364997522205204484
1364997571186290690
1364997571396079618
1364997583903449088
1364997589557334017
1364997610696675329
1364997643068272641
1364997667143573504
1364997681479782401
1364997741126934529
1364997757845393410
1364997776170311684
1364997826971721732
1364997854847135745
1364997907003310087
1364997909725388803
1364997958052114435
1364997987907244032
1364997991816261633
1364998053329965062
1364998064377720833
1364998183076593664
1364998194866790401
1364998220368076800
1364998231323594752
1364998237807996930
1364998321236889600
1364998324663717889
1364998345765228544
1364998346784395265
1364998354652983305
1364998449926610944
1364998454502559744
1364998485846626305
1364998517769474048
1364998561549537280
1364998569460043779
