1464096556089491457
1464096562976591873
1464096566126518272
1464096570236882959
1464096571902119937
1464096575894999071
1464096578835206175
1464096583331422214
1464096584581402637
1464096585722175501
1464096587878055938
1464096588410802180
1464096590738571266
1464096592215035930
1464096597051117570
1464096599978688513
1464096612259487755
1464096614503567372
1464096616609107991
1464096621122179078
1464096622871199746
1464096623840088104
1464096641514754055
1464096643209474048
1464096649165230084
1464096656215920667
1464096660418613269
1464096661890744320
1464096665497915392
1464096665623834624
1464096666684956673
1464096679561474048
1464096680509202435
1464096704546816005
1464096706660909057
1464096707407335426
1464096728634650629
1464096729020649519
1464096730291523588
1464096739057618953
1464096741679058946
1464096743008587777
1464096744808009743
1464096746217345030
1464096758674657280
1464096759811035165
1464096764156334098
1464096770628079617
1464096775690756096
1464096777116733474
1464096786872684581
1464096790664339456
1464096791729610757
1464096799459790851
1464096808607567873
1464096810448736261
1464096813154193423
1464096816090075144
1464096819156164612
1464096819370151963
1464096821412778032
1464096823853862930
1464096826202943488
1464096827926532115
1464096831445553206
1464096835153317897
1464096836025733161
1464096837279748099
1464096837271375878
1464096838147973128
1464096848914759683
1464096851850711042
1464096856573501442
1464096857097846786
1464096863376789513
1464096863863382018
1464096864181964801
1464096873476542464
1464096874491695141
1464096874470723589
1464096877532442625
1464096878258130944
1464096879600406529
1464096889947623425
1464096891080114184
1464096893080850479
1464096895421202439
1464096898520866817
1464096917235847175
1464096922700943362
1464096927138598919
1464096931118993450
1464096936185712665
1464096939767566337
1464096944226250753
1464096948185665536
1464096950148599808
1464096953080303624
1464096960768528399
1464096962408370180
1464096963410939912
1464096969576566819
1464096970344042496
1464096978778869765
1464096984382459916
1464096985598808077
1464096992561303552
1464096995367284742
1464096997753901064
1464097005769216017
1464097005895045141
1464097007711178782
1464097011582390275
1464097012601737341
1464097018536677391
1464097023213326343
1464097024563765248
1464097026971422727
1464097031262253056
1464097032470028289
1464097033212420097
1464097034084880386
1464097042637066246
1464097050497273904
1464097051537465344
1464097059145928713
1464097068704624641
1464097071816921113
1464097072110522399
1464097078569668608
1464097079651758084
1464097081539317770
1464097084882046978
1464097087444766725
1464097089831731200
1464097092545122309
1464097093920956417
1464097101176926213
1464097102821150720
1464097107128864768
1464097108865298432
1464097116939243548
1464097118029680645
1464097139466899458
1464097142612627459
1464097149289910311
1464097157565272125
1464097157577855027
1464097159163359233
1464097164162859009
1464097168705261575
1464097169946787850
1464097170508894246
1464097171389616131
1464097175508504612
1464097182118604802
1464097196417060864
1464097198933692427
1464097199613100038
1464097205548056580
1464097205976023040
1464097208853471232
1464097220756525060
1464097221880729631
1464097227568205840
1464097229220712451
1464097235042406400
1464097236476784642
1464097243498045441
1464097245251268609
1464097254357278722
1464097279883759647
1464097282551255044
1464097283063042048
1464097288071041033
1464097291627810872
1464097298271674370
1464097300792238082
1464097305775128576
1464097307058655259
1464097313404637215
1464097315023732737
1464097318324428801
1464097320916508672
1464097327602356269
1464097332656582656
1464097338675318806
1464097340210483202
1464097341875671040
1464097358065532928
1464097360930213888
1464097361790128171
1464097363711119367
1464097375853498368
1464097381029400604
1464097391938781184
1464097392362410035
1464097396913229826
1464097405192654849
1464097411219931137
1464097419377790982
1464097434053734401
1464097440261365762
1464097449174315009
1464097449853734914
1464097459227951111
1464097468501704706
1464097471206866948
1464097474478436356
1464097476516855811
1464097477678751744
1464097486906216493
1464097492740444167
1464097495139508225
1464097502148317208
1464097504480350254
1464097506220855298
1464097510662754327
1464097516916338690
1464097524432654365
1464097524533321728
1464097528173973517
1464097528564092928
1464097529050460164
1464097533282635785
1464097540018688007
1464097540308094996
1464097542442995713
1464097570653753346
1464097570511278095
1464097573711462408
1464097574248403063
1464097590018985987
1464097591176613896
1464097602010501155
1464097620322750465
1464097622608826371
1464097624219394048
1464097634495262723
1464097634617020451
1464097640942030888
1464097645127995393
1464097649359921158
1464097665835225099
1464097666208514048
1464097668242673665
1464097669031546880
1464097671443009539
1464097672176889860
1464097680586645504
1464097682654306326
1464097690363514887
1464097704783482880
1464097705647558673
1464097706213658629
1464097711091814401
1464097711674707976
1464097715550314498
1464097726761684998
1464097737993953282
1464097742263832601
1464097744658780163
1464097746479108126
1464097749444403205
1464097753953288195
1464097755320700948
1464097755500978179
1464097761201045508
1464097768633421859
1464097769652580352
1464097770256617484
1464097770478845953
1464097782852112453
1464097784198582272
1464097796521349127
1464097808345141248
1464097809997647873
1464097810945560590
1464097819158065154
1464097819590021139
1464097820395270144
1464097825533349921
1464097827391426561
1464097843506040832
1464097845376659457
1464097855141031936
1464097862573248537
1464097869762289664
1464097875403673600
1464097876506726402
1464097886694690850
1464097888347197442
1464097889437687811
1464097894856900609
1464097912728735746
1464097917074124800
1464097927861784577
1464097929623343106
1464097929942032389
1464097930340708353
1464097931523412014
1464097931787583488
1464097935420018689
1464097938548801537
1464097939194794013
1464097945566027779
1464097947625291780
1464097953660821504
1464097954411651075
1464097955263172608
1464097955259027456
1464097956584378391
1464097959184842752
1464097960145342468
1464097961483243522
1464097962074656772
1464097963295264774
1464097973902577664
1464097974787657752
1464097978235375657
1464097979065847821
1464097988687581202
1464097991757811712
1464097998275760157
1464098000825896964
1464098005489963015
1464098006374912005
1464098006370717700
1464098013811339265
1464098015224942621
1464098018999873536
1464098020396519431
1464098026100707328
1464098029619728384
1464098039136669721
1464098040432709645
1464098042970193920
1464098045390376969
1464098047928020992
1464098051161661444
1464098052113723396
1464098053665673220
1464098057667198976
1464098061265752064
1464098064625455133
1464098065024000001
1464098070061273123
1464098074578456579
1464098079792062464
1464098088931532801
1464098098972610601
1464098104794304514
1464098105251356677
1464098105477918722
1464098116248952833
1464098118035722249
1464098122087505923
1464098129716858921
1464098139107835906
1464098142727684098
1464098155184730112
1464098164345032733
1464098168702914596
1464098179813576704
1464098181252272135
1464098185140391941
1464098188802019347
1464098189510774788
1464098195202527236
1464098204375412749
1464098212873052162
1464098213275783224
1464098218157953024
1464098218984325120
1464098220246716427
1464098230262714374
1464098230422151169
1464098231571210240
1464098245924245531
1464098248868593664
1464098255164243975
1464098258360356909
1464098267327778847
1464098267705139202
1464098267793395718
1464098276060192778
1464098277452828690
1464098280049102887
1464098280179175428
1464098280434921472
1464098280179126306
1464098285149306883
1464098287150059524
1464098296939565071
1464098300739551234
1464098304556511234
1464098310327779328
1464098314756898825
1464098316921147394
1464098317067972613
1464098319953797120
1464098322642259974
1464098323871068162
1464098326555643904
1464098328094855191
1464098337179717648
1464098339947905026
1464098340174450721
1464098341294419968
1464098342363877393
1464098349850710023
1464098363792576548
1464098364228734979
1464098364820176896
1464098366002851844
1464098368557305873
1464098376941719562
1464098378074181651
1464098380741758995
1464098381710573568
1464098381802860545
1464098382679527449
1464098387159044105
1464098406062694406
1464098414413635585
1464098431119421447
1464098435162853389
1464098439776456704
1464098441664024597
1464098447993171969
1464098450371403776
1464098450694451202
1464098451369521155
1464098464741007364
1464098470936002560
1464098477416271875
1464098480461336607
1464098493769863170
1464098495007133699
1464098501248307241
1464098526204358657
1464098526590291996
1464098531484962821
1464098533427097601
1464098534723047465
1464098545619902467
1464098548488687616
1464098548698468373
1464098549671415813
1464098562510233601
1464098571167354886
1464098572471783447
1464098576351604736
1464098579153227780
1464098579744792576
1464098582563278851
1464098586786938880
1464098586937937920
1464098588313669652
1464098598799429652
1464098609440477184
1464098616641929228
1464098622597910549
1464098626611855361
1464098627677212675
1464098629958914073
1464098629916971022
1464098632987201568
1464098633595375646
1464098635415633921
1464098639450681344
1464098639521927168
1464098648317382666
1464098653941821442
1464098664692035585
1464098664805138443
1464098668546506753
1464098689417240578
1464098690793099294
1464098694442143781
1464098696656793600
1464098697092890626
1464098697374011395
1464098699802464266
1464098701626863617
1464098702021251093
1464098703258439680
1464098703501840389
1464098721226969127
1464098725433786368
1464098728323653640
1464098732782272512
1464098736502624273
1464098738343866372
1464098748057931783
1464098748783632386
1464098758392696863
1464098758329733120
1464098759948701707
1464098759818706955
1464098765573267456
1464098765686591510
1464098769490825238
1464098775987855360
1464098776876929028
1464098777866719232
1464098785697615903
1464098793650065408
1464098793851277313
1464098794077777924
1464098797324226581
1464098798590906410
1464098802462126080
1464098805226381312
1464098812058812418
1464098813400993834
1464098815451930624
1464098821793796119
1464098837832900608
1464098842790354954
1464098846590464003
1464098848624758801
1464098856778436609
1464098866656022534
1464098873232744448
1464098874109349914
1464098876403634210
1464098877003419652
1464098884112764941
1464098894422364171
1464098898658533377
1464098904945795077
1464098906665623552
1464098907261050887
1464098907588284425
1464098909429518337
1464098915544879112
1464098918535417872
1464098919260975105
1464098930661429253
1464098931743285249
1464098934473695237
1464098940878475277
1464098954728067110
1464098957143986237
1464098958649741314
1464098959966752771
1464098963892551682
1464098966618861571
1464098981366038530
1464098984088195077
1464098985895940107
1464098988035035136
1464098988257284096
1464098988882284570
1464098991654719542
1464098997447053327
1464099003369410626
1464099005109919749
1464099021295808516
1464099028874973206
1464099031441821703
1464099046746898434
1464099048068055040
1464099050865795072
1464099054565085207
1464099058675503156
1464099059023630336
1464099060458004481
1464099062135803934
1464099064811769886
1464099075481952256
1464099079638634877
1464099087112884236
1464099090434723847
1464099093794410503
1464099101973303305
1464099104879878148
1464099107488813086
1464099110596792334
1464099111263686685
1464099120163999751
1464099122982572063
1464099126191087627
1464099126702919712
1464099135229857794
1464099136635031584
1464099138627416064
1464099139344646145
1464099143199379457
1464099151830945795
1464099151998701570
1464099153856778242
1464099165777055755
1464099169644204086
1464099170168496129
1464099175864356914
1464099184408158208
1464099186169761827
1464099186144595993
1464099187390304262
1464099194554105857
1464099196722507785
1464099201088901140
1464099203060219906
1464099210278563846
1464099210899378204
1464099211289321473
1464099217933226005
1464099218285547531
1464099220508401665
1464099231199727620
1464099248954384384
1464099252368392193
1464099266507411456
1464099270173339648
1464099281091055620
1464099281032335380
1464099282567454721
1464099285415305228
1464099286602371081
1464099288678637569
1464099290742149126
1464099292986159105
1464099296962232321
1464099300787507201
1464099302817550373
1464099305698967558
1464099310736343046
1464099311579394054
1464099313353576450
1464099316142854155
1464099327874375680
1464099334987780100
1464099338871836673
1464099345347670023
1464099352083845155
1464099353468051457
1464099357205090313
1464099357284782085
1464099358312304641
1464099359599968256
1464099374506594320
1464099377073508364
1464099377379643400
1464099379938217990
1464099388611956737
1464099393821458432
1464099396019179533
1464099401828290573
1464099403862470660
1464099406425247755
1464099410934124548
1464099412821614593
1464099416512421888
1464099416957018118
1464099416847970310
1464099427811938306
1464099431242878982
1464099439933485060
1464099444161331211
1464099454793961479
1464099458497531933
1464099460145893383
1464099460686909441
1464099471013335082
1464099474301603844
1464099477581492226
1464099489036259349
1464099502814420995
1464099504169177097
1464099504626487311
1464099505465294856
1464099533445603328
1464099536637419520
1464099537983787011
1464099551787118598
1464099553326649344
1464099558502240256
1464099560452595712
1464099562629439491
1464099562809802754
1464099564248518673
1464099566488199171
1464099566836404228
1464099569088675844
1464099574600060943
1464099578819530756
1464099583844179969
1464099586109231126
1464099591226331138
1464099610767544348
1464099618577338368
1464099622318706688
1464099652861579266
1464099658565832733
1464099665410936850
1464099668422500352
1464099668669788162
1464099669655670784
1464099676441956376
1464099682922090498
1464099683609890820
1464099684990033920
1464099695140163610
1464099699858685952
1464099704917086220
1464099710491193349
1464099713712541726
1464099715226615809
1464099717302808578
1464099726798770199
1464099727830437890
1464099729441443840
1464099731043323906
1464099734902165533
1464099736718217227
1464099736726687752
1464099740631584777
1464099753671675945
1464099758855766018
1464099760059600934
1464099779802189880
1464099782935203848
1464099786722725891
1464099787423186944
1464099788408901646
1464099798546481152
1464099804779270152
1464099823288733722
1464099826631594008
1464099834600701953
1464099849234747399
1464099852502061086
1464099856989966352
1464099860035031058
1464099861150715917
1464099866494259236
1464099867219742722
1464099878850678831
1464099896114434057
1464099897519525909
1464099898970755072
1464099902741434370
1464099904863625224
1464099910677057552
1464099916700028930
1464099931447250949
1464099935847010310
1464099935691821057
1464099939663892550
1464099950745333760
1464099956978077697
1464099957586071552
1464099962162073600
1464099977106444289
1464099977207042049
1464099982022168596
1464099988653363204
1464099990188576769
1464099993187405874
1464100001454379023
1464100002540703779
1464100003341737988
1464100016125984773
1464100016155463681
1464100028390199320
1464100035730153475
1464100036103577600
1464100036757778434
1464100041954451457
1464100048866721792
1464100054143160321
1464100058291392517
1464100067481030657
1464100069808893957
1464100069754425367
1464100074124890119
1464100075123134480
1464100086863044608
1464100095100473344
1464100103451398148
1464100111479238659
1464100111768768517
1464100116831297537
1464100122510327808
1464100124066410501
1464100125190541335
1464100137928511489
1464100143238631451
1464100143486095383
1464100151497162755
1464100155913736195
1464100158124089347
1464100159319592991
1464100159206346787
1464100164730245144
1464100170434498574
1464100175975120897
1464100179431280666
1464100198158848000
1464100199710736384
1464100202516729893
1464100225560186880
1464100227292483586
1464100235790061572
1464100236209520640
1464100241913827352
1464100242257760275
1464100249539072021
1464100250025545740
1464100257487278126
1464100257931821059
1464100260167438344
1464100262759448581
1464100263493521462
1464100264474988559
1464100282573410335
1464100285710684160
1464100286314680323
1464100292459384857
1464100294577385474
1464100298964750363
1464100299602284552
1464100299530981481
1464100300214652938
1464100309869862913
1464100310188707881
1464100318367551496
1464100334100312067
1464100337820778499
1464100341645987841
1464100344577806363
1464100348042301440
1464100349145276416
1464100351477387266
1464100368489533468
1464100377410748419
1464100379444989955
1464100379688325145
1464100394376777733
1464100395324690462
1464100396742238212
1464100400114585646
1464100422180753409
1464100426018664448
1464100429759926286
1464100434671378436
1464100435959107628
1464100439897559046
1464100444683194369
1464100447866736656
1464100456305676314
1464100456444174337
1464100466602561543
1464100479160438793
1464100485929979906
1464100500110987280
1464100505311924261
1464100505685094405
1464100506570215431
1464100514186993668
1464100515122401301
1464100516762324992
1464100529638760457
1464100532600164353
1464100533153665026
1464100533996826642
1464100533803888651
1464100536832049155
1464100538270765064
1464100542020349953
1464100546390855683
1464100547187724290
1464100549217849349
1464100552371933189
1464100557333880835
1464100564044820492
1464100566389301251
1464100576308785154
1464100582713487361
1464100584311693313
1464100584777265170
1464100591055953922
1464100602888269836
1464100613344616453
1464100615986941952
1464100616897122306
1464100626393178112
1464100632873295876
1464100640217395204
1464100645502259202
1464100663005229080
1464100664536186881
1464100667023413248
1464100668172611589
1464100668965519362
1464100673004482562
1464100672937205763
1464100673679626244
1464100679061053448
1464100694085017603
1464100696513388548
1464100697520041984
1464100701227732993
1464100705858326532
1464100707141890063
1464100711621279744
1464100711877259274
1464100722476126212
1464100725240352769
1464100726771269633
1464100731909066758
1464100745687584770
1464100746081628164
1464100746907947008
1464100748577304578
1464100750078922755
1464100754260594690
1464100755732934656
1464100756370436105
1464100762573754372
1464100773449641993
1464100774338654216
1464100780785508356
1464100780756004867
1464100781318103040
1464100783457288197
1464100800712495105
1464100812389433347
1464100815518453762
1464100815568875520
1464100815950553088
1464100823470854144
1464100828449550371
1464100828172726289
1464100829984526336
1464100832010452997
1464100834237509633
1464100843351949314
1464100844455014409
1464100845377576960
1464100845822300161
1464100850989740035
1464100851258175499
1464100859172827143
1464100864826785796
1464100867364114434
1464100867297058818
1464100867532075013
1464100869453066255
1464100877443026945
1464100880744128517
1464100885043240960
1464100889950576640
1464100904760713219
1464100904957849601
1464100911412883463
1464100922670288898
1464100923333136386
1464100927200284674
1464100935244918793
1464100936633274372
1464100940533747714
1464100950193291271
1464100952097632268
1464100952844259328
1464100957747359746
1464100959278170112
1464100962973282304
1464100970133086209
1464100971445993475
1464100976139374595
1464100983093538829
1464100984527867904
1464100997991743488
1464100999111405572
1464101003628716040
1464101004392087555
1464101007177043968
1464101011304468482
1464101017063092228
1464101032477315072
1464101037921476614
1464101039867502595
1464101041150980097
1464101053801115662
1464101056548413443
1464101062416080899
1464101064555253761
1464101065544978436
1464101072532905989
1464101073099100162
1464101077800738816
1464101085380030468
1464101096113119234
1464101102261997569
1464101102614310912
1464101105923551236
1464101109253947394
1464101109220397056
1464101110386470933
1464101113615949826
1464101127302127617
1464101132465160194
1464101134210154499
1464101139180363776
1464101150983168000
1464101160177045507
1464101180661850116
1464101184914944003
1464101200320675840
1464101206373117962
1464101214543654912
1464101222189731845
1464101230461038594
1464101238648164364
1464101251537412096
1464101252393021445
1464101253697478660
1464101260492214276
1464101265810599950
1464101267421102085
1464101271577808896
1464101273246973953
1464101273922383875
1464101276589826056
1464101277013405696
1464101278301130759
1464101287042203651
1464101288048799745
1464101289214816271
1464101291840491520
1464101296424853504
1464101299599777794
1464101312526757888
1464101317874360323
1464101317975158794
1464101320865062913
1464101323628974087
1464101324140822528
1464101325545697286
1464101333384896517
1464101335586906116
1464101343430389763
1464101350975758339
1464101355698757634
1464101356877357056
1464101359649648644
1464101361717420036
1464101363235753984
1464101363978096653
1464101364099739648
1464101374883418113
1464101377500598279
1464101381128826880
1464101384790421528
1464101391551672326
1464101396060377090
1464101397033484289
1464101397750820875
1464101398350606350
1464101399948636161
1464101408253353985
1464101413169119235
1464101416595828749
1464101418353270784
1464101421595439111
1464101442642485250
1464101444102074394
1464101450540146691
1464101452897390595
1464101454067773440
1464101457293152256
1464101464318492675
1464101464599633922
1464101469645201414
1464101470417137687
1464101487181631499
1464101496451182592
1464101500116951042
1464101504776876045
1464101507624701953
1464101507817783296
1464101509856071692
1464101526213992449
1464101526985715724
1464101528176898064
1464101540038385665
1464101552533221384
1464101561089630208
1464101563098615809
1464101563081711618
1464101568551129093
1464101571801853957
1464101575308103681
1464101578692956169
1464101592832122885
1464101594581118998
1464101612276879362
1464101615896612864
1464101616529911817
1464101618354462722
1464101620740935682
1464101627376201737
1464101634728857601
1464101636926689285
1464101640072540171
1464101640546361350
1464101647949443082
1464101653649502216
1464101656157589506
1464101660511256576
1464101662554038272
1464101667712897024
1464101674650411009
1464101680581128193
1464101683189977089
1464101686767603719
1464101687690346496
1464101692086104079
1464101693256175619
1464101712587800576
1464101714206863372
1464101714521436170
1464101715427442688
1464101717537177601
1464101718107504643
1464101721093910534
1464101726387122178
1464101742010904577
1464101744376528901
1464101746578493440
1464101747857760261
1464101749497774080
1464101751875772416
1464101759392096257
1464101760306405376
1464101761749291008
1464101762575470592
1464101764085403651
1464101766698520577
1464101767071870992
1464101770305679360
1464101771576446977
1464101780392841218
1464101787196014594
1464101796683657224
1464101805357506565
1464101806229893121
1464101810671603714
1464101815620939778
1464101820138205206
1464101830326042624
1464101830460379138
1464101841382240261
1464101850773274629
1464101853738586112
1464101857635274752
1464101867558944768
1464101874676740097
1464101882264236035
1464101887582556160
1464101889650352128
1464101907191021572
1464101911846662149
1464101912064757761
1464101912710508551
1464101916028272644
1464101920180621314
1464101921552175104
1464101923619885065
1464101929647284225
1464101937289256960
1464101938128203777
1464101940124659723
1464101947292725251
1464101953592569859
1464101955345674240
1464101956729786372
1464101961310031879
1464101961687396355
1464101961888776194
1464101962958479368
1464101965441470466
1464101966003453955
1464101973829902341
1464101982084341761
1464101986081648640
1464101987369238532
1464101996311367684
1464101998001889280
1464101999599837184
1464102005190930432
1464102009246818305
1464102009989058561
1464102013432741890
1464102015940710409
1464102017706696704
1464102020340617217
1464102021355778048
1464102022362263554
1464102062891749382
1464102069841764354
1464102072987660288
1464102073557913601
1464102076842070024
1464102078268256259
1464102080700944387
1464102086547628037
1464102089144127488
1464102093757857794
1464102094177251330
1464102103752663049
1464102105635983363
1464102107871526915
1464102110371459082
1464102114901303296
1464102117291954178
1464102118026096643
1464102118189527041
1464102123977601025
1464102124342685709
1464102126595018753
1464102127593209857
1464102128687804421
1464102129753370624
1464102133402202113
1464102142147506187
1464102149605015561
1464102150125113346
1464102160698912771
1464102167158013958
1464102184937795593
1464102199672279040
1464102207062749195
1464102208086052868
1464102209910575107
1464102211714273284
1464102220387946496
1464102220488589322
1464102223961485312
1464102235260919811
1464102253770559490
1464102255016116227
1464102261358014467
1464102262071078912
1464102264948371456
1464102270342074372
1464102285122818049
1464102290495782913
1464102294652432385
1464102310473351171
1464102311039365121
1464102314055192577
1464102318555774977
1464102325346136070
1464102334535983105
1464102342907727881
1464102348154757122
1464102365821169669
1464102370225369094
1464102370422501381
1464102376541806593
1464102385739993095
1464102389988872196
1464102394036461570
1464102394803990534
1464102396200579072
1464102397735841796
1464102407835693071
1464102408242577409
1464102409303646212
1464102414731120643
1464102420997312517
1464102427779469315
1464102429302030337
1464102431797792768
1464102439917809668
1464102447454904325
1464102447702495236
1464102449447419907
1464102450504347651
1464102455805988864
1464102457127182336
1464102459501002754
1464102466069221378
1464102469621932032
1464102472117534720
1464102476848762883
1464102478513946628
1464102486218784771
1464102486432694272
1464102487045152768
1464102496461283330
1464102496935178244
1464102500953329668
1464102503176364040
1464102506028437507
1464102506221367299
1464102512462467073
1464102523158028289
1464102525464985600
1464102526232322054
1464102563163344899
1464102563251425280
1464102581760839681
1464102585934168065
1464102600555565059
1464102603801829377
1464102616825225218
1464102619350249475
1464102620616929285
1464102621120278534
1464102622084935686
1464102623145910273
1464102623620050952
1464102627868696579
1464102630863654912
1464102633627697162
1464102644318941189
1464102644528693248
1464102647229677568
1464102656192880645
1464102663545495554
1464102669828698119
1464102670315184131
1464102675184824329
1464102676019486726
1464102677613326350
1464102678456324098
1464102691605561347
1464102695292317706
1464102703676760066
1464102707162238976
1464102713227161615
1464102736710885381
1464102742171996161
1464102743564591106
1464102744323731466
1464102782068162562
1464102792344354817
1464102797914169348
1464102802670579714
1464102803123617792
1464102842797473793
1464102851316109319
1464102860166160386
1464102872614793219
1464102883293552640
1464102883763400705
1464102899907104773
1464102916168589314
1464102918609674241
1464102919372873729
1464102921726054405
1464102922728488965
1464102925857402885
1464102926956339200
1464102930890506241
1464102932224245761
1464102950645772292
1464102950717079552
1464102953741168642
1464102961924083712
1464102964604248068
1464102967041138692
1464102970446868487
1464102985391296514
1464103000855568384
1464103003628048385
1464103004043423752
1464103005385601032
1464103007671386112
1464103021001035778
1464103024360660992
1464103028118728710
1464103028777127937
1464103032195407875
1464103035127443460
1464103040194158592
1464103040101715973
1464103041620140035
1464103042840776706
1464103045181050885
1464103045130719234
1464103047647408135
1464103049513873415
1464103058531667968
1464103063275413505
1464103063979917315
1464103064265101313
1464103066177843209
1464103068182585346
1464103068740423688
1464103069915004930
1464103074977435648
1464103076688662531
1464103077468946433
1464103080514002948
1464103081533001728
1464103083508707333
1464103089447653377
1464103094166249477
1464103094808027139
1464103096242499586
1464103102307520512
1464103107672088578
1464103108129091584
1464103109064421376
1464103117369323522
1464103135794712577
1464103152232251392
1464103157936660480
1464103160184807426
1464103162772705283
1464103168309182464
1464103170666377219
1464103170821533697
1464103170670399488
1464103172230856706
1464103173753384965
1464103176911556610
1464103178174177280
1464103187212914701
1464103187711995917
1464103193256685573
1464103198856298497
1464103199393132545
1464103202710822912
1464103210243829760
1464103224592510984
1464103237460582404
1464103242594463750
1464103245555507201
1464103248210636807
1464103249682702342
1464103253902307338
1464103256381014021
1464103256788025347
1464103256733462537
1464103261598670849
1464103262135599105
1464103270159290373
1464103288333287424
1464103303600553987
1464103309292285959
1464103309833383937
1464103317177454596
1464103324005900293
1464103325423620099
1464103334974009347
1464103337176047619
1464103338069401600
1464103339004608512
1464103342263656449
1464103349545017346
1464103361029058560
1464103368369004545
1464103383762026499
1464103392230346755
1464103396688891909
1464103399289507840
1464103402946899985
1464103405824233472
1464103407535468551
1464103409288728579
1464103412413386753
1464103414455955459
1464103416997851137
1464103419472273410
1464103424581013505
1464103433485500419
1464103444524920833
1464103445963575301
1464103458433290243
1464103459687260163
1464103461834870790
1464103468549828612
1464103471381204995
1464103490125541376
1464103492612546563
1464103492268736515
1464103493157883908
1464103496639148040
1464103500619468801
1464103501710176256
1464103504851709959
1464103514167119877
1464103515333152774
1464103519129067520
1464103519846240259
1464103526733205509
1464103531737014272
1464103533326839817
1464103542436761607
1464103544164921346
1464103545440022530
1464103557502619648
1464103561894121478
1464103567988383747
1464103570496651265
1464103574695079937
1464103581255180288
1464103584535093250
1464103592000950272
1464103596325322752
1464103596702646277
1464103599357657090
1464103600934821888
1464103604269182976
1464103604973932544
1464103612863459330
1464103615296012289
1464103618597081092
1464103620769726465
1464103630320119812
1464103635399368708
1464103636372541445
1464103637471440899
1464103641598603270
1464103646870835200
1464103647051227145
1464103650586890247
1464103661458452481
1464103662574133254
1464103663178108931
1464103663497064457
1464103667393515522
1464103670358835205
1464103670920974342
1464103671143092227
1464103679108263942
1464103679364059136
1464103683319382018
1464103686200860675
1464103688163627010
1464103701803675648
1464103703124721667
1464103704886321156
1464103705595170817
1464103714545876994
1464103716617957377
1464103718400499712
1464103722338902016
1464103724624740360
1464103726143189001
1464103729729265672
1464103729762820103
1464103729737592834
1464103736075120641
1464103746548506624
1464103747940986901
1464103750449127425
1464103752676384770
1464103771848380416
1464103772226007043
1464103776839626757
1464103778676875267
1464103778743992321
1464103779234717700
1464103784951386112
1464103789384904709
1464103794984112128
1464103798595481603
1464103806032044036
1464103809399984128
1464103815121039360
1464103824549888001
1464103828198936582
1464103832565125125
1464103834951815175
1464103839968075776
1464103846465126402
1464103848335720448
1464103852655865859
1464103855336132612
1464103859526111239
1464103862772637697
1464103867319205893
1464103867277213699
1464103876462850059
1464103896335405057
1464103896817618946
1464103896733868034
1464103898604580864
1464103900437430276
1464103901444124673
1464103902421274625
1464103906582089728
1464103912957382658
1464103913876078594
1464103925297131531
1464103925846462466
1464103927905873928
1464103928140865542
1464103928858132481
1464103935308800000
1464103938769231873
1464103947468259329
1464103957933010952
1464103974575882242
1464103991718129675
1464103996650631179
1464104000115011593
1464104001671102465
1464104007350173697
1464104007950123010
1464104008738508801
1464104012786061312
1464104023146090498
1464104031752699905
1464104039147319305
1464104040111869963
1464104065001041920
1464104071070060548
1464104075000221697
1464104082046701570
1464104083808305153
1464104087931084805
1464104090661634052
1464104092033171460
1464104096072273921
1464104101088677892
1464104105673064452
1464104106625167364
1464104106889519104
1464104121858994188
1464104123914088449
1464104127860932611
1464104128767049728
1464104129224056842
1464104134538366977
1464104134748123138
1464104135582793732
1464104140657750016
1464104141198958603
1464104148689829891
1464104150568996870
1464104151252717569
1464104152787611648
1464104155480535044
1464104161767669763
1464104174036082692
1464104176598728713
1464104181837574144
1464104197448736768
1464104202519654400
1464104208295211021
1464104210530775053
1464104212934144002
1464104217426251778
1464104232999698434
1464104233851047938
1464104234148773888
1464104241933402116
1464104246803005440
1464104247063052288
1464104247885119494
1464104254814236679
1464104257284710401
1464104257322377218
1464104277043933186
1464104279829102597
1464104280097374208
1464104285499576320
1464104288762871810
1464104288888762381
1464104293414449155
1464104300230197255
1464104301488443398
1464104304785051655
1464104306215428099
1464104313249091584
1464104314025172993
1464104317250531330
1464104320463478786
1464104328898048003
1464104332689694724
1464104351132233738
1464104351878815745
1464104353162153993
1464104362259755012
1464104375639552013
1464104377547960320
1464104383394856960
1464104384367898634
1464104394740273152
1464104401317113860
1464104408720027649
1464104415137345537
1464104422523293698
1464104423102296077
1464104428714151937
1464104434695352335
1464104437522259970
1464104437627211777
1464104437706805253
1464104444186955777
1464104445285969922
1464104457935929346
1464104460326629377
1464104464655257604
1464104466798448640
1464104475870654466
1464104479431659520
1464104479427645446
1464104481969217543
1464104491523850240
1464104492849414146
1464104493004603394
1464104494434824192
1464104495550402569
1464104498557825027
1464104498960338950
1464104504907997185
1464104514307379200
1464104523153219586
1464104523467796483
1464104527745982466
1464104528991506433
1464104541381664771
1464104541994037256
1464104554832801805
1464104573627363328
1464104580585771008
1464104582120833027
1464104586692734977
1464104590169812992
1464104591562321921
1464104597501394946
1464104597690015747
1464104598474563589
1464104600257146882
1464104602274607104
1464104609174237184
1464104627297828865
1464104627906002944
1464104628296073216
1464104633887039490
1464104638420901892
1464104649577971713
1464104649456300040
1464104650014085123
1464104650794278912
1464104651213713411
1464104651725357058
1464104653839208448
1464104653805731841
1464104655378472963
1464104657656041474
1464104660848058372
1464104662408196099
1464104667928010753
1464104668850573313
1464104672415780865
1464104674898837506
1464104676362625031
1464104680712253449
1464104681253355522
1464104688819662850
1464104690371600385
1464104703008985093
1464104703344717837
1464104707274653698
1464104715008937985
1464104724379095049
1464104735728758787
1464104750513676297
1464104751277260800
1464104754397732866
1464104756369149952
1464104757719711749
1464104762207457285
1464104763142774784
1464104765567414272
1464104775620841478
1464104783451729925
1464104789361541123
1464104796730896386
1464104801130598401
1464104804591054851
1464104804880465924
1464104811368964103
1464104811758981125
1464104813281439745
1464104825059098628
1464104837377933315
1464104838480936961
1464104851886034945
1464104854729732107
1464104856059138050
1464104857388859393
1464104883968098305
1464104885352206336
1464104889299222530
1464104896605552640
1464104899260657668
1464104901873520643
1464104914133471233
1464104914846584835
1464104932693495810
1464104948921110529
1464104951739781120
1464104955560800283
1464104956458266624
1464104959893336067
1464104963102158859
1464104965488717831
1464104969422974977
1464104971822116878
1464104972937793536
1464104973185257473
1464104974313525250
1464104978117763073
1464104992889917445
1464105003258298370
1464105017342771201
1464105018580033542
1464105024489988096
1464105025408483335
1464105033310650372
1464105037521694741
1464105039123947521
1464105044496859137
1464105046782537730
1464105055808897024
1464105057696239619
1464105061068554240
1464105062117122049
1464105062410567685
1464105064222511111
1464105070405038086
1464105071554215939
1464105097630203905
1464105099421233157
1464105103242137602
1464105109500145673
1464105111697854470
1464105111903473670
1464105118199070727
1464105118945607681
1464105131239116800
1464105131423809536
1464105136008007684
1464105145663250438
1464105158653235200
1464105160758681600
1464105162457374720
1464105163791216644
1464105168656609282
1464105169227063296
1464105175044534272
1464105188088860673
1464105189154119680
1464105189623975939
1464105190005506050
1464105194568957952
1464105195089113093
1464105202647281667
1464105202760495106
1464105208749907968
1464105212935868419
1464105215985127425
1464105219948695553
1464105223463608324
1464105224251928579
1464105230044483584
1464105230434545667
1464105232200257537
1464105240911761419
1464105256367833089
1464105256904654848
1464105266987810817
1464105271676919810
1464105278849249280
1464105289389527044
1464105290429653189
1464105298042499072
1464105319731130369
1464105324403642372
1464105327943725063
1464105329613021188
1464105332116914180
1464105335183056896
1464105337879818251
1464105338328604673
1464105340543328256
1464105347652538369
1464105355219251212
1464105364933206017
1464105369538494467
1464105373384818689
1464105394574290946
1464105395194982404
1464105406691692548
1464105412723159046
1464105413851463685
1464105417164746752
1464105418209193988
1464105421698916353
1464105422097428485
1464105424890654726
1464105443576344576
1464105444666855428
1464105446478917636
1464105448127279105
1464105448273956865
1464105458642427906
1464105462664777730
1464105463457402880
1464105467597234176
1464105471913172995
1464105472768692224
1464105480893059081
1464105482356879362
1464105490280034304
1464105493140361217
1464105502875389955
1464105506423910410
1464105515135422468
1464105520697126928
1464105531065262082
1464105536920567813
1464105538137083908
1464105548173955075
1464105549318877186
1464105554289180672
1464105564313722884
1464105565123133441
1464105576376401922
1464105587231371273
1464105591538798596
1464105596844744705
1464105598975414274
1464105599629725699
1464105602716680196
1464105603404496901
1464105607653437441
1464105609750589444
1464105614557261829
1464105626108366849
1464105632164950162
1464105637751648258
1464105641761394691
1464105644764639239
1464105644739334147
1464105644882071558
1464105645842395141
1464105646547079169
1464105650544431104
1464105652008202256
1464105657238499349
1464105665987850241
1464105667564875786
1464105667980111884
1464105675538112512
1464105678126166018
1464105684333731844
1464105692592328704
1464105692957130754
1464105695213760512
1464105710044659718
1464105715329642497
1464105717921681410
1464105723097460754
1464105726457139201
1464105728671690755
1464105728730288139
1464105731305705474
1464105732576526336
1464105741304926209
1464105744358330369
1464105745801228304
1464105759050919944
1464105765619343361
1464105771445194752
1464105782799073283
1464105783927341059
1464105791523336210
1464105793582768132
1464105794983452672
1464105795935608833
1464105803657404417
1464105809370099719
1464105813316751361
1464105820451479552
1464105833944473600
1464105839778832387
1464105841716518912
1464105845940232192
1464105846590291970
1464105854400147456
1464105862805528578
1464105879398240257
1464105892635422725
1464105897182048271
1464105899128066054
1464105900847755265
1464105912348545030
1464105914772832258
1464105921345327111
1464105927267651586
1464105927603220480
1464105930879123460
1464105933198536724
1464105936042266629
1464105939523436555
1464105946959937542
1464105956275589120
1464105963208966145
1464105964173332482
1464105965104599042
1464105965381378049
1464105966593585165
1464105966664749056
1464105966828404736
1464105968388780033
1464105970024341512
1464105974768173057
1464105975955271695
1464105990916386819
1464105992866746375
1464105998059073539
1464105999770472449
1464106007651442693
1464106016677810176
1464106019508797444
1464106023300440066
1464106030925635585
1464106033803149314
1464106036466307075
1464106036579741708
1464106037309579264
1464106037829672961
1464106039704444931
1464106045320491008
1464106048579465216
1464106051372941314
1464106063041478662
1464106065952342021
1464106068238348288
1464106070842896387
1464106071270830083
1464106071790964739
1464106076350160897
1464106080540241923
1464106094410625026
1464106097682305027
1464106100911788035
1464106105974378497
1464106107220242432
1464106109170425860
1464106120390324228
1464106123968106497
1464106130326577153
1464106133212196865
1464106137758937092
1464106140791238657
1464106142611746823
1464106145929326598
1464106146306813955
1464106152891846669
1464106155186262019
1464106157534965766
1464106168339492869
1464106170700877826
1464106172860944385
1464106188258353154
1464106190565216258
1464106196898508808
1464106198219829248
1464106213856231425
1464106213965139968
1464106216720789509
1464106221997281281
1464106224174174210
1464106224069185536
1464106225482805257
1464106225184886791
1464106226124533771
1464106234248794114
1464106237826641932
1464106242599792642
1464106245158285332
1464106245904871438
1464106245930037254
1464106247687335939
1464106260677210128
1464106266603704320
1464106268835160065
1464106279115235330
1464106281409597440
1464106289097842690
1464106299780706313
1464106305803669505
1464106308504858632
1464106310983725058
1464106317690269698
1464106322056548356
1464106328779943936
1464106332194283524
1464106338980704256
1464106341849518081
1464106354914770944
1464106355346792451
1464106359025139714
1464106369750126595
1464106373264723970
1464106375470931976
1464106378407022597
1464106383050252291
1464106409302319104
1464106410539569153
1464106414486564865
1464106414490591237
1464106415736246276
1464106416046809091
1464106421214195715
1464106430127091718
1464106431603486741
1464106437035143170
1464106437379076099
1464106440377843714
1464106442806468609
1464106445071396870
1464106449093545986
1464106449689141249
1464106450377068544
1464106455452332032
1464106455829651456
1464106458044379137
1464106461651480584
1464106463605972994
1464106468802768909
1464106476994273280
1464106478533373964
1464106479825285120
1464106486091505666
1464106487865827328
1464106488629116930
1464106492479508485
1464106496095105031
1464106496980103183
1464106501547700230
1464106503200141312
1464106504391438340
1464106504684904454
1464106510301089797
1464106511848730633
1464106517116850179
1464106519071502347
1464106520975536129
1464106524465414146
1464106533164306432
1464106534791958528
1464106538474213377
1464106550696497155
1464106557344743426
1464106562168012800
1464106569445093385
1464106574251704324
1464106587610624005
1464106589363843083
1464106597244968961
1464106598612230147
1464106604266070017
1464106605587288069
1464106605801320449
1464106613355257857
1464106616106590210
1464106616865837056
1464106622331011072
1464106624952512525
1464106628505034752
1464106630354776068
1464106650927874048
1464106655474503682
1464106657651167235
1464106661799362563
1464106663464431619
1464106665238802438
1464106667662929920
1464106673216364544
1464106674927509512
1464106676529733632
1464106678157258754
1464106683169329152
1464106684188659714
1464106684607963140
1464106690505105408
1464106691746689028
1464106694733086720
1464106699195924480
1464106700680671250
1464106707584442370
1464106722784690177
1464106727331098633
1464106747606487043
1464106747849699329
1464106748227301376
1464106754543919105
1464106757727440896
1464106759736467456
1464106766116044800
1464106771530891265
1464106772533186562
1464106772554149892
1464106775087808512
1464106775519666176
1464106777750945792
1464106783845191683
1464106786487771136
1464106789067104264
1464106789037752324
1464106793026555909
1464106793387188224
1464106793391513601
1464106795056734209
1464106795287330816
1464106796763734017
1464106799385223172
1464106803336290309
1464106813201264650
1464106816883740678
1464106816967610370
1464106830699929603
1464106832239030274
1464106835053404162
1464106848840208384
1464106856771694596
1464106860361834497
1464106866623991809
1464106871002783745
1464106871967657985
1464106872852656150
1464106873829871616
1464106874815623170
1464106879660052481
1464106881153220609
1464106883279581185
1464106888979783682
1464106889223024651
1464106891005468681
1464106892267900932
1464106897812955139
1464106905652056067
1464106905853440011
1464106906600026129
1464106908147716097
1464106911138254848
1464106913772285972
1464106914871230466
1464106915407958017
1464106917001940992
1464106919585624064
1464106920067883008
1464106922232016904
1464106924681670660
1464106930113241089
1464106930033602567
1464106936111144960
1464106937692213251
1464106939030425607
1464106939177070598
1464106941492436995
1464106943216300043
1464106955866140672
1464106960890916865
1464106965211230232
1464106972794564609
1464106972664369163
1464106976313593857
1464106976313552901
1464106977534038016
1464106979098509313
1464106980818112515
1464106980906127362
1464106981044768770
1464106982676312067
1464106987764002831
1464106997322764290
1464107006797631488
1464107007716306949
1464107007980486657
1464107011637927938
1464107027026767872
1464107030210248710
1464107031346831362
1464107034761220097
1464107035767844866
1464107051307745280
1464107060769947652
1464107064687349763
1464107065060868098
1464107067476627456
1464107069339062275
1464107074388963334
1464107086057517063
1464107091749126146
1464107093716316168
1464107097910505476
1464107098720120832
1464107107288895488
1464107110334140416
1464107110673887238
1464107111768465408
1464107117212696578
1464107118940680200
1464107129707667457
1464107130236121094
1464107131037106180
1464107131552948228
1464107138146467852
1464107141493661700
1464107149139849223
1464107150251278336
1464107150557564929
1464107157620731908
1464107159483031552
1464107162767142923
1464107165946417152
1464107175639461892
1464107180169342980
1464107185655459841
1464107187622404097
1464107194027229185
1464107197600784384
1464107206115160068
1464107223207063566
1464107223630503940
1464107230169608203
1464107237023092737
1464107238780461058
1464107242102218752
1464107243947896846
1464107252869046278
1464107260943036416
1464107264768299009
1464107270946660355
1464107273391857664
1464107276399226880
1464107277250703362
1464107278169255936
1464107279175888900
1464107281440669696
1464107291305783296
1464107296162660362
1464107298821853189
1464107306811985924
1464107307147661315
1464107307814379526
1464107312323334144
1464107312835039236
1464107326932090882
1464107328295227394
1464107328765001729
1464107329343864833
1464107329310412803
1464107332279939078
1464107332972027904
1464107333592641536
1464107335408889856
1464107341301882880
1464107341855535105
1464107352014139393
1464107353687486469
1464107359437922305
1464107361195331584
1464107363225452545
1464107372767367172
1464107374206095366
1464107375334506498
1464107380287971328
1464107384574398468
1464107388613513222
1464107396763168773
1464107399036518403
1464107400483377154
1464107404732346370
1464107410587594762
1464107417499840512
1464107430086774784
1464107432280571904
1464107438316023811
1464107438827839490
1464107439679328257
1464107444091633664
1464107446855634948
1464107447040110600
1464107447094816780
1464107447929425921
1464107448927727630
1464107449657475073
1464107452736020482
1464107453226827776
1464107461401452547
1464107469345628161
1464107472197537794
1464107473409880067
1464107474357678083
1464107486328152071
1464107490593939457
1464107496105070593
1464107504162517011
1464107514182709256
1464107517093441542
1464107518855159808
1464107520629293058
1464107525901594625
1464107527046451205
1464107528422182912
1464107532729962498
1464107549159051264
1464107553860644867
1464107558906601472
1464107559493591043
1464107567454564354
1464107570432548865
1464107571279642630
1464107578971938823
1464107581186744324
1464107591680757760
1464107598068666371
1464107600073605120
1464107611742085123
1464107617630842889
1464107622131503107
1464107624786505731
1464107630159437826
1464107639881846792
1464107645565026304
1464107662161948679
1464107662560219136
1464107667824201730
1464107668155604994
1464107673566138368
1464107673809530890
1464107675025817600
1464107683095605253
1464107683200397316
1464107688309129220
1464107691060645893
1464107692184805376
1464107696148393992
1464107700703408132
1464107706793422851
1464107707598716935
1464107708043481088
1464107710794792960
1464107721532215296
1464107725571383296
1464107732680654849
1464107736321466373
1464107736761880579
1464107744831492097
1464107746354106373
1464107748392591361
1464107749709697026
1464107754117898241
1464107757494222850
1464107757787705348
1464107768638550028
1464107773755547649
1464107775093477376
1464107776712527873
1464107790851399684
1464107794752319488
1464107799089057792
1464107804164304896
1464107806160609282
1464107811131076608
1464107820631171072
1464107820911972359
1464107824984719365
1464107825894854660
1464107830043049993
1464107833889284096
1464107844899201033
1464107847667490819
1464107849634783232
1464107852381835269
1464107862804758530
1464107880890744837
1464107885655470082
1464107901040173058
1464107909189709827
1464107923806863366
1464107923827613696
1464107931285082117
1464107936305848321
1464107948322533378
1464107954358030342
1464107958955094021
1464107962746683392
1464107965540151296
1464107968132268038
1464107973828136960
1464107987690270727
1464108000017330189
1464108004262002689
1464108008728932353
1464108010335133698
1464108015808884738
1464108026214895617
1464108028261638148
1464108030719447040
1464108031340285952
1464108049958793218
1464108054048227328
1464108064638918661
1464108066710958080
1464108069508435968
1464108070502608900
1464108076810878980
1464108079432282114
1464108082305265665
1464108083387404289
1464108083588730882
1464108084750659602
1464108085467926529
1464108088395325442
1464108090777874450
1464108092338155539
1464108097123717122
1464108097287380992
1464108098176655362
1464108100387016705
1464108100848271361
1464108110046535686
1464108112835538945
1464108130497961987
1464108138336976900
1464108153356828675
1464108162697420803
1464108165117661187
1464108172877123588
1464108186638508034
1464108190874824705
1464108197724180482
1464108199087415297
1464108207668879363
1464108207626850313
1464108210047098883
1464108217328414720
1464108217596669953
1464108226006429699
1464108226732044293
1464108227944013829
1464108235452002312
1464108247170826242
1464108255441928195
1464108267781697545
1464108268213706752
1464108274035265538
1464108275595558921
1464108284038819853
1464108290070229007
1464108297833771011
1464108299528421379
1464108299977175041
1464108312522379267
1464108312924991494
1464108315777060866
1464108320114061312
1464108322932543488
1464108325302198274
1464108327382700032
1464108338665435143
1464108341010051073
1464108341664178179
1464108342490525698
1464108354440085504
1464108355493011458
1464108357413974032
1464108360396124161
1464108360425349125
1464108363034341386
1464108368734220290
1464108371871551490
1464108375403343879
1464108375927627777
1464108377274036227
1464108380797038598
1464108382416220163
1464108383640956933
1464108390528004106
1464108394827165697
1464108406197739523
1464108414175432706
1464108417715482638
1464108421444218893
1464108425667911683
1464108426070532101
1464108439697723394
1464108440767377422
1464108445938987011
1464108449931747332
1464108456927842310
1464108457989189632
1464108460497383433
1464108467694669827
1464108467745017860
1464108468277633024
1464108478201569283
1464108486728593409
1464108487932362755
1464108493716271108
1464108497289846784
1464108497511981056
1464108503627403270
1464108503870500867
1464108504839430144
1464108505137180672
1464108512657612802
1464108514494853126
1464108515568455684
1464108520366915584
1464108523176927234
1464108525882384384
1464108531758637058
1464108532203089920
1464108545499090947
1464108551085993984
1464108553388670978
1464108558899949572
1464108559759781900
1464108563211689984
1464108567674322944
1464108583910584320
1464108590143320072
1464108590663442434
1464108592634597378
1464108600104677378
1464108609000730626
1464108617045524482
1464108618370924546
1464108624570028033
1464108635932569603
1464108636041465856
1464108640580009984
1464108640332361739
1464108645151617024
1464108646460182528
1464108648364445697
1464108650889424910
1464108651803783175
1464108660074950656
1464108662629310465
1464108666387378185
1464108670984273920
1464108677946920962
1464108687899901952
1464108689359581194
1464108699916582914
1464108701711667201
1464108706891771909
1464108707290230793
1464108707449614348
1464108711522283526
1464108712415485960
1464108713405526020
1464108719235600384
1464108724826480643
1464108726546317313
1464108731793354753
1464108732388945930
1464108735958237189
1464108744858476547
1464108751367987209
1464108751699394564
1464108753591185410
1464108756858515470
1464108760897507328
1464108762311110679
1464108762780692481
1464108763661709316
1464108766635302914
1464108770888347651
1464108775862902787
1464108776143925266
1464108777360220161
1464108778584952833
1464108782091448338
1464108786285572098
1464108791591538692
1464108793680125954
1464108796381380609
1464108800063852545
1464108802144415749
1464108803490676738
1464108806019895300
1464108809958440960
1464108810092621835
1464108811166257154
1464108811279470599
1464108816983728132
1464108825443774476
1464108829138956307
1464108832775237632
1464108834549608467
1464108834662895617
1464108852803092490
1464108856859058176
1464108861137174529
1464108863511097346
1464108869433499656
1464108881995440132
1464108885153751042
1464108889276698624
1464108891403341829
1464108892690993154
1464108901834629122
1464108913305915395
1464108913968750594
1464108920943882250
1464108922957008896
1464108927415631875
1464108927784652803
1464108930704068611
1464108934403350531
1464108935032549392
1464108935632228355
1464108936156495874
1464108943689592838
1464108947753869313
1464108949775347718
1464108954921799681
1464108976392392715
1464108984776859655
1464108984948772864
1464108990279921684
1464108991441620998
1464108999129935873
1464109005400383489
1464109007870861315
1464109008432869385
1464109009984761869
1464109018142494725
1464109022542508040
1464109026891866118
1464109030499045380
1464109030775955456
1464109032839524352
1464109033833574407
1464109040925962240
1464109042452905986
1464109044294352896
1464109048182235137
1464109053768994818
1464109057669668870
1464109060685373446
1464109072819630102
1464109086111375363
1464109089873707008
1464109094877421568
1464109097557635075
1464109099008864272
1464109112518746114
1464109115819507717
1464109116369117185
1464109116360728580
1464109116163596289
1464109123402874882
1464109133708378114
1464109138070364160
1464109139009761283
1464109142877089809
1464109142335897603
1464109150976155649
1464109158945284099
1464109160023216135
1464109159805337600
1464109160518324228
1464109165991899162
1464109178704773121
1464109191304470532
1464109193154207749
1464109201484095488
1464109206483525633
1464109217648979970
1464109221918777344
1464109223864934400
1464109225458778113
1464109226511388672
1464109230542278658
1464109232752635907
1464109235411718145
1464109239232782336
1464109239971028994
1464109240340127749
1464109246895640582
1464109251966742535
1464109253447331864
1464109253443076097
1464109255053791233
1464109260497817600
1464109260971806725
1464109263215808516
1464109269482049538
1464109271218540545
1464109275593252864
1464109282169872384
1464109285894414339
1464109289774088196
1464109294178091011
1464109297109897222
1464109301841248257
1464109302759759873
1464109303074148355
1464109311831937030
1464109316580024321
1464109319553699840
1464109334145634310
1464109334300958723
1464109335601025027
1464109336200949786
1464109339686416396
1464109350788734979
1464109366366384135
1464109374041853952
1464109379439906816
1464109382912724994
1464109383151988736
1464109386205442051
1464109389036625920
1464109392647831553
1464109397693501440
1464109401627926530
1464109404098236419
1464109405553766417
1464109405562032130
1464109425690656770
1464109428735574018
1464109445642797058
1464109451502231560
1464109456707497994
1464109458708180999
1464109462021545986
1464109463762206720
1464109465339404290
1464109468002799617
1464109473371287553
1464109472964653058
1464109476349235200
1464109481881571328
1464109483186085888
1464109485786497027
1464109489297231879
1464109496196747269
1464109502085566468
1464109504774107144
1464109507274027027
1464109508020424706
1464109511803875341
1464109516996464641
1464109519999438851
1464109526324596737
1464109528111202305
1464109531902865413
1464109531928137730
1464109554090663939
1464109556049403910
1464109559686049800
1464109561057587211
1464109569601384448
1464109572554174481
1464109597208186891
1464109601968824320
1464109608654364677
1464109615600181253
1464109616921395201
1464109635816677377
1464109649909723140
1464109664015196162
1464109663981432839
1464109665868988418
1464109670478626817
1464109679408128003
1464109695401144337
1464109704905297922
1464109705207238661
1464109713407283204
1464109719296086019
1464109723075055621
1464109724283150340
1464109727630176273
1464109729681010693
1464109732713488385
1464109736433840133
1464109738610864154
1464109741630803968
1464109746387103748
1464109752028303362
1464109752456146945
1464109753764880384
1464109760266047492
1464109761595514883
1464109761784393731
1464109765101948929
1464109765651542025
1464109776141524993
1464109779391975427
1464109783061983232
1464109783854637056
1464109796374818835
1464109797674942466
1464109798459207683
1464109800426328072
1464109803551088641
1464109805258354696
1464109814422769669
1464109814473187330
1464109815312101377
1464109815324549121
1464109815349665800
1464109816427675650
1464109826842103808
1464109827957927936
1464109831955099650
1464109837663440899
1464109843611070483
1464109848379994130
1464109854071611393
1464109863781478411
1464109865039716354
1464109865408868353
1464109865350148099
1464109867912753154
1464109876506890243
1464109878801166336
1464109889219821571
1464109901290954752
1464109905862971392
1464109906315808772
1464109907368505345
1464109910808047616
1464109917225185280
1464109926389895168
1464109927862054923
1464109935625605127
1464109942177157123
1464109942324015117
1464109946853900290
1464109953761882116
1464109959499685890
1464109959768002562
1464109961797984261
1464109970689904643
1464109972850032641
1464109977157570561
1464109979447664653
1464109983906156544
1464110008950472708
1464110027728433161
1464110027929796610
1464110028663574531
1464110031423614985
1464110033000611840
1464110042609823753
1464110045382258714
1464110066752176129
1464110071030427651
1464110072297140225
1464110073920241667
1464110078529843210
1464110080954150925
1464110087132221442
1464110094598098951
1464110100713517071
1464110103850848259
1464110103859109893
1464110109852844032
1464110114369990663
1464110117893275650
1464110127032651777
1464110129100566549
1464110131269021721
1464110133848338433
1464110140739702789
1464110145022083079
1464110151674302468
1464110154778095627
1464110159224057859
1464110159391703041
1464110160058716164
1464110160796786688
1464110162487119875
1464110167168110592
1464110167755309056
1464110169584029698
1464110174449192963
1464110182162571271
1464110184515575814
1464110194103889920
1464110202924326912
1464110205248098304
1464110206200262660
1464110213741654017
1464110226072813568
1464110232812986373
1464110233190608913
1464110235220516868
1464110243609260050
1464110246310383617
1464110247711481856
1464110248575307776
1464110252907843587
1464110255709716487
1464110262487642112
1464110262785617935
1464110263179694081
1464110267231612929
1464110269647499272
1464110270708547590
1464110285812387841
1464110288597364741
1464110288429625344
1464110291894128641
1464110295903842307
1464110301440323610
1464110312068718594
1464110315558244354
1464110319702323222
1464110324177637377
1464110333513977857
1464110336357900288
1464110348919660545
1464110352325619716
1464110353625890816
1464110357140680720
1464110359954931714
1464110363729817605
1464110364736565250
1464110366544175106
1464110371850100739
1464110372009361413
1464110373263405065
1464110373657878529
1464110382981787661
1464110384177111040
1464110392129458183
1464110392469180419
1464110395023495176
1464110399708618752
1464110406708781058
1464110407854010369
1464110408906813443
1464110415986630660
1464110418352214021
1464110419765862401
1464110423398137862
1464110429425192960
1464110430431809539
1464110438736617472
1464110442297675776
1464110446294671361
1464110456482709505
1464110465416511488
1464110473066913800
1464110478049918978
1464110478242697220
1464110480838971394
1464110488107819009
1464110497238818817
1464110498077560832
1464110498362896384
1464110503173754880
1464110503932932113
1464110526124859392
1464110527689465858
1464110556525346817
1464110558618210308
1464110560862261248
1464110569615552513
1464110570345541660
1464110575441563650
1464110579052916738
1464110582907424770
1464110596945817616
1464110597134438409
1464110597994209284
1464110609872658433
1464110610698752004
1464110612368306180
1464110637982916610
1464110663341543424
1464110668303552514
1464110668555169807
1464110669419012096
1464110669758877697
1464110669964402690
1464110676599840769
1464110677321084929
1464110676872511489
1464110678076280834
1464110685135200257
1464110685084868610
1464110688255700995
1464110689467834368
1464110699471380480
1464110703204315157
1464110712700219407
1464110712863797260
1464110713060823042
1464110715640467457
1464110721013329925
1464110722066100225
1464110722410033156
1464110728948953103
1464110733248114705
1464110736326762496
1464110737513541636
1464110737807200257
1464110738331484165
1464110744627208196
1464110748146176005
1464110749551374349
1464110753720512530
1464110765087076357
1464110765531672580
1464110767431720961
1464110773974683650
1464110782933839880
1464110784674295816
1464110784959725568
1464110790248742913
1464110790819131407
1464110792878395395
1464110793021140998
1464110800482844672
1464110811237036036
1464110814634430464
1464110818702680064
1464110820179259402
1464110835278794755
1464110844242010112
1464110845189832706
1464110847064748046
1464110847635111938
1464110849740599302
1464110850663460872
1464110850873176067
1464110851233832963
1464110857634394126
1464110858095804421
1464110860725473285
1464110881286070275
1464110891511820291
1464110895580123143
1464110898197508102
1464110898176475140
1464110899749400589
1464110908498759683
1464110912378445826
1464110915415166977
1464110915939225602
1464110919227781122
1464110926181715969
1464110936403423239
1464110937300869126
1464110939641425929
1464110943995002880
1464110954040471567
1464110966841376768
1464110979126636546
1464110983228579841
1464110985569050625
1464110993701847040
1464111004879519752
1464111008268668929
1464111010604892161
1464111013926637571
1464111027486801920
1464111030380859396
1464111038186418184
1464111043156881411
1464111046386462740
1464111052048773121
1464111058419863552
1464111062840717327
1464111080112861194
1464111084336517120
1464111087050182656
1464111106197237763
1464111107891683330
1464111114686328845
1464111119027478532
1464111138887675905
1464111142154997761
1464111152196063232
1464111152435060737
1464111160052133888
1464111166964314117
1464111169631711241
1464111170764214275
1464111177127006209
1464111180973105158
1464111184702021636
1464111190179676163
1464111196056035331
1464111200598437905
1464111204645814274
1464111206424215556
1464111207963627524
1464111209129541635
1464111217203580929
1464111219804155913
1464111226900860928
1464111227286794251
1464111237508255744
1464111240272359431
1464111245380833280
1464111249487245336
1464111252133744645
1464111255338299420
1464111257615806476
1464111259326947330
1464111260790927361
1464111267522625540
1464111269271777283
1464111269749927942
1464111271796748306
1464111272325267457
1464111272417316867
1464111272664788992
1464111274585776129
1464111274716012544
1464111275739394064
1464111275882000402
1464111275982610435
1464111279245721610
1464111289005789184
1464111289077227522
1464111295842570245
1464111302025035778
1464111314012278790
1464111314586857477
1464111315195211783
1464111316944175107
1464111317678104579
1464111327010459658
1464111327253835787
1464111336195964930
1464111337978486787
1464111338305687557
1464111351102459908
1464111358237159426
1464111358362861575
1464111358551732230
1464111366453747713
1464111367208775697
1464111376297865218
1464111379770609672
1464111379837698057
1464111388947853318
1464111392357822478
1464111393196683266
1464111403195940864
1464111408161959948
1464111410162683905
1464111410145681409
1464111414554079254
1464111417565589512
1464111423210987520
1464111424809041924
1464111425333383171
1464111428789440515
1464111431809474560
1464111446288175108
1464111447277912068
1464111456681668628
1464111456694116355
1464111462683607041
1464111464642277378
1464111473681219587
1464111488424161285
1464111494770085891
1464111495432663043
1464111498310135812
1464111498951897088
1464111499841085442
1464111515624214528
1464111515972165636
1464111523182178307
1464111525098975232
1464111543457615876
1464111545886126093
1464111547698057216
1464111548197228544
1464111551665754114
1464111562017366016
1464111564894605313
1464111571215347718
1464111576462540800
1464111577456689152
1464111577733361664
1464111585010479115
1464111589653688328
1464111590924423172
1464111596951592961
1464111604132417536
1464111614697754630
1464111621912121344
1464111622402813960
1464111624218841090
1464111631789699074
1464111638638964770
1464111645295325192
1464111645786054659
1464111648650633217
1464111649280126976
1464111651184001026
