1455535146841657351
1455535154059952128
1455535155318300679
1455535155599323148
1455535157449007116
1455535158145191945
1455535161995583495
1455535161081221123
1455535162809258001
1455535165304983565
1455535169813745669
1455535175534841867
1455535179502661646
1455535185815035907
1455535192064593925
1455535194987974665
1455535199429791753
1455535200197300226
1455535200360935428
1455535210167160843
1455535212327313413
1455535215795912714
1455535218023092228
1455535218316693507
1455535222427095050
1455535226306838531
1455535228466892801
1455535229528154113
1455535237866401800
1455535243226648579
1455535246531772420
1455535257801957383
1455535257386635265
1455535258821185546
1455535261006372878
1455535267243307009
1455535277351571470
1455535278144294921
1455535283089383438
1455535290949459974
1455535292333625350
1455535295521337348
1455535298037927948
1455535298851508242
1455535298927108107
1455535299757490176
1455535300374052875
1455535301808513032
1455535302047674388
1455535304794775553
1455535310692048897
1455535318006788097
1455535324751335434
1455535331231637523
1455535330917068802
1455535333941129233
1455535337829240843
1455535345592946692
1455535345907511306
1455535349464240138
1455535350378545157
1455535351506870289
1455535351502671876
1455535357219557380
1455535362324013062
1455535366040137729
1455535365570416655
1455535366706970627
1455535368317640712
1455535376144211972
1455535377003995142
1455535379969449993
1455535389171752964
1455535408058716178
1455535409019170826
1455535410633924622
1455535416572985344
1455535416547975183
1455535421031550976
1455535433769644033
1455535439721517057
1455535443265658888
1455535444502908929
1455535452069400576
1455535454472876048
1455535464404901889
1455535470193033222
1455535470780338176
1455535472277663747
1455535480615940103
1455535483648421890
1455535484420100104
1455535487272329222
1455535494687862793
1455535495967039492
1455535499905482766
1455535499788099599
1455535506767421444
1455535508696748040
1455535513545449472
1455535522496065550
1455535525755035649
1455535532855922697
1455535535846481928
1455535536018501635
1455535537423536131
1455535539596271623
1455535540195971094
1455535545757704197
1455535549784240132
1455535559078727705
1455535561729523717
1455535575075786769
1455535579660234754
1455535582755631110
1455535585288937481
1455535593904029707
1455535594650710020
1455535603534241794
1455535604381458432
1455535606222757890
1455535608923820033
1455535609234305034
1455535613885751296
1455535614384877573
1455535616230232064
1455535617320923139
1455535622224064528
1455535634043527176
1455535638699134976
1455535638695063554
1455535641727586312
1455535642763476997
1455535642365112320
1455535643174440960
1455535653983227921
1455535656025870343
1455535655736520714
1455535656218791937
1455535657800044544
1455535661818257411
1455535664326451206
1455535673667108868
1455535680294035456
1455535685755195398
1455535687277715457
1455535698832994313
1455535706034606089
1455535708429500426
1455535709641748484
1455535713999593473
1455535718697246721
1455535723881418758
1455535723902377989
1455535733465362436
1455535734056701958
1455535734136393738
1455535735084290060
1455535740696285190
1455535740495007750
1455535741895909391
1455535749063917574
1455535749726625810
1455535750456434693
1455535757314166792
1455535764679315467
1455535767460188161
1455535770022957061
1455535770324901893
1455535770568122385
1455535776071143425
1455535777908236311
1455535778944229376
1455535793062223880
1455535793452298252
1455535794597281800
1455535795528425482
1455535798229651460
1455535809235464206
1455535809524797443
1455535810292375562
1455535815208099849
1455535815208091654
1455535828961271815
1455535831599439880
1455535836108316678
1455535836880060420
1455535845063155715
1455535846791200780
1455535857520238615
1455535864625442817
1455535875987808274
1455535881931182089
1455535882417709063
1455535885131321361
1455535885844418570
1455535888503644171
1455535909848469508
1455535911131926541
1455535911329017867
1455535913581174784
1455535916676796420
1455535919721820170
1455535925358911494
1455535932178845705
1455535939032428560
1455535941523759108
1455535946728972291
1455535957374115842
1455535957927661581
1455535958112231431
1455535960406380544
1455535960612036608
1455535964630274056
1455535964776980500
1455535966077214720
1455535964412162058
1455535978215522316
1455535980207869952
1455535981105405956
1455535984397852672
1455535985207488517
1455535990303506432
1455535993516400651
1455535999174553611
1455536002001514515
1455536005889597447
1455536009333116934
1455536010209767432
1455536013292548096
1455536013888131082
1455536013988728839
1455536015054196747
1455536018850029571
1455536020250927109
1455536020506742795
1455536021093949444
1455536023409135621
1455536029855674368
1455536033924329477
1455536040790437903
1455536041117499405
1455536042128429058
1455536047522295810
1455536062244261894
1455536065704517640
1455536066157588487
1455536068560834562
1455536070200807432
1455536095588982791
1455536096452952071
1455536100542455819
1455536105525288966
1455536106070495239
1455536108138283012
1455536109212114961
1455536108817821702
1455536112953331714
1455536115172233228
1455536120415064067
1455536128971448335
1455536133748707340
1455536136995151880
1455536137498501122
1455536139943780366
1455536146650443783
1455536152761544717
1455536155148042241
1455536158423855128
1455536165193457664
1455536170058665984
1455536172009148431
1455536174311874575
1455536180863414273
1455536181580607497
1455536185779138574
1455536189688143884
1455536195199545352
1455536196730372106
1455536202120105985
1455536202321379331
1455536204653469699
1455536206633123848
1455536208973533189
1455536209103671298
1455536218897362957
1455536222013693959
1455536223993405450
1455536225247506434
1455536229760618503
1455536230851129359
1455536235083177986
1455536247112355842
1455536248219648002
1455536248819433478
1455536256230862860
1455536260378935296
1455536268746575889
1455536270449520640
1455536272303345671
1455536276870995977
1455536280578629632
1455536282763943946
1455536284118790150
1455536286610169859
1455536290888290313
1455536294310948875
1455536295829250062
1455536299562110984
1455536301382451207
1455536303387381780
1455536304020668419
1455536304079491077
1455536307321688069
1455536307225116690
1455536307409756161
1455536308223418373
1455536311960576000
1455536314812715021
1455536316892987395
1455536318709121043
1455536321208983560
1455536333309546513
1455536340657922050
1455536348417433607
1455536354671136774
1455536355614810113
1455536362409676809
1455536375453954055
1455536378738061326
1455536386417778690
1455536386480685058
1455536388464648192
1455536390356221961
1455536396295344153
1455536400917483528
1455536403622895625
1455536403996151825
1455536405413826563
1455536406567301136
1455536406789566471
1455536410706972682
1455536414343499808
1455536415253614610
1455536417661145088
1455536417786970125
1455536421419237383
1455536423570849792
1455536425902952460
1455536428197179392
1455536430311170049
1455536441316954112
1455536450821296135
1455536454034206721
1455536453291741195
1455536454889771013
1455536458710896651
1455536463370760200
1455536468005466128
1455536472132567049
1455536474099748864
1455536482459004949
1455536502910373888
1455536505691246594
1455536507943591937
1455536514935533584
1455536517892476939
1455536517691187202
1455536525094031362
1455536525249286148
1455536524813127688
1455536532601942021
1455536534522826761
1455536542181728263
1455536557813809155
1455536567322390533
1455536567620100106
1455536578609176577
1455536588906278917
1455536591800307713
1455536596644675598
1455536600415363073
1455536605192675328
1455536608250408960
1455536615267446789
1455536625329528840
1455536631616835588
1455536631411351564
1455536652118528004
1455536653330788361
1455536660159078406
1455536663048896518
1455536663615131656
1455536666953801739
1455536671219400709
1455536671634731008
1455536673849229339
1455536677909303299
1455536685215883272
1455536688550141952
1455536694757892105
1455536698402775041
1455536698482434059
1455536700067913738
1455536701829435395
1455536713204445199
1455536712533282823
1455536719240089600
1455536723564371980
1455536724818472963
1455536732292751369
1455536744946864137
1455536747622846482
1455536749598367744
1455536759253647368
1455536762244243463
1455536765389901844
1455536766589489156
1455536767222824979
1455536774499946497
1455536776999751690
1455536777620512774
1455536781533716480
1455536785409380357
1455536792514478094
1455536798403289098
1455536805839785986
1455536807509172230
1455536812290711557
1455536825418854412
1455536836923777034
1455536839293607942
1455536839767560192
1455536843206844426
1455536844410691589
1455536845937315853
1455536851301797888
1455536853482934285
1455536853734526989
1455536853956931596
1455536857303994368
1455536858386112513
1455536863079505922
1455536870595735571
1455536874186027026
1455536890225041411
1455536894780088323
1455536907065167881
1455536916930121739
1455536918066876416
1455536923183829008
1455536925507477508
1455536933489156097
1455536933573206019
1455536936714653697
1455536939600420875
1455536939495460875
1455536945119973376
1455536947540242448
1455536955807223815
1455536956990017540
1455536959204495365
1455536969182846992
1455536972626333698
1455536973096030219
1455536991085465606
1455537009515286535
1455537014175043590
1455537015500517379
1455537016196698117
1455537016599457802
1455537029719146512
1455537039798116359
1455537041878536197
1455537048211935232
1455537050724315139
1455537054926970889
1455537056793387023
1455537057699221504
1455537058190090250
1455537059599368200
1455537061084205070
1455537062405414916
1455537071574208527
1455537083800563731
1455537084631064579
1455537085071437827
1455537099629899783
1455537106076508160
1455537113244606476
1455537123587760131
1455537125236092928
1455537127270277123
1455537129925263371
1455537142785089545
1455537143846260746
1455537144823435268
1455537151895035905
1455537156571734018
1455537158358540299
1455537158329094158
1455537161797869583
1455537162334650384
1455537164045864960
1455537171406934017
1455537172522704909
1455537173017550859
1455537176784121857
1455537187156594697
1455537188909850627
1455537188901466125
1455537204290375682
1455537205284380672
1455537205238288398
1455537206404079617
1455537209025732625
1455537212007845890
1455537214545399816
1455537215182983172
1455537215749099533
1455537216193716228
1455537225869955074
1455537235793784843
1455537236410314764
1455537244400463877
1455537246346563587
1455537248473174018
1455537248854810635
1455537260674396168
1455537261119000581
1455537269910159371
1455537271491469323
1455537272229609488
1455537276105072640
1455537276587548672
1455537278697283588
1455537278625931270
1455537299630997511
1455537300906070021
1455537308099252224
1455537310272049156
1455537313967190030
1455537317100367874
1455537316936753155
1455537320413827081
1455537320732545041
1455537327959388168
1455537339200069632
1455537342643646480
1455537345822875651
1455537351606870031
1455537354182123520
1455537355868286980
1455537370825117705
1455537373886943233
1455537374914564103
1455537376160325638
1455537376311267339
1455537377376669704
1455537382875402241
1455537382590226433
1455537385803034638
1455537392715067392
1455537395621892111
1455537398633357312
1455537401674313728
1455537405012889621
1455537406849978382
1455537413716168714
1455537415263825922
1455537417176375297
1455537421253320720
1455537434939244544
1455537435224444937
1455537439888474112
1455537440169545739
1455537457152278539
1455537467235393550
1455537467621363727
1455537470746017810
1455537476685213706
1455537487682617344
1455537490421551108
1455537490371227656
1455537496025178125
1455537501825798154
1455537507240718343
1455537507517542409
1455537509010661377
1455537510910726150
1455537511581851656
1455537516698865668
1455537518745636871
1455537534050652169
1455537542133161987
1455537544851034114
1455537546813923336
1455537546918776842
1455537549645058064
1455537552493002776
1455537553034055696
1455537554846068749
1455537557287026688
1455537558331568146
1455537564182528001
1455537568469196803
1455537569349963780
1455537569559728130
1455537570490814481
1455537577050640400
1455537577595965458
1455537577688289288
1455537590266994704
1455537590795444231
1455537594599620622
1455537598714322950
1455537599892934665
1455537601713254412
1455537606377279498
1455537621036421130
1455537623397699588
1455537626363011073
1455537627650789377
1455537643022913549
1455537648580415495
1455537648525840390
1455537650920734723
1455537653131190274
1455537653298999306
1455537655383482370
1455537657811927040
1455537663537303559
1455537667274420242
1455537681098813445
1455537682671673345
1455537685217611790
1455537688799498242
1455537702397485068
1455537708932210689
1455537710576414725
1455537714892193792
1455537716796526597
1455537719426306048
1455537722664292360
1455537727718498317
1455537726367883273
1455537729618448387
1455537731346518023
1455537732957184004
1455537742935465996
1455537743862378503
1455537754465521676
1455537756088807425
1455537763953037327
1455537768214507528
1455537774296064001
1455537783519555587
1455537787160125453
1455537797490782214
1455537800963571734
1455537804696502274
1455537807955533836
1455537811533320205
1455537811810144258
1455537813093453824
1455537813596823554
1455537816889434129
1455537818684510216
1455537827215781888
1455537831238148107
1455537834253824003
1455537834262204420
1455537838473183232
1455537842365550602
1455537849936359431
1455537850657689606
1455537859910377482
1455537862254936064
1455537862921834500
1455537867703394319
1455537870215725057
1455537870371008524
1455537870807179274
1455537873902608385
1455537883159269376
1455537885063569421
1455537892118380557
1455537894945443848
1455537898363801604
1455537899307520014
1455537905015869447
1455537918961913873
1455537920522301449
1455537932752855045
1455537933763612681
1455537942143770624
1455537941648969736
1455537943930675215
1455537944949886979
1455537945180622855
1455537947885936641
1455537950901551105
1455537954177290248
1455537955691499536
1455537960133267459
1455537965019635726
1455537966739296261
1455537971436920835
1455537975480172549
1455537979863220225
1455537985760514053
1455537985294897159
1455537989929607168
1455537996938219521
1455538001640148994
1455538004815089664
1455538007252029444
1455538010636931089
1455538021361664002
1455538022439587844
1455538027468623877
1455538034292690963
1455538043671171091
1455538049123852291
1455538050394636301
1455538060259647499
1455538061253742624
1455538069562609688
1455538070632210437
1455538070951010310
1455538075468288002
1455538076000956428
1455538077078786052
1455538085215801345
1455538095827345412
1455538096221659139
1455538099556126739
1455538101888106502
1455538110541008909
1455538111203536896
1455538114311507968
1455538113997164559
1455538116526227457
1455538116656312324
1455538130161913871
1455538130191323141
1455538131009249287
1455538133840416779
1455538136268906502
1455538138177228813
1455538140849057792
1455538141717098496
1455538143864688651
1455538144623857671
1455538147144736776
1455538150047199238
1455538153859780616
1455538160155332609
1455538163699552256
1455538170620170251
1455538172042137605
1455538186764103687
1455538194028670978
1455538194448011277
1455538196343894022
1455538197300228102
1455538212668125184
1455538214853283840
1455538216656850950
1455538217558609921
1455538219517452303
1455538231462727693
1455538238374899713
1455538242359603213
1455538244729200640
1455538250249084929
1455538250421055496
1455538261078781953
1455538264916611086
1455538284956819456
1455538284638134284
1455538302262685714
1455538310445686788
1455538310324146184
1455538313260060681
1455538313784397824
1455538315038531585
1455538321015386128
1455538323116728327
1455538328250556422
1455538338795069443
1455538340988547072
1455538342477680646
1455538343974948878
1455538344289505283
1455538348282494981
1455538351323365395
1455538352107753483
1455538355869999115
1455538356901851139
1455538358222942208
1455538358403407886
1455538359770697748
1455538358487298054
1455538363344302093
1455538373452566529
1455538380045905920
1455538381916626949
1455538383321718790
1455538384760459283
1455538386429677570
1455538397615955979
1455538403685158916
1455538405530607624
1455538407275433996
1455538409125126155
1455538409246756876
1455538412031823888
1455538412723785732
1455538420768456708
1455538423641542668
1455538425029971973
1455538430709047296
1455538438904717319
1455538442155270148
1455538449876914186
1455538454050320385
1455538457254760448
1455538459536412673
1455538460433928192
1455538462652870656
1455538462719942663
1455538465039425554
1455538467157520387
1455538470139617294
1455538474698694656
1455538478360506387
1455538478528270340
1455538479702622208
1455538480461791239
1455538481007050755
1455538484391944197
1455538485494960134
1455538490352062478
1455538492969263106
1455538496635015173
1455538496186339334
1455538497314594822
1455538499655020558
1455538499533279238
1455538506730704909
1455538517514272769
1455538518642421760
1455538525189943304
1455538529036115971
1455538530382401538
1455538531951161358
1455538533129728007
1455538536652935181
1455538536699019266
1455538538641072136
1455538543296663552
1455538545163227138
1455538561399377924
1455538562586210304
1455538563928428544
1455538566671605768
1455538580210737166
1455538586242195464
1455538587903070217
1455538588653916161
1455538597877198859
1455538604143435781
1455538609096822784
1455538610405580800
1455538613479956485
1455538614402617344
1455538614906015745
1455538620928987136
1455538623756046349
1455538624292917249
1455538626457219089
1455538631758827525
1455538639933362176
1455538645960642565
1455538646451372042
1455538650322776070
1455538653023834121
1455538656928833536
1455538657008492559
1455538662951866379
1455538668274388993
1455538670707126279
1455538672397340689
1455538674519658503
1455538677107421184
1455538677417971712
1455538682799312905
1455538687186333696
1455538687148765192
1455538699475820558
1455538706992050179
1455538720644509723
1455538724679340049
1455538731667099655
1455538739405545475
1455538743453093898
1455538753137790986
1455538753095802885
1455538763808006146
1455538766353891328
1455538766651826185
1455538771693342727
1455538776332177416
1455538776676225033
1455538777045221377
1455538788118171664
1455538796007677952
1455538797291126788
1455538802848673805
1455538810058510336
1455538819898486786
1455538822662393856
1455538827141992455
1455538827523764245
1455538833127141376
1455538837137014799
1455538839125102607
1455538843617161216
1455538847668912137
1455538856091164676
1455538856107839496
1455538860117663748
1455538860985917441
1455538871572307971
1455538898952769554
1455538925196435462
1455538928379908099
1455538934000361473
1455538937703899146
1455538946570690573
1455538950626549769
1455538951519981574
1455538956582506505
1455538961531564032
1455538962580312081
1455538964329385994
1455538965726076939
1455538966967590918
1455538966443307020
1455538971652526085
1455538982834556942
1455538982952095749
1455538998709981193
1455539001889275909
1455539001604071447
1455539010244386834
1455539017257299971
1455539017445953541
1455539019803201545
1455539021338144768
1455539032918740992
1455539033090764817
1455539033334067205
1455539034894176256
1455539037545058306
1455539038488862730
1455539041131278346
1455539050908200962
1455539054821482496
1455539055664447497
1455539058373906432
1455539059254693889
1455539071661613060
1455539076476678144
1455539077487501322
1455539093442543621
1455539103362072577
1455539109112565773
1455539112035880964
1455539111981367305
1455539118172254209
1455539119199772673
1455539133649141763
1455539134932598798
1455539137612640256
1455539138799681536
1455539150967513105
1455539153316335624
1455539155547602950
1455539156772442122
1455539157514792969
1455539159448313868
1455539165655875600
1455539167845302281
1455539169330176002
1455539174120075264
1455539179421585408
1455539185901834250
1455539187155968014
1455539188615503876
1455539195498356737
1455539198610583560
1455539200107978764
1455539209041813524
1455539213622030353
1455539215236796433
1455539216625152013
1455539223088533506
1455539246505336843
1455539251605614617
1455539255229440003
1455539256424898563
1455539258484219921
1455539269448130573
1455539271767576576
1455539275118874637
1455539275588587537
1455539279761969161
1455539282387550273
1455539286812528648
1455539305011728384
1455539312838287370
1455539313727483917
1455539314381803541
1455539319091912707
1455539320157315080
1455539326037680139
1455539340885602317
1455539342189940740
1455539345679650821
1455539347193749515
1455539349634813975
1455539366172954640
1455539368861569037
1455539369150926861
1455539371424190464
1455539371445141504
1455539373122936841
1455539375383715840
1455539376167981058
1455539382643953664
1455539384120496138
1455539388931260431
1455539397894590477
1455539401929465874
1455539404982951940
1455539407369342976
1455539407658831884
1455539414160093195
1455539416425025550
1455539416643088391
1455539418069090308
1455539440156303381
1455539442521976853
1455539453091586054
1455539455603916803
1455539461434007561
1455539469323546630
1455539470149685248
1455539469885526020
1455539471995310082
1455539473169666053
1455539473039740939
1455539482455904267
1455539490043351057
1455539502118735872
1455539511253999624
1455539543667613703
1455539547631243283
1455539550886014983
1455539559865925641
1455539560654458883
1455539564081295361
1455539566761455621
1455539570905427969
1455539572956286976
1455539583387582473
1455539588022292485
1455539588190150662
1455539597950210054
1455539600621985801
1455539601704210438
1455539605231505423
1455539609828356096
1455539619785752592
1455539620167434253
1455539632343552008
1455539635279605767
1455539638723039251
1455539639981387790
1455539646302236685
1455539659954655233
1455539660176994315
1455539660709584906
1455539665726021643
1455539670788427776
1455539671144951808
1455539674215243789
1455539674982670337
1455539674823397378
1455539675024740368
1455539681794433033
1455539683161780227
1455539690375892999
1455539694213730304
1455539705274060801
1455539714434416644
1455539715902525444
1455539729794019330
1455539733388537856
1455539742246936579
1455539742498594820
1455539742511177739
1455539749335314438
1455539752698998784
1455539754817265666
1455539762295713801
1455539762631151618
1455539763260403718
1455539769828646918
1455539775369265152
1455539777701351442
1455539779223818247
1455539789667586048
1455539791278362628
1455539795313238020
1455539797594984449
1455539801856389126
1455539802875518976
1455539803362037778
1455539805761200137
1455539805819965449
1455539818029481984
1455539821917650950
1455539822550990852
1455539825159938059
1455539831195553803
1455539835016519703
1455539835553280000
1455539839034609665
1455539839479201798
1455539840498507785
1455539841270263820
1455539846450122765
1455539849298124824
1455539849566605320
1455539853601427460
1455539861276999682
1455539862916898816
1455539866511499265
1455539866742280192
1455539868252114950
1455539868432535561
1455539886686154769
1455539886883287049
1455539886983897090
1455539890322554889
1455539889987112968
1455539900288315420
1455539900548255745
1455539902825869324
1455539904776228866
1455539905703120913
1455539907003306004
1455539913223548936
1455539915987505154
1455539918327930880
1455539919204466688
1455539921473654798
1455539929644077056
1455539931107954700
1455539932055973904
1455539937676337165
1455539940696240141
1455539943623823361
1455539943732875276
1455539946882797575
1455539947490906115
1455539949181227016
1455539952146685961
1455539953061044232
1455539956059983886
1455539958308118545
1455539963324362752
1455539966478635010
1455539979954765824
1455539982366617606
1455539985248104462
1455539986711945219
1455539988213518355
1455539989660454918
1455539989136224275
1455539994311856128
1455539995582808074
1455539996861947905
1455540001941467136
1455540010019663883
1455540010803994627
1455540011038826502
1455540028667486221
1455540036351320064
1455540038591188999
1455540039216140302
1455540039325208585
1455540041892212750
1455540046187139076
1455540047084769296
1455540048603099141
1455540050658308104
1455540051199381506
1455540052239527946
1455540055200706563
1455540057566285841
1455540060045066243
1455540061303414791
1455540061475311616
1455540063190794254
1455540065426292736
1455540069373206540
1455540074330959877
1455540075568238609
1455540081092009984
1455540082933370895
1455540084711862278
1455540088327319553
1455540091271667719
1455540093247123456
1455540095134707719
1455540096225132547
1455540098599096336
1455540101862330390
1455540110997348353
1455540111953825798
1455540112528392196
1455540114042593284
1455540118886961161
1455540123492302848
1455540133617291264
1455540136037388288
1455540136284930050
1455540136180125697
1455540138252115978
1455540138906431488
1455540144778457092
1455540150138593281
1455540154463137811
1455540163283755008
1455540180631310342
1455540182451736584
1455540183856726018
1455540190353797127
1455540192236945408
1455540195311460359
1455540197492396043
1455540207567134728
1455540210754850817
1455540216673013778
1455540218052894725
1455540217683775501
1455540218501734420
1455540219432812551
1455540221798494214
1455540239087423490
1455540241654288399
1455540244665679872
1455540259844984840
1455540265003913227
1455540274151710723
1455540272943796231
1455540276269764608
1455540287921610761
1455540288534065161
1455540295962083330
1455540300751982598
1455540302819778568
1455540305973891078
1455540311812460556
1455540314781929484
1455540315205550084
1455540319907241985
1455540319685074952
1455540320050073601
1455540320364417024
1455540321123659776
1455540323640352772
1455540329139036165
1455540330355437578
1455540335715684365
1455540335581536258
1455540339561881600
1455540341872943112
1455540350035140612
1455540353654743046
1455540354820698112
1455540355139469314
1455540356603338760
1455540357995839488
1455540359338074131
1455540364320903174
1455540369769312267
1455540371618996233
1455540373514866690
1455540376366985220
1455540376304033794
1455540384575205386
1455540387477655567
1455540390103330822
1455540394285019140
1455540396419858444
1455540399699906566
1455540400933023765
1455540406448312320
1455540409636204559
1455540413272580097
1455540418733609107
1455540418268045313
1455540423112343552
1455540423414456321
1455540426279198723
1455540431148695562
1455540437402464258
1455540437683478531
1455540442313994248
1455540444608311301
1455540446608961545
1455540449356259346
1455540450165760000
1455540452401221642
1455540452980056065
1455540457585496074
1455540462668845056
1455540464992628737
1455540470948507650
1455540471665766409
1455540472630239233
1455540478091448323
1455540478745751560
1455540482348519425
1455540496328101888
1455540496475041793
1455540498978979858
1455540501252386844
1455540501407539205
1455540504226144265
1455540509125054481
1455540517996056588
1455540518054768648
1455540522030936078
1455540523326967817
1455540527282151446
1455540531484717056
1455540531551952910
1455540532449619983
1455540533795885062
1455540541559656448
1455540551546195977
1455540553567948806
1455540554524205061
1455540559674855424
1455540562866675722
1455540566146564108
1455540572081594375
1455540577974501390
1455540579224391685
1455540579761369088
1455540580197572619
1455540585281069065
1455540585402703872
1455540593061507079
1455540608643342344
1455540608785948688
1455540609490554882
1455540613152116739
1455540613810556928
1455540614553079817
1455540614423007242
1455540620517429252
1455540622341853196
1455540622471962632
1455540625483476995
1455540637172912131
1455540641711198216
1455540649424404481
1455540651542695938
1455540653660725250
1455540654197538816
1455540656978419712
1455540657657896963
1455540658186252288
1455540658156965888
1455540660052844544
1455540662552649751
1455540670568046608
1455540672405118989
1455540674040840194
1455540674078650379
1455540677752893442
1455540681078972417
1455540697713491980
1455540699877752840
1455540703619076113
1455540707515674629
1455540708446642176
1455540708220317697
1455540709788946440
1455540710757830663
1455540716852154368
1455540722900389888
1455540727379685376
1455540730492039176
1455540733390303242
1455540736728895490
1455540737618161684
1455540739312652308
1455540742676434952
1455540749555146752
1455540756756811786
1455540758094680082
1455540763580846084
1455540767112323072
1455540768265760768
1455540771298422794
1455540775605899274
1455540776679710731
1455540782069387281
1455540782375620614
1455540785856843777
1455540790202191879
1455540796204146713
1455540803321860114
1455540805205168145
1455540810691252243
1455540813304270848
1455540813962883084
1455540817322463239
1455540819046420495
1455540821420347396
1455540821042868236
1455540829330841609
1455540837392191491
1455540839388749827
1455540840621920262
1455540841158746114
1455540841716625417
1455540845717991435
1455540846502236164
1455540846913200128
1455540846368002048
1455540848305844225
1455540851971612683
1455540854605684749
1455540857164156931
1455540859185909761
1455540868870545414
1455540877078798352
1455540882049060864
1455540905562320905
1455540914080952333
1455540922045943824
1455540922138120202
1455540926454059021
1455540927058096141
1455540930543591426
1455540934473519105
1455540934343417862
1455540943390744593
1455540944120553474
1455540943386460170
1455540946859270144
1455540948788781056
1455540952680919040
1455540952286760964
1455540952941084675
1455540955868643328
1455540962541854735
1455540964060172301
1455540968476774403
1455540971819634698
1455540980430643206
1455540982204805130
1455540984939429889
1455540988529709056
1455540988475285511
1455540987829305345
1455540989460762624
1455540990081740813
1455540992073887744
1455541006158471187
1455541010277224451
1455541012932222979
1455541016497377287
1455541019328462849
1455541021920612357
1455541024206503940
1455541026169540631
1455541027931054085
1455541029831127041
1455541037594722322
1455541042082615296
1455541047011028997
1455541061464600586
1455541062949343237
1455541069395943439
1455541071480594438
1455541073728704512
1455541075305762827
1455541077591543808
1455541076601806850
1455541082448703494
1455541086986948611
1455541088010133505
1455541088199102478
1455541090413694982
1455541091655028736
1455541090900234250
1455541098651267089
1455541105462849554
1455541106058436615
1455541106372919304
1455541107861991425
1455541117160726535
1455541118108569608
1455541118599372809
1455541120176427012
1455541129601032200
1455541130599219227
1455541131857612814
1455541135385022467
1455541138438434823
1455541138530652161
1455541146852249609
1455541152040505347
1455541155328774144
1455541157728030734
1455541160617861122
1455541166909362177
1455541166968082444
1455541168826109952
1455541187989753856
1455541190175215617
1455541191538143232
1455541199356452873
1455541206344212496
1455541212983742467
1455541214074310667
1455541214686687249
1455541217287196686
1455541218771877901
1455541219799470088
1455541228448010240
1455541230625083406
1455541234546745354
1455541238963347467
1455541239575683083
1455541240758480912
1455541241727307786
1455541243350593541
1455541252795949056
1455541262140985364
1455541268411473926
1455541270324170762
1455541273742434308
1455541276640751624
1455541280981794834
1455541284958052352
1455541287038373903
1455541288632213516
1455541290876112896
1455541292423946254
1455541293279494154
1455541296433618948
1455541307632390157
1455541307645042693
1455541312518828047
1455541316167798784
1455541316490772487
1455541319233908750
1455541331359637509
1455541333330960386
1455541336384450560
1455541346123517962
1455541346710827012
1455541348346613762
1455541359226540036
1455541360279257089
1455541362548428811
1455541365216055301
1455541367485075456
1455541371943723026
1455541372761657346
1455541375101915136
1455541394760781833
1455541396442648576
1455541397172465670
1455541397440897025
1455541403417731080
1455541408673132544
1455541411663724551
1455541412758540294
1455541413802872840
1455541415027613706
1455541416390692864
1455541420450672640
1455541421256151041
1455541422703140878
1455541425769156629
1455541427673477140
1455541445507567638
1455541451824193554
1455541454709854231
1455541454764482566
1455541460095406080
1455541471394910211
1455541472212758543
1455541476654391296
1455541476998397968
1455541479632371713
1455541482379743254
1455541489975664642
1455541496271163392
1455541502768254987
1455541504844476421
1455541515317497856
1455541523668426752
1455541527439151110
1455541531922755584
1455541532027756547
1455541537589321736
1455541542479806464
1455541544577085468
1455541551082442756
1455541551887630336
1455541557474598917
1455541562948165639
1455541570221056008
1455541576533426194
1455541578399825920
1455541581537234948
1455541584309669901
1455541597622448135
1455541598792523776
1455541610209431552
1455541619009196033
1455541623299850240
1455541622788268044
1455541625246076939
1455541626403758081
1455541633764585472
1455541636058861568
1455541644204384256
1455541648209874959
1455541652119080963
1455541657441538050
1455541658070704137
1455541661858246676
1455541665360449536
1455541667675754497
1455541671190351872
1455541685597974529
1455541689834262536
1455541694649311238
1455541696385662992
1455541696784224256
1455541697497210882
1455541704560451587
1455541707622305800
1455541708180135950
1455541709018963970
1455541712412192773
1455541712554807296
1455541713968238614
1455541714538561536
1455541716455501833
1455541718846214146
1455541731320029205
1455541734881079314
1455541739092004864
1455541739964538880
1455541751792513034
1455541756691456008
1455541757203132429
1455541759015104513
1455541759358930946
1455541764366950401
1455541777159569427
1455541779093233677
1455541781031006213
1455541783191080968
1455541789625040899
1455541791369879552
1455541798986715149
1455541802451279886
1455541804468682774
1455541807518003212
1455541811989057546
1455541812840521735
1455541821522817030
1455541822516727808
1455541822403514375
1455541825343721474
1455541826983587840
1455541828933980160
1455541835909140480
1455541837586907144
1455541843194646528
1455541847275700224
1455541847040962568
1455541863037943824
1455541864619184131
1455541873334960144
1455541881685880835
1455541882298064903
1455541884093231104
1455541892033269773
1455541898844717059
1455541916909686788
1455541917500968962
1455541920550297608
1455541921410134032
1455541922559266816
1455541925411491849
1455541928645304335
1455541929345753093
1455541934433476619
1455541939424612368
1455541939458162703
1455541941974798340
1455541947150503947
1455541948148768779
1455541958416510982
1455541964020068366
1455541966343589889
1455541972333211656
1455541972719001603
1455541975654932480
1455541978641403904
1455541985272483840
1455541992021237765
1455541992709099526
1455541998484693008
1455541999549878272
1455542009134002176
1455542012351029250
1455542015580639255
1455542017988169739
1455542019183439872
1455542022182477834
1455542023814066186
1455542023210012692
1455542025286266880
1455542029732270089
1455542033226022919
1455542043091087363
1455542043791478796
1455542049487343633
1455542051798454272
1455542053333520390
1455542053773922315
1455542056487686146
1455542060493254657
1455542063181697025
1455542063051812868
1455542063374553088
1455542075819188235
1455542076129562651
1455542081904992256
1455542082303668247
1455542082831990784
1455542085264703488
1455542087710089227
1455542090436317191
1455542091493240832
1455542093389209605
1455542100397801488
1455542101131792395
1455542100574052365
1455542101475840005
1455542102494953481
1455542103153520644
1455542106265640967
1455542107616186389
1455542108354404361
1455542110023737349
1455542110703144960
1455542113484091393
1455542121855799296
1455542126964625427
1455542128143060992
1455542128801636367
1455542135218974732
1455542143246868482
1455542146069565447
1455542146656841729
1455542147738972166
1455542148321923076
1455542151534755842
1455542152906354701
1455542158358876162
1455542160808464384
1455542169490579472
1455542177858269199
1455542184124497930
1455542190466273291
1455542199194636303
1455542201237184515
1455542201807691777
1455542202206081025
1455542202092900356
1455542203208581120
1455542207335784450
1455542208891850763
1455542210133315584
1455542209655328783
1455542211467259915
1455542214994583553
1455542215455821824
1455542215850303494
1455542221554454538
1455542222552698885
1455542223324471302
1455542225320960009
1455542236435918861
1455542238084206603
1455542240319873031
1455542256694349833
1455542263946350592
1455542264558759945
1455542267033358346
1455542267113000962
1455542278118952966
1455542278982864901
1455542283290427400
1455542284716544003
1455542290756276234
1455542290441768964
1455542297857306632
1455542301506347010
1455542303276290072
1455542302890471424
1455542305268580356
1455542308833796096
1455542311702695943
1455542319860625410
1455542320238104582
1455542324755320835
1455542337296273415
1455542338055512067
1455542338445615120
1455542339569524736
1455542346397978640
1455542349640122377
1455542357013766155
1455542357919739910
1455542360239075328
1455542364785848323
1455542382389252102
1455542393701388288
1455542404488916992
1455542406678515714
1455542406695301126
1455542406129012751
1455542420351950848
1455542424298795014
1455542426664382483
1455542426274258948
1455542427146665996
1455542429134712832
1455542429256278016
1455542445211627524
1455542448441069568
1455542451104403456
1455542462051753990
1455542462496313348
1455542472780693508
1455542476362731523
1455542486412181526
1455542487754358789
1455542494729539592
1455542501658570763
1455542508822347782
1455542510147751939
1455542511217295361
1455542521812107265
1455542528204234764
1455542530087559168
1455542532197257232
1455542533979770894
1455542536106303488
1455542537343717379
1455542540652875776
1455542539415662598
1455542545337946131
1455542545677701145
1455542547049242628
1455542548898926612
1455542551239438351
1455542551860088837
1455542556780072973
1455542557467947016
1455542563662860292
1455542573016125440
1455542574983401478
1455542582809858068
1455542586559459328
1455542590321930248
1455542594193272835
1455542597645111303
1455542597976461317
1455542597473210373
1455542601638051840
1455542605278629888
1455542608831205377
1455542613927337984
1455542614393036812
1455542622051725312
1455542629760782336
1455542636555685902
1455542638569041920
1455542641098174478
1455542641412689940
1455542642872365068
1455542643673509891
1455542653366509583
1455542653777428480
1455542653932785679
1455542653752385542
1455542662208139270
1455542676858843136
1455542685008343057
1455542686556041216
1455542688279793664
1455542692394389504
1455542691933138958
1455542692574814235
1455542699780624396
1455542700472741888
1455542704776130572
1455542708492251149
1455542711642173450
1455542712585838593
1455542715647733761
1455542724514533385
1455542730474418176
1455542731430838289
1455542737009209345
1455542740901515264
1455542741216157710
1455542754889568265
1455542756252733441
1455542758643544072
1455542764058431493
1455542764880285696
1455542764200935424
1455542769557061639
1455542772216254470
1455542773357109250
1455542778197266432
1455542779644416025
1455542782714601489
1455542787340972039
1455542798183247873
1455542805712019477
1455542812200611860
1455542816923398150
1455542828826832896
1455542829900500995
1455542831653834754
1455542831381164039
1455542834195415040
1455542836561022976
1455542849328619539
1455542848317689866
1455542852771979264
1455542853162123264
1455542855070625799
1455542856744116239
1455542861534048270
1455542873039020046
1455542877170421760
1455542879133204481
1455542880429395969
1455542884359282688
1455542887886819347
1455542888851550212
1455542894249529357
1455542897533718537
1455542899077173252
1455542900511571968
1455542904466853893
1455542904319983616
1455542910401880079
1455542915934134277
1455542922422755328
1455542924020682760
1455542926730162176
1455542934435209222
1455542936872144896
1455542937375449088
1455542938252062739
1455542940630126605
1455542944140828688
1455542945256464391
1455542946342731776
1455542951191322624
1455542955012497423
1455542955469676544
1455542959961776138
1455542964881592327
1455542965527584768
1455542966949453833
1455542969793073152
1455542971290595341
1455542981168189440
1455542982640295942
1455542984666124291
1455542987426091013
1455542994497458176
1455542994099216400
1455542998444412947
1455543007344742404
1455543009827774477
1455543010473689090
1455543011421704202
1455543012054945817
1455543014726766595
1455543016463155202
1455543018614927374
1455543022825971721
1455543023706718222
1455543032606978048
1455543039762616334
1455543040873877504
1455543046028861447
1455543050126733315
1455543052811096074
1455543057437298699
1455543064584462344
1455543066312548360
1455543066086068255
1455543071622500357
1455543083454636052
1455543089792233474
1455543092807884801
1455543092921180161
1455543097820164097
1455543098289889294
1455543099543986183
1455543106024185867
1455543108121341964
1455543108230389771
1455543111594225677
1455543121916399623
1455543124407685120
1455543125984825346
1455543126987350019
1455543128765747204
1455543130921504784
1455543135283654667
1455543136021667840
1455543141176651785
1455543157995843595
1455543159337979912
1455543165327486983
1455543176308088836
1455543179369930752
1455543182469517325
1455543183383871490
1455543186529525761
1455543186580033539
1455543187846701074
1455543193173385238
1455543195975262220
1455543199615889418
1455543201604018177
1455543204758134786
1455543216720187401
1455543223179485199
1455543224395784192
1455543224316092436
1455543225947758600
1455543232520196099
1455543235321876480
1455543235674210304
1455543237595308039
1455543242456436774
1455543242817167380
1455543246504042505
1455543249310035969
1455543261389598726
1455543262299758604
1455543266598813696
1455543266741415936
1455543266317844488
1455543267722862592
1455543268121489412
1455543270319214605
1455543279265665036
1455543280205242373
1455543282038104073
1455543283325837318
1455543284403740688
1455543287129985036
1455543287918563334
1455543290904858658
1455543290158321669
1455543293585018883
1455543297565462530
1455543297389350919
1455543301566828545
1455543302791614482
1455543303575941136
1455543314288099341
1455543324320935936
1455543325470208002
1455543332285792256
1455543336648024070
1455543336404652046
1455543339399487488
1455543340942958599
1455543344583647234
1455543351479054337
1455543356625391620
1455543359465009162
1455543363743019009
1455543363298643970
1455543363244077057
1455543372463153169
1455543373469822993
1455543378951557120
1455543380029497355
1455543383448068109
1455543384312004610
1455543385390034945
1455543386631557120
1455543386782507011
1455543396949442567
1455543402976612352
1455543405216415754
1455543406017622017
1455543410878660609
1455543413135265803
1455543414179745792
1455543416889110528
1455543420076937224
1455543419091161093
1455543427970617353
1455543427563655177
1455543432307527695
1455543438833770508
1455543455476764680
1455543456261152775
1455543458706378762
1455543460467986444
1455543462971969549
1455543465031487503
1455543466096738314
1455543469305384977
1455543471448543232
1455543474015588352
1455543478176436225
1455543478251892742
1455543481502343169
1455543488376975365
1455543489551290368
1455543501786009600
1455543501928771592
1455543506282455046
1455543509386137614
1455543509839138816
1455543520274571280
1455543521176395784
1455543526612217880
1455543530684878848
1455543532417060864
1455543533138587660
1455543533755146252
1455543538423377925
1455543544266076177
1455543553472487430
1455543555439616008
1455543563425570819
1455543565090709508
1455543569599672330
1455543573718331392
1455543584921378816
1455543591300915205
1455543602185179136
1455543611026812938
1455543616450015232
1455543616806477839
1455543621617344517
1455543633982144517
1455543636846907407
1455543643788414979
1455543644518244352
1455543645373927437
1455543646477033483
1455543646477070340
1455543648142217217
1455543649865981953
1455543651535400972
1455543657185021952
1455543665368125442
1455543667285020680
1455543678060085263
1455543682858422276
1455543695067975700
1455543698561933319
1455543698536677399
1455543698620551177
1455543704563949575
1455543708884082707
1455543709722980361
1455543710695952390
1455543715485913091
1455543716979089412
1455543716698075139
1455543723761143808
1455543724042334211
1455543728333115395
1455543730098909187
1455543733672456196
1455543733848580102
1455543733965963278
1455543736990146561
1455543740752404493
1455543744917393420
1455543754274709504
1455543762424320018
1455543768074104833
1455543768128659462
1455543770859114512
1455543775497916416
1455543784528392199
1455543784037568519
1455543788668137483
1455543793273421833
1455543796968611850
1455543800898756628
1455543805084643332
1455543807009869828
1455543810797223948
1455543813200437248
1455543813947248640
1455543832318251012
1455543832985092110
1455543839683452930
1455543841277231105
1455543846687887370
1455543847430262793
1455543851637161988
1455543868259065856
1455543869274263563
1455543876652048385
1455543887028752390
1455543890946179084
1455543897837424658
1455543899905089537
1455543905060012049
1455543905676574733
1455543913822007313
1455543919245152260
1455543922751574027
1455543931194814469
1455543933979746315
1455543935569383435
1455543942179528704
1455543954343092231
1455543956658442246
1455543957849448448
1455543958499692552
1455543958931652616
1455543960345014272
1455543963256037380
1455543964820443144
1455543973846691840
1455543976690397195
1455543977118212110
1455543979273953280
1455543980029095946
1455543979919953922
1455543984307191809
1455543988509765632
1455544000006348800
1455544008873234444
1455544012295839753
1455544019434582031
1455544020977999873
1455544024178253836
1455544031635812364
1455544036329152517
1455544039365873670
1455544041098067978
1455544041853136901
1455544043228864526
1455544044772282376
1455544044877238288
1455544048937148416
1455544054385623050
1455544063227166720
1455544065718636548
1455544069208354821
1455544079668940805
1455544087654842379
1455544094705467404
1455544098778238978
1455544100506116096
1455544101265412111
1455544105820372993
1455544106235666449
1455544107749740562
1455544110832619533
1455544112535556109
1455544118931828747
1455544119862779904
1455544122295603225
1455544123662897152
1455544127194554381
1455544127479861251
1455544129291685888
1455544137168588801
1455544152834387982
1455544156919578635
1455544162875416576
1455544165891285013
1455544166709071882
1455544168089063443
1455544173344399360
1455544182307635200
1455544182731259904
1455544184220397573
1455544189417000960
1455544191023345664
1455544191828832259
1455544198422269962
1455544198539644932
1455544205913333763
1455544207213486086
1455544209436520457
1455544212229853194
1455544213056200704
1455544213182029824
1455544216248070155
1455544221197287427
1455544223265067010
1455544231074820097
1455544239992020997
1455544243070459905
1455544247956828160
1455544250251292674
1455544255703773185
1455544260565032975
1455544263677198354
1455544264365117447
1455544267506524160
1455544273248587779
1455544275379314697
1455544279724531712
1455544281029087248
1455544287521873931
1455544297441435653
1455544298229964814
1455544304265400320
1455544304319930368
1455544308283494400
1455544310527496192
1455544313866334218
1455544318475780105
1455544320035999744
1455544322825281547
1455544323559366664
1455544328798052367
1455544329410383874
1455544330932953091
1455544333755510784
1455544333730451460
1455544336058392577
1455544340504272902
1455544341250904078
1455544342274355204
1455544344375615501
1455544344686047236
1455544344874786816
1455544347898912777
1455544350742614020
1455544351161917442
1455544351380103172
1455544354978865156
1455544366215274496
1455544370292084736
1455544381088350209
1455544386603917324
1455544388457623552
1455544391838306304
1455544398159269891
1455544414160441356
1455544414600794112
1455544419717943313
1455544422305775618
1455544424889475086
1455544424625213449
1455544427301244933
1455544432934232066
1455544433865211905
1455544435115270163
1455544440689397767
1455544445814910983
1455544449233297431
1455544453112942601
1455544455671451658
1455544455885467648
1455544458297151492
1455544466366947346
1455544466979360774
1455544466664828928
1455544471295254543
1455544472725512206
1455544475426574336
1455544481940447246
1455544482477314052
1455544489066606601
1455544490031206404
1455544493613199361
1455544495299248129
1455544495328616466
1455544497429835776
1455544497010524172
1455544499493425152
1455544498348494850
1455544505558396928
1455544511527100426
1455544513548718081
1455544520645427226
1455544521148747780
1455544531693277197
1455544535522676736
1455544536239837187
1455544537925963778
1455544540136362001
1455544547732303887
1455544548315344902
1455544554380271619
1455544556628287488
1455544558918508553
1455544560516362240
1455544562999509004
1455544564182310915
1455544566044626971
1455544566375911425
1455544568984768526
1455544575301402633
1455544575653818375
1455544575309799433
1455544582104625169
1455544583199285248
1455544585891893248
1455544590459621381
1455544591373914112
1455544595446706182
1455544602098798605
1455544603042529286
1455544605357846541
1455544605756248077
1455544607534616581
1455544611657687047
1455544613595385856
1455544614228660224
1455544639591702541
1455544648710098955
1455544656679378956
1455544659359404032
1455544660806537219
1455544663675314176
1455544664098951168
1455544677118136320
1455544682394443776
1455544682771992576
1455544684802084884
1455544687771717640
1455544694344138766
1455544694012776453
1455544702778974208
1455544714279723010
1455544715856777216
1455544718188851206
1455544717727436814
1455544719367360518
1455544720101462019
1455544721741434893
1455544721582043149
1455544723020595208
1455544725155483655
1455544733758001156
1455544735091806212
1455544736140435469
1455544742524096519
1455544748450648066
1455544750094929925
1455544759662129159
1455544761230712843
1455544762602229764
1455544763621457937
1455544767455113223
1455544768184963084
1455544769590042634
1455544774207889420
1455544778792308744
1455544779958153216
1455544783905165318
1455544786547478528
1455544789198245888
1455544789894455296
1455544790368542722
1455544791517773829
1455544793426235397
1455544794525179911
1455544810656473109
1455544813160443914
1455544820982759426
1455544822253637636
1455544825835663371
1455544830281592836
1455544836703019011
1455544836640083975
1455544841828544526
1455544843980115988
1455544845414580238
1455544856751874067
1455544857225744389
1455544858303729681
1455544858656055304
1455544860115705862
1455544861499838474
1455544868453892106
1455544869280272397
1455544868353331216
1455544873440972803
1455544875294740480
1455544874749550596
1455544877509328896
1455544877547196417
1455544880298606602
1455544882823577607
1455544883159212053
1455544883192680456
1455544885482721280
1455544885348651009
1455544887105912832
1455544888322363404
1455544889911951376
1455544890042077197
1455544891203805184
1455544891941949440
1455544899051397131
1455544900355821573
1455544901572210703
1455544907419033606
1455544907695800340
1455544910472482824
1455544914125721607
1455544916902236160
1455544918269566977
1455544918622056501
1455544922954739721
1455544934795202570
1455544936955326474
1455544939207700498
1455544949257166857
1455544962460831746
1455544962196594697
1455544974611603456
1455544978772463621
1455544983809822742
1455544987186176000
1455544991678357509
1455544992693428226
1455545002092814337
1455545006777851906
1455545008275218447
1455545010708008965
1455545010598858758
1455545011446059009
1455545012176007168
1455545013140602881
1455545016168894474
1455545018521903107
1455545020958785549
1455545023093743623
1455545023559254023
1455545025249558537
1455545024888836096
1455545026180755464
1455545025945907208
1455545028663709703
1455545031700406302
1455545032556040196
1455545033457684480
1455545034632273930
1455545037798969359
1455545039573114886
1455545041540292612
1455545041762623500
1455545042404249604
1455545044337926159
1455545047215132678
1455545049719136264
1455545052105560064
1455545052034478093
1455545054442004490
1455545055243014144
1455545056434270220
1455545058325848072
1455545058892132363
1455545062042046478
1455545063082274825
1455545063715622912
1455545065913335814
1455545066483851275
1455545072167133193
1455545075077943299
1455545077779009548
1455545082824863755
1455545084011757583
1455545084460650504
1455545090319994897
1455545092303900672
1455545095072124951
1455545096733069327
1455545097823473664
1455545101413978115
1455545110742159367
1455545116777762824
1455545117394313228
1455545119252299777
1455545119403356172
1455545120133197839
1455545120649011209
1455545122809171974
1455545126227349504
1455545127464685568
1455545130581118990
1455545132493778960
1455545137015164935
1455545137870741504
1455545138256646146
1455545140920025088
1455545140957880343
1455545142526492672
1455545145487773701
1455545149388255234
1455545150009135118
1455545152852877314
1455545155436568588
1455545156053131278
1455545162411622400
1455545162940231700
1455545162793459721
1455545166908035078
1455545167017095168
1455545167151308807
1455545168166330383
1455545174214516755
1455545175263137808
1455545177800597518
1455545196431781900
1455545198407204880
1455545198461833236
1455545207383117832
1455545210918735872
1455545210566549520
1455545211891949583
1455545213737439246
1455545215008313355
1455545218216996876
1455545223833169928
1455545224223240205
1455545224621707270
1455545224596447232
1455545229940043781
1455545232276135936
1455545232662179845
1455545234008330240
1455545234973151232
1455545236101369856
1455545252320710657
1455545252673097740
1455545258952085512
1455545260688519173
1455545269848842243
1455545271656538125
1455545275792171010
1455545279638228995
1455545279898431491
1455545291306782721
1455545291185299462
1455545291952828421
1455545298189799430
1455545306939105289
1455545308235157512
1455545308054708238
1455545309904490497
1455545310067965958
1455545321451360265
1455545321996554250
1455545335871377410
1455545336701853711
1455545337763008523
1455545338710876165
1455545344767500294
1455545349599383558
1455545350400319488
1455545353084755974
1455545355349676037
1455545356721299459
1455545359422431233
1455545361876008974
1455545363851583489
1455545366535831553
1455545369446678532
1455545369849389063
1455545374865825807
1455545377277480977
1455545387327049734
1455545391848599556
1455545393807347713
1455545395363385359
1455545398731452424
1455545404246855692
1455545409607196680
1455545411826036745
1455545418453065734
1455545418637627406
1455545423247126538
1455545440590565376
1455545444520562699
1455545448010326028
1455545449230766093
1455545450187182087
1455545453450256389
1455545456365228032
1455545459930398723
1455545462157676557
1455545463961047042
1455545469531217923
1455545469053161484
1455545471993143297
1455545472077025284
1455545478582517767
1455545481933869062
1455545482428702723
1455545486375628805
1455545488950898695
1455545491488485382
1455545498648121356
1455545500032143360
1455545503999987716
1455545510601834501
1455545512422170625
1455545513328140291
1455545515144265736
1455545519284031495
1455545521033129986
1455545522350137348
1455545530465931264
1455545530638118929
1455545532223426561
1455545535004172289
1455545534094135300
1455545534505263118
1455545538909249536
1455545542411440138
1455545542394605572
1455545543137038350
1455545546408701960
1455545546802962433
1455545547549552643
1455545547419525132
1455545551236177920
1455545557112348673
1455545556630126595
1455545559780106258
1455545561604632589
1455545565370933250
1455545567753375744
1455545571637297152
1455545574300717056
1455545575441567746
1455545575995236352
1455545576498634757
1455545579740741638
1455545579833020420
1455545587483426824
1455545589723242507
1455545589836435456
1455545593800138759
1455545594429128705
1455545602104758272
1455545602729811977
1455545604063563784
1455545610094866432
1455545611248443413
1455545618328346634
1455545623730655245
1455545624267575316
1455545625571958797
1455545626738012171
1455545633318871042
1455545637877989401
1455545638595203083
1455545639467683843
1455545640604295174
1455545642672087044
1455545643099901956
1455545645511573504
1455545646803476494
1455545648221151235
1455545650238484482
1455545657532432384
1455545660065734661
1455545660745256962
1455545661324148743
1455545664788738058
1455545664474173448
1455545669272354816
1455545671885496321
1455545678202032128
1455545680521580547
1455545683986026498
1455545685093142530
1455545689572843528
1455545691208564737
1455545700448710663
1455545704932327430
1455545709017640974
1455545709382488064
1455545711106445320
1455545714361212932
1455545717154516999
1455545717456609287
1455545719297753088
1455545719960621073
1455545721827086351
1455545725593522192
1455545729481596941
1455545727661363201
1455545731755003919
1455545733638205455
1455545735785504768
1455545736410578951
1455545737417269259
1455545742957895694
1455545744279101449
1455545747647127556
1455545749870190602
1455545756174241804
1455545758032203783
1455545759156346883
1455545764814405642
1455545765833682944
1455545766806794255
1455545770120208385
1455545769767882765
1455545770816512015
1455545772259389442
1455545773324648458
1455545774633271296
1455545776831188994
1455545780811542546
1455545781637763073
1455545782791180289
1455545788625477638
1455545792140386311
1455545795193753605
1455545795982372869
1455545797429415943
1455545803657908230
1455545806954586118
1455545807717928963
1455545813195796495
1455545813766127635
1455545817570349060
1455545818824548359
1455545821257162753
1455545821353685007
1455545827162787860
1455545831990431747
1455545833462673420
1455545839091335179
1455545840496529408
1455545842463543306
1455545849568759814
1455545852508975119
1455545853029064710
1455545853670674432
1455545855713419284
1455545857453879296
1455545865804857352
1455545868417830913
1455545868715585537
1455545871647580176
1455545872717127687
1455545873031643143
1455545887904747524
1455545888483463181
1455545890501021700
1455545890752581640
1455545903637483526
1455545904564424710
1455545904509997057
1455545906833600513
1455545916874792972
1455545925456175104
1455545926949408781
1455545932121092100
1455545933534531585
1455545934889238531
1455545935883341826
1455545939381264384
1455545942120312842
1455545942225137664
1455545946784337930
1455545951284654083
1455545951897231360
1455545954355011588
1455545963343396871
1455545968296816643
1455545970872266762
1455545971727867910
1455545972646457347
1455545972646416387
1455545973720104966
1455545974722531330
1455545979130703876
1455545983492841484
1455545986353410061
1455545997325647874
1455545998672113669
1455545998831411204
1455546001889144853
1455546003982008328
1455546007920553993
1455546014102917122
1455546015315107856
1455546017173196808
1455546020192874497
1455546021992353796
1455546025788121089
1455546026551504896
1455546030112575499
1455546034831175687
1455546035116314634
1455546037624524815
1455546038090182662
1455546038345928725
1455546041961377795
1455546041965682688
1455546046315118603
1455546052753436680
1455546053365731329
1455546063629082624
1455546070428266496
1455546071611068422
1455546074454806532
1455546080377151498
1455546089285865476
1455546092142084109
1455546095380176896
1455546096864747526
1455546095493333002
1455546096894287880
1455546098265776130
1455546103353511948
1455546113021317129
1455546117643546640
1455546117509296143
1455546118050304008
1455546117983285255
1455546132851937280
1455546136803037184
1455546141450416137
1455546159372640263
1455546162405158914
1455546163722178566
1455546164703633421
1455546167509635073
1455546174702714882
1455546174996369429
1455546176451846155
1455546177198428170
1455546178121224196
1455546184290947078
1455546192213991424
1455546193048653839
1455546192947986433
1455546194898391047
1455546197410783239
1455546199466029061
1455546199398879232
1455546210052415508
1455546211591770114
1455546212841525249
1455546218478776337
1455546220647227407
1455546223260168192
1455546230134624257
1455546232378691588
1455546233456631814
1455546238082981892
1455546240503099392
1455546242331676673
1455546244252774400
1455546244437266446
1455546247805276170
1455546251093630976
1455546253094182913
1455546256122601475
1455546257007681549
1455546258370744326
1455546275374551052
1455546277073244162
1455546277027098635
1455546288456470532
1455546289089830928
1455546289886728202
1455546294915657728
1455546294076805120
1455546297247805440
1455546302092152845
1455546304143233035
1455546306571776000
1455546307443970050
1455546308354211840
1455546310057250818
1455546310128513032
1455546312594804743
1455546316579295234
1455546317313298434
1455546323147522050
1455546323566874627
1455546327337558021
1455546329501949965
1455546337852801032
1455546339786465286
1455546341157867520
1455546343523422208
1455546343364104206
1455546343938740240
1455546344291147776
1455546347822755860
1455546358706880527
1455546364100759555
1455546367137521667
1455546373697277956
1455546377702871056
1455546379200258052
1455546378852110343
1455546382148845576
1455546383872798729
1455546384896167941
1455546403879538688
1455546415023808512
1455546415443103744
1455546416739364867
1455546418123378697
1455546422816763905
1455546422804234241
1455546430869934082
1455546431268212736
1455546433164255247
1455546441527668742
1455546442190311444
1455546446791458828
1455546449974808576
1455546482829021184
1455546488352694275
1455546488956899332
1455546489581682688
1455546490487820288
1455546494111604741
1455546494631677961
1455546494610821128
1455546504110907393
1455546511148797952
1455546511618678792
1455546515808608261
1455546518396555264
1455546520971976714
1455546523752796161
1455546524579110923
1455546525573173249
1455546547354025988
1455546558980763650
1455546560708702208
1455546562625642509
1455546567595896841
1455546577007923208
1455546577595117570
1455546577917939716
1455546581697060866
1455546583047671817
1455546585333571592
1455546586738667533
1455546587976028160
1455546588890284040
1455546592455544835
1455546599577427975
1455546600923795464
1455546615318581258
1455546615889072131
1455546618011291649
1455546620595015692
1455546625099718666
1455546628484517888
1455546634771763206
1455546636411625475
1455546639569993731
1455546654392782854
1455546657156775947
1455546657194586126
1455546660600401921
1455546661325975552
1455546661850189833
1455546666056966152
1455546669479735301
1455546669458771971
1455546672524800001
1455546677545275398
1455546681429159944
1455546681462857733
1455546682381373455
1455546682356256768
1455546685375979523
1455546687921942530
1455546689255735298
1455546689255841807
1455546692506464266
1455546693307572232
1455546693680828419
1455546699540226049
1455546704980217868
1455546705487831046
1455546709589774342
1455546710718095369
1455546710978088969
1455546713440129032
1455546724173467657
1455546729391013891
1455546729261113368
1455546730703949824
1455546737599389696
1455546739390287878
1455546746273243148
1455546747841826819
1455546749326614528
1455546752136794125
1455546755588689929
1455546756960194562
1455546759447449604
1455546763696345096
1455546769710858248
1455546772810387457
1455546772886011913
1455546776795164681
1455546779496325137
1455546779836067842
1455546782067298304
1455546781681557522
1455546786479738902
1455546791676440576
1455546792704159750
1455546806780239885
1455546809665851404
1455546813717655560
1455546817844633600
1455546819132329985
1455546820294332423
1455546821124657152
1455546821338673160
1455546823611805699
1455546830897532938
1455546831224459266
1455546837641879565
1455546842230542351
1455546842997997578
1455546844918992901
1455546859636891672
1455546860547067915
1455546862828613632
1455546864540004352
1455546865739501570
1455546873285005316
1455546875109576704
1455546880058957846
1455546884559310849
1455546884504887300
1455546885045903366
1455546887067488263
1455546889240150018
1455546889273843726
1455546889764409347
1455546894223032322
1455546895812673544
1455546898090168339
1455546902510977029
1455546907649056773
1455546912040370181
1455546918734639106
1455546920735105030
1455546925512544268
1455546931720167434
1455546932177342481
1455546933007749132
1455546933766930432
1455546934941323277
1455546937810243598
1455546940750536705
1455546941497135104
1455546942172250112
1455546942667120643
1455546955162062848
1455546957263425543
1455546958026838017
1455546960673341440
1455546963072532480
1455546970311962626
1455546977182179338
1455546978620870664
1455546979287699456
1455546984761331718
1455546985432367105
1455546986334093312
1455547001911738368
1455547003933442050
1455547005095211011
1455547006039040007
1455547007716691981
1455547009553809414
1455547010044633092
1455547013530009605
1455547019297185804
1455547019355844608
1455547025211023364
1455547029564821509
1455547032517496836
1455547032693719046
1455547033331326985
1455547038087647238
1455547038263881728
1455547047830953986
1455547054441353222
1455547068425113616
1455547069301592064
1455547069872152580
1455547070316781580
1455547071373606917
1455547072191422470
1455547078663458816
1455547079401607172
1455547080227766273
1455547083516223497
1455547086041239556
1455547089291730951
1455547090898067458
1455547093246824451
1455547096145203211
1455547097227292675
1455547098900963330
1455547100746457090
1455547103468531714
1455547109109866511
1455547111953551362
1455547118567890944
1455547118702276617
1455547126734376960
1455547127673749505
1455547135215247363
1455547136335089664
1455547137660358660
1455547141494034443
1455547142198628353
1455547147512803329
1455547151732416527
1455547154504761349
1455547155234570247
1455547162054434816
1455547162117480454
1455547166089355269
1455547166403989511
1455547168232779783
1455547176373739520
1455547177904709634
1455547183567187987
1455547188906442766
1455547189447507978
1455547190705750017
1455547191959949313
1455547192228388864
1455547198490374144
1455547204022718464
1455547218656628742
1455547227837980682
1455547228743929866
1455547228798455814
1455547231780712464
1455547232984485895
1455547236075638790
1455547239661670407
1455547243860201482
1455547244736913421
1455547245516910596
1455547253934886912
1455547254199275528
1455547255889403906
1455547255704862721
1455547259785924610
1455547261241286659
1455547266903728132
1455547267058917381
1455547277112745988
1455547278383484931
1455547279847399432
1455547281751543815
1455547282825351174
1455547284012343296
1455547292442710016
1455547292929470475
1455547293457862658
1455547298625241095
1455547300865060864
1455547303989690372
1455547303733903379
1455547306443378703
1455547310683865100
1455547311535370247
1455547317642215424
1455547318804090882
1455547325795864577
1455547326005760004
1455547332703965191
1455547342573260806
1455547343260979210
1455547346062827528
1455547347136483335
1455547351175770121
1455547352014544902
1455547353298083852
1455547353264541701
1455547355512594443
1455547368938430465
1455547371048296459
1455547375146184722
1455547376979038208
1455547378824585216
1455547381915602944
1455547382633017349
1455547383647916035
1455547388118986755
1455547396067315724
1455547400622428169
1455547403231236105
1455547403864522753
1455547404778807300
1455547409426178050
1455547416019619851
1455547428514435083
1455547428212518914
1455547430037037073
1455547430250827783
1455547439130238987
1455547440698847234
1455547445987975180
1455547446411636741
1455547448068296704
1455547452539473927
1455547458155655173
1455547461011902468
1455547462752538631
1455547465927696391
1455547467320156164
1455547469757140997
1455547471476764674
1455547474521722881
1455547477700931585
1455547480897163272
1455547482432319512
1455547484776902665
1455547487851319305
1455547491395387403
1455547492196655106
1455547496449683463
1455547511008108549
1455547513306451968
1455547516930428941
1455547518872272896
1455547521007243268
1455547529114832913
1455547532738662402
1455547533703499789
1455547539822833668
1455547546546413570
1455547549633302534
1455547553177538563
1455547554964271107
1455547555492810755
1455547579316461579
1455547584219521041
1455547584618053635
1455547584634834944
1455547586207703043
1455547586660614148
1455547586606026754
1455547587734478853
1455547592159416327
1455547598228557827
1455547611235209219
1455547619342684160
1455547620676472833
1455547625051131907
1455547640536440835
1455547642541395968
1455547642243698692
1455547643883491332
1455547645473300485
1455547646496567298
1455547647020998664
1455547653253521410
1455547655203995664
1455547657166934023
1455547663458439175
1455547668676026368
1455547670672523264
1455547671255478274
1455547671041691651
1455547684320907267
1455547686023622664
1455547695062401026
1455547696027213834
1455547696954191878
1455547705309102080
1455547707649454083
1455547708354318338
1455547709490860037
1455547710719905796
1455547711298678790
1455547717187366913
1455547718680465411
1455547719997693954
1455547720077234183
1455547726058463238
1455547726406451200
1455547726230327311
1455547728075841546
1455547733935329283
1455547737823453192
1455547743108272137
1455547758526541829
1455547759164067852
1455547767787458565
1455547769628725253
1455547775496687622
1455547781221785601
1455547782467624962
1455547784346492929
1455547784149364739
1455547784606617608
1455547787110719489
1455547796543578113
1455547801170071560
1455547805796343814
1455547808367394823
1455547812024889351
1455547818454753289
1455547827036180488
1455547828395143168
1455547830957916172
1455547836221820938
1455547840323678208
1455547842756431875
1455547848511086592
1455547852847861762
1455547866651496448
1455547869516091395
1455547869969190920
1455547886440169481
1455547889699020812
1455547891460702210
1455547892198821896
1455547900746997766
1455547907659247616
1455547912050642946
1455547916354048001
1455547917154996230
1455547917662502912
1455547917968846851
1455547922062487559
1455547922028900352
1455547922708324357
1455547925094879235
1455547927708016647
1455547933475102721
1455547934746058754
1455547936503259144
1455547943164030979
1455547944271323137
1455547948553670659
1455547948574597124
1455547952085209088
1455547951925784579
1455547954626973697
1455547954727690248
1455547959056080899
1455547959156879378
1455547959102169092
1455547961279139848
1455547967356739591
1455547967700672532
1455547968237580293
1455547968870780933
1455547971450310656
1455547978282946562
1455547982779195395
1455547983697694721
1455547985719402502
1455547986973499400
1455547988995198986
1455547989104074754
1455547994623733760
1455547995198472199
1455547997291491337
1455548001447989256
1455548002890813441
1455548003155169287
1455548003306049537
1455548012780982284
1455548018900471809
1455548021274562569
1455548023946240002
1455548026106302464
1455548027205193734
1455548032712380424
1455548034687799302
1455548037716189185
1455548038475403265
1455548048235540486
1455548048860278790
1455548049170784256
1455548056728911884
1455548061841862659
1455548062525497344
1455548071769780228
1455548074298945537
1455548078191222787
1455548081978679296
1455548088634929157
1455548091126345735
1455548096751022080
1455548097296310279
1455548098919403527
1455548099435196418
1455548110273396740
1455548116103573506
1455548121795158020
1455548125364510723
1455548137817448448
1455548141323890694
1455548142343049218
1455548146944290827
1455548150748430341
1455548151541157902
1455548155785879559
1455548156368801792
1455548179756158977
1455548179747909642
1455548184034484228
1455548184063840265
1455548188635566080
1455548189721993217
1455548190334361611
1455548191177314308
1455548193786130434
1455548197825298437
1455548198186065921
1455548199175872521
1455548199209295879
1455548202958999557
1455548206729895936
1455548216699768838
1455548217320427528
1455548222437400582
1455548223850958848
1455548224492634122
1455548224727519232
1455548227126808576
1455548227709640704
1455548228460482560
1455548231815925763
1455548237218291715
1455548237675380743
1455548245707472905
1455548250602225674
1455548252984545301
1455548256520441863
1455548257816436740
1455548264699281409
1455548273612238851
1455548276619554824
1455548285536571398
1455548286065160193
1455548292700545024
1455548294134829062
1455548298996113409
1455548310052380673
1455548311268691979
1455548312388608002
1455548314473086986
1455548321058148355
1455548322484297742
1455548326724657157
1455548329392283648
1455548333032939521
1455548336698650624
1455548337214656515
1455548342419668998
1455548343011065860
1455548346622480386
1455548349516431368
1455548353287176194
1455548353807364098
1455548354235011083
1455548358798491649
1455548360522440707
1455548360509829123
1455548370701930500
1455548373612777478
1455548384073322498
1455548389735780361
1455548393250459662
1455548396807364612
1455548402746462216
1455548403056881668
1455548405250396165
1455548405820923911
1455548407590932484
1455548408563912708
1455548411059580930
1455548413571846156
1455548415010607109
1455548420307963908
1455548428923068418
1455548429577310210
1455548429778755597
1455548430349131779
1455548431263481869
1455548453111701509
1455548458379665412
1455548461722517504
1455548462896869384
1455548464641814533
1455548464834699266
1455548467560992773
1455548468462858240
1455548473130962944
1455548477660876804
1455548478403366921
1455548479191887879
1455548481574215685
1455548489954377732
1455548490155757568
1455548491099410432
1455548504210771969
1455548509722009600
1455548515908685831
1455548526394368003
1455548528525078536
1455548532061057024
1455548534841876480
1455548541342998537
1455548546837630977
1455548550671175681
1455548550989766659
1455548552206225410
1455548557595979787
1455548567184023564
1455548570711388163
1455548583214682118
1455548583273320449
1455548587174252553
1455548588021501957
1455548594119852039
1455548595139055619
1455548595483054091
1455548601896247302
1455548602697146376
1455548603548651526
1455548605239107592
1455548606673473544
1455548612641951746
1455548616999845890
1455548617905872899
1455548622326546435
1455548623584849920
1455548627661766657
1455548628890701824
1455548631260569616
1455548632531275784
1455548634473406467
1455548636432060424
1455548641666535426
1455548642438393860
1455548643667238915
1455548644866904064
1455548645131042823
1455548648822034434
1455548648872366080
1455548653645537281
1455548654337634310
1455548655826505731
1455548656048738311
1455548659182014470
1455548660079632387
1455548666144444420
1455548671601176577
1455548675564867585
1455548676240285699
1455548678391967744
1455548679624933379
1455548679822184457
1455548680673632256
1455548688848154625
1455548689779347466
1455548690060529670
1455548709937324041
1455548711526756354
1455548712877535236
1455548713338908679
1455548713309462530
1455548713980416005
1455548714270044161
1455548716199383040
1455548718376263687
1455548719265468421
1455548719387095042
1455548721979183109
1455548728014741506
1455548728153034754
1455548734469640193
1455548740916371464
1455548745257349121
1455548746360578051
1455548747958546442
1455548756062097424
1455548758524059650
1455548770729463810
1455548770914013193
1455548772742746119
1455548777960456198
1455548781181607947
1455548788303704071
1455548794033086468
1455548795794694153
1455548796478369794
1455548798785183752
1455548801121406979
1455548801226260481
1455548801834422274
1455548804007141385
1455548804967637000
1455548819547037704
1455548819861557253
1455548820243234828
1455548830158659585
1455548833056706567
1455548833602015233
1455548834134863874
1455548838094114819
1455548843936804864
1455548845463674883
1455548845740462083
1455548848647114752
1455548852329664517
1455548856423362562
1455548860693192709
1455548862517628929
1455548863306207242
1455548864178671618
1455548865348833287
1455548870197456898
1455548871678046211
1455548874085519366
1455548877596250119
1455548880154767365
1455548889696665611
1455548891471007748
1455548896629956608
1455548902346797061
1455548904313741320
1455548910458445833
1455548910584348685
1455548914401259522
1455548917706215428
1455548925780258819
1455548926652817411
1455548929215537154
1455548930431799308
1455548933959159815
1455548934148005890
1455548935343333377
1455548937444728840
1455548941676781568
1455548943610224640
1455548947200684035
1455548956704837636
1455548960370610185
1455548970827145217
1455548976506277891
1455548990989082625
1455548994684432384
1455548998434054148
1455549002246619141
1455549003534376962
1455549005996253187
1455549007099572227
1455549009616162817
1455549017291563011
1455549021821489153
1455549024476479491
1455549025713733642
1455549026498191364
1455549029413183496
1455549036832907269
1455549037617184768
1455549042134560777
1455549046114828293
1455549058609827840
1455549058693701648
1455549060522209281
1455549064825786370
1455549066235060224
1455549066830569475
1455549077626699781
1455549086212497417
1455549088821391364
1455549090222256128
1455549091224510473
1455549095041544197
1455549097813946372
1455549109767655435
1455549121167831042
1455549123650723847
1455549124355530759
1455549125592698892
1455549136007143427
1455549148657299465
1455549152683757568
1455549153812094978
1455549154915233796
1455549158304190470
1455549162456436743
1455549162859208710
1455549162972397578
1455549164083941389
1455549164452986885
1455549165686169612
1455549166579449866
1455549166843744261
1455549174645133312
1455549176163434499
1455549181158952963
1455549188209451029
1455549190801661956
1455549192571605005
1455549193590816771
1455549194203287556
1455549196992405520
1455549208107356161
1455549220589654023
1455549222942502924
1455549228839669765
1455549230731468802
1455549232254013440
1455549235512893445
1455549236326588417
1455549244388032515
1455549248024584194
1455549250188812288
1455549254911528962
1455549267079319558
1455549267200856070
1455549268287176711
1455549271881695233
1455549274842968065
1455549278827524100
1455549281843105798
1455549290370113542
1455549297672458247
1455549298830045187
1455549304119042048
1455549305238941696
1455549310003785733
1455549312885301254
1455549320527323141
1455549322863517699
1455549323756900355
1455549325761818628
1455549326340640770
1455549333315719171
1455549334259478531
1455549342773911555
1455549342962626563
1455549343260348430
1455549347890880513
1455549348368969730
1455549353041432581
1455549353880432643
1455549360268136450
1455549364068175881
1455549368636002304
1455549370510741521
1455549371802701835
1455549373186658316
1455549378530144260
1455549382414241799
1455549382733017090
1455549387405414400
1455549388546363393
1455549390773530630
1455549403431845895
1455549408951603200
1455549409299685387
1455549410344062980
1455549412642414601
1455549421345722381
1455549424919273479
1455549426408251398
1455549430027849730
1455549431743488010
1455549436659109892
1455549444569587713
1455549446901489674
1455549447132401665
1455549448608681984
1455549451741765634
1455549454287720449
1455549460172492806
1455549460772229123
1455549465222320130
1455549472339939335
1455549476769345537
1455549477247492103
1455549477671088132
1455549478103027712
1455549480196001792
1455549485745156101
1455549485866754054
1455549492430716933
1455549495291400195
1455549496826474504
1455549500437766151
1455549503193321472
1455549504153923590
1455549508071444486
1455549512974491649
1455549513071054866
1455549516967514114
1455549520167718917
1455549522004881412
1455549523149918212
1455549526949851137
1455549528950542336
1455549530452201474
1455549535023927315
1455549537020383237
1455549539171987457
1455549542942846992
1455549548823252999
1455549558163849225
1455549558902034441
1455549580511268871
1455549587104669697
1455549590707396611
1455549595598004235
1455549597099593739
1455549597120663553
1455549597884067842
1455549605840556034
1455549608000724999
1455549608734691338
1455549614061461507
1455549614128513031
1455549619350474755
1455549623095988234
1455549628275953668
1455549628246474757
1455549629169344513
1455549632923062276
1455549637931196419
1455549639042740232
1455549647179685900
1455549652443541518
1455549652246409229
1455549655299788811
1455549666280423424
1455549668373381126
1455549675914895360
1455549682218905601
1455549688799694849
1455549689005318145
1455549690708119559
1455549694046785544
1455549696009777154
1455549697456672768
1455549699725926401
1455549702330531849
1455549705891442690
1455549712564580358
1455549715899162631
1455549727085314049
1455549729098670085
1455549732063956993
1455549732206612486
1455549734261862406
1455549752511193090
1455549755149459459
1455549760656523264
1455549761956859904
1455549768638377986
1455549769682612233
1455549771486138368
1455549772836782081
1455549775969853441
1455549787323969544
1455549787713978375
1455549789253292038
1455549790817824777
1455549793321639941
1455549795364478978
1455549799995002886
1455549806978416651
1455549809331429383
1455549811608850439
1455549820232417284
1455549822237282308
1455549822535147527
1455549823499653120
1455549828289769477
1455549828331675648
1455549836011388936
1455549839056515074
1455549846023245826
1455549848535633923
1455549856634703878
1455549858585235457
1455549872896098316
1455549873206427648
1455549881171394566
1455549881494343680
1455549881741873154
1455549884237496327
1455549890952564738
1455549892076589063
1455549892831727621
1455549894194720775
1455549894421356555
1455549899890638848
1455549904177217537
1455549904668004354
1455549921793175556
1455549925744431108
1455549938004332552
1455549944622981127
1455549960867491841
1455549963421769737
1455549965246345216
1455549968450822153
1455549968652046340
1455549969595785222
1455549970455617538
1455549972707954701
1455549973181964294
1455549975925084162
1455549976692527115
1455549996145774592
1455549997932597253
1455550004601491464
1455550007818420224
1455550011920588800
1455550012209786884
1455550015141785608
1455550015183589381
1455550016236498945
1455550017087868933
1455550017205321728
1455550019537358852
1455550020569210885
1455550020929863684
1455550021047398410
1455550022892670989
1455550024310562821
1455550024931287055
1455550025484865538
1455550025409368073
1455550026076282886
1455550027602952202
1455550029435916291
1455550029750542338
1455550030971031553
1455550032724254723
1455550033038921728
1455550041624514564
1455550042534600708
1455550043864317957
1455550046817165323
1455550047358234628
1455550047769214977
1455550049736400905
1455550050692702213
1455550050621280258
1455550051380510730
1455550053800714245
1455550057990684675
1455550059261542407
1455550060884811777
1455550063829131275
1455550069265010689
1455550075283836935
1455550076026335234
1455550077641150473
1455550078920183813
1455550086507864077
1455550093038342145
1455550093394948103
1455550093646602240
1455550095634702340
1455550096439922688
1455550096632909830
1455550097455030273
1455550102718799872
1455550103335444480
1455550103545126914
1455550104652427266
1455550106648862721
1455550108813168649
1455550112118280194
1455550114248990723
1455550115360485380
1455550116786360322
1455550119969968135
1455550120674607105
1455550121077260292
1455550122700455944
1455550123388321801
1455550128106860544
1455550129696608265
1455550131063771136
1455550131562901504
1455550132058001408
1455550132267663360
1455550133546799105
1455550136382377989
1455550136998895628
1455550137548296195
1455550138164731909
1455550144963923974
1455550147316764678
1455550148289908743
1455550148503904257
1455550150835904518
1455550154044542982
1455550154694701066
1455550154921099271
1455550158712631296
1455550158775767042
1455550159899799553
1455550162940669956
1455550163221684224
1455550166111506439
1455550166476464130
1455550166564577281
1455550167239860231
1455550171702611972
1455550174927933444
1455550175381004290
1455550175464894467
1455550176286834695
1455550176840540170
1455550176601546757
1455550178702802945
1455550181252894721
1455550182607654917
1455550187900866562
1455550188123312135
1455550190002319361
1455550190652383237
1455550190811746307
1455550195014397954
1455550195760914434
1455550196033589257
1455550196381720578
1455550200949493762
1455550201175887873
1455550201557487620
1455550203348520967
1455550206263582728
1455550206636957712
1455550207756734465
1455550207723196416
1455550207773401092
1455550209229004809
1455550212122894344
1455550213008015376
1455550213477871623
1455550217298788354
1455550218670329868
1455550222067593216
1455550227151208448
1455550231882391553
1455550234147307521
1455550234994614279
1455550240275247107
