1457301786205868036
1457301789720649730
1457301792048525318
1457301792237125635
1457301793696800770
1457301800688697346
1457301804950114304
1457301812910903296
1457301827687387138
1457301828509605888
1457301830854225925
1457301830782783491
1457301834821890050
1457301839284670466
1457301842015264771
1457301842895982593
1457301852681297922
1457301854199689218
1457301854946275329
1457301864324739080
1457301868896468993
1457301877930999808
1457301881232019459
1457301893672275968
1457301894724997120
1457301907035377666
1457301907463184385
1457301909455310853
1457301910181060609
1457301912823468033
1457301924110237702
1457301930812772353
1457301933773950983
1457301937523609602
1457301978703220741
1457301978950873089
1457301982897532928
1457301988622938118
1457301989189210113
1457302007656689666
1457302009472770051
1457302013415395331
1457302016569475072
1457302017169313794
1457302018003984385
1457302024022741004
1457302030725361668
1457302037184528385
1457302039319490564
1457302041269837831
1457302045518557184
1457302045866737665
1457302047154450438
1457302047330643993
1457302047850643459
1457302048328847364
1457302048848977928
1457302051944378376
1457302066410373120
1457302078859005952
1457302082663243776
1457302087990067204
1457302090900930562
1457302098605903879
1457302107162353666
1457302111851618304
1457302123150929925
1457302124937756677
1457302129534771208
1457302138783207427
1457302144873238530
1457302152972488709
1457302154851471369
1457302162485153795
1457302168101343243
1457302170009735170
1457302169825288196
1457302172236877825
1457302179316895746
1457302181221212160
1457302182890508292
1457302183993659396
1457302188368310273
1457302197075693570
1457302198308818947
1457302200938500097
1457302201739591694
1457302205652996098
1457302206202400768
1457302211239858182
1457302211562774528
1457302219162804226
1457302226590908419
1457302232051826695
1457302232324526084
1457302232681046019
1457302236162297861
1457302241832960002
1457302247302443010
1457302249210798083
1457302259814051844
1457302260619296778
1457302260744998917
1457302263140081666
1457302272782786566
1457302273890062336
1457302277325209603
1457302276872101895
1457302278382161920
1457302290541338627
1457302291531378689
1457302294672805888
1457302302818136066
1457302306312052736
1457302307335405568
1457302307473960961
1457302315963138048
1457302316617457665
1457302323135459338
1457302327065464836
1457302331167363072
1457302347810541568
1457302348993335298
1457302351270776835
1457302355930722304
1457302367922114566
1457302369209761794
1457302369679646720
1457302370631651334
1457302370971357185
1457302382052876289
1457302382933647363
1457302389401194503
1457302391271854081
1457302396175015939
1457302400524500992
1457302405712859138
1457302410058215425
1457302410498646019
1457302411857383428
1457302412880924675
1457302419327655939
1457302422288801795
1457302423807082501
1457302436666871810
1457302459173335043
1457302461069283331
1457302463934091265
1457302482510516228
1457302483210960899
1457302489389142022
1457302494376247300
1457302505403166723
1457302508548808706
1457302511837122564
1457302512063553539
1457302516576755716
1457302520079036419
1457302521307930627
1457302522607980546
1457302525296644097
1457302527804731396
1457302534901669889
1457302535878946816
1457302536570892293
1457302561468391438
1457302582678986754
1457302586550210560
1457302586701254666
1457302588144168972
1457302589947715587
1457302593626050565
1457302597958787072
1457302599678451715
1457302609753223169
1457302610759888898
1457302611636461569
1457302612303249410
1457302618137526275
1457302620431863810
1457302628938010624
1457302658746888202
1457302659371835392
1457302664988008457
1457302666946752513
1457302675490426883
1457302679768612871
1457302682142756864
1457302688681574403
1457302718083735555
1457302726237319171
1457302727235571712
1457302748882427912
1457302751235526657
1457302751306715143
1457302761402519554
1457302762006450178
1457302762509807616
1457302766070771713
1457302767140179970
1457302770646724610
1457302778427105285
1457302778762588160
1457302783632236547
1457302790255128582
1457302795963355136
1457302800803799043
1457302804410814470
1457302807841812483
1457302809427197952
1457302811616546819
1457302815987179521
1457302814502359041
1457302816960172036
1457302817048301578
1457302829664817154
1457302837520748552
1457302843371687941
1457302849839239168
1457302855606489090
1457302858139947011
1457302858626486280
1457302863487508488
1457302869858820096
1457302873168138243
1457302888275980290
1457302888603164676
1457302895548932096
1457302896467382275
1457302897432141828
1457302908446429188
1457302909708914691
1457302918101618694
1457302927186538505
1457302934920773635
1457302935197601797
1457302947067531266
1457302973160116229
1457302977094590464
1457302977451016197
1457302978902298624
1457302985868857346
1457302986133233665
1457302989627027464
1457302990646304770
1457302994152738816
1457303001312399366
1457303012318322693
1457303018790064129
1457303021067464708
1457303024683073536
1457303030693605377
1457303032300023809
1457303036158693385
1457303039660859393
1457303043108597762
1457303046069932041
1457303055163183105
1457303055662202881
1457303060326322180
1457303060481384455
1457303063308423169
1457303067465064453
1457303069390159875
1457303082065334280
1457303083864764417
1457303088054906887
1457303097802375171
1457303102953041922
1457303110691409921
1457303110544732167
1457303115275845635
1457303117695840257
1457303117788295170
1457303124692058112
1457303132178890754
1457303150814187526
1457303154618421249
1457303156010926081
1457303157936099330
1457303158493941760
1457303158535905280
1457303159198654466
1457303161958326283
1457303162923241474
1457303165188165632
1457303182195970051
1457303196280532994
1457303206665543681
1457303207739281408
1457303214831939586
1457303216060698624
1457303225300832262
1457303225363845124
1457303227448365056
1457303233660178435
1457303241323016192
1457303250290491393
1457303256229683202
1457303256544301064
1457303262915354626
1457303265146724352
1457303268372189190
1457303276895023109
1457303282058137607
1457303282582528000
1457303283232501763
1457303284255965194
1457303293294698499
1457303294364241920
1457303297635799040
1457303300999614465
1457303304975781891
1457303308117311491
1457303309270740993
1457303309711253504
1457303312596758531
1457303316350832647
1457303321182617604
1457303329424433153
1457303337800450049
1457303338542796807
1457303341935910916
1457303346272997378
1457303351847178245
1457303351792656388
1457303353600401408
1457303362043621378
1457303363205439493
1457303365390639105
1457303370008600579
1457303375788314625
1457303381370814465
1457303392422932481
1457303397053321224
1457303402145275907
1457303415193751555
1457303416359768068
1457303438107238407
1457303438929317892
1457303438983942145
1457303446319730688
1457303446323748869
1457303455614193664
1457303456998256648
1457303462077767680
1457303482218725377
1457303491165237250
1457303496135516160
1457303495837683718
1457303496978583554
1457303503425048580
1457303505572704256
1457303526523211780
1457303530843295745
1457303532424638464
1457303532806234112
1457303545112408064
1457303545313517574
1457303547314262018
1457303551152119814
1457303551114465283
1457303571930697731
1457303573184794625
1457303590431858692
1457303603245420550
1457303603799068679
1457303610186887172
1457303610887450624
1457303619456339968
1457303630462140423
1457303634048389123
1457303634555899905
1457303635390607366
1457303640935440384
1457303649311465474
1457303655439347716
1457303658899644422
1457303662628380672
1457303667812536323
1457303685176909830
1457303686808436739
1457303690717564934
1457303692064002048
1457303693322334212
1457303701174038532
1457303705859108868
1457303717141696513
1457303724380999686
1457303731343556609
1457303735508643844
1457303736682962945
1457303737169494018
1457303737551269891
1457303759919501317
1457303762976919553
1457303765120323587
1457303765653106689
1457303769432088576
1457303770254168064
1457303787522052098
1457303790915358724
1457303791657697284
1457303796451713032
1457303797479268358
1457303797588537347
1457303815573721088
1457303821336547330
1457303823035166724
1457303832925515777
1457303837648302081
1457303841955893254
1457303846951301120
1457303853288853510
1457303858070306817
1457303871039156232
1457303873866158086
1457303874935541768
1457303883563339779
1457303889720528903
1457303892903989250
1457303896356003846
1457303899732430848
1457303906208436232
1457303913061916672
1457303914861236228
1457303919009357829
1457303924323536903
1457303925221101569
1457303927427190791
1457303931348918272
1457303931231645696
1457303943214731264
1457303953251647490
1457303960763650059
1457303965746536448
1457303966132359170
1457303975905173504
1457303983270268928
1457303993126776832
1457303994221559813
1457303998462144512
1457304011430940674
1457304013662195720
1457304017835597834
1457304019362201605
1457304021157490689
1457304022709374976
1457304024521355265
1457304024944979968
1457304030644871176
1457304032763158528
1457304034260525056
1457304047682269186
1457304054476853250
1457304057069113344
1457304063054278658
1457304063847157762
1457304064505507845
1457304078757867524
1457304081496739846
1457304093282668546
1457304094683500546
1457304094822080512
1457304099423145992
1457304103797903364
1457304103990673409
1457304117286744070
1457304117798445058
1457304118238851077
1457304122865094661
1457304130112851971
1457304136249221124
1457304139847933953
1457304140263079939
1457304141349466112
1457304140539965445
1457304142439927815
1457304142385451008
1457304146235822084
1457304148723093507
1457304155463327750
1457304162618822662
1457304163092676609
1457304167035412480
1457304168142680073
1457304168708911105
1457304169057038342
1457304169631649792
1457304175038148611
1457304175214219273
1457304180532686855
1457304183120572418
1457304185267970052
1457304186006159364
1457304187730108420
1457304190997434376
1457304211830579202
1457304213248098312
1457304215034941440
1457304218776346626
1457304234773213191
1457304246169313280
1457304246995628039
1457304253932900358
1457304254234902529
1457304257586245632
1457304264561340417
1457304264812818438
1457304272274657284
1457304276955385860
1457304282122706946
1457304291480383496
1457304292780433412
1457304294449983491
1457304294617595906
1457304298820448265
1457304301097861122
1457304303652192257
1457304305409605638
1457304314167316485
1457304315610157061
1457304315773607943
1457304317023690754
1457304323239682056
1457304332848750592
1457304333280858118
1457304358534582275
1457304365144887296
1457304374359822340
1457304384145141767
1457304384879083526
1457304390126252035
1457304390004523012
1457304391933960194
1457304395100536837
1457304395687813122
1457304396463759360
1457304397294317569
1457304398594514946
1457304398711992325
1457304409264861187
1457304415401041922
1457304416420130816
1457304416873328646
1457304418521653248
1457304420694118401
1457304428411817987
1457304448037007371
1457304450813599745
1457304453288243200
1457304454408114177
1457304464965046273
1457304472779100161
1457304476247810050
1457304481033510913
1457304486221864961
1457304490693042181
1457304495147323398
1457304507155615744
1457304512134201360
1457304523320430594
1457304525539266560
1457304532879241216
1457304538042490885
1457304538575147012
1457304555754962950
1457304558779121669
1457304558888161280
1457304561283125257
1457304565750108160
1457304567658401795
1457304570531663877
1457304573924700163
1457304576525275138
1457304576458047488
1457304578337095681
1457304580535066629
1457304583911329800
1457304584809066499
1457304586734034944
1457304587015237633
1457304587073990657
1457304601254846469
1457304606053126153
1457304614236155912
1457304615163240448
1457304616413147136
1457304632414326786
1457304637086834691
1457304637082587138
1457304637749424136
1457304639930572802
1457304644011573252
1457304647694266370
1457304652026761218
1457304654107144192
1457304656653266945
1457304659257819143
1457304665117401092
1457304697371463687
1457304698395013124
1457304701591068672
1457304711065964544
1457304745224376321
1457304745270448128
1457304753021538305
1457304760533622795
1457304760881750020
1457304761586307078
1457304761770905602
1457304761938546690
1457304765407322112
1457304766086799368
1457304770222374914
1457304770599866373
1457304775201075204
1457304778644631555
1457304780217409536
1457304781391859723
1457304782402695173
1457304793857368070
1457304794935267328
1457304798294904837
1457304799687417858
1457304802384351238
1457304804661805057
1457304807539187714
1457304817471164416
1457304818146553864
1457304837243215876
1457304842255454211
1457304842452492288
1457304845346553858
1457304845627506697
1457304849574412293
1457304849792618499
1457304858906742789
1457304864417931266
1457304870684405760
1457304874190770178
1457304874438123525
1457304876799639552
1457304879924383750
1457304883711946755
1457304886031405066
1457304888753405952
1457304890049433600
1457304890447908867
1457304891622404099
1457304899536969729
1457304904834469889
1457304905656508421
1457304919757758465
1457304921934532611
1457304925692694528
1457304927584325632
1457304951068270594
1457304968390750214
1457304973797101569
1457304981321789440
1457304982902935556
1457304983372767236
1457304984282808322
1457304986438668294
1457304997151092736
1457305000808493060
1457305002838462465
1457305002783952903
1457305011256442884
1457305020400078850
1457305031645011970
1457305037416378373
1457305044831899650
1457305045448290315
1457305046597652480
1457305049567277058
1457305052373151748
1457305062531870720
1457305091938082818
1457305093397749760
1457305094098141185
1457305095461298178
1457305102117703683
1457305102394482688
1457305102956498945
1457305103631728641
1457305105842180096
1457305113723379712
1457305114000216066
1457305118521634821
1457305121394765828
1457305134833094664
1457305150108880905
1457305158925365253
1457305162360528901
1457305164893851656
1457305165518852101
1457305167725010949
1457305171705356292
1457305183994720259
1457305185982697476
1457305196808359942
1457305200247640065
1457305208900444170
1457305209575718913
1457305212536958977
1457305213497397257
1457305219444793352
1457305221944815618
1457305226537484288
1457305227737108481
1457305230534709254
1457305231738359810
1457305237329485826
1457305247672635394
1457305248431632387
1457305249404919811
1457305253318119433
1457305253158793221
1457305255797051397
1457305262444875787
1457305263438921729
1457305269445267456
1457305270208577537
1457305274994233351
1457305284326592513
1457305290190295041
1457305298180378630
1457305299824648196
1457305303993647111
1457305304195010563
1457305316866105347
1457305324512108548
1457305328719179776
1457305336877027331
1457305338126823432
1457305344586158083
1457305360449028098
1457305363670208515
1457305364878303238
1457305366656659460
1457305380745322497
1457305387296714772
1457305387338772481
1457305393890095107
1457305411007172608
1457305412248686595
1457305418976403457
1457305429361504263
1457305432603648003
1457305435095158791
1457305440858132481
1457305450739798025
1457305455173193731
1457305469857386498
1457305488165462021
1457305498047311872
1457305499758702597
1457305501973233670
1457305503000940545
1457305505903353856
1457305508126371842
1457305510986854400
1457305515747332100
1457305516636577792
1457305520541372417
1457305524643536897
1457305524534398977
1457305537545060352
1457305544449011716
1457305545019432968
1457305547951181841
1457305548240609284
1457305551197638658
1457305557854007298
1457305566078976000
1457305566980759557
1457305580587175941
1457305581451108358
1457305582319276036
1457305584571756550
1457305597515223044
1457305599289577473
1457305612241412098
1457305617161355264
1457305620227543041
1457305620797960196
1457305624820076547
1457305625906466825
1457305628465111042
1457305630306455561
1457305630407106561
1457305630503579648
1457305631145222145
1457305631141113858
1457305631631740932
1457305632093061124
1457305639798063106
1457305640968155141
1457305646223683584
1457305647884742657
1457305650787016712
1457305654566268933
1457305665462886405
1457305674740862976
1457305675235799041
1457305708601483265
1457305708710580226
1457305709679349763
1457305714821681158
1457305717736710147
1457305717900070919
1457305721121423364
1457305721717002241
1457305731473018880
1457305738288762880
1457305747872751623
1457305754038329346
1457305755913269251
1457305756085145601
1457305758438240263
1457305774301057025
1457305777761366017
1457305785034215424
1457305793649315840
1457305794546966528
1457305811156340740
1457305813236736000
1457305821696696321
1457305822577500161
1457305838834569218
1457305839094599683
1457305843943153673
1457305846925467652
1457305847759966209
1457305850138202112
1457305851933376518
1457305859332055047
1457305878898618369
1457305883088654339
1457305891116564484
1457305892072853509
1457305894887198721
1457305894815997956
1457305896669822976
1457305906161520649
1457305908933890048
1457305909659639811
1457305911081553920
1457305912188841985
1457305913669427200
1457305914441179139
1457305916450160646
1457305918731919362
1457305924264136713
1457305929821696003
1457305930320818176
1457305931985924104
1457305932342386691
1457305940995178501
1457305943335649286
1457305943771918343
1457305949174120451
1457305964026245124
1457305976328052741
1457305976797909001
1457305984100089857
1457305986105061377
1457305987002548228
1457305994199961606
1457305997681303553
1457306001623769088
1457306005713346560
1457306005700849664
1457306009123315722
1457306016463347715
1457306022360477702
1457306030711390209
1457306035257966598
1457306035874635778
1457306036440797187
1457306037472710656
1457306039251095555
1457306043076255750
1457306049434771460
1457306052916043778
1457306053691920387
1457306058016411652
1457306060964999174
1457306062432784386
1457306066249666569
1457306070989246470
1457306075988828166
1457306085040267267
1457306107966337024
1457306115667005443
1457306122260553733
1457306138362273799
1457306142804164613
1457306145706610690
1457306153289932801
1457306154577580032
1457306160298708996
1457306164459229192
1457306172650926083
1457306182603915264
1457306182658531330
1457306184935952387
1457306193551101953
1457306197808140290
1457306207513874434
1457306207568465925
1457306210886107141
1457306211515203588
1457306214786899975
1457306218800812038
1457306225914355716
1457306226799296517
1457306228560957446
1457306228439326721
1457306230985273346
1457306234093137926
1457306242829852673
1457306246529355782
1457306250971131910
1457306260337004553
1457306263231074304
1457306266922098693
1457306268771577863
1457306271774818315
1457306281895776266
1457306283300753409
1457306284689174530
1457306290934386688
1457306291538382852
1457306296659550212
1457306301298524162
1457306302347055108
1457306303747952643
1457306304020729858
1457306310324768770
1457306311796957186
1457306317161435136
1457306319384371204
1457306321640951818
1457306323712811009
1457306326963474434
1457306330499256328
1457306333238239232
1457306336262230017
1457306341312241665
1457306344948699139
1457306358567555074
1457306361700704262
1457306363885989889
1457306364410277890
1457306367358914564
1457306369908948998
1457306370798096390
1457306374522740739
1457306382437396481
1457306383796391943
1457306390914076678
1457306396182056961
1457306396526092290
1457306397696151560
1457306398161842180
1457306398455332867
1457306404520439813
1457306407091458048
1457306414737760256
1457306429287714816
1457306431699529729
1457306436237680640
1457306439920271360
1457306443883950080
1457306459033718785
1457306463609802757
1457306472157691909
1457306476574396417
1457306477346103296
1457306485969543170
1457306489962512384
1457306491824660484
1457306495662452736
1457306496086204420
1457306500507000835
1457306501576495106
1457306515027775491
1457306516994789384
1457306517653233666
1457306523076595716
1457306528399175681
1457306537014202368
1457306537727172609
1457306542768857088
1457306549622280193
1457306551979548677
1457306552923267079
1457306575400493061
1457306581830361090
1457306583592062977
1457306590462291969
1457306591376592898
1457306604848693253
1457306606857867264
1457306622531973120
1457306629775532033
1457306637677613056
1457306644199706624
1457306644988272641
1457306661534806017
1457306663753498627
1457306666140147713
1457306667226484736
1457306669159944193
1457306669248024578
1457306689041010692
1457306691515543553
1457306691469447171
1457306702282375173
1457306711455318018
1457306711648243717
1457306712092913675
1457306719290339331
1457306720598958080
1457306729318866946
1457306734666649606
1457306739360112642
1457306739498434564
1457306740203077633
1457306739850690560
1457306741461463047
1457306746742050816
1457306752345640961
1457306754786729984
1457306756879691781
1457306759748538373
1457306764001546242
1457306767201800193
1457306768820686854
1457306773308809217
1457306774667735041
1457306777624719367
1457306777817657345
1457306781294682112
1457306785321267206
1457306786097098755
1457306787921727491
1457306790589308928
1457306797643952134
1457306807555268608
1457306809706835971
1457306814987526146
1457306825901101057
1457306831651577859
1457306834902175745
1457306836353306629
1457306854200004611
1457306858922856457
1457306867441405957
1457306869781913602
1457306881190469637
1457306891571372032
1457306894528389120
1457306896029949955
1457306902333992964
1457306912324730885
1457306918809128960
1457306924110729217
1457306929013874690
1457306942062354434
1457306944138588165
1457306950446862341
1457306963549765632
1457306965734879239
1457306967303671809
1457306970264850439
1457306985481875460
1457306992528265216
1457306993119612936
1457306999213940738
1457307006340042756
1457307018541289474
1457307019329818629
1457307027315822594
1457307032177061890
1457307034332934148
1457307041488326657
1457307058282377217
1457307071397912583
1457307074166235139
1457307074476457993
1457307081334300675
1457307087441211396
1457307088997265411
1457307089764851716
1457307094122745856
1457307097071329280
1457307097822113793
1457307098589630464
1457307114196586500
1457307123545690113
1457307128041902082
1457307133519835136
1457307134488719360
1457307154399039490
1457307159050473479
1457307160078135297
1457307169771200514
1457307176154894339
1457307180894461952
1457307186208509958
1457307196593745930
1457307197893906437
1457307206337040388
1457307213274435592
1457307214268575744
1457307217934307329
1457307219876368384
1457307222518611975
1457307223776968706
1457307224368418821
1457307227564515328
1457307231133765635
1457307235701329920
1457307238045995012
1457307241728643081
1457307247428657156
1457307247676166149
1457307248745713665
1457307261399969795
1457307266990809092
1457307267817213957
1457307270476443652
1457307271046836224
1457307276553998337
1457307283218644993
1457307290680193031
1457307295075942405
1457307295113691142
1457307303158370305
1457307308569120769
1457307313983959040
1457307330522066951
1457307330542903301
1457307336226349057
1457307339774701573
1457307343226499072
1457307349308243970
1457307355217940483
1457307356849709058
1457307358258925568
1457307361211736067
1457307370707693573
1457307377083031552
1457307382439034885
1457307386818015235
1457307388248166400
1457307389867216898
1457307390496448515
1457307391880478725
1457307395659599876
1457307397467299842
1457307400264949763
1457307406178861061
1457307410796777473
1457307414676529159
1457307414684999680
1457307415393849345
1457307417725882369
1457307418480812038
1457307424612831238
1457307424977784835
1457307425984458752
1457307430635847681
1457307430975590401
1457307435199311874
1457307437703188484
1457307442467987456
1457307446096056321
1457307451636736003
1457307452463108100
1457307465612095491
1457307470917931009
1457307476173463554
1457307481026203653
1457307483056197637
1457307483903508485
1457307492116008960
1457307492141129731
1457307495001698308
1457307503008665602
1457307509870534656
1457307515092357125
1457307516824588288
1457307518032654339
1457307522268909571
1457307523623669762
1457307524860813312
1457307531848601603
1457307537687126016
1457307575037333507
1457307585132916737
1457307586806620162
1457307587309887493
1457307588404600835
1457307589688143878
1457307590833033216
1457307592812863488
1457307597057396741
1457307602946248705
1457307623154409476
1457307629550669828
1457307651210100736
1457307654066429957
1457307656645976068
1457307659598766087
1457307665898614789
1457307670466158597
1457307672634662913
1457307674224250888
1457307686526234627
1457307687063068678
1457307689365688324
1457307693249699843
1457307697758588928
1457307700027658241
1457307700425945094
1457307701390811136
1457307713524932610
1457307717425586176
1457307730893549568
1457307738439102473
1457307739072438276
1457307743350558725
1457307752984948738
1457307754599702528
1457307759200849924
1457307762711568387
1457307766410858498
1457307768843608068
1457307778645700611
1457307779761250307
1457307786681925636
1457307789223608323
1457307789487837186
1457307798014812166
1457307798069448704
1457307799478734850
1457307806709784578
1457307807456317441
1457307824694824962
1457307828587307014
1457307827643437060
1457307829430198274
1457307834899701760
1457307837638512643
1457307838456467464
1457307844500414472
1457307846652141568
1457307852369022978
1457307855762202629
1457307855950946304
1457307860656746500
1457307867577556992
1457307869657841665
1457307870836441090
1457307877333417984
1457307880282001415
1457307882576388104
1457307893938720769
1457307898296602630
1457307923332337669
1457307923487526912
1457307926570442752
1457307926721282050
1457307934141161474
1457307951669125121
1457307965497741312
1457307971831033861
1457307973466959872
1457307976260325379
1457307983709458435
1457307984158154755
1457307991489847302
1457307994560122885
1457307997059878914
1457308000385970182
1457308001140977668
1457308021072166913
1457308023437856770
1457308024197062659
1457308038688354308
1457308049799004169
1457308051644555265
1457308053703991296
1457308061832396804
1457308065255108610
1457308082875342854
1457308091867860994
1457308095550480389
1457308101326036995
1457308102877921285
1457308107445518344
1457308112378109954
1457308116694052869
1457308116911988740
1457308117444833284
1457308117440491531
1457308124965134337
1457308125745270785
1457308129264242688
1457308131860615169
1457308147010396161
1457308152555360261
1457308158221770756
1457308162063622152
1457308164664274944
1457308168254640137
1457308175997325313
1457308176940879874
1457308178102824966
1457308202152837125
1457308205336383488
1457308209606135819
1457308210331856899
1457308210356948994
1457308212311494664
1457308218116411393
1457308218623938563
1457308223384403969
1457308225095753738
1457308233815805952
1457308234914701315
1457308237410279430
1457308253604433927
1457308255647064066
1457308256397770757
1457308263146459136
1457308268359999490
1457308270515851266
1457308273032392707
1457308275729321986
1457308276362596356
1457308276601851906
1457308278090878980
1457308278501879808
1457308281064476676
1457308281735688195
1457308284172443651
1457308285783232518
1457308292569522179
1457308294624817152
1457308294809362432
1457308300681400322
1457308311347335171
1457308314384191492
1457308314472222728
1457308315214614538
1457308331580792833
1457308337171730441
1457308341164728330
1457308342091599877
1457308348873838594
1457308349515452423
1457308354230030336
1457308357568516106
1457308365680521217
1457308368109031428
1457308368922497024
1457308369937633280
1457308374446530563
1457308384756224003
1457308386182242306
1457308389344677888
1457308390770753538
1457308393157402629
1457308393690046465
1457308394478518274
1457308395103457281
1457308395439104003
1457308397695500291
1457308403324366848
1457308406503677954
1457308409263493126
1457308410580541445
1457308412929187844
1457308415412346880
1457308416389562371
1457308417513644040
1457308419959009280
1457308442260029440
1457308441584799744
1457308446542516225
1457308458852642826
1457308460568088581
1457308465706196996
1457308465957949447
1457308468734357508
1457308471683174402
1457308471423082504
1457308475453804544
1457308477030866949
1457308481325834244
1457308482185613317
1457308483922001921
1457308484211548160
1457308484425469955
1457308492142948358
1457308508018417673
1457308508936933378
1457308515693961219
1457308528155127808
1457308541572849670
1457308552759025668
1457308553484582913
1457308564066693129
1457308573227122693
1457308585415774222
1457308586338623494
1457308593833795588
1457308628168462339
1457308629896466434
1457308631490306048
1457308636234096642
1457308649475481602
1457308658145054726
1457308658296139780
1457308662385479680
1457308665766105092
1457308666680516613
1457308673865396225
1457308678428794880
1457308679506628609
1457308683126382592
1457308688239120385
1457308695080144902
1457308696032292869
1457308698670297091
1457308701577121802
1457308702520848386
1457308705993728001
1457308709122682881
1457308711513378820
1457308717846761473
1457308725006553091
1457308725841219590
1457308726352924672
1457308728806371336
1457308730240995332
1457308732019326977
1457308741045456900
1457308745961140231
1457308747521576960
1457308751548063746
1457308751753515009
1457308758552584206
1457308774234996737
1457308777431109637
1457308777724657668
1457308779297615876
1457308780325228544
1457308787853905929
1457308793679847427
1457308801388908551
1457308805692284935
1457308807038701568
1457308824617078790
1457308826936487936
1457308827917987840
1457308835140440069
1457308836335964165
1457308846599258115
1457308849342459905
1457308850865020945
1457308860805431297
1457308862848147459
1457308867747106821
1457308872260128772
1457308874369814528
1457308880048906244
1457308883068899334
1457308883823693829
1457308889662300164
1457308890291441667
1457308896301813760
1457308901917999104
1457308902840803329
1457308904426287105
1457308905827016716
1457308906699563008
1457308908570173441
1457308909329391621
1457308910138925059
1457308910230982657
1457308912068268036
1457308913498427392
1457308915927068678
1457308918087045128
1457308918514950150
1457308924022083585
1457308928207884289
1457308935808069640
1457308937011740676
1457308940610555913
1457308940958674948
1457308943026360322
1457308947849822210
1457308953642217475
1457308954904629255
1457308957538717698
1457308962236338183
1457308967256956929
1457308976698302471
1457308977654550532
1457308980364066816
1457308981672751110
1457308989117632516
1457308990145245185
1457308993924341764
1457308996252028931
1457308996671467522
1457308997397237766
1457308999695704068
1457309000245071874
1457309001767661569
1457309006003900420
1457309015537602568
1457309017403973638
1457309018347745281
1457309020616892418
1457309021719785482
1457309023628374016
1457309025868173313
1457309026031738880
1457309033975668738
1457309034797666312
1457309040032182273
1457309044419465217
1457309046025904135
1457309048588603392
1457309052950638597
1457309055274274818
1457309055668600833
1457309061419085825
1457309063977521154
1457309064401145862
1457309077017702401
1457309080540811269
1457309083602767874
1457309084617691137
1457309095875203074
1457309098509275139
1457309110207123457
1457309110240780292
1457309110823800837
1457309114292391942
1457309117534572549
1457309120613085189
1457309130641874944
1457309131245768706
1457309134026649602
1457309136161550338
1457309138715774978
1457309145183424517
1457309146383110152
1457309152561225728
1457309154553606144
1457309155493093378
1457309158064144390
1457309158965981184
1457309159188221952
1457309162040348681
1457309171884429316
1457309174329643008
1457309180608454656
1457309182844186628
1457309183125213186
1457309184089858051
1457309185637445636
1457309194000994305
1457309200246353920
1457309201403981827
1457309210069413888
1457309216016936965
1457309221763026945
1457309227140059145
1457309236686245892
1457309239505039365
1457309239815380993
1457309258773630977
1457309264419168259
1457309264729411591
1457309268340887557
1457309273051049987
1457309281955586053
1457309286338531333
1457309295448580096
1457309295637270531
1457309298816471042
1457309302495064067
1457309303178674178
1457309304201961472
1457309305854693382
1457309317208682497
1457309317351227399
1457309319507156997
1457309322933948422
1457309326171910145
1457309329783238666
1457309344492621830
1457309345713164289
1457309349785870341
1457309360426782721
1457309361013932034
1457309366873382916
1457309366999257097
1457309369775935491
1457309376277008388
1457309384149770247
1457309384799817732
1457309386637025280
1457309387039682560
1457309401472188417
1457309402172690437
1457309416190009350
1457309429649510404
1457309438617038856
1457309440370151430
1457309443260047365
1457309443725697024
1457309453972353029
1457309462260244481
1457309468618809348
1457309473328885761
1457309476772528131
1457309477791625219
1457309479947493376
1457309480648126470
1457309484087484419
1457309486490730499
1457309493486931969
1457309493977616385
1457309498352230405
1457309503142207492
1457309507474767877
1457309518535303168
1457309520728838144
1457309526118608905
1457309528748331010
1457309530342055938
1457309535698305027
1457309545072455680
1457309547475968006
1457309559761014786
1457309567239344130
1457309573367283716
1457309578215915520
1457309578282954753
1457309593273516034
1457309597954416641
1457309600445870083
1457309601641152515
1457309605512503299
1457309617172762625
1457309618883944457
1457309619349491722
1457309626689638401
1457309636676263936
1457309638244831238
1457309643169009669
1457309644590878722
1457309647715516417
1457309658574581765
1457309676534648832
1457309681534132228
1457309689000169474
1457309692212940805
1457309699607498756
1457309709581553664
1457309712718999553
1457309713222279169
1457309713280864262
1457309717181632515
1457309719492694019
1457309721669611521
1457309722588053504
1457309724530053128
1457309726740525060
1457309729995194374
1457309730066550787
1457309729605173250
1457309747976175616
1457309748949356546
1457309749427515394
1457309752451551233
1457309755106549765
1457309758738898951
1457309766577950723
1457309771040796678
1457309781463605251
1457309782013001728
1457309782126305282
1457309794180734982
1457309802934194176
1457309804322459652
1457309814141472775
1457309816230137858
1457309818234933249
1457309823545090048
1457309826527244293
1457309832688635904
1457309834014044167
1457309838158012423
1457309847377043461
1457309861973221376
1457309897876512770
1457309898329501701
1457309906390949888
1457309911398764546
1457309912380231683
1457309915349979142
1457309924388704261
1457309926880014337
1457309931326132225
1457309931879550980
1457309936967458822
1457309937210691586
1457309937147678720
1457309952234622978
1457309952524136455
1457309952788238336
1457309952742248457
1457309963907473417
1457309971171856387
1457309973353017344
1457309981762625538
1457309983813652488
1457309993947049985
1457310008400617475
1457310009969283077
1457310013031174144
1457310025668509698
1457310037831995392
1457310041648869384
1457310046870716426
1457310048418295813
1457310052101070848
1457310062439849984
1457310064851685380
1457310064864231425
1457310074599350274
1457310078906748929
1457310078953005056
1457310093997916162
1457310098276196357
1457310099030953991
1457310099156967427
1457310099685400579
1457310103795871747
1457310108287897604
1457310126474502148
1457310133755785220
1457310138440818688
1457310144866492416
1457310147324297217
1457310149924827138
1457310154425356289
1457310156493033474
1457310156866396166
1457310160209289218
1457310166571884564
1457310166907604995
1457310172880199682
1457310175870824448
1457310182791385093
1457310184150339589
1457310200218755075
1457310201074405381
1457310208695455746
1457310213623717889
1457310213766275080
1457310222524067844
1457310224117813251
1457310231621521409
1457310234205200384
1457310258985119751
1457310260180492299
1457310266824302592
1457310278169899010
1457310279545638915
1457310280552091651
1457310287263117314
1457310292090757120
1457310293114212352
1457310304602411009
1457310308167557127
1457310308272381956
1457310311904591875
1457310315457167360
1457310320972681221
1457310333593272328
1457310341130506240
1457310342502133762
1457310342468542465
1457310343877873668
1457310344888475651
1457310350509019138
1457310359476375557
1457310365247803397
1457310370721316865
1457310379198095361
1457310384856125445
1457310385552437253
1457310389272784896
1457310393785896961
1457310394649829377
1457310397464203267
1457310398135275525
1457310401671143425
1457310409443188739
1457310413352226817
1457310418746036227
1457310420662996994
1457310421308690432
1457310432792924165
1457310446994825219
1457310449855340546
1457310451415633930
1457310457123987461
1457310457816096771
1457310458692575233
1457310459116220419
1457310459753910275
1457310462060683264
1457310469950160897
1457310474249412614
1457310487247392784
1457310488803557382
1457310504393773067
1457310507925483523
1457310509229699072
1457310511255670789
1457310513432444931
1457310515068379138
1457310519858065412
1457310520743243777
1457310522097999875
1457310528284635136
1457310537604272131
1457310537956663296
1457310539449831429
1457310541312139268
1457310542633263109
1457310544642277378
1457310549524500482
1457310551844048901
1457310558726889479
1457310559939010562
1457310560836542467
1457310580201639936
1457310581036363780
1457310581975830528
1457310603094151168
1457310613181505537
1457310614548852740
1457310617224851457
1457310620504711168
1457310622186721284
1457310626024497153
1457310627714768906
1457310636069826571
1457310637197914114
1457310638540083205
1457310645418856450
1457310658869927952
1457310662200336386
1457310664934969346
1457310671020781572
1457310676209356803
1457310679506038787
1457310686833483780
1457310688649617410
1457310691736621057
1457310697071603712
1457310699055628292
1457310700095819778
1457310710740963333
1457310718550806531
1457310721872596992
1457310727513907201
1457310731922255872
1457310742772858882
1457310745516023816
1457310748275773442
1457310748393279489
1457310752625266689
1457310753292230657
1457310757666754561
1457310759914983427
1457310773550764035
1457310775064793088
1457310778168643586
1457310778227257352
1457310779229683723
1457310781389918213
1457310782216081408
1457310787236732932
1457310792072630278
1457310796317270020
1457310796824805390
1457310806148714497
1457310825371377667
1457310825438498820
1457310827329904647
1457310831419473920
1457310831654305792
1457310845306916866
1457310845604618242
1457310847391444994
1457310848750399491
1457310853519134725
1457310855599697930
1457310856585392129
1457310860901240837
1457310861370986497
1457310861333131270
1457310872821538823
1457310874570428421
1457310895311368192
1457310899589378051
1457310903964155908
1457310906837315587
1457310907017670659
1457310918463959045
1457310922276487168
1457310927418798085
1457310931826921472
1457310944992792584
1457310949543661575
1457310956112031747
1457310956845928453
1457310957139415048
1457310957684682760
1457310958074859521
1457310973837156359
1457310974084591619
1457310975238021120
1457310978530496517
1457310980174659587
1457310984264167426
1457310984272588801
1457310986738622464
1457310998705049603
1457310998990241795
1457311013322305540
1457311015683641347
1457311016019271686
1457311024063918080
1457311027717046281
1457311048042614794
1457311052509626372
1457311053633708034
1457311057865809924
1457311060491390981
1457311068280209414
1457311070356480001
1457311076010258442
1457311081760706566
1457311092825231367
1457311101863989253
1457311111649247235
1457311114480390145
1457311116959305731
1457311123712225290
1457311124123176964
1457311124781617162
1457311126757183488
1457311127386267654
1457311128023928834
1457311134441254916
1457311138283143168
1457311140824948737
1457311142573867012
1457311151235153922
1457311152816459778
1457311153298808835
1457311161603481604
1457311171963351043
1457311176254267394
1457311176816222210
1457311179857186821
1457311180159127555
1457311204926533636
1457311208873234439
1457311221758181398
1457311227646992385
1457311230973022208
1457311231199567876
1457311231430234115
1457311240976482304
1457311246651478020
1457311247649710080
1457311249822330886
1457311250002505735
1457311278687416324
1457311281254473741
1457311285779963920
1457311288753856518
1457311289777303557
1457311294089056257
1457311295833706500
1457311305740787713
1457311306994921475
1457311312590090246
1457311317237379074
1457311319414263814
1457311352901586945
1457311354910609415
1457311355665518598
1457311356743475201
1457311358182113280
1457311361843843076
1457311371268345856
1457311378188869641
1457311389257719809
1457311421537136641
1457311422183006228
1457311427258044419
1457311432933003267
1457311437706117125
1457311445939625985
1457311452935639043
1457311473034842119
1457311477665341442
1457311479842152454
1457311491326201859
1457311493108740096
1457311493393981451
1457311496816496641
1457311498599010305
1457311501807755272
1457311504055914496
1457311507113517060
1457311510284406785
1457311519847460865
1457311527145443331
1457311527137128449
1457311528550608899
1457311529209147394
1457311531851464707
1457311539468324865
1457311546309324808
1457311548800647174
1457311561786159108
1457311567956135938
1457311568346058768
1457311569226960898
1457311572636884993
1457311574981550086
1457311576642437122
1457311577611309056
1457311577485586436
1457311582539567104
1457311588118061060
1457311590965989382
1457311593964969990
1457311596498374661
1457311598058614792
1457311599195217921
1457311602026426371
1457311606883459076
1457311607135035394
1457311609706123270
1457311618581377024
1457311620863041536
1457311624352632836
1457311625321590790
1457311630799343623
1457311638739202056
1457311644674105346
1457311644791582720
1457311647459127300
1457311650890059779
1457311658376933380
1457311660528574467
1457311660985634828
1457311661841395713
1457311664970285062
1457311665310126087
1457311679021256713
1457311679407140868
1457311690710736910
1457311695530045442
1457311695798423559
1457311710671425539
1457311714937122825
1457311722675523591
1457311724743319572
1457311725217189890
1457311731403788290
1457311734629220360
1457311741348442115
1457311751343681539
1457311762768826373
1457311766699024387
1457311770721361925
1457311775704195074
1457311779353157633
1457311780322091008
1457311790895882240
1457311801868161026
1457311802564481027
1457311807463362564
1457311808386129929
1457311814266589186
1457311815604453381
1457311816477028355
1457311818074972170
1457311823758299137
1457311828107677707
1457311830741766149
1457311851184893952
1457311853231714307
1457311858436739072
1457311862211686400
1457311866527653889
1457311876925337600
1457311882688274434
1457311884424663042
1457311885804638210
1457311892117000194
1457311892763029506
1457311894293917697
1457311895451578369
1457311904280547329
1457311906566479879
1457311907933609989
1457311910039363587
1457311920776781824
1457311927055503368
1457311928661991431
1457311929823858692
1457311935641313281
1457311944441044995
1457311954968752128
1457311956747100166
1457311971557183494
1457311973331374081
1457311977332695044
1457311983112437761
1457311985813622787
1457311987290025985
1457311989915607046
1457311991454912523
1457311995074580481
1457312002704089091
1457312016247316489
1457312017904283652
1457312020978565120
1457312023155548160
1457312023113572356
1457312023818166273
1457312025512747009
1457312027790258178
1457312032265486338
1457312036929560580
1457312037252460554
1457312040750501889
1457312050804256770
1457312060019183623
1457312064930648065
1457312083645763588
1457312085453459457
1457312090817970187
1457312101219946500
1457312107771437058
1457312108635467778
1457312110593990656
1457312115384098821
1457312116684333056
1457312124745617423
1457312130940735494
1457312137475502081
1457312138993750020
1457312140189048832
1457312166596562945
1457312167536046083
1457312170778107910
1457312174343327753
1457312174762774528
1457312177979752459
1457312180399923202
1457312183684055048
1457312186234191876
1457312187853287427
1457312191976194055
1457312197818781699
1457312200356474887
1457312201992196099
1457312209688834049
1457312210418470919
1457312217557356545
1457312225362804739
1457312229116817408
1457312237723529221
1457312257956880387
1457312260053942275
1457312264705425410
1457312272489934861
1457312275405156355
1457312278966046724
1457312283365888005
1457312289246232578
1457312322905591809
1457312326277869575
1457312333835948036
1457312341368913922
1457312343545765891
1457312345898852361
1457312350500016129
1457312350554390538
1457312351993090049
1457312357915504641
1457312364206956553
1457312366266363918
1457312369793802240
1457312383504949251
1457312391172132869
1457312391893557252
1457312392388415496
1457312403641806855
1457312405579522050
1457312413150154756
1457312413049659393
1457312419907133442
1457312421064892416
1457312420993568774
1457312427884916743
1457312439217885189
1457312439410860032
1457312441910665216
1457312443961593860
1457312445534375938
1457312456187994114
1457312457928724485
1457312464757006339
1457312466241835012
1457312470746419202
1457312481940889600
1457312490778411015
1457312496692432896
1457312512312025090
1457312513272524806
1457312513830395906
1457312515810017281
1457312517894590465
1457312519148687362
1457312519517835267
1457312524408393729
1457312526367133699
1457312528988610563
1457312537750523909
1457312539771953152
1457312539809914881
1457312543161163781
1457312549007921158
1457312552665460738
1457312554158596096
1457312557157474306
1457312559724388357
1457312560504520709
1457312565621661700
1457312572303187968
1457312575411081220
1457312594931458048
1457312598798573569
1457312604909674496
1457312608332271617
1457312608562950146
1457312611020779532
1457312620671815681
1457312621284270084
1457312627550564353
1457312628242452483
1457312628473270274
1457312638539603969
1457312646651383814
1457312646890393605
1457312647213305860
1457312654851076097
1457312659309842435
1457312659863339008
1457312665852862468
1457312666993762305
1457312672719032320
1457312673201213441
1457312675084451842
1457312677265612804
1457312694588035073
1457312700514635779
1457312709826027525
1457312712048918528
1457312714888470529
1457312716884897797
1457312718717865984
1457312721188294656
1457312721330966529
1457312721653977092
1457312732974362626
1457312734740164610
1457312742784700421
1457312746102476800
1457312755669626883
1457312758999945218
1457312765807194114
1457312769565409280
1457312771297710084
1457312773680074753
1457312777069121540
1457312782005817346
1457312784060796928
1457312789291175938
1457312794219630593
1457312795561807876
1457312804122157056
1457312812032724997
1457312820106829825
1457312827602051075
1457312832144519168
1457312833222299649
1457312836342931456
1457312841384570886
1457312842542059523
1457312847302692865
1457312854592344074
1457312858933452800
1457312863744364546
1457312864302243848
1457312871256313856
1457312875886825473
1457312876146794496
1457312883965104130
1457312892357947393
1457312901711089667
1457312909562949638
1457312911471304706
1457312913492938758
1457312913954271235
1457312915686559744
1457312919583182850
1457312922875699207
1457312928932171783
1457312947206721544
1457312959487750147
1457312981163945987
1457312981922959366
1457312988818513920
1457312991637086212
1457312991947411463
1457312992681410571
1457312993004371975
1457313000281489408
1457313001380405249
1457313004094058502
1457313019764121604
1457313020703612936
1457313026101559304
1457313030857900037
1457313031914983427
1457313042765651974
1457313044548177926
1457313047312273417
1457313063946887170
1457313068585717761
1457313089179688974
1457313098814173186
1457313098826756097
1457313103792705541
1457313107571793920
1457313109274763264
1457313109476057088
1457313110717513731
1457313113947185159
1457313115746574343
1457313132024528898
1457313131949170692
1457313132389486599
1457313139368898560
1457313139905675270
1457313141981949952
1457313148835401738
1457313150827737091
1457313162764632066
1457313167512571905
1457313170540752898
1457313170427625480
1457313175762833414
1457313176308142083
1457313177192972288
1457313188186361860
1457313189788409861
1457313193198489601
1457313203331944450
1457313211389071370
1457313216464314373
1457313223506530306
1457313240724160515
1457313243458904070
1457313255047761922
1457313259699179523
1457313260185825284
1457313260785577985
1457313269325172739
1457313270407344128
1457313279580254209
1457313282969251846
1457313283128627205
1457313285385170951
1457313285657747458
1457313285905207300
1457313288300240897
1457313290682466310
1457313293169790977
1457313301394690048
1457313315600883719
1457313315835809800
1457313316095807488
1457313333518995459
1457313333447741441
1457313342436089856
1457313356847718401
1457313357581766657
1457313357871173633
1457313365014028294
1457313378012180482
1457313381329907713
1457313381610889222
1457313382801965056
1457313385339662340
1457313385859756036
1457313390473396228
1457313396450340864
1457313401668001796
1457313406843854857
1457313409058308106
1457313414431260680
1457313414804561926
1457313434853416960
1457313444554854403
1457313457024344069
1457313463643131915
1457313484677468166
1457313485914886144
1457313486405607439
1457313493301047301
1457313493808553984
1457313493728825348
1457313498560598016
1457313501890977795
1457313526721048580
1457313534703030273
1457313551341789187
1457313555167039488
1457313560216760331
1457313562754420736
1457313576046104580
1457313577539342344
1457313578843791363
1457313582807400451
1457313584564908032
1457313587207106567
1457313587421134852
1457313592311787524
1457313603577602049
1457313604957528069
1457313613807501321
1457313613979529220
1457313616710012928
1457313624452747271
1457313626860236800
1457313634502184962
1457313637559939073
1457313643184394240
1457313652831313923
1457313655205154817
1457313663577047046
1457313670908850178
1457313675824480261
1457313677078679555
1457313677812674565
1457313680966791174
1457313681755230215
1457313686129942532
1457313688998662147
1457313691460907010
1457313693331513344
1457313693579063297
1457313710264000512
1457313733710077957
1457313734733426692
1457313748524441601
1457313752433430531
1457313753419051018
1457313755239366660
1457313758011969544
1457313761321099271
1457313762369839106
1457313768799719424
1457313781483249667
1457313793793396740
1457313794082983950
1457313801456562180
1457313802081476609
1457313803398418433
1457313811048796165
1457313820385419271
1457313827863814147
1457313834918715394
1457313858331234308
1457313860512325634
1457313860738822149
1457313863335022593
1457313864119308288
1457313870440194061
1457313871983779841
1457313878245736455
1457313884117737472
1457313890367418369
1457313895488577540
1457313903164235777
1457313906246946819
1457313920415412224
1457313923045154818
1457313933090566146
1457313935498022917
1457313945371430915
1457313951629385733
1457313957459288067
1457313969731895299
1457313972034539526
1457313983686447107
1457313989243772929
1457313997934379009
1457313998097956866
1457314002455891973
1457314003705806848
1457314037696454657
1457314043509805058
1457314046596694017
1457314047699918852
1457314050438750211
1457314052867244036
1457314054935126019
1457314063390814210
1457314065588490241
1457314080180645890
1457314081749094400
1457314085561937921
1457314086681722880
1457314093518540800
1457314102670397444
1457314103375106052
1457314107888226310
1457314108060098563
1457314114271854594
1457314114624163840
1457314115970609154
1457314116083851271
1457314117371322370
1457314122358575106
1457314124464001024
1457314137755820035
1457314160094552065
1457314160660918273
1457314164397932546
1457314167132729350
1457314171528351752
1457314182144135171
1457314182471159816
1457314187126919171
1457314191996592131
1457314191858184192
1457314193040871427
1457314193259048960
1457314194064351234
1457314196262162435
1457314197247770624
1457314200724848644
1457314200863318022
1457314203480510465
1457314209516060675
1457314214301818881
1457314220467437568
1457314222933745664
1457314231485861895
1457314231896866821
1457314234941968389
1457314243783626758
1457314247394963464
1457314256680980485
1457314259117953027
1457314259956899841
1457314261433262082
1457314262905360385
1457314269284880385
1457314270102835200
1457314270593658884
1457314272367742978
1457314273303031821
1457314276021096450
1457314280932532227
1457314281792364546
1457314291741298698
1457314298733154307
1457314300800823296
1457314304756170753
1457314306895269894
1457314307855761412
1457314320778506241
1457314333227114502
1457314333457854468
1457314333596213251
1457314338956529665
1457314342806999046
1457314351946338304
1457314353078669317
1457314356442583040
1457314356904013827
1457314364768362498
1457314377762148360
1457314380396339201
1457314382204084225
1457314403553062916
1457314407269142528
1457314409282473989
1457314409458675719
1457314421156503553
1457314427716440067
1457314430916640768
1457314434389585921
1457314440181948424
1457314440051781638
1457314445311418369
1457314446427267077
1457314453779881984
1457314465142214656
1457314488089149446
1457314491209818113
1457314493201932295
1457314493273448450
1457314493554434048
1457314494242181123
1457314496490442755
1457314507320176641
1457314512240058370
1457314513938681862
1457314514198740992
1457314514945384450
1457314519621898247
1457314519647129602
1457314524973895680
1457314539364569093
1457314546545139721
1457314546771632128
1457314551792287745
1457314552308174848
1457314555705561091
1457314562777047041
1457314565033766914
1457314579797663746
1457314583786532875
1457314585430609924
1457314592112185348
1457314593315999746
1457314595270496259
1457314596298137602
1457314597753565188
1457314613809147909
1457314619341611008
1457314619647746051
1457314621723975681
1457314623347216388
1457314623472930818
1457314630573953024
1457314635640557570
1457314637012156421
1457314636940906496
1457314641265242115
1457314651138580482
1457314651314741253
1457314651818139653
1457314653973860363
1457314656205352962
1457314656553426946
1457314656591261696
1457314661938786314
1457314667815071750
1457314669572591617
1457314673024552960
1457314677071953921
1457314678846132228
1457314690229587973
1457314691294826503
1457314724002082821
1457314725629505536
1457314736291340291
1457314743526559746
1457314745292316675
1457314747129503744
1457314748312141829
1457314751034245121
1457314751126679556
1457314752036839434
1457314757325688833
1457314759938773004
1457314768784658433
1457314769447407617
1457314773696086019
1457314778179907585
1457314778842640386
1457314790947295234
1457314796873953284
1457314798459305984
1457314799742750724
1457314802846605323
1457314803962322950
1457314806168539138
1457314815966277642
1457314827865628673
1457314828159275015
1457314840523980807
1457314840452767744
1457314848841379851
1457314853530521605
1457314854151376899
1457314858165280772
1457314862703460353
1457314867568906243
1457314872048377860
1457314872090374145
1457314873780625411
1457314886082568192
1457314886208327688
1457314887399460865
1457314888532041731
1457314892244037634
1457314904562614277
1457314910334078984
1457314912250867712
1457314913584615424
1457314927878688772
1457314928692432896
1457314936124846081
1457314939144740869
1457314940440625155
1457314949768695810
1457314950502883335
1457314951949963266
1457314960552366084
1457314964188844032
1457314965375836165
1457314970983702531
1457314971210207234
1457314974225862660
1457314976046145537
1457314978822754309
1457314983130374151
1457314986917863430
1457314988624945153
1457314999811072003
1457315010334633985
1457315013123792897
1457315022951038977
1457315024704352256
1457315029422776330
1457315033969565705
1457315037572329473
1457315043880669187
1457315044929286147
1457315045294149635
1457315045646520330
1457315047185715201
1457315047802384389
1457315052286058497
1457315086654115845
1457315089707634689
1457315095990743044
1457315115942952963
1457315118191161344
1457315118652534790
1457315119474556928
1457315123073359881
1457315129402535936
1457315130044297220
1457315130216177666
1457315176210964483
1457315178211471360
1457315184482127876
1457315184918233088
1457315192015138818
1457315205952819201
1457315212189749256
1457315213972316162
1457315219265441792
1457315222432092166
1457315222948040706
1457315226286759936
1457315240358600706
1457315241923006465
1457315243256860676
1457315243248472064
1457315251226038274
1457315251985256451
1457315256548593664
1457315263863480322
1457315276794445824
1457315277989990400
1457315282427465732
1457315294427459585
1457315294305787906
1457315294926577665
1457315296868544512
1457315300647505920
1457315314849521675
1457315327507902467
1457315331882500107
1457315334889816064
1457315338689843210
1457315343345623044
1457315345233072130
1457315348299067395
1457315357333594118
1457315359061692420
1457315363125972994
1457315363713073155
1457315368809107456
1457315374416887815
1457315375733956611
1457315386064580613
1457315388300173315
1457315393387655173
1457315400912445442
1457315402225233927
1457315403030536198
1457315405874221056
1457315408420159488
1457315410039164932
1457315417609932803
1457315419916836864
1457315422009708553
1457315427571302411
1457315435024637952
1457315437448859656
1457315443941728256
1457315454947450881
1457315473280937987
1457315473138278403
1457315475537399812
1457315476321746950
1457315501122674688
1457315503014387717
1457315504662659072
1457315507359653890
1457315508613619721
1457315515026771968
1457315518927581186
1457315528553517062
1457315529203634180
1457315530910703621
1457315532143841284
1457315536111554560
1457315537638379526
1457315555459932163
1457315558366588930
1457315560660746241
1457315570022498308
1457315574774734851
1457315575529623555
1457315577769480196
1457315589869953029
1457315599042826245
1457315602155151361
1457315604906577920
1457315618936565766
1457315627023097856
1457315630575669253
1457315631989198850
1457315632970715139
1457315633847283712
1457315637991194627
1457315644123320320
1457315644773384196
1457315645574586372
1457315649353564161
1457315657368752134
1457315658350346241
1457315663182188546
1457315663236763655
1457315665258422274
1457315667409920015
1457315668769058818
1457315671948341248
1457315682241191936
1457315715812413445
1457315723806744577
1457315729179557894
1457315735462625282
1457315739241693189
1457315740860796933
1457315748456579077
1457315749274476550
1457315761836511232
1457315787950080008
1457315791125237760
1457315791959908359
1457315798624636928
1457315800277209091
1457315800591867909
1457315805285294091
1457315805050310658
1457315817058562049
1457315820409925639
1457315820762238981
1457315823035498500
1457315824507793418
1457315824562225154
1457315834855055363
1457315841834459144
1457315842878750728
1457315856795553795
1457315859299438599
1457315867830673408
1457315868552089600
1457315872679374861
1457315880740720640
1457315885966897155
1457315886419914755
1457315887422349317
1457315897056665601
1457315898780524545
1457315909358342153
1457315912264994818
1457315915394162698
1457315934020980739
1457315943969873922
1457315953591656454
1457315954363445260
1457315955059662856
1457315958977085441
1457315961078484995
1457315972314980360
1457315974382710790
1457315982360317953
1457315983069220865
1457315988190507009
1457315990098915331
1457315998244220931
1457315998378385409
1457316000186003467
1457316003759607811
1457316005999304704
1457316013167493124
1457316014228705281
1457316025985343488
1457316029277814793
1457316034512396294
1457316036466860037
1457316056725327878
1457316059103571968
1457316065709600770
1457316066078638085
1457316067387248642
1457316070860132358
1457316081840758792
1457316089973526536
1457316107086336003
1457316110219497472
1457316111121276931
1457316117630828548
1457316118129958915
1457316123221925975
1457316125885321219
1457316137134350341
1457316138703114240
1457316140426809348
1457316143002263552
1457316150413565952
1457316162568589312
1457316168449015813
1457316181774409733
1457316185817632771
1457316189131182082
1457316191312257024
1457316193254133764
1457316195640782848
1457316202032807943
1457316202842263553
1457316203052113921
1457316203605762050
1457316209070911491
1457316210614235142
1457316228570271744
1457316235557826565
1457316236203905030
1457316243497684995
1457316244760276993
1457316245221646342
1457316247394295812
1457316253178241024
1457316260958466049
1457316263458484224
1457316270106370048
1457316272526479361
1457316285616955394
1457316293028286465
1457316294802296835
1457316300041199623
1457316301400125440
1457316303224643585
1457316306773069829
1457316319582466050
1457316319569723392
1457316321394364416
1457316324099694600
1457316326377197569
1457316326935044098
1457316327547355140
1457316327606136833
1457316329216782337
1457316332651913216
1457316335671595014
1457316336821051395
1457316339907846149
1457316344630849541
1457316345465409539
1457316347084480512
1457316348237844481
1457316355624026116
1457316359591841801
1457316367879790598
1457316394933145605
1457316404986789889
1457316413236989954
1457316420275036165
1457316420656812037
1457316422325968897
1457316428495802371
1457316434082623494
1457316435269652482
1457316443419258882
1457316444266504200
1457316447961583616
1457316451812003840
1457316451812089860
1457316459512799235
1457316463132516354
1457316470350880771
1457316471684702216
1457316474352279560
1457316478861123585
1457316480266080269
1457316480991653889
1457316490940723202
1457316499144781825
1457316502487683077
1457316512293965830
1457316513694851072
1457316519268995074
1457316539892371456
1457316542870429700
1457316552294891520
1457316559299416068
1457316560121466887
1457316562562650112
1457316563221102596
1457316563309285378
1457316568673579008
1457316584268181508
1457316586205990913
1457316593860546560
1457316598759378944
1457316610922856455
1457316617088557056
1457316620553134080
1457316632548757506
1457316635426045954
1457316638320066560
1457316642195714057
1457316642590011396
1457316644083015681
1457316647480479749
1457316651305689097
1457316653507698689
1457316658821877766
1457316663280476161
1457316665214087170
1457316669278224384
1457316675737509889
1457316677260091399
1457316678870634501
1457316681953468420
1457316686953078784
1457316689314467845
1457316691667476490
1457316692670009347
1457316694645526529
1457316701897363462
1457316702354554884
1457316711275843584
1457316714866089985
1457316716208328707
1457316731135926274
1457316734151581696
1457316734608842753
1457316735120560130
1457316735837741061
1457316735867097093
1457316736617926656
1457316736613564416
1457316739277000707
1457316740812083212
1457316742439608321
1457316748450058242
1457316759002763267
1457316762433855492
1457316765726384131
1457316771438997508
1457316798756438023
1457316804599156736
1457316805903589378
1457316807115673600
1457316809107968003
1457316811192537093
1457316817584676873
1457316825688166400
1457316837356494850
1457316842452647946
1457316849629138944
1457316852590383105
1457316854427439108
1457316856642129922
1457316862971293701
1457316863478796292
1457316865462743045
1457316869581463560
