1503234458526306305
1503234472380350465
1503234474523377664
1503234501723373571
1503234519524020224
1503234532396642306
1503234538561949700
1503234562150723584
1503234573483790338
1503234578546413568
1503234582077878272
1503234585462779908
1503234593716989953
1503234594195361794
1503234602365710336
1503234622330572805
1503234628659953664
1503234638747213825
1503234700973727746
1503234705113554949
1503234718422253570
1503234722201284610
1503234726110261249
1503234741168119815
1503234744976216069
1503234750093434882
1503234778103005188
1503234779579404293
1503234780451815426
1503234802836668419
1503234806687141888
1503234819362373639
1503234822730256384
1503234826073042945
1503234831156715523
1503234836282191873
1503234844683223044
1503234854325874689
1503234863373389829
1503234886299275265
1503234891214905345
1503234892196368389
1503234905878106115
1503234910584475650
1503234920340066309
1503234928116477954
1503234929156579328
1503234930305773571
1503234942523912194
1503234947640967168
1503234953697390595
1503234968855662593
1503234977693147139
1503235003391557635
1503235013869031425
1503235019753590786
1503235028368588800
1503235083846705153
1503235095854866432
1503235099541716995
1503235124028182534
1503235130890113030
1503235180114644992
1503235188981182464
1503235194375278593
1503235216126590976
1503235238742601729
1503235255502745602
1503235258367438848
1503235260095807492
1503235275371200513
1503235283067805700
1503235292144312323
1503235293566148609
1503235295604404225
1503235304966299651
1503235313636089860
1503235313740795910
1503235314361507841
1503235314831273985
1503235316471275521
1503235321286250504
1503235324998131713
1503235339757961219
1503235348561756166
1503235377745707009
1503235379150925827
1503235379457048576
1503235384490311682
1503235426391318528
1503235436747046920
1503235450445647875
1503235455248048130
1503235460704792578
1503235463917686792
1503235467482996739
1503235485203841027
1503235499867222020
1503235500030808067
1503235500760518659
1503235501381234691
1503235507069026304
1503235513553203202
1503235530686812162
1503235573233831936
1503235573200437249
1503235603177086981
1503235638807896064
1503235650891436033
1503235682361217027
1503235693392592897
1503235724253941760
1503235754822193154
1503235806009380870
1503235814842531842
1503235820182183937
1503235831372423172
1503235845230403587
1503235872434495491
1503235875508957187
1503235876209451008
1503235881863299074
1503235902864195585
1503235905292840963
1503235964776640516
1503235967053967361
1503235986603626499
1503236042324803585
1503236064411938818
1503236070229655553
1503236077909327872
1503236094829150214
1503236096397770755
1503236096678760448
1503236118396948483
1503236130573012992
1503236133395714050
1503236157043519492
1503236167319306248
1503236176890810371
1503236185199869957
1503236201016442881
1503236202438164481
1503236252346191873
1503236259485003777
1503236263767273472
1503236268892729346
1503236271019368451
1503236277960777737
1503236303130923011
1503236322063958018
1503236329240350722
1503236361440174083
1503236364367966209
1503236380511686658
1503236393136377858
1503236399432028165
1503236410609836034
1503236448065146880
1503236452670443524
1503236454297702403
1503236461973356547
1503236477144248322
1503236478029209603
1503236494936272896
1503236515924971521
1503236517451337729
1503236527345704967
1503236533498773505
1503236547390451712
1503236572807790594
1503236574431133698
1503236601488445444
1503236614507700226
1503236615153586179
1503236644815712257
1503236664927285249
1503236677661179904
1503236684078477317
1503236686251180032
1503236708254420994
1503236719700754441
1503236721445642244
1503236762130272257
1503236784452472836
1503236798952411136
1503236809467252737
1503236814274019328
1503236816798986242
1503236820330549249
1503236824688377857
1503236847027335168
1503236861011050498
1503236864073154560
1503236869269729291
1503236870255300612
1503236870188195842
1503236887741288449
1503236903298281473
1503236915998437378
1503236920830222341
1503236944846888960
1503236948114112512
1503236970478292998
1503236982633345028
1503236986483712002
1503236987305676804
1503236992301158400
1503236992812957697
1503236996742877185
1503237028271558656
1503237048420880386
1503237074236973058
1503237081946066947
1503237082453401601
1503237093744599040
1503237102028439557
1503237108739485697
1503237113579335682
1503237113755537408
1503237119690649604
1503237132772651014
1503237148312576008
1503237149105209345
1503237151441362947
1503237154557726720
1503237156285960193
1503237206412042241
1503237217367384067
1503237244496269313
1503237258521899008
1503237261185462277
1503237295511461888
1503237307977003009
1503237318169092102
1503237335881814018
1503237342684930050
1503237343653806082
1503237344710725634
1503237349123112960
1503237357146935296
1503237360502386688
1503237378017837056
1503237394874703873
1503237401325441024
1503237408376037376
1503237426730483713
1503237431696379907
1503237448687501312
1503237454542823427
1503237474348564482
1503237484892901380
1503237492149002243
1503237507588177922
1503237508859109379
1503237522062774273
1503237538097647618
1503237548440801282
1503237567470358528
1503237570133643268
1503237584159391744
1503237585845600259
1503237595282567173
1503237598474608640
1503237612311564291
1503237622302318592
1503237623011319809
1503237626546982918
1503237628937703425
1503237634109632515
1503237683140653056
1503237690950844417
1503237695744610312
1503237713402683393
1503237715843764231
1503237724391854081
1503237737582936064
1503237756457140224
1503237771607089152
1503237778527690756
1503237790611386374
1503237833699561479
1503237835406647298
1503237869254721537
1503237887826935809
1503237893820719111
1503237914917974018
1503237940620660737
1503237970509582343
1503237985638051840
1503237986883833857
1503238015879065605
1503238016214597636
1503238024939057155
1503238027115577349
1503238027857981444
1503238036737630212
1503238052784885761
1503238056349822976
1503238098674540550
1503238101686272008
1503238123538501634
1503238155247489026
1503238162113511426
1503238173287198726
1503238176348930053
1503238192186671109
1503238200269049859
1503238200306905088
1503238208745885696
1503238223853764608
1503238242140893188
1503238245655613441
1503238260922925058
1503238269802201088
1503238270892707842
1503238285627297793
1503238288106307584
1503238293550505989
1503238300156542978
1503238328220622848
1503238344062341124
1503238350710272003
1503238351427493899
1503238353633882112
1503238376639680514
1503238381421142020
1503238385317543941
1503238395702616064
1503238399771254784
1503238407631224832
1503238412731658242
1503238445027651587
1503238459456163840
1503238465382600705
1503238475704799232
1503238532189630464
1503238536736169986
1503238539756011524
1503238595162816514
1503238613743865856
1503238616113328129
1503238642755461122
1503238650607329282
1503238671901892608
1503238683717156868
1503238692655157248
1503238724154441731
1503238724238249990
1503238724859342848
1503238730160693248
1503238767796183044
1503238767968022529
1503238783080275968
1503238804592685060
1503238816491966467
1503238817532166149
1503238830639382529
1503238832036196354
1503238833889964032
1503238835580379136
1503238851384381445
1503238861199187968
1503238873903775745
1503238874453225474
1503238890408521731
1503238893801512960
1503238896745857027
1503238915280441349
1503238939112615936
1503238945706221570
1503238965381324800
1503238975368048643
1503238978761371649
1503239036181176325
1503239040782331910
1503239048227401728
1503239056607653889
1503239071359016961
1503239082322718721
1503239086999412737
1503239089411309573
1503239090380156930
1503239101754974208
1503239126593814529
1503239133921173507
1503239146625638404
1503239172148109315
1503239186341666819
1503239189806125058
1503239191211266050
1503239202711891973
1503239221603151879
1503239222601424902
1503239238569107462
1503239239290531840
1503239242465648640
1503239261390524418
1503239263563005952
1503239273356615683
1503239294332325889
1503239320135684099
1503239328356794371
1503239336397279232
1503239341702754305
1503239342898225154
1503239377178177536
1503239383402663939
1503239384384122880
1503239385923440641
1503239404638285826
1503239431721226240
1503239434371682308
1503239460531712000
1503239472271355904
1503239486381113349
1503239488625168384
1503239488356564993
1503239539019579394
1503239549840883713
1503239563791110144
1503239577259192320
1503239579758997507
1503239602840104962
1503239609773289473
1503239621072900098
1503239641968877569
1503239650709700614
1503239656569196549
1503239657114509313
1503239666841051138
1503239668103581698
1503239674374012932
1503239675057618945
1503239675745497091
1503239688928337920
1503239707827875843
1503239717118173184
1503239737599053824
1503239751150669824
1503239756481662978
1503239764668923906
1503239770784342020
1503239806846873600
1503239807170138113
1503239810147778565
1503239812056240132
1503239818725179394
1503239821803675652
1503239832054558720
1503239865395154946
1503239872198418432
1503239877298737153
1503239884550643712
1503239895099260928
1503239899381903362
1503239905782431745
1503239914695139333
1503239917366910979
1503239930293768194
1503239936106979329
1503239939130941440
1503239947318300672
1503239956503924739
1503239974006624258
1503239980306800640
1503239998958567431
1503240053560156161
1503240093447954435
1503240119138017284
1503240122925428738
1503240175195144193
1503240175320657922
1503240177141043202
1503240221055492097
1503240221604859907
1503240232149430273
1503240237824229376
1503240246963720195
1503240261043900421
1503240272054038529
1503240321802674176
1503240399720095747
1503240405198024707
1503240413716508674
1503240415553667073
1503240435879211009
1503240443059859457
1503240468871716866
1503240483862052870
1503240488811483136
1503240508377862144
1503240508654686209
1503240523385126912
1503240525813624832
1503240526812037120
1503240550148890627
1503240550618918912
1503240555744346113
1503240573767254016
1503240578934394882
1503240594998521856
1503240596521029634
1503240607183085568
1503240613084504068
1503240624392196096
1503240644621389825
1503240648438157312
1503240651646943234
1503240671263526915
1503240682147921921
1503240682588164096
1503240682391375872
1503240709519728642
1503240752549093378
1503240765241237508
1503240767485009923
1503240779325579265
1503240789681266688
1503240795708481544
1503240798036381697
1503240810652966914
1503240819658002434
1503240823110086658
1503240826423496709
1503240828059361284
1503240834975629312
1503240842718326785
1503240846916816902
1503240856035278849
1503240867531816967
1503240937324961792
1503240948578328578
1503240953439477761
1503240964340699136
1503240974381723648
1503240986931171329
1503240989099855874
1503240990798323713
1503240996771045385
1503240998670974978
1503241017465745409
1503241017876647936
1503241018992259074
1503241018631675904
1503241056371949569
1503241061748989954
1503241061724045312
1503241062885715968
1503241073799303169
1503241100240240640
1503241122918842371
1503241151003955202
1503241151578398720
1503241157651800066
1503241166887665665
1503241209573101568
1503241219643740161
1503241226752970754
1503241230226178048
1503241232503431175
1503241239117840384
1503241256192798723
1503241271783014408
1503241287826296832
1503241291102007303
1503241301642280965
1503241312170135554
1503241317467529217
1503241341597327360
1503241355983736834
1503241365706137606
1503241366272307203
1503241367325069316
1503241369955053569
1503241371549061122
1503241393162043392
1503241401202446337
1503241409679151106
1503241411071819776
1503241413420634113
1503241414347427845
1503241418231451649
1503241439462903808
1503241452742184965
1503241476058365952
1503241486258913282
1503241489526280194
1503241498569187330
1503241518395625474
1503241559281610753
1503241567410143232
1503241574435549192
1503241610053799937
1503241614092746752
1503241624184229889
1503241658833387521
1503241666089521153
1503241674885308418
1503241678085246977
1503241686348148736
1503241694967472131
1503241701951180802
1503241703058468865
1503241726667812866
1503241729855864832
1503241742853804039
1503241773124046853
1503241776009814018
1503241792317456384
1503241796322828291
1503241816917049344
1503241823577415686
1503241828413280259
1503241839242977280
1503241858998173697
1503241870931021829
1503241880552755201
1503241893357912067
1503241896906444805
1503241896897953793
1503241903348756480
1503241925486333952
1503241931048030209
1503241931068874752
1503241938195128328
1503241944289271810
1503241947267604481
1503241947397320706
1503241960760352768
1503241978154143746
1503242027407863814
1503242063663575041
1503242066167443458
1503242068042387457
1503242084962111488
1503242086270660608
1503242086887219207
1503242087113715715
1503242103610122242
1503242111654629376
1503242119074394120
1503242124715651073
1503242132315942915
1503242133783908357
1503242139269926915
1503242152364716036
1503242167296438275
1503242169611563012
1503242183922565121
1503242184849383425
1503242186560839681
1503242189278625794
1503242190193049603
1503242208270589952
1503242232425590785
1503242240604487680
1503242265715748865
1503242289547730945
1503242312075292672
1503242320355168259
1503242325702680578
1503242329070575616
1503242366769061897
1503242374100619267
1503242391544909824
1503242397580410884
1503242432372039681
1503242454690111488
1503242470485856261
1503242472570380291
1503242476357709824
1503242494510653445
1503242518087016450
1503242546746740736
1503242566082646018
1503242567101599744
1503242576715030531
1503242581760954368
1503242582758809604
1503242599452188672
1503242633791029250
1503242634566856706
1503242660567470081
1503242666624004096
1503242667253248000
1503242670029869060
1503242673393704963
1503242701453492231
1503242713155649536
1503242716234268675
1503242724908036104
1503242734827556864
1503242748534693889
1503242757598441472
1503242776904826883
1503242780864360450
1503242782697091072
1503242800774615043
1503242812493422598
1503242815307849730
1503242818357129222
1503242835646058496
1503242839077101570
1503242842088648705
1503242860228870144
1503242874531553283
1503242880302948353
1503242894961950720
1503242895591018497
1503242898955030529
1503242904621490184
1503242920442355713
1503242932039696385
1503242956186083333
1503242965392805889
1503242980634804224
1503242982513803265
1503242993322672133
1503243010544336897
1503243013551636480
1503243019734163457
1503243020954656768
1503243028080824320
1503243030425649154
1503243052684480513
1503243053032620032
1503243066408321024
1503243068694155265
1503243071407857664
1503243097962020865
1503243104660373511
1503243107592294401
1503243109635076098
1503243151829450754
1503243179554148352
1503243223174717441
1503243224147808258
1503243233958121473
1503243248294322179
1503243277419814913
1503243307371008000
1503243331601461249
1503243335095369729
1503243339201757188
1503243349297446913
1503243375780282369
1503243381388066817
1503243391513120768
1503243394197467137
1503243428041265153
1503243430578692097
1503243450694893570
1503243462363209728
1503243486040145923
1503243495296970752
1503243496131420163
1503243502674759684
1503243507133083648
1503243512594190339
1503243520131452928
1503243522480263170
1503243524493389829
1503243528838979584
1503243531707883523
1503243539500601349
1503243551458488320
1503243556248465409
1503243565492703236
1503243566000513024
1503243573478797315
1503243584861921280
1503243599923879938
1503243606496141312
1503243619293089792
1503243642332352513
1503243650947432453
1503243656974647299
1503243669792505856
1503243671008948225
1503243674636890113
1503243685064245248
1503243687035236353
1503243696837656578
1503243714776416259
1503243716718641154
1503243732778471424
1503243748251217920
1503243751719907329
1503243785454727174
1503243794564722688
1503243797450293253
1503243806333882374
1503243829360697345
1503243831051001859
1503243834821513218
1503243841259905029
1503243855918817282
1503243876701773826
1503243878022860801
1503243929021419520
1503243941487030275
1503243969400127492
1503243969865658372
1503243982029352961
1503243988748275714
1503244001209569281
1503244027730272258
1503244046911041538
1503244051029577730
1503244058273193985
1503244060630388737
1503244062840659969
1503244081081819144
1503244105689747456
1503244107044749320
1503244107925184516
1503244122479644673
1503244135813328896
1503244156138713090
1503244157187346434
1503244164456226818
1503244173755011075
1503244189307478016
1503244191274467331
1503244192708919301
1503244198325080064
1503244215811076097
1503244219317641219
1503244231707561986
1503244241455116289
1503244286577373186
1503244290448928769
1503244296014774276
1503244298518552576
1503244306617884673
1503244344865734657
1503244345155203079
1503244345281236996
1503244357415149573
1503244362485932043
1503244369016463363
1503244372652937217
1503244377807806465
1503244386276106240
1503244396069888000
1503244402076139522
1503244403946954753
1503244406480023553
1503244423206883329
1503244423622279169
1503244434997080064
1503244439472701446
1503244445210365954
1503244484565381125
1503244499430039552
1503244499639754753
1503244500860293123
1503244501808259077
1503244512692342786
1503244524222509056
1503244523274706950
1503244542836883460
1503244586646478855
1503244601641127942
1503244602119102474
1503244626089869315
1503244628509798403
1503244636617424898
1503244649569300486
1503244669001793538
1503244678212116483
1503244687615807489
1503244707522043905
1503244710097264640
1503244717416656896
1503244739096809472
1503244746357104640
1503244750610046976
1503244750962495490
1503244753923559431
1503244766967853060
1503244781836660737
1503244791441760267
1503244808168562688
1503244808680517640
1503244820151963649
1503244845141442566
1503244845980299272
1503244856000659457
1503244859771031556
1503244861528584195
1503244873880813568
1503244882076483588
1503244891442192387
1503244893262651392
1503244897108860929
1503244901630169092
1503244901827465216
1503244901697216512
1503244903081549825
1503244914242428931
1503244925550280712
1503244943728553986
1503244971050246147
1503244981913366533
1503244984228659203
1503244993586155530
1503244999990951938
1503245011244179456
1503245048409960453
1503245061311524864
1503245072783056901
1503245073454182406
1503245078608838657
1503245092785881091
1503245122175184903
1503245123135881219
1503245149027303424
1503245173337190401
1503245177728688128
1503245181402836993
1503245192047996937
1503245214592421891
1503245221064503297
1503245222083391489
1503245237262630912
1503245298390380544
1503245301834035200
1503245320783904768
1503245341944123394
1503245349539889156
1503245354057101317
1503245362760282121
1503245371144904706
1503245371639844866
1503245384096706564
1503245396109365248
1503245413108883462
1503245427872710660
1503245431597408257
1503245434537447427
1503245449934872577
1503245461364301826
1503245475771736064
1503245489986285571
1503245491877781507
1503245521800028168
1503245532906541057
1503245544281591809
1503245563176779777
1503245588082606081
1503245592688046081
1503245593254129667
1503245594487410688
1503245604046180353
1503245605384036354
1503245605891555329
1503245635029327873
1503245638175125505
1503245644055695362
1503245661281701889
1503245668928061440
1503245683742363649
1503245709419888641
1503245761424863233
1503245773948915712
1503245777413742592
1503245780370436096
1503245791183323139
1503245797311320066
1503245800146624513
1503245857017282567
1503245859412135936
1503245869411635201
1503245871948857346
1503245923077738497
1503245938390937605
1503245955168366597
1503245963644735494
1503245991897673728
1503245994259062787
1503246000454090755
1503246016371466241
1503246017562497026
1503246029562462216
1503246031458381825
1503246052283006977
1503246052698304512
1503246058100510720
1503246080049573894
1503246081680986112
1503246107274526720
1503246107652108289
1503246117106036741
1503246119610068993
1503246154883993602
1503246155316174850
1503246167190159363
1503246179026583552
1503246195413721088
1503246203437215750
1503246220109643777
1503246220483039241
1503246221670072323
1503246221821227008
1503246236215828488
1503246278418845700
1503246288439361540
1503246343380348929
1503246344240119809
1503246356915560449
1503246358379044866
1503246359608152068
1503246372987805699
1503246385755394049
1503246388880097282
1503246397620908036
1503246403513901060
1503246409381736453
1503246442256736256
1503246445880610820
1503246467166838784
1503246495063359488
1503246513484541955
1503246514214567937
1503246529062080514
1503246538142674945
1503246549459120128
1503246555154812933
1503246566508834821
1503246572796137473
1503246573978935298
1503246601237766145
1503246607264980992
1503246608950960128
1503246612784549888
1503246613908799489
1503246619671613440
1503246634704314371
1503246646737444864
1503246649203777536
1503246661602058240
1503246662768029697
1503246673388224514
1503246681273507840
1503246685065326593
1503246686231035909
1503246693558636549
1503246711728193539
1503246721094066178
1503246724135104514
1503246762026610688
1503246816669990915
1503246820729786370
1503246858248142852
1503246865403318273
1503246874446385154
1503246878200279040
1503246896697073671
1503246900790587392
1503246901818556416
1503246904997691394
1503246905882517508
1503246918050267139
1503246927894175746
1503246986723532800
1503247009351933962
1503247009586683909
1503247015408553986
1503247025915191296
1503247030667251716
1503247041497268224
1503247046807105537
1503247047713083394
1503247051198402562
1503247059444326402
1503247074355302407
1503247074716008452
1503247124238008324
1503247140662890497
1503247159377817602
1503247170195324931
1503247174464905216
1503247174754254852
1503247195436457989
1503247203875241985
1503247210246389761
1503247215070003201
1503247233461989376
1503247260955467776
1503247293314707456
1503247307860553728
1503247321760350211
1503247322469310465
1503247352454287364
1503247366064775172
1503247378492628996
1503247397928914944
1503247405378334720
1503247411577118721
1503247423308955657
1503247432544665604
1503247448252182531
1503247486651142148
1503247492539953152
1503247506268110848
1503247509472358407
1503247510449491973
1503247525649661952
1503247538723651585
1503247542167142401
1503247556691873792
1503247560458203137
1503247577931649028
1503247586932764672
1503247602195730433
1503247614774546432
1503247617030983682
1503247647716614145
1503247652275818499
1503247676577665026
1503247703152771072
1503247715404288002
1503247716679393283
1503247717803302919
1503247719195832323
1503247722391822337
1503247728641511425
1503247730226995200
1503247731661238274
1503247732726665217
1503247734874120195
1503247737902419968
1503247741438373890
1503247747511558144
1503247780126629897
1503247780323594240
1503247782936723456
1503247800116654081
1503247807074893827
1503247820308025348
1503247848925716484
1503247866852261889
1503247887047827458
1503247896937840640
1503247934611148800
1503247946405801984
1503248061652365312
1503248099283775491
1503248099958874113
1503248108104298496
1503248108729208834
1503248109475749890
1503248137351274497
1503248140983578624
1503248154862358529
1503248191793381377
1503248194280439812
1503248198936285186
1503248205563277313
1503248215424053248
1503248224450056193
1503248241328107520
1503248243475501060
1503248262765056005
1503248267030585346
1503248332524716035
1503248335427276802
1503248361880707072
1503248365869481986
1503248379173691393
1503248384479662082
1503248414582132736
1503248455971446786
1503248475902951426
1503248494760321024
1503248496295436288
1503248519574036480
1503248528021213184
1503248530256842755
1503248559973437440
1503248566726569992
1503248570497265666
1503248577723867139
1503248587051999237
1503248587098304512
1503248587240587266
1503248596711325698
1503248600192757761
1503248656585363463
1503248662071230466
1503248676592013313
1503248722855092226
1503248723412987904
1503248738554462208
1503248742232772608
1503248750244163588
1503248769596289028
1503248777699753984
1503248797329207298
1503248805118066688
1503248833018417152
1503248838563450880
1503248855650906115
1503248856120807428
1503248872893829121
1503248889549553669
1503248915411488772
1503248923930021888
1503248925750349826
1503248928229101568
1503248937968287746
1503248947065888768
1503248964828626945
1503248999209394176
1503249045288062979
1503249070504226816
1503249081396772864
1503249097431699465
1503249138443505664
1503249152431456258
1503249164670586881
1503249209935376384
1503249218349285381
1503249280940879872
1503249304336703491
1503249307368972291
1503249343566032899
1503249346661261313
1503249350742327297
1503249360619986944
1503249386763010048
1503249394963218435
1503249404412796931
1503249410121105412
1503249421588389888
1503249460360466432
1503249475350908930
1503249499598123008
1503249507705757699
