1506133559702081536
1506133560809254914
1506133569776857090
1506133585413107712
1506133602945290242
1506133614013997057
1506133620783824897
1506133637183389698
1506133641352548356
1506133643193896963
1506133643403608067
1506133669970386948
1506133679915077632
1506133692686618629
1506133726346227712
1506133743957807112
1506133747397107716
1506133750823882753
1506133770843279360
1506133781270335493
1506133808986267649
1506133844013228032
1506133851596365831
1506133867090137091
1506133885247180800
1506133897872035845
1506133936610721797
1506133941777952769
1506133997708996609
1506134002767478793
1506134012410032129
1506134040507830278
1506134043385118722
1506134058312806400
1506134072438972418
1506134089824456711
1506134097860644864
1506134114935750665
1506134134124847104
1506134140420177921
1506134157058998273
1506134159797878787
1506134161408634881
1506134197550915584
1506134211580743682
1506134215032975361
1506134226944544772
1506134231252025344
1506134240924037126
1506134261853679616
1506134269068038149
1506134280484757517
1506134283244781569
1506134289464844289
1506134293411602433
1506134294674161664
1506134295076814852
1506134302941229059
1506134316061175812
1506134326152421376
1506134327612039169
1506134351888764932
1506134351871983616
1506134356707979264
1506134363716521988
1506134375594967048
1506134414614487041
1506134437506994177
1506134440338243586
1506134442154332163
1506134454393257986
1506134515571376128
1506134526971551749
1506134543425687552
1506134562648305672
1506134563801559040
1506134564703543302
1506134568172023809
1506134571217264642
1506134576212885506
1506134577483591680
1506134600258490370
1506134603144175619
1506134621787856902
1506134624329736192
1506134630012915714
1506134641933262848
1506134658903425028
1506134662552379395
1506134670328668160
1506134703123972100
1506134722291900419
1506134724502122496
1506134728155582469
1506134730890092550
1506134750469279745
1506134754420273152
1506134757318750208
1506134761978445828
1506134795469922309
1506134799244619776
1506134802113642499
1506134817758343171
1506134826071752708
1506134832866205698
1506134836163063808
1506134845570883584
1506134851061268482
1506134873085460480
1506134877665566726
1506134897890627585
1506134912277045251
1506134979289530370
1506134980963012608
1506135003977367557
1506135006216790016
1506135057903333386
1506135061795639299
1506135072667148293
1506135106188201984
1506135110071988225
1506135124940935173
1506135149041258498
1506135149402017795
1506135171791306752
1506135175167549441
1506135182809526273
1506135193710641152
1506135197489631232
1506135216032735233
1506135222093504513
1506135237067169793
1506135276514471938
1506135292322926592
1506135294944419841
1506135295040839680
1506135319774519301
1506135324933562372
1506135325055221768
1506135336988155904
1506135351139569665
1506135358529892355
1506135408710590467
1506135417036304384
1506135430135091207
1506135450854957056
1506135481234464768
1506135489601892352
1506135497990672385
1506135531603726336
1506135542412427266
1506135543826063361
1506135557931417602
1506135574297837569
1506135586037374977
1506135602231590919
1506135639435390976
1506135649421778946
1506135649971277825
1506135661778112513
1506135682678509575
1506135689737367554
1506135692937621504
1506135693671628803
1506135695844581385
1506135744540119044
1506135747014717440
1506135750957408257
1506135787313655808
1506135791210094592
1506135813029081089
1506135863654518784
1506135880913731584
1506135881035382789
1506135882415452161
1506135883359170561
1506135896520904708
1506135902170406917
1506135903382937600
1506135960530026499
1506135962669228033
1506135979370942465
1506135984936607745
1506135998714953730
1506136011612557312
1506136015882362882
1506136021091897350
1506136027454316547
1506136032940593153
1506136038007316485
1506136047792533504
1506136058894983170
1506136074204102658
1506136136401444866
1506136142814449673
1506136144110620675
1506136145217826817
1506136160489201672
1506136163790123009
1506136169628639232
1506136208245768199
1506136215711805442
1506136216915386370
1506136227682172930
1506136233268813825
1506136248464814085
1506136253267251203
1506136262817685505
1506136301749288963
1506136317922459650
1506136333508509697
1506136379062992896
1506136412961521664
1506136422012571651
1506136442569113600
1506136468514779141
1506136471182491650
1506136472600018951
1506136509069639682
1506136512181989376
1506136525355900933
1506136527272771584
1506136533807484931
1506136582037725194
1506136593077207043
1506136610642923520
1506136656826490885
1506136659179589634
1506136674706853894
1506136676074205189
1506136682684375043
1506136693002301441
1506136695032397826
1506136741140258820
1506136760778371073
1506136769103908866
1506136781808304128
1506136793673920513
1506136829237604353
1506136831963942912
1506136852524380160
1506136867733143553
1506136905859354634
1506136918991544325
1506136921378066435
1506136927237390340
1506136934250389514
1506136951455289346
1506136989048868867
1506136994061160449
1506137011748581379
1506137037547753477
1506137043902078982
1506137063812435971
1506137070837805060
1506137083265490949
1506137091863945218
1506137123602108419
1506137156422541313
1506137213246971906
1506137225071046658
1506137253575553028
1506137262072991744
1506137271564582913
1506137272005324800
1506137275859578881
1506137278682320900
1506137292431577091
1506137316619952129
1506137332956557315
1506137345069760513
1506137349876432896
1506137354402103297
1506137360190242817
1506137363986092032
1506137399738482691
1506137402963738626
1506137405505433600
1506137405635637248
1506137407510491136
1506137424992227330
1506137425864581127
1506137436350418944
1506137451521216516
1506137458450309124
1506137468017385477
1506137476859113472
1506137484153044994
1506137492226985985
1506137495314255874
1506137495527907330
1506137527110889475
1506137549646966785
1506137564989870084
1506137605993222149
1506137627375792132
1506137628449644547
1506137629049311241
1506137643536375811
1506137663711027200
1506137685395591172
1506137686557413383
1506137684494135298
1506137686918184962
1506137688088498179
1506137726277591043
1506137732095311875
1506137739183353860
1506137745437171716
1506137766161125382
1506137768350605317
1506137774180605953
1506137805315055616
1506137810667024387
1506137825212784643
1506137847270629380
1506137849862651906
1506137866304299008
1506137882792132615
1506137897757421571
1506137950182326276
1506137955110318084
1506137991978184705
1506137994620723206
1506138000387809284
1506138004284489730
1506138018637254663
1506138022701834243
1506138043946012672
1506138054792155139
1506138064808153090
1506138081237381121
1506138090192220164
1506138102292783113
1506138123956273156
1506138124329619458
1506138168927698949
1506138178578571276
1506138194303078400
1506138211059331073
1506138233976938496
1506138235562459136
1506138243326263301
1506138249055506440
1506138256760578048
1506138286787551233
1506138289480548356
1506138295331262468
1506138296765743107
1506138323223744516
1506138331356495876
1506138343247003651
1506138351618990081
1506138406321274881
1506138409198366720
1506138425065312258
1506138430094336000
1506138453238419457
1506138454777901058
1506138459014115331
1506138468660957184
1506138478115004422
1506138521110659072
1506138533223972867
1506138554279337985
1506138562831466498
1506138577150824451
1506138577360596994
1506138600710180865
1506138604237697027
1506138611456126977
1506138635594203137
1506138637305450496
1506138641655025664
1506138650148491264
1506138685016014848
1506138686047592463
1506138711364276226
1506138730444197891
1506138742351933442
1506138747540230145
1506138754376818689
1506138782914908163
1506138787625193472
1506138791815221249
1506138826602807296
1506138836295946241
1506138848375762947
1506138861092581376
1506138875751649281
1506138884224303104
1506138884345929729
1506138897415393284
1506138929262518273
1506138939555340293
1506138968299290627
1506138993200709636
1506138994274414594
1506139015224848385
1506139030198657027
1506139054311677952
1506139063220600832
1506139065543929859
1506139075534761987
1506139079263809538
1506139114147622913
1506139140517203971
1506139151241912329
1506139209379323906
1506139212428455938
1506139213191917570
1506139243298664448
1506139243420258306
1506139267579662337
1506139269898850308
1506139278891487235
1506139283807256578
1506139296050278404
1506139299678658563
1506139306771030016
1506139311250755587
1506139314333302787
1506139317265178629
1506139317122519043
1506139318599000066
1506139323560833025
1506139337389449226
1506139370335748096
1506139384961110018
1506139395354771459
1506139411443978245
1506139427445227521
1506139432860422148
1506139466368368640
1506139475067473922
1506139475231277059
1506139477273899008
1506139488191332352
1506139494449397760
1506139505836933121
1506139516222210049
1506139520743665670
1506139523440328705
1506139533997346818
1506139543707308035
1506139552905261056
1506139559251243008
1506139561818087425
1506139595997540352
1506139611986382850
1506139613512888321
1506139621675048966
1506139627664850944
1506139652432015362
1506139653044424707
1506139656622026752
1506139669943234562
1506139670903672832
1506139673319645190
1506139687429234688
1506139692663771139
1506139706513408001
1506139741489864705
1506139745335787524
1506139768115154945
1506139772086980615
1506139788574748672
1506139833118429185
1506139841498603520
1506139909031088131
1506139915918053376
1506139922360684544
1506139940727320584
1506139962030575625
1506139964404232192
1506139964852957189
1506139989373255684
1506140012961804289
1506140048370147329
1506140072093302785
1506140073837834247
1506140082335592457
1506140085900640256
1506140100450656260
1506140111725281285
1506140119702540288
1506140170646548480
1506140180335390723
1506140207812423680
1506140254524170240
1506140260291424261
1506140270286426118
1506140272589168644
1506140285482455046
1506140301337022466
1506140301471191042
1506140303027146763
1506140306282061829
1506140326200844290
1506140332026519555
1506140350037082114
1506140355770478593
1506140362816966656
1506140373080371202
1506140382119219206
1506140398489636868
1506140400561516546
1506140450507399176
1506140462851268610
1506140471885586436
1506140477506170882
1506140483910713347
1506140488344104962
1506140586465628162
1506140596255092736
1506140625703522306
1506140626852716545
1506140648625393673
1506140650932252673
1506140652257816584
1506140671236706305
1506140673455575040
1506140685036097536
1506140690266402819
1506140693005172736
1506140705256886276
1506140712747765762
1506140743219380226
1506140760487342080
1506140762299379712
1506140796415668224
1506140798148091908
1506140811616047105
1506140813281173507
1506140818834620416
1506140826258264067
1506140826094927872
1506140827931721730
1506140831291346948
1506140835486011392
1506140843857559555
1506140844893831168
1506140893820055553
1506140905740283905
1506140911658418176
1506140929039740930
1506140961113526272
1506140981074165763
1506140983557345280
1506140983612035077
1506140984027009028
1506140989483716615
1506141002309980160
1506141014309933059
1506141044123082754
1506141077614518277
1506141081359962112
1506141085659238402
1506141087127142402
1506141095277006849
1506141102096670728
1506141109512142851
1506141120660606980
1506141137668489216
1506141140835176452
1506141150167457793
1506141175677276164
1506141175866044418
1506141181989715972
1506141182753136641
1506141204429381636
1506141218497040387
1506141232682401799
1506141249027264512
1506141260838440963
1506141262453395458
1506141263065763840
1506141276760014849
1506141285161205760
1506141290076942336
1506141302735650822
1506141339607576578
1506141342044327939
1506141348897906689
1506141360558014470
1506141361862492165
1506141364463050755
1506141411967524865
1506141421967142913
1506141456611827712
1506141459237515268
1506141499179692038
1506141500551274502
1506141511179661313
1506141519832502272
1506141561079287808
1506141561553367041
1506141577130913792
1506141605958463489
1506141625692524548
1506141638434779139
1506141643476402177
1506141650573094916
1506141653819539457
1506141656491323392
1506141671859359752
1506141680902103042
1506141696840589315
1506141712397348866
1506141772858200066
1506141812297281537
1506141816864845824
1506141822657052672
1506141828617224198
1506141858556174339
1506141872837705730
1506141888864296960
1506141955247546370
1506142008137555970
1506142012982104064
1506142015842623488
1506142023056769024
1506142063296929792
1506142072499105794
1506142076756369409
1506142098797457410
1506142119001473025
1506142134302396419
1506142141751332864
1506142144028884994
1506142144549031936
1506142149246521344
1506142162668634112
1506142163423227907
1506142175372980226
1506142200899514368
1506142213784633346
1506142217890529283
1506142234420277256
1506142247342862336
1506142261746229248
1506142277487378434
1506142286794555394
1506142311956492292
1506142357187706882
1506142390163288065
1506142419460501504
1506142425030414342
1506142434186645506
1506142451672621061
1506142457624412164
1506142471310487557
1506142483188756482
1506142537517518848
1506142566403563520
1506142590718066688
1506142618350145542
1506142655893291011
1506142675421970433
1506142680698425350
1506142723266424834
1506142733580189701
1506142743822843906
1506142744728719367
1506142751645077504
1506142759715246089
1506142771513643015
1506142772411125762
1506142813427228675
1506142813871906816
1506142817323663361
1506142836927787009
1506142852749074434
1506142892884172804
1506142901155336195
1506142942267797505
1506142956587307010
1506142967840477184
1506142990603292678
1506143003886297097
1506143023419338756
1506143042171858944
1506143046286471168
1506143057271394305
1506143060140302337
1506143066398199815
1506143079501336579
1506143080927268870
1506143084672950274
1506143097398386690
1506143099109744649
1506143109939404800
1506143114922119170
1506143152205438978
1506143164154843140
1506143173315219458
1506143182878568448
1506143187202576385
1506143187475128330
1506143189194924033
1506143192269398021
1506143208669016067
1506143216470351872
1506143231205019650
1506143254823452672
1506143275144650752
1506143295302356994
1506143312230891525
1506143353255038978
1506143361119375364
1506143363061399553
1506143372007907334
1506143380119588864
1506143390970224641
1506143416803024896
1506143443239809026
1506143478694449154
1506143506317856770
1506143520641458176
1506143532607750149
1506143536663592961
1506143538668466179
1506143561762234370
1506143586710011904
1506143616682500096
1506143624643465218
1506143629064261638
1506143630385467396
1506143648735543298
1506143678808657920
1506143680868286465
1506143708936171520
1506143731610624000
1506143752637018114
1506143767308509184
1506143779740610561
1506143789945032706
1506143790590935046
1506143805010956289
1506143833503023106
1506143842302668800
1506143868605157386
1506143880261033984
1506143914180423689
1506143919503024129
1506143920786444289
1506143921960677376
1506143925467287555
1506143929401430017
1506143936913489920
1506143945415401474
1506143960804208642
1506143968161062913
1506143976054657027
1506143987886919680
1506144020795383810
1506144036121366529
1506144055381708804
1506144072624312320
1506144104983453696
1506144115637223427
1506144133806804992
1506144135480238088
1506144147245355008
1506144164450209793
1506144164798341124
1506144165880647682
1506144174663426052
1506144180275449856
1506144191155523587
1506144234474291202
1506144236860854272
1506144239897436162
1506144292640735236
1506144339243667461
1506144341575847941
1506144347116355587
1506144356213968896
1506144359410184194
1506144359816777729
1506144367924240384
1506144371736920065
1506144388715532288
1506144393140609025
1506144405723488257
1506144407766056960
1506144411310198788
1506144413369593860
1506144420906905604
1506144458135547907
1506144473717350400
1506144482126798850
1506144510836985861
1506144516738371589
1506144558656081921
1506144624691269635
1506144630504570880
1506144631385653248
1506144650813669376
1506144689271230465
1506144717620142081
1506144725694562305
1506144745587834880
1506144749102977028
1506144777053646851
1506144813384540163
1506144846523912193
1506144847660429312
1506144860767604736
1506144886671781889
1506144891318927368
1506144900672282629
1506144911824879616
1506144918510903298
1506144919521398784
1506144919580291075
1506144929235537924
1506144932641214467
1506144941927542790
1506144954703360000
1506144967516844035
1506144982146580485
1506144984612974592
1506144995606245377
1506145005353676802
1506145027579383811
1506145043513589762
1506145049003835394
1506145072915615744
1506145073129472007
1506145117459353603
1506145140016295940
1506145146966007810
1506145153043636224
1506145157371994112
1506145161935392771
1506145187671810048
1506145233842499585
1506145241757220866
1506145252650156034
1506145279736958976
1506145309373571075
1506145331087835138
1506145335571533827
1506145362297434113
1506145364252184580
1506145375081865218
1506145383197872132
1506145383419822084
1506145445357174784
1506145459831681025
1506145470619394048
1506145475270905857
1506145476734816257
1506145479372926977
1506145489737195522
1506145494870814721
1506145508028346373
1506145518690312195
1506145573367336962
1506145575594442755
1506145666287906817
1506145668620079105
1506145669358419972
1506145685766393861
1506145695878856705
1506145707673088004
1506145711288569858
1506145714329554950
1506145715403337732
1506145717995425793
1506145740745175041
1506145778963673090
1506145779370627081
1506145780666707970
1506145795682160641
1506145811108925441
1506145866448400385
1506145915182391299
1506145917556215811
1506145953195114500
1506145955913125895
1506145964335067137
1506145980512567305
1506145981603098627
1506145981708271617
1506146018143838209
1506146048921714690
1506146063098560512
1506146063694143490
1506146077891870721
1506146078961328134
1506146088075595777
1506146098141880326
1506146172758634502
1506146178773172228
1506146180606033922
1506146221873774596
1506146254052474881
1506146256673902592
1506146276529872900
1506146311501860865
1506146340543164420
1506146359258357765
1506146372319207425
1506146394574589952
1506146413662461952
1506146418590814208
1506146425859559425
1506146488132390917
1506146500925018112
1506146505714900995
1506146524987723782
1506146531446964226
1506146599193526272
1506146624644345859
1506146625361567755
1506146647260413956
1506146674778861568
1506146731632726018
1506146740910493700
1506146755724734466
1506146784921411590
1506146822921859073
1506146824683343878
1506146836419031044
1506146874410999811
1506146875757506563
1506146881595973636
1506146890114650112
1506146921521496065
1506146942300360706
1506146946708295682
1506146964559171588
1506146980581371908
1506146981454188545
1506147000638603264
1506147009090056200
1506147024047153154
1506147051024707585
1506147060805951494
1506147066908594178
1506147080582176768
1506147083409137665
1506147100442124290
1506147106096128000
1506147107530584070
1506147113117179904
1506147124093849600
1506147149112741889
1506147157253963780
1506147158277300226
1506147183011065857
1506147193689817092
1506147197103996932
1506147206667063301
1506147223725215745
1506147236866011139
1506147242616385540
1506147263445315590
1506147334111043588
1506147336455847938
1506147343271591937
1506147345557118977
1506147349282066443
1506147359222386689
1506147362216939521
1506147391594188801
1506147396908040200
1506147403614851074
1506147417804132353
1506147425022451718
1506147441221021697
1506147444106530819
1506147468043452418
1506147475857592323
1506147482060812294
1506147483033997312
1506147499655852032
1506147502994644996
1506147512045826048
1506147616283062276
1506147625824886787
1506147629272551424
1506147637711441925
1506147655910633477
1506147710281334785
1506147742900441089
1506147756078903300
1506147778900205568
1506147783346208768
1506147784478826499
1506147801675153411
1506147806880272384
1506147814065446913
1506147819215851520
1506147821023637507
1506147841814585345
1506147847707766786
1506147852212310018
1506147856721510402
1506147860764631042
1506147886681055236
1506147901969342467
1506147903529578500
1506147928515121153
1506147950749429762
1506147952389152769
1506147970458304512
1506147970558922752
1506147979945730053
1506148009062531075
1506148023759298563
1506148030331858949
1506148043048980482
1506148062443491334
1506148074116292608
1506148083029012483
1506148097273044996
1506148099764285447
1506148102973104128
1506148128004935681
1506148133763522560
1506148158383931395
1506148159545876482
1506148190575378437
1506148224779837440
1506148247622008834
1506148278123040773
1506148315343302661
1506148322108899328
1506148322733527041
1506148322716708866
1506148330807640065
1506148336797163521
1506148342514040832
1506148351523254272
1506148377150513152
1506148401259630600
1506148409182330884
1506148423166148609
1506148426702020608
1506148459518337028
1506148479537942528
1506148486336688131
1506148486496108548
1506148490518286336
1506148494071017478
1506148519970631681
1506148530070511622
1506148529680445445
1506148542645411840
1506148587138281473
1506148602590076928
1506148608722231304
1506148624618692610
1506148632906842112
1506148634257424385
