1498719695897255936
1498719701437923329
1498719723319865345
1498719734535274496
1498719736049381379
1498719747365654550
1498719750331019271
1498719761403977731
1498719765686272003
1498719772367892487
1498719772745166848
1498719774775427078
1498719774695727109
1498719776780206083
1498719778906656770
1498719778621513728
1498719789539282947
1498719791254802436
1498719804869414917
1498719805544624129
1498719807872679939
1498719810124922889
1498719811492265985
1498719831826345984
1498719839422083075
1498719841942921216
1498719845939961862
1498719846162259968
1498719862180368389
1498719869445058565
1498719873718882304
1498719875279245312
1498719881369427968
1498719890949255168
1498719896334598145
1498719906103283718
1498719912373538816
1498719914198065156
1498719918002511879
1498719931612872708
1498719942526439426
1498719943612895238
1498719948297760768
1498719952479653900
1498719951737208835
1498719973451218948
1498719978027114499
1498719988324212740
1498720000542232576
1498720003369193475
1498720011418013696
1498720012613390344
1498720019345203202
1498720020767117313
1498720031894478849
1498720044120875011
1498720044053848079
1498720045379248128
1498720057094025218
1498720058478055427
1498720060592033792
1498720062089224193
1498720064022794245
1498720066342371330
1498720077679583232
1498720084558336004
1498720086986838024
1498720091965435906
1498720096122183680
1498720099527626752
1498720100194607105
1498720101792563200
1498720105613733890
1498720111137415169
1498720111447838720
1498720111380901890
1498720112987287555
1498720130959912970
1498720134847873025
1498720142884319238
1498720144004206596
1498720152371838981
1498720156956037121
1498720164686090240
1498720164925345795
1498720174194651137
1498720190221021184
1498720190871310337
1498720197707919361
1498720207241560066
1498720219300339718
1498720224136163334
1498720227722502144
1498720230914232321
1498720233217044487
1498720234072682512
1498720235146338306
1498720236341714946
1498720237084155911
1498720239604883460
1498720241966276610
1498720242301874182
1498720243799236608
1498720244411473925
1498720249901985793
1498720267723415553
1498720269263052805
1498720269220859904
1498720277613666306
1498720284685262851
1498720298753003525
1498720310052278275
1498720315031142408
1498720317556113408
1498720333876105228
1498720335310594050
1498720340905766919
1498720347507597317
1498720347637624833
1498720349914992641
1498720362128883718
1498720364553285641
1498720364284858374
1498720367392743425
1498720368764325891
1498720386187509766
1498720392499892228
1498720394945212420
1498720400049680384
1498720405661564930
1498720406362017793
1498720412804345857
1498720419431563264
1498720436607021057
1498720454772609026
1498720458471997440
1498720467972096000
1498720470237163535
1498720474364358660
1498720475781865474
1498720477652656129
1498720477988143106
1498720483570700289
1498720494106857482
1498720495033798656
1498720501090430977
1498720506152947721
1498720506996002819
1498720511278215168
1498720513178451971
1498720514738642953
1498720526369542144
1498720526688268291
1498720527275507715
1498720538512052228
1498720568513904642
1498720578815107082
1498720588692660234
1498720596078866439
1498720608238153735
1498720617381732352
1498720617482244100
1498720622079365123
1498720629952032770
1498720631952535557
1498720638873346060
1498720640416813059
1498720660301955075
1498720666652131335
1498720668908675073
1498720669512744966
1498720688936562699
1498720698889498628
1498720713871695874
1498720720809046017
1498720721689849857
1498720722000175105
1498720733345849345
1498720738609610758
1498720738710212608
1498720754317377538
1498720762601123841
1498720766036262914
1498720767114158082
1498720769769193474
1498720773858541570
1498720777046134785
1498720789578850305
1498720796834873348
1498720797078208520
1498720801138348045
1498720814648406017
1498720822835363842
1498720824144056324
1498720831207141379
1498720836915634178
1498720843035287571
1498720856498970625
1498720858382217216
1498720867584462848
1498720891982647298
1498720905534398465
1498720908013416455
1498720908487372801
1498720909389012992
1498720916884316166
1498720941118869506
1498720945892122626
1498720957782966279
1498720958902800387
1498720960119193605
1498720963168550919
1498720972802867209
1498720978955911168
1498720985587064838
1498720994369880067
1498721001483517952
1498721001735131137
1498721008425086978
1498721014800273409
1498721021519609863
1498721044923928591
1498721045427240961
1498721057632665600
1498721057930297344
1498721060300197888
1498721080462258183
1498721081095557127
1498721083456999430
1498721085839142912
1498721090537144320
1498721100045471750
1498721100699942912
1498721109985869825
1498721119314010117
1498721131230027784
1498721133788635136
1498721159788986369
1498721161332547586
1498721174628421636
1498721177778413571
1498721186083225604
1498721186989047808
1498721188666871813
1498721189618933773
1498721191951011844
1498721192215203843
1498721218689892352
1498721219897659392
1498721230517678081
1498721235471007744
1498721235349422081
1498721244421799942
1498721254202740736
1498721258502070275
1498721265665912840
1498721269906350085
1498721275820265472
1498721278114803713
1498721281113419777
1498721294585638915
1498721296175099905
1498721300357029890
1498721301057449987
1498721310142312450
1498721311010410498
1498721316685312002
1498721321638838273
1498721325593993218
1498721328496578563
1498721345533886467
1498721349174448128
1498721353544835073
1498721374390480899
1498721388751896579
1498721390530334721
1498721391360753667
1498721404040196103
1498721416249761795
1498721434931277832
1498721435774332933
1498721435996540928
1498721440484364291
1498721448789102592
1498721450710208512
1498721454635978752
1498721456624128003
1498721458805108738
1498721459832868865
1498721462106083342
1498721474563170305
1498721486252748800
1498721487724949513
1498721487880077313
1498721495899537409
1498721496612720648
1498721498994860033
1498721509682069509
1498721511754153988
1498721526392180741
1498721534692761604
1498721535657455619
1498721535946858505
1498721555114872837
1498721562865897483
1498721565520777219
1498721570780504068
1498721573032841217
1498721574190399489
1498721584781185038
1498721590258933764
1498721600279040001
1498721612383805440
1498721613579272192
1498721615764508676
1498721623788118018
1498721629526011905
1498721636018790402
1498721637457219590
1498721639118389254
1498721641047732235
1498721641173377024
1498721651315384322
1498721664544100358
1498721672983158792
1498721676053430273
1498721691660214274
1498721692956381197
1498721695884005377
1498721718793351169
1498721719036653569
1498721719363723265
1498721735427903505
1498721740519841792
1498721753031454722
1498721767124193280
1498721778704822276
1498721779468148738
1498721786149625865
1498721794458595330
1498721795574321153
1498721814360567815
1498721815224590344
1498721819137773569
1498721831011946496
1498721839916494863
1498721841652936706
1498721852964937734
1498721853359198219
1498721854428794882
1498721867028262912
1498721869876322315
1498721870610411525
1498721889337937920
1498721896703180807
1498721898242269185
1498721898519277573
1498721901501427722
1498721912238710786
1498721914130505731
1498721919176257536
1498721920619012100
1498721921780834317
1498721922426626050
1498721923844362240
1498721924767232001
1498721928735260673
1498721937656365056
1498721939933724679
1498721943746318336
1498721948934688773
1498721950373662720
1498721951375925250
1498721963996368903
1498721964973830145
1498721972166934531
1498721976797515785
1498721988751331329
1498721989430693890
1498721994594004994
1498721998251479046
1498722005142671360
1498722008934268935
1498722011660840960
1498722012453212162
1498722014466830336
1498722015716466690
1498722040634916876
1498722044850032642
1498722050956935168
1498722064525672452
1498722064865406987
1498722068950519809
1498722072326934530
1498722081965412355
1498722086998753281
1498722099438886912
1498722102626586627
1498722112168767489
1498722116438429697
1498722126060134400
1498722125955407872
1498722127071133699
1498722134436237313
1498722134348206087
1498722137464475649
1498722138907238401
1498722147002294273
1498722152849174529
1498722156540219399
1498722161695023114
1498722168011689991
1498722201213837319
1498722209015255040
1498722218146250757
1498722229613260803
1498722239251988482
1498722240489312261
1498722242137579520
1498722252543639554
1498722252749254658
1498722253827018752
1498722263394312196
1498722265608835073
1498722268872011777
1498722269488574467
1498722272009326593
1498722279978635270
1498722282218274816
1498722288497135616
1498722292825788418
1498722299209420802
1498722299742076928
1498722301902299136
1498722302720155657
1498722309410074630
1498722310391427074
1498722316250804225
1498722319073566721
1498722335552987139
1498722341567803404
1498722343958589444
1498722344142921728
1498722344277270531
1498722344285741069
1498722353991208961
1498722354716762114
1498722355409035271
1498722356004474883
1498722367756853250
1498722369002786822
1498722393979764738
1498722396978696195
1498722399486980108
1498722438200373257
1498722443799810054
1498722448249810946
1498722448652439558
1498722457338859521
1498722471972945929
1498722493590212608
1498722500464689152
1498722507469332480
1498722511483248647
1498722522002456577
1498722526653923330
1498722538486071296
1498722544886681613
1498722557561917440
1498722565031743489
1498722573101592578
1498722581167456267
1498722582840946694
1498722612142387208
1498722612536565766
1498722623458627587
1498722624339255306
1498722629733154817
1498722632388206597
1498722646615334922
1498722647508725761
1498722648129429506
1498722652835434500
1498722658095140869
1498722664084615169
1498722672620064769
1498722678328348675
1498722682229207041
1498722684766674944
1498722690789695498
1498722699136225282
1498722703066419211
1498722709890641927
1498722715112546311
1498722724923199489
1498722736029552640
1498722738361438208
1498722746234191879
1498722747781894149
1498722748230680578
1498722749904211975
1498722764781404162
1498722768694693898
1498722769999179780
1498722771316183042
1498722773673263105
1498722793160003590
1498722794284019712
1498722795659816960
1498722801359982592
1498722804979716103
1498722814697914371
1498722839226204164
1498722840455131141
1498722865012776961
1498722867319611395
1498722888865628161
1498722899338747905
1498722901029175305
1498722912341213187
1498722917454077954
1498722921203834885
1498722921753239552
1498722929919463424
1498722932914532353
1498722947321585664
1498722950538801152
1498722952489193477
1498722954934370315
1498722956830248961
1498722957740240896
1498722958021435393
1498722958415695876
1498722963444707333
1498722964702998529
1498722966892208134
1498722967676665865
1498722969467723779
1498722983250214912
1498722995749150727
1498723000564264964
1498723003089182731
1498723003592495104
1498723008084643840
1498723014405500930
1498723043031531520
1498723053743886337
1498723074463739905
1498723079417217029
1498723092536836099
1498723092729942019
1498723095032573957
1498723096978731025
1498723103697825794
1498723108928188416
1498723110652157956
1498723123583242240
1498723124195602440
1498723126942830593
1498723128314404865
1498723150728601602
1498723158655860737
1498723172769669123
1498723186036383745
1498723186183221254
1498723187043012612
1498723190381559809
1498723191388348426
1498723198854221826
1498723199030206465
1498723228595982340
1498723233700270082
1498723235742900227
1498723240822329349
1498723268550791172
1498723281125318658
1498723293389639683
1498723295285645313
1498723305452310529
1498723311915712513
1498723311622443008
1498723328361697284
1498723328256659457
1498723329397694470
1498723331419299840
1498723339061321734
1498723349895294981
1498723352516698119
1498723361349726209
1498723367020642306
1498723373693739019
1498723377959292931
1498723381952368646
1498723383403495427
1498723386066931712
1498723409655595010
1498723420351213569
1498723426109906944
1498723431160115200
1498723441532448772
1498723452143820800
1498723468107558913
1498723493013245955
1498723492933431296
1498723493629865991
1498723499887710208
1498723501972365318
1498723506141413383
1498723512235794433
1498723524919406592
1498723536390832128
1498723539599257603
1498723543273467906
1498723551192371202
1498723553579081730
1498723558482083844
1498723563339419648
1498723570574262278
1498723580649119747
1498723581861191689
1498723582993571844
1498723592829378560
1498723625838559234
1498723641583931396
1498723644788281349
1498723649431523336
1498723654816960514
1498723656280596481
1498723664375824393
1498723669039800327
1498723673393573890
1498723681958506496
1498723695984099335
1498723697305260036
1498723706683731971
1498723710097833989
1498723713222651907
1498723715240148997
1498723719950262272
1498723732369649674
1498723733380423682
1498723733229424650
1498723736819802116
1498723756180660225
1498723760819654663
1498723770814672898
1498723784857116678
1498723798761287690
1498723813843996685
1498723815416815631
1498723828603789318
1498723837696897025
1498723854193070083
1498723868877496326
1498723873780609033
1498723879996514310
1498723889106538569
1498723907532034049
1498723919758442498
1498723922505867266
1498723930240176129
1498723948325838849
1498723955200438280
1498723970031538181
1498723977908289538
1498723984031969282
1498723984892100610
1498723987148488715
1498723994098446342
1498724003913117705
1498724015942242304
1498724016009498624
1498724016684630017
1498724026230792192
1498724026344165384
1498724028634312707
1498724028982476803
1498724049056370689
1498724051069534208
1498724061685317632
1498724062872444930
1498724076520628227
1498724083898408962
1498724084993118218
1498724088780578817
1498724094568808448
1498724097173471241
1498724098612121610
1498724100620967936
1498724101455818755
1498724112977461248
1498724116093812736
1498724116752478209
1498724117469667333
1498724120472612864
1498724131361202177
1498724131839397897
1498724144904507395
1498724150373859329
1498724161635631110
1498724165087637507
1498724167180447745
1498724168208195588
1498724169277591555
1498724177599242240
1498724182351400965
1498724186461777926
1498724198415417345
1498724206418272259
1498724219798048777
1498724221723291654
1498724232242647041
1498724235933630471
1498724241197436937
1498724245068607492
1498724245228199945
1498724259425882118
1498724259048288256
1498724262693072899
1498724265159532551
1498724266065506305
1498724280422461441
1498724281571700737
1498724298617507840
1498724323972026378
1498724325293182979
1498724327310512129
1498724328275419137
1498724329114251264
1498724335615365127
1498724335816564737
1498724339524554754
1498724342921928708
1498724356423364618
1498724357887172613
1498724358331662339
1498724362009997314
1498724362760994823
1498724367697686536
1498724380809080838
1498724383472459777
1498724385527681024
1498724385473146897
1498724394037768192
1498724401101123590
1498724410085330949
1498724418209697795
1498724438564646914
1498724444788961285
1498724448417034246
1498724452980379655
1498724457707229184
1498724462656512009
1498724462941769728
1498724465861136384
1498724477554855941
1498724478070804491
1498724479278759948
1498724481824694272
1498724484181860358
1498724487583477761
1498724501701472264
1498724507179048960
1498724519988670481
1498724531128655875
1498724565089931267
1498724569351221255
1498724572476157952
1498724577794531338
1498724578259992576
1498724582479605762
1498724582777397251
1498724583570120708
1498724589781848071
1498724604914900995
1498724606009618440
1498724614423425035
1498724620647735296
1498724629946544131
1498724637873610753
1498724642327982080
1498724656118960130
1498724661932302343
1498724664247476226
1498724664968761351
1498724668026597381
1498724668647243780
1498724671608528901
1498724675978997760
1498724686825414656
1498724688687681537
1498724694530347014
1498724699588550659
1498724703707541509
1498724709235494912
1498724711068545024
1498724717599068162
1498724733742772225
1498724740143501315
1498724744941744134
1498724747231834118
1498724748355936264
1498724760452308995
1498724760930430984
1498724776398966788
1498724780455112704
1498724785412530180
1498724808388927490
1498724808531587072
1498724810205151232
1498724811807285258
1498724813065576455
1498724814923579392
1498724828446015488
1498724830199394305
1498724833986859015
1498724834620190728
1498724835811151872
1498724836880916495
1498724840097910791
1498724842241097729
1498724843197546501
1498724847576305670
1498724859634933764
1498724862298402821
1498724869877288963
1498724890614108168
1498724891528515588
1498724909593341954
1498724914551001090
1498724924818665478
1498724930199957504
1498724937359630345
1498724938148155397
1498724941969170438
1498724943277740043
1498724945030955009
1498724949162348545
1498724960638054402
1498724961682399244
1498724963225718785
1498724965679513601
1498724965797056517
1498724973720055818
1498724975234191378
1498724980321927173
1498725004158148612
1498725007706497027
1498725017433133060
1498725018670358533
1498725029235740674
1498725034193567751
1498725038861832198
1498725039616708613
1498725041260969987
1498725049024581638
1498725049444048899
1498725054871310337
1498725064564379651
1498725065617297409
1498725066711834627
1498725066850275331
1498725072575647752
1498725074333011971
1498725084902551552
1498725086450184192
1498725090283986950
1498725100203425797
1498725103479267330
1498725110978539521
1498725119962714115
1498725125998399496
1498725131593687046
1498725140628135939
1498725141555073025
1498725142977032193
1498725150279225349
1498725155077599238
1498725160685166592
1498725163474595846
1498725172873809922
1498725199881007105
1498725202880245760
1498725211004456961
1498725219023740929
1498725233649410053
1498725248736411655
1498725275974184965
1498725277257527297
1498725279115661318
1498725303090352129
1498725317967585290
1498725323763970049
1498725323893972997
1498725325815037952
1498725343024140289
1498725347822641159
1498725354617262081
1498725355187847171
1498725355569364993
1498725356118974469
1498725391824875520
1498725396094799873
1498725401090093059
1498725403816509445
1498725411596890115
1498725421172547590
1498725428328083463
1498725430089502720
1498725439505903622
1498725452373975045
1498725462574518277
1498725468123635719
1498725486201118720
1498725492807061507
1498725493398388739
1498725508267323400
1498725512466018304
1498725529079271426
1498725536901783553
1498725547446136837
1498725554475843588
1498725562549997570
1498725567016968202
1498725572154953728
1498725583009685507
1498725583395635219
1498725586272985088
1498725586566529024
1498725590047674369
1498725594107949057
1498725605415735296
1498725607701729294
1498725612952895491
1498725616564113408
1498725618296533000
1498725621131878400
1498725635891425282
1498725639100239881
1498725640165466113
1498725646176034822
1498725652568158219
1498725665897603073
1498725666518306823
1498725669089521666
1498725673409597449
1498725677184745473
1498725677968748544
1498725678899814400
1498725678862249986
1498725679977877506
1498725683962413056
1498725691067703300
1498725696591572993
1498725699716272129
1498725701742116867
1498725705886191621
1498725711250608130
1498725711216996353
1498725718338916352
1498725720247480326
1498725731836203011
1498725732939632640
1498725735707512832
1498725743462813700
1498725762886606852
1498725763557822465
1498725763767578629
1498725776966967302
1498725780624482306
1498725783942189060
1498725791219486724
1498725798550949897
1498725803000930304
1498725812882784258
1498725815659507714
1498725819602120708
1498725833246076930
1498725837352288263
1498725839571234820
1498725845900349444
1498725847192244227
1498725849918541836
1498725850753101825
1498725855111094272
1498725870252478467
1498725873142284292
1498725874073546756
1498725874677399553
1498725878616014856
1498725882600562693
1498725886241169414
1498725896446005248
1498725901902745609
1498725904859770883
1498725913323876356
1498725915903156226
1498725917610237958
1498725921204756480
1498725933557030912
1498725935662698501
1498725935989755905
1498725939013951492
1498725939550826502
1498725946588868621
1498725949537284096
1498725974929723394
1498725977161023489
1498725980260687875
1498725980327788548
1498725985910497284
1498725986338320388
1498725996404490240
1498725997176369152
1498725997964787713
1498725999437037573
1498726009914466310
1498726014158925825
1498726020366716932
1498726027450851335
1498726028235218950
1498726029837414404
1498726041241718785
1498726041464016899
1498726042256691205
1498726046182490112
1498726052801228811
1498726057486307332
1498726065472221191
1498726066558730240
1498726073919541262
1498726081997717516
1498726093880184847
1498726096166084612
1498726101996113925
1498726105368481792
1498726106471362562
1498726105359941632
1498726111030571009
1498726124070785024
1498726129552797703
1498726133684228097
1498726135370330116
1498726137396178947
1498726138260172812
1498726146707496964
1498726147697303555
1498726148158758916
1498726153321857029
1498726158724128768
1498726159235772416
1498726160422912002
1498726161664380928
1498726164520529922
1498726168039591937
1498726170820591622
1498726186825965577
1498726190479253514
1498726197966118912
1498726210213453832
1498726215162597376
1498726219130363904
1498726225602355201
1498726226122481670
1498726232824889348
1498726234511093767
1498726246611570688
1498726252060065801
1498726254538854402
1498726258980569091
1498726264227745793
1498726271903281154
1498726272481914881
1498726280367259650
1498726283236319233
1498726292212101125
1498726292883181571
1498726302760767497
1498726310444552196
1498726311182934016
1498726323333775360
1498726327511355397
1498726339251220482
1498726344171167747
1498726349845979144
1498726351326650373
1498726360910643205
1498726363142008835
1498726367181029384
1498726367319396353
1498726374160355329
1498726379243720707
1498726379726295042
1498726383970828290
1498726387020009474
1498726388328718340
1498726392309112834
1498726400051888128
1498726403117826054
1498726405282095104
1498726406754344964
1498726412005646340
1498726412387299330
1498726414870138883
1498726422600314880
1498726429323898890
1498726434260414466
1498726448672219142
1498726450639384580
1498726451075497984
1498726468662489091
1498726471950499843
1498726473200504837
1498726473628332035
1498726474278445059
1498726476715368454
1498726489461723137
1498726493836529664
1498726501092671491
1498726501730205696
1498726503290478592
1498726516905033728
1498726520197632014
1498726524089999373
1498726526162022408
1498726527239868420
1498726530247282691
1498726534990888962
1498726542100336654
1498726543610327040
1498726547510808581
1498726554653929478
1498726558340722694
1498726559628214273
1498726564552273920
1498726566897065991
1498726567530348554
1498726569132498948
1498726570369765377
1498726570466361348
1498726582248255498
1498726588795572225
1498726591710457859
1498726607543947265
1498726607590080512
1498726612610789378
1498726618394771459
1498726618520510476
1498726619456077824
1498726619564888076
1498726626682552322
1498726627932442628
1498726627907411973
1498726628528214023
1498726629677404162
1498726642121854977
1498726647868149763
1498726651374489604
1498726652125368323
1498726658508869632
1498726659058450437
1498726659989676034
1498726665353977860
1498726666079817728
1498726680596295684
1498726682542411782
1498726683888791555
1498726694869516293
1498726696392048642
1498726700158312452
1498726700720533512
1498726715824263168
1498726721842987015
1498726731989098505
1498726736632057857
1498726744253087744
1498726746077728776
1498726746362945539
1498726750175608834
1498726753568702466
1498726757582602241
1498726758862188546
1498726763702243330
1498726767980335109
1498726773848162317
1498726775051935746
1498726777908342795
1498726781137739779
1498726782895378435
1498726793418792961
1498726798779113476
1498726801098657794
1498726803627659266
1498726803967705093
1498726821143085056
1498726823949058050
1498726835659628548
1498726835944886272
1498726838746718211
1498726843561787399
1498726848808820738
1498726849073106950
1498726866550767617
1498726867414941696
1498726868169543680
1498726870459817988
1498726870807896066
1498726875509760000
1498726881310363648
1498726888029757444
1498726892182163458
1498726893369004032
1498726899111145475
1498726899991863298
1498726910595117063
1498726913539334144
1498726913610768387
1498726914986590217
1498726921105932291
1498726926659117057
1498726927473217537
1498726929175822338
1498726936843108356
1498726937245917184
1498726940840243209
1498726948301770754
1498726949363101698
1498726956447141891
1498726958569558020
1498726981604679686
1498726986021322758
1498726994997035009
1498726999522787328
1498727001317904395
1498727001452007425
1498727005201838090
1498727017621118982
1498727018120167427
1498727020276207623
1498727023761575944
1498727032380960775
1498727032771031049
1498727036751429642
1498727038596919298
1498727041415454721
1498727044817039364
1498727050240135168
1498727054707200002
1498727057563566080
1498727061510230016
1498727068959391744
1498727069349462016
1498727070125330432
1498727076593033216
1498727080086884361
1498727087632384003
1498727088706273281
1498727089893220356
1498727090530799618
1498727094032945152
1498727096780210185
1498727096809660417
1498727097942134790
1498727104376049664
1498727105940570112
1498727110210461698
1498727127839084545
1498727128896000011
1498727129294512132
1498727132331139076
1498727135942524930
1498727136504553475
1498727144192720896
1498727147770462214
1498727149016125444
1498727151360692228
1498727157568319500
1498727163792531462
1498727171715526657
1498727173342986241
1498727174043586561
1498727184952967174
1498727190543880193
1498727197082894341
1498727198022422531
1498727202661322753
1498727203923705865
1498727204821233664
1498727206104621058
1498727206876499968
1498727208558510083
1498727209669963785
1498727210253008898
1498727212870160390
1498727214740738049
1498727221451759620
1498727221632147460
1498727224098246657
1498727231798984705
1498727234462355456
1498727245338542080
1498727248559734784
1498727268335726593
1498727273872117760
1498727292067098632
1498727292297793537
1498727292822036493
1498727294197813248
1498727295330177027
1498727303089729536
1498727307481128960
1498727313109925900
1498727313453768710
1498727325969657856
1498727328419045376
1498727329618616327
1498727330403000332
1498727333531766786
1498727334450323457
1498727336505712647
1498727337738874882
1498727340477665285
1498727348710952960
1498727350749388809
1498727352729227269
1498727354188722180
1498727357280145409
1498727358030827521
1498727362011172865
1498727366712971265
1498727375974117386
1498727389802733570
1498727398799511555
1498727399697133570
1498727400166891533
1498727400355545093
1498727411248209922
1498727417497767938
1498727422761451521
1498727423810150401
1498727427421442054
1498727427996065807
1498727431913771008
1498727436225286144
1498727437890244608
1498727439857561611
1498727450469097474
1498727468655513601
1498727471998390274
1498727474662117377
1498727479925776390
1498727480059965448
1498727479996928001
1498727482836590598
1498727485177057281
1498727486938570756
1498727497822781443
1498727499332669440
1498727505301176323
1498727513597435904
1498727515476545536
1498727520417595396
1498727523689005056
1498727529573662722
1498727533474373632
1498727535093374982
1498727548083179524
1498727550390087695
1498727575010557954
1498727580278702084
1498727582191144967
1498727583331930114
1498727588369473537
1498727593436237824
1498727595038281728
1498727608296615938
1498727609663987712
1498727623014289409
1498727624344018944
1498727631834943488
1498727631994310658
1498727633739296769
1498727634871586816
1498727636033581058
1498727639355465736
1498727645739208707
1498727648146731013
1498727648817786887
1498727654207406085
1498727661190979585
1498727670250672130
1498727670724673547
1498727672402300932
1498727674591604739
1498727680572899333
1498727684167323648
1498727692715413509
1498727697584992261
1498727705101180940
1498727711065481219
1498727715356262401
1498727716136407044
1498727718980145155
1498727727234494465
1498727731164590083
1498727740760944640
1498727742870732800
1498727746935173124
1498727767994732549
1498727768691032069
1498727769379045376
1498727770918035456
1498727776207077378
1498727777675390976
1498727794976559106
1498727804426403848
1498727805017677825
1498727805659619332
1498727808528523265
1498727825913749505
1498727832339501056
1498727847845711872
1498727851339698182
1498727857463468032
1498727861070536704
1498727870075752451
1498727877101170696
1498727882641711105
1498727884701290501
1498727885544296452
1498727892750118912
1498727899993628677
1498727913406939140
1498727918553354241
1498727919526502408
1498727924496744448
1498727929576325120
1498727934529572866
1498727934571515907
1498727934672220165
1498727939810082818
1498727939780841473
1498727941118775301
1498727947926130693
1498727948605693953
1498727956155609088
1498727959665909763
1498727961150701571
1498727967178072069
1498727972454338561
1498727980029280256
1498727980268412929
1498727980931158017
1498727992603910144
1498727998555627520
1498728010844975104
1498728022165241857
1498728024002465794
1498728029555679235
1498728039768805380
1498728041861767169
1498728056256700424
1498728057988919301
1498728060262232066
1498728060375515141
1498728061382152199
1498728064599183363
1498728064402006019
1498728065123422210
1498728065391677440
1498728066360741890
1498728066847322121
1498728067967041537
1498728069925797891
1498728072647872513
1498728077802840065
1498728082940710913
1498728086568853511
1498728087638450186
1498728093640368132
1498728099831291904
1498728104910413825
1498728136405655557
1498728141996625931
1498728149009371136
1498728151593230346
1498728161672052736
1498728165505740816
1498728167917375494
1498728168156504067
1498728172581490689
1498728174930300928
1498728178608660482
1498728180156403720
1498728183150960640
1498728190126309376
1498728191439081472
1498728193833979909
1498728209256488965
1498728234405355523
1498728237333028864
1498728238968934406
1498728242361954304
1498728253409746950
1498728260661829634
1498728263681593346
1498728264675774464
1498728264910651396
1498728272166748162
1498728276466049030
1498728277116010496
1498728281331412997
1498728284774883330
1498728298431586304
1498728304282509315
1498728311282937858
1498728317326966785
1498728326701232130
1498728335425347594
1498728340018307072
1498728341939097613
1498728344124227585
1498728363686612993
1498728364772929540
1498728368925253637
1498728372654034949
1498728372830048258
1498728374025478148
1498728375900274688
1498728376911241217
1498728380455436293
1498728384582406144
1498728392602042369
1498728392941785101
1498728397069066241
1498728400709505024
1498728401791815683
1498728404425736195
1498728405243777033
1498728406049071105
1498728413154078721
1498728418770309121
1498728420401987587
1498728427376955398
1498728438688931847
1498728441650286593
1498728445521629198
1498728446758952962
1498728455298371586
1498728456116490241
1498728457261535233
1498728457622147076
1498728470343528450
1498728478035918849
1498728483710586882
1498728484679688193
1498728487103905794
1498728505642819584
1498728508763348994
1498728509568524292
1498728531915911168
1498728531941117953
1498728538287001605
1498728538769219586
1498728539201634305
1498728542565195780
1498728549934579713
1498728559787098126
1498728563255746565
1498728568263782404
1498728569014566915
1498728574672592903
1498728575255695367
1498728579324006401
1498728582083928066
1498728582536994817
1498728583971364864
1498728597149782018
1498728597636345857
1498728600245264391
1498728614757646346
1498728622013698049
1498728629135572993
1498728630486188035
1498728634575724549
1498728634886021120
1498728636232486914
1498728637826498560
1498728638409101313
1498728644910460942
1498728647787614211
1498728661230526472
1498728671548424211
1498728672945221645
1498728676141195271
1498728680150949902
1498728688963051521
1498728699725758464
1498728703576084482
1498728706893881345
1498728714665816065
1498728721951633410
1498728724203642881
1498728733200601090
1498728734005809152
1498728752427282437
1498728760777981953
1498728764112441346
1498728765807026176
1498728766935343107
1498728792940068865
1498728795951579150
1498728797432160259
1498728809067077644
1498728810841321472
1498728816730071041
1498728817250258947
1498728823466172422
1498728825491902465
1498728835688255496
1498728836334329856
1498728846400446466
1498728847587614720
1498728850045423618
1498728850792005635
1498728858652233728
1498728873109852160
1498728875962077184
1498728878604533765
1498728884245712902
1498728891308933120
1498728895398531075
1498728896941887488
1498728908006383618
1498728908321005568
1498728914155409419
1498728919469641732
1498728957163675648
1498728957813968904
1498728960775098375
1498728964273192963
1498728966735253505
1498728970623328257
1498728980073041920
1498728981511737349
1498729002856599552
1498729008208527360
1498729012616646659
1498729013895995401
1498729014063611911
1498729017133846530
1498729023794561026
1498729027204313089
1498729027837865987
1498729043121909760
1498729052277985288
1498729055922921477
1498729056900038660
1498729061635395590
1498729066228289536
1498729077917851651
1498729078941233153
1498729079276642308
1498729095378599936
1498729112160067585
1498729126546526214
1498729128136216581
1498729128325005313
1498729135358763013
1498729139850854400
1498729141541257220
1498729155067879429
1498729155101351945
1498729157093564419
1498729176819458049
1498729195874230275
1498729204984127489
1498729206682820612
1498729212680847360
1498729214383730691
1498729220771659782
1498729223590088704
1498729223808327687
1498729228694663169
1498729230359748619
1498729234679971844
1498729241051115525
1498729250572185601
1498729256452608002
1498729259711582216
1498729274316046337
1498729293496524800
1498729294826074112
1498729307593658378
1498729321330094083
1498729325063020544
1498729335544500225
1498729343601709056
1498729343907893248
1498729349603811328
1498729353995247624
1498729360223789061
1498729361276477441
1498729367286923264
1498729371460415497
1498729383892238342
1498729390414438404
1498729391588880389
1498729392629026824
1498729393367052288
1498729394973528069
1498729397825720329
1498729406424047627
1498729415345590273
1498729417895555074
1498729418705055753
1498729428863668231
1498729432491741196
1498729433347280897
1498729442012766208
1498729453291130880
1498729466729840642
1498729467451416576
1498729471007866881
1498729472622747659
1498729477295284232
1498729486140907526
1498729487999057926
1498729490700251139
1498729492721901574
1498729496207400968
1498729500972101633
1498729502813396999
1498729503744536576
1498729514808987648
1498729516952432640
1498729524304961549
1498729524988715008
1498729525135523841
1498729530084765706
1498729533603819520
1498729539052064768
1498729541035905024
1498729545976860674
1498729548749459460
1498729561835511810
1498729569825738756
1498729573248241670
1498729578386243585
1498729581884362754
1498729592986685441
1498729593070669836
1498729610934169608
1498729617074663424
1498729625865887744
1498729640109686787
1498729642269810693
1498729658271080455
1498729658380001281
1498729664164028416
1498729670531031045
1498729681201229824
1498729694077890567
1498729695596224512
1498729701816160256
1498729702160314382
1498729702193651713
1498729702575329281
1498729704312143872
1498729711765229569
1498729713900171264
1498729719080132610
1498729725212114944
1498729727590338566
1498729727674232832
1498729728127156230
1498729730194903043
1498729738336092163
1498729739493773319
1498729739888041984
1498729739913158663
1498729751397244933
1498729755725598721
1498729777028648972
1498729778374922250
1498729779427565571
1498729787724079106
1498729796079173633
1498729798054465537
1498729803880574976
1498729805650477064
1498729811728080898
1498729819353362435
1498729822989832192
1498729824055185415
1498729826139660289
1498729829046181892
1498729833571958794
1498729839217549323
1498729839729074177
1498729842937892873
1498729843567042564
1498729850986631169
1498729852702117890
1498729852865703936
1498729856376446980
1498729859345911810
1498729866702827531
1498729877712875530
1498729882465050627
1498729885845446658
1498729890803294213
1498729892405387266
1498729897430171653
1498729900353548288
1498729901922439171
1498729909698633731
1498729911007145984
1498729911552520204
1498729912550797315
1498729916900130817
1498729918510870534
1498729920247304209
1498729930435309571
1498729936021962752
1498729941550178307
1498729947111821323
1498729948441362435
1498729953235509256
1498729960332271623
1498729963717111811
1498729964367138824
1498729973632446464
1498729984805924868
1498729989361090572
1498729990954889219
1498730000127770629
1498730003164540928
1498730011200786438
1498730014883266564
1498730018360287232
1498730026870534144
1498730031090221059
1498730038434451458
1498730038686064640
1498730052959318016
1498730053148024841
1498730055345885191
1498730059351347204
1498730063424069638
1498730065668059152
1498730077458251777
1498730078208884738
1498730079324618755
1498730081081978880
1498730083321847815
1498730098622492672
1498730100350541827
1498730103446061067
1498730103659925513
1498730116712652802
1498730118973464582
1498730119975690244
1498730120365985793
1498730125986185217
1498730126317658118
1498730134005850121
1498730135222169600
1498730138686869504
1498730146374856706
1498730168248152067
1498730174690603009
1498730176376709126
1498730176628338697
1498730177051848704
1498730177840525312
1498730181745426437
1498730184383500288
1498730190649839620
1498730192809902084
1498730201890508801
1498730204168085504
1498730207569760263
1498730213164949506
1498730225257099271
1498730225949151238
1498730227974901763
1498730230634229761
1498730232282435589
1498730239144329216
1498730244156497920
1498730244785655814
1498730245779861513
1498730248296407041
1498730269867663363
1498730274770898944
1498730276024991746
1498730280407945223
1498730293427113996
1498730293586497537
1498730297390731268
1498730298791501829
1498730310636351494
1498730317720571906
1498730318324510721
1498730325253500931
1498730326243221506
1498730331918278663
1498730355376803842
1498730357734227981
1498730359374106630
1498730377116065802
1498730377984323588
1498730391812943875
1498730392815378432
1498730393608065032
1498730403812687872
1498730407629668356
1498730415603003396
1498730416790208513
1498730424570458113
1498730428290711552
1498730447475556355
1498730450843492352
1498730468484665347
1498730470233624577
1498730471341109249
1498730478693715978
1498730484720799745
1498730486897778692
1498730498612473858
1498730500751454208
1498730506644451328
1498730509446303751
1498730521458712577
1498730524373831689
1498730525997113345
1498730530057035776
1498730544397488129
1498730547283120128
1498730549011263501
1498730560369434628
1498730575179431936
1498730593420464143
1498730599195963395
1498730609593794563
1498730610935926787
1498730615281176578
1498730620918419456
1498730625519562755
1498730629772414976
1498730641617207311
1498730649892663296
1498730655856877575
1498730658641944590
1498730663847022592
1498730667005333515
1498730670327275529
1498730692494114818
1498730701297840137
1498730713365073924
1498730716066103298
1498730719102783489
1498730721086787589
1498730728472854534
1498730736492457988
1498730740330156041
1498730753475108868
1498730753902919685
1498730755840790528
1498730759057723393
1498730761020706820
1498730762367086595
1498730763319189504
1498730765391069186
1498730768616632322
1498730776979914756
1498730779215646721
1498730785733586950
1498730790850547716
1498730798958190604
1498730810874150914
1498730812669247489
1498730813545975809
1498730814711939076
1498730820114128898
1498730831879315468
1498730832869081089
1498730839462465537
1498730843593842688
1498730846345625600
1498730849767931910
1498730860501106690
1498730862480957443
1498730865576366082
1498730874417729536
1498730883473367040
1498730884358365187
1498730888741457922
1498730888883933186
1498730893652934663
1498730910874628099
1498730918198005765
1498730919175368704
1498730928440582146
1498730946765414401
1498730946899681290
1498730948191473667
1498730948698984454
1498730958173970442
1498730963274289152
1498730963756531715
1498730965694238721
1498730968773017604
1498730982978977796
1498730995029266438
1498730995583000577
1498730995930963974
1498730996149235716
1498730996820164608
1498731006991372289
1498731010586038274
1498731011827544067
1498731014688063499
1498731020782235648
1498731021533024256
1498731032023027724
1498731033914662922
1498731036880035844
1498731040399142913
1498731042118807554
1498731044253708293
1498731052096966657
1498731055364272129
1498731056060461058
1498731057138388992
1498731060183584774
1498731060271542272
1498731060426944512
1498731069142614017
1498731074830143495
1498731078537863168
1498731084904898572
1498731093654401025
1498731103259176971
1498731109005287431
1498731121047228418
1498731121697341447
1498731122984984576
1498731126759694338
1498731141137936388
1498731145340637203
1498731159806689287
1498731162734415877
1498731171231977483
1498731173559902209
1498731175476703238
1498731183898771456
1498731190924320773
1498731194686578688
1498731199078047750
1498731213154103299
1498731215809089542
1498731216547336198
1498731220901187589
1498731221890830339
1498731225254535173
1498731229276819458
1498731235627122706
1498731237447385089
1498731239771099139
1498731263934574599
1498731263884103682
1498731266799071235
1498731275292712963
1498731289779871751
1498731303734333440
1498731314018721796
1498731319483899904
1498731320519761931
1498731326769299456
1498731346671259649
1498731350853136393
1498731357555642373
1498731363775787008
1498731365051027457
1498731369924542478
1498731371761704969
1498731372646596615
1498731375020720131
1498731377260302340
1498731382926811139
1498731388828225537
1498731391646797824
1498731391823065096
1498731392636792833
1498731398005407746
1498731401444675588
1498731402086473735
1498731411095924739
1498731411997614085
1498731418079436805
1498731424815353858
1498731432218435586
1498731432952438784
1498731434739122182
1498731435447959552
1498731437075275779
1498731440250392577
1498731443031269377
1498731450853728256
1498731453521313794
1498731461637251072
1498731461473619977
1498731462614470660
1498731465307299842
1498731470256427010
1498731473410605065
1498731473662320643
1498731474551517186
1498731481933533191
1498731490586370049
1498731491228069899
1498731495942463488
1498731504540827652
1498731511603892224
1498731514158329859
1498731518797103104
1498731519786905603
1498731526170849291
1498731526271422466
1498731526925733894
1498731532277719042
1498731534974472192
1498731547423293440
1498731550007083011
1498731559083520007
1498731563533713414
1498731564313817092
1498731575126732806
1498731577437736966
1498731585180340224
1498731590767153152
1498731593451589640
1498731611222908934
1498731612263133191
1498731623679991811
1498731628205686784
1498731631066103808
1498731643162574850
1498731644139753477
1498731644777340936
1498731646832496641
1498731648451448838
1498731653811912706
1498731658551439360
1498731659264503813
1498731662061957124
1498731669271945216
1498731674183475202
1498731679149604873
1498731682857426947
1498731687676719109
1498731693556973570
1498731696279236615
1498731706899128321
1498731710149705728
1498731711622000655
1498731714092445699
1498731732689952773
1498731734548033539
1498731735453945863
1498731739862077442
1498731747244138503
1498731751601950725
1498731755427221508
1498731766739357701
1498731767959896067
1498731773773205507
1498731775337586692
1498731777199939584
1498731780588900360
1498731787413037065
1498731794509619200
1498731804425334785
1498731806287405075
1498731809181425669
1498731822309691397
1498731822930440200
1498731837887291400
1498731838676021248
1498731840357732361
1498731842656251904
1498731855406841871
1498731860683202564
1498731870556770304
1498731878333005827
1498731880425963520
1498731881507921925
1498731883244531720
1498731884548816896
1498731886595776513
1498731893239472132
1498731894032289793
1498731900709617669
1498731906195668994
1498731906946551808
1498731914802483200
1498731919156158466
1498731926009561091
1498731927951618059
1498731930354950144
1498731934691708928
1498731939435581444
1498731941104959492
1498731962223284230
1498731969819070476
1498731970389368832
1498731973933768707
1498731979906367494
1498731982238408706
1498731983207346178
1498731985098924032
1498731988345245696
1498731990152974338
1498731995798638598
1498731999820926984
1498732000575987713
1498732003402813442
1498732011586035714
1498732017667567617
1498732023430717440
1498732029453680648
1498732038853169152
1498732039377502208
1498732054229434370
1498732060969734147
1498732062416809995
1498732064664956933
1498732067047325704
1498732076018946050
1498732091479056388
1498732102648426499
1498732103646777352
1498732111628546049
1498732119153074176
1498732125150924800
1498732129903128586
1498732134730768386
1498732143526256651
1498732145833095177
1498732155438043145
1498732156448694272
1498732159179411462
1498732164980035587
1498732171309289475
1498732171070263301
1498732172366155778
1498732173603475456
1498732183875371014
1498732199033540608
1498732203735498756
1498732215206912000
1498732226237845511
1498732226632114183
1498732229001834497
1498732232265158661
1498732236568367105
1498732245590417410
1498732248648015873
1498732256797544454
1498732258378891264
1498732265031057409
1498732267471994883
1498732269103628294
1498732270198345730
1498732275873234950
1498732278968692736
1498732293355188227
1498732295079051266
1498732300602904586
1498732306173153280
1498732306718248968
1498732310576852994
1498732319510650880
1498732323172405252
1498732326330716168
1498732336913031178
1498732337118556162
1498732341426012163
1498732344391311363
1498732345486098434
1498732352540975110
1498732354927538183
1498732355439280141
1498732360204009474
1498732371293741056
1498732398070345729
1498732402474196992
1498732417045172239
1498732418647289861
1498732419905507329
1498732423713935364
1498732425484111875
1498732426566066177
1498732427879063563
1498732432798978051
1498732437647630339
1498732441950990339
1498732456995741704
1498732458379984898
1498732465871114240
1498732466227585024
1498732468240896003
1498732471743041546
1498732472925708290
1498732474477662209
1498732477288005641
1498732499291320324
1498732505469497347
1498732516274065414
1498732531104960513
1498732536280883200
1498732537379758080
1498732539304947712
1498732552160526338
1498732554815483909
1498732561153015813
1498732564147806212
1498732566391754757
1498732567419404293
1498732570741448704
1498732571777187847
1498732571974275072
1498732572838404102
1498732576449732612
1498732578328780801
1498732582988660741
1498732586247409675
1498732589707931649
1498732591305920518
1498732594892001286
1498732595898732545
1498732601519054850
1498732606745198595
1498732612566667269
1498732614026514432
1498732616765394960
1498732619709747207
1498732625732775940
1498732627024621577
1498732635476172810
1498732645005635593
1498732650454003726
1498732650806267909
1498732657370284032
1498732660465848321
1498732664261595142
1498732665360601094
1498732666509836294
1498732667994583045
1498732670649614342
1498732672918724610
1498732672964874251
1498732678887002115
1498732693907025920
1498732699879620617
1498732702094094339
1498732707173388292
1498732707693613059
1498732715352510473
1498732716925280261
1498732730137419783
1498732743823278081
1498732745534722060
1498732760499851264
1498732776253759489
1498732783799353349
1498732784181026817
1498732785389174785
1498732789751074816
1498732801209819144
1498732802426220554
1498732806670888971
1498732814774247431
1498732825826279426
1498732829445926913
1498732834437140483
1498732837775810560
1498732837935013890
1498732840640466949
1498732846533517314
1498732854397788161
1498732854821507079
1498732859468746752
1498732860374663178
1498732860420890629
1498732873318219778
1498732874270449667
1498732880482258953
1498732885012013056
1498732887591428097
1498732898098155520
1498732899385987073
1498732900484792321
1498732910396022790
1498732913659191301
1498732915504652298
1498732917761224707
1498732921594785811
1498732926841737217
1498732928037236739
1498732928167145473
1498732940863451139
1498732949159641089
1498732962761920513
1498732971913711622
1498732975424483329
1498732980646432771
1498733001705988100
1498733011205976065
1498733028151111683
1498733040301969420
1498733041308471296
1498733058580631552
1498733073432727560
1498733077681831936
1498733080382967810
1498733083545292812
1498733087231922179
1498733100855185408
1498733105745580033
1498733121960914952
1498733126071341057
1498733135898492935
1498733142932398087
1498733149139845123
1498733151883075585
1498733152218411008
1498733154068275212
1498733160468815877
1498733161848651776
1498733162783858688
1498733165078216704
1498733169675325443
1498733174007943169
1498733176910401543
1498733177053003779
1498733181247361028
1498733185630453760
1498733191473278978
1498733195214348294
1498733201728020484
1498733204752240645
1498733208107687938
1498733210498445314
1498733227988631560
1498733255503138817
1498733262734180353
1498733264076484613
1498733279377334274
1498733294741073928
1498733295554764807
1498733296150327298
1498733300642369542
1498733301724598272
1498733310801031176
1498733324033871872
1498733330694430726
1498733331743010819
1498733332049375234
1498733341302222848
1498733341528498182
1498733347387883523
1498733353952022528
1498733371597504515
1498733378421596165
1498733382993285120
1498733384901828619
1498733395655991296
1498733402530500612
1498733412466704386
1498733415511830530
1498733421677404162
1498733431777161216
1498733434864345092
1498733448281874432
1498733454116200450
1498733461028446214
1498733468162748419
1498733493748211719
1498733502161985543
1498733502430388230
1498733504057810947
1498733516263235587
1498733520377810946
1498733523443847181
1498733538325057537
1498733541709987851
1498733542381080587
1498733543555407873
1498733545346502657
1498733553512861701
1498733558717988869
1498733559393173513
1498733562748624909
1498733563763642374
1498733567756705793
1498733578972131331
1498733600040226823
1498733602531688450
1498733631111667719
1498733631711285253
1498733647989460997
1498733650422026241
1498733651080613889
1498733657191706628
1498733665358077958
1498733668172541952
1498733673595772929
1498733677848768516
1498733679409049606
1498733679996198923
1498733681262931968
1498733687768326161
1498733690205224969
1498733709939417093
1498733711529058307
1498733714091786249
1498733716465664013
1498733716985819137
1498733717732352004
1498733730680217606
1498733736057204739
1498733743456063493
1498733743816777734
1498733752339636224
1498733752566300672
1498733757108531210
1498733759696302083
1498733770504957952
1498733777828212737
1498733779413782532
1498733780705718274
1498733798426480642
1498733799030595590
1498733810963427333
1498733812825542661
1498733821831049218
1498733837026836481
1498733841217114112
1498733841099468810
1498733857549557761
1498733860187746311
1498733869251670018
1498733877329739777
1498733878617554946
1498733880458764294
1498733889388433417
1498733897118625796
1498733897391218698
1498733905486168067
1498733910746103808
1498733936851054594
1498733944929341441
1498733947034947588
1498733953770872833
1498733977066213377
1498734001640587266
1498734007785181184
1498734014663905280
1498734027762802690
1498734033236287499
1498734034511220736
1498734034930778112
1498734037850021892
1498734039376830468
1498734039955509248
1498734040177909765
1498734041616498696
1498734054409179142
1498734056284078084
1498734064580247558
1498734075980521484
1498734079549874190
1498734097362866181
1498734103973138432
1498734121396445193
1498734129927569411
1498734131773321216
1498734135707377664
1498734167198216194
1498734168011952129
1498734172415877123
1498734174831849477
1498734193718611970
1498734200278691845
1498734200823889920
1498734210164662274
1498734214820372491
1498734218700021762
1498734221317357568
1498734222709825536
1498734231714942977
1498734234915192833
1498734241311608841
1498734261725057024
1498734271216848900
1498734277357408262
1498734277407748100
1498734282537324550
1498734285875986435
1498734293908172811
1498734298966511623
1498734321909178368
1498734323230392320
1498734351449837574
1498734356080345089
1498734362237542403
1498734369933905920
1498734371418914816
1498734381946441736
1498734387155845123
1498734396647645191
1498734403442380807
1498734404050505735
1498734410610393094
1498734427249205248
1498734430092861441
1498734436195520513
1498734439274360835
1498734442654965770
1498734444672393219
1498734449583792128
1498734455913132036
1498734458782076937
1498734467720044551
1498734476616159233
1498734477698379778
1498734481133342723
1498734493317877761
1498734503384305666
1498734516067868673
1498734520362799104
1498734523818786817
1498734527614750726
1498734529724387330
1498734536443707400
1498734544899481600
1498734560162553874
1498734579246518272
1498734581469564930
1498734597345091594
1498734602483122184
1498734603938541572
1498734619763613700
1498734627594575872
1498734638461685760
1498734653003505670
1498734653305356291
1498734660343504902
1498734660674850816
1498734689137278976
1498734721030840320
1498734724285550592
1498734730786709504
1498734732355407873
1498734734276538373
1498734759891111939
1498734764903346181
1498734770766888969
1498734793114140680
