1502977753829855237
1502977771861073926
1502977772163158019
1502977776676188160
1502977777905160192
1502977788801810434
1502977793382129666
1502977817465737222
1502977845542404101
1502977896629026821
1502977901729308675
1502977922642202624
1502977923615232007
1502977939389960196
1502977955152150534
1502977955475206148
1502977957173899265
1502977967500271618
1502977976589242377
1502977984071876617
1502977988001996802
1502978027210301446
1502978073809072128
1502978088845545474
1502978134219517956
1502978134605537280
1502978154398425092
1502978163823226883
1502978169149739025
1502978180663099394
1502978186941972483
1502978187118084096
1502978190024880131
1502978195343224833
1502978233599418373
1502978260547821576
1502978268898607114
1502978279263059968
1502978307633127427
1502978335969878022
1502978343708336129
1502978353883660288
1502978362704220162
1502978390286077958
1502978411408629765
1502978422204600324
1502978428986961921
1502978448498827264
1502978450633674760
1502978481956732932
1502978494049169409
1502978524583546883
1502978541218152454
1502978565700300804
1502978572515897345
1502978572717531138
1502978620821803010
1502978629516541953
1502978643332632582
1502978656288792585
1502978658281168908
1502978662768910338
1502978678896009216
1502978719475908612
1502978730158960643
1502978731668877315
1502978738891407360
1502978772353847298
1502978806797152262
1502978830025252873
1502978836723605511
1502978851592294400
1502978871112749059
1502978871544942593
1502978874690482179
1502978882135339013
1502978889806721026
1502978895368400898
1502978901328412674
1502978914079100929
1502978932148039682
1502978951177773058
1502978984023588868
1502978990818172929
1502978998598578185
1502979006374809601
1502979042315694081
1502979048569544705
1502979075056582662
1502979077241815045
1502979084711870464
1502979100457246721
1502979127598538757
1502979154295156737
1502979158825132035
1502979168841183240
1502979174402871298
1502979208515141636
1502979223396433921
1502979224050839565
1502979254656589832
1502979280258617344
1502979284188676098
1502979292749340676
1502979299292368902
1502979308188737540
1502979324194004992
1502979344699957253
1502979345299685377
1502979346679705601
1502979364585148423
1502979407606026241
1502979412526084097
1502979424660357124
1502979459284193282
1502979468352266249
1502979478212919298
1502979482734710785
1502979496185843714
1502979497733197825
1502979518138662917
1502979525097017346
1502979557376286720
1502979564309524487
1502979569447587847
1502979610945867777
1502979622656425986
1502979643854491657
1502979659054522368
1502979672853913601
1502979683704578051
1502979687454318596
1502979709683920897
1502979719439994883
1502979754269589507
1502979772338552835
1502979802126503937
1502979810217238533
1502979829716631553
1502979837853679616
1502979841494171650
1502979842320523266
1502979850872700932
1502979873136074756
1502979875476590594
1502979906581544962
1502979909412524033
1502979924033949696
1502979926831603712
1502979933177589767
1502979940643491842
1502979951360118784
1502980013880184841
1502980030527332357
1502980041298399235
1502980050496356353
1502980066275381250
1502980084755537922
1502980104858779648
1502980127264849926
1502980128082694146
1502980136295141377
1502980136206888963
1502980143836450819
1502980164174905348
1502980170478673924
1502980183166529540
1502980196810510341
1502980207783051267
1502980209825431554
1502980220848070662
1502980244596211712
1502980247532478466
1502980278347784199
1502980322329194496
1502980337009369090
1502980338280243201
1502980363018199047
1502980371629105157
1502980379552141315
1502980386305028097
1502980392562958339
1502980406798430208
1502980409751392258
1502980455611740168
1502980463400570882
1502980464725872641
1502980471822692357
1502980475215876097
1502980477032058886
1502980545172709380
1502980580270555146
1502980583743537152
1502980591268122625
1502980593663029249
1502980596322209792
1502980606959001607
1502980607076405249
1502980607084830721
1502980607244132356
1502980613988663302
1502980621525823488
1502980622096158724
1502980663896592386
1502980682733158405
1502980692262727688
1502980746285309952
1502980773497884673
1502980792112267264
1502980798399590401
1502980821615104002
1502980823330353158
1502980853453963267
1502980859955089408
1502980860966051842
1502980882419879943
1502980885473382400
1502980893392183298
1502980898588872705
1502980906918760450
1502980949327638533
1502980960450719745
1502980962757578754
1502980972375064581
1502980982256934919
1502981069037002756
1502981104617336835
1502981108517855233
1502981132152807428
1502981132731785219
1502981147961221120
1502981148410011654
1502981148997308416
1502981150196781058
1502981158744866823
1502981171533139972
1502981183113764870
1502981192735510529
1502981193222041602
1502981211156889607
1502981237228642309
1502981240168792070
1502981253271678977
1502981260552986624
1502981262797164552
1502981262990098435
1502981266865537024
1502981278932512771
1502981290458501121
1502981293763698689
1502981299132379139
1502981305537118213
1502981306669744215
1502981317369249793
1502981347593314305
1502981353368965123
1502981376001327112
1502981393898512387
1502981399590367234
1502981400378683397
1502981428950310913
1502981443038949377
1502981459409260551
1502981460491444228
1502981467453878276
1502981476773552128
1502981477935595522
1502981479130755075
1502981490560409604
1502981507614269442
1502981511611666432
1502981516288307201
1502981532578889730
1502981539440779264
1502981552929751047
1502981558948577289
1502981568670879748
1502981607325638662
1502981623150743552
1502981632743157761
1502981635154849797
1502981644663365633
1502981646529830913
1502981729434357761
1502981751559315456
1502981757456596992
1502981760258351106
1502981769544540163
1502981828990447618
1502981829749530628
1502981899714646017
1502981912620589058
1502981920170426374
1502981925157359621
1502981936859344896
1502981945197842433
1502981949836697610
1502981986599817218
1502981991586840581
1502981997408436231
1502981998444527621
1502982001044848643
1502982005218164738
1502982011442675715
1502982027808804867
1502982092946391042
1502982100600852482
1502982106317737994
1502982112898600964
1502982113162891265
1502982119336804354
1502982127901679619
1502982130946691073
1502982131902996483
1502982153038086147
1502982163234684931
1502982199364227073
1502982204355678213
1502982209267027974
1502982216263127040
1502982219530448896
1502982229076623362
1502982230980894723
1502982240875298817
1502982257983705092
1502982292679057418
1502982320332042243
1502982337423986697
1502982349155360774
1502982377257127938
1502982387432624131
1502982419875573766
1502982447922827267
1502982480621711362
1502982497382338568
1502982504013254660
1502982506022330368
1502982510942117889
1502982516550115328
1502982519263703043
1502982522204004352
1502982545784381440
1502982546107375617
1502982564449071108
1502982584174751744
1502982587882647554
1502982591279943683
1502982626080088066
1502982631365005312
1502982643431915520
1502982646372216849
1502982656908308480
1502982672066527236
1502982675178704899
1502982675522625538
1502982686616563713
1502982701929930756
1502982724994273280
1502982730950316037
1502982738051153922
1502982741104607233
1502982744917397508
1502982748239282179
1502982754811715588
1502982766882922496
1502982792061272073
1502982797157355520
1502982802991628289
1502982804023484420
1502982806221250565
1502982808792449024
1502982813737443334
1502982816761802752
1502982822059028483
1502982830040793092
1502982834054733830
1502982837733105667
1502982870557724679
1502982870998134793
1502982881227988997
1502982883086114821
1502982898374557697
1502982909283684352
1502982911317917700
1502982973309833216
1502982974383472643
1502982977608900611
1502983001096998916
1502983008806223873
1502983022597259267
1502983041597247493
1502983046991159299
1502983087143239681
1502983091161341956
1502983108634849282
1502983121222123522
1502983138804318208
1502983154008793090
1502983157733371904
1502983158056239112
1502983167795511296
1502983177375260678
1502983179988201480
1502983185361440772
1502983186162327558
1502983187953332228
1502983200075030528
1502983212661886977
1502983216784887815
1502983216927543299
1502983219968364545
1502983222023577603
1502983223982313473
1502983228482797572
1502983243632726017
1502983255678767106
1502983257691930625
1502983261248761858
1502983262905548805
1502983264482562057
1502983272732758020
1502983292580159490
1502983304198381568
1502983308124250116
1502983315321667591
1502983318723256324
1502983321407692810
1502983325203456001
1502983331029430274
1502983331553718275
1502983336481939457
1502983343499100168
1502983352256761858
1502983361119277057
1502983375765835779
1502983390907322370
1502983393948184579
1502983423388008450
1502983434972667908
1502983453855215617
1502983462915092481
1502983463234043907
1502983468304769030
1502983471123283969
1502983492296220676
1502983507517267982
1502983513909436420
1502983523426357253
1502983524907089922
1502983528945913861
1502983530661384196
1502983541969276929
1502983544657829894
1502983547367350276
1502983559493083140
1502983561435140100
1502983565738446852
1502983566795452427
1502983567940403200
1502983568305590272
1502983580326281222
1502983597317316608
1502983604586135556
1502983604913246215
1502983619488501762
1502983627650514951
1502983641428901894
1502983652669591564
1502983675704664064
1502983725595992070
1502983735033139204
1502983742029275138
1502983747599224832
1502983755245490185
1502983757552304129
1502983763302957056
1502983790460817410
1502983800808218625
1502983802553053187
1502983816889217028
1502983817430282241
1502983826959925248
1502983849495699456
1502983850917601281
1502983852884905989
1502983861755531264
1502983872291778563
1502983879388721153
1502983916935864321
1502983929011265547
1502983932752670720
1502983950364463111
1502983958493114370
1502983958740406281
1502983977598177289
1502983980441767938
1502983995944050691
1502984024842809346
1502984027481194501
1502984028793802755
1502984035827601408
1502984036913872898
1502984053204652035
1502984064114040843
1502984078664024069
1502984080534605826
1502984087379845125
1502984125950611459
1502984143638081537
1502984165796376578
1502984172662452227
1502984181059629059
1502984201729200131
1502984210843271168
1502984221895266307
1502984222427996163
1502984231009812482
1502984236458033154
1502984236965445634
1502984241013002242
1502984244561391622
1502984272726134784
1502984280506523648
1502984296604180484
1502984325012365314
1502984334696923142
1502984358440976384
1502984360030580739
1502984360412291077
1502984370503749636
1502984371766243329
1502984372441567234
1502984397221511170
1502984399314370564
1502984421653336065
1502984423884701704
1502984443601973248
1502984447138070529
1502984453089542147
1502984466062524420
1502984470567264256
1502984506692755458
1502984508303462405
1502984516129984519
1502984520974413825
1502984524971581441
1502984529220276224
1502984537944596482
1502984545255239691
1502984551961870340
1502984572006510595
1502984582106337284
1502984587055611905
1502984590641836034
1502984590939541511
1502984596417392642
1502984610937925634
1502984612594827268
1502984613714542595
1502984621587415042
1502984621625073669
1502984623059611649
1502984626318585857
1502984631947194369
1502984640742707203
1502984655921942534
1502984689157558273
1502984693716852738
1502984696367652866
1502984700092383233
1502984700155109380
1502984712524025856
1502984731624972289
1502984732778414082
1502984734124777473
1502984741607383042
1502984747324436488
1502984749991829512
1502984750620983299
1502984762419466246
1502984776659218437
1502984787698540544
1502984793914769408
1502984802416443395
1502984820372221955
1502984822104408065
1502984823551496200
1502984829960400901
1502984832019841024
1502984844426416133
1502984849673670658
1502984857223417856
1502984870896844801
1502984899128606720
1502984931823210500
1502984940543172611
1502984954266984449
1502984973460115461
1502984992816738306
1502984996168024064
1502985009359118345
1502985012651696132
1502985021686169606
1502985028481044480
1502985030976610311
1502985042699689985
1502985048781312001
1502985049368576005
1502985086874300418
1502985091492073472
1502985104892772357
1502985106809626626
1502985121305182210
1502985126145409032
1502985136924733449
1502985142620545027
1502985153760710666
1502985169833107462
1502985174094598155
1502985177475207169
1502985178809053187
1502985183963844608
1502985193749024769
1502985218898202630
1502985242176598017
1502985262489559043
1502985271192657922
1502985285898055680
1502985312959664135
1502985313387520000
1502985323609038857
1502985329347039241
1502985380198600706
1502985381393838082
1502985397521068035
1502985398452203522
1502985402835161088
1502985404148031495
1502985416206602244
1502985416647008259
1502985421101359104
1502985437664665601
1502985459647098881
1502985490663985152
1502985491695738880
1502985517809520641
1502985525636046849
1502985533991047170
1502985537476788224
1502985559240855553
1502985564580196360
1502985569227399169
1502985576894586882
1502985589138030596
1502985609140486283
1502985614068752384
1502985624600649730
1502985630871085057
1502985670092017671
1502985686663811074
1502985718481707012
1502985732947947522
1502985740581580803
1502985751188971528
1502985766380744706
1502985778934140929
1502985812367097857
1502985814833344512
1502985818511654922
1502985839206449154
1502985846701674507
1502985849109200896
1502985862207918083
1502985864074383366
1502985885410811906
1502985887101161479
1502985887549992963
1502985889647140871
1502985915844608005
1502985918344577024
1502985923872669696
1502985931867009026
1502985935381835779
1502985937185394691
1502985951294812162
1502985955484962818
1502985985465847808
1502985989358247941
1502985997335896067
1502985999164530695
1502986004092710913
1502986012406030336
1502986021629308934
1502986044496564224
1502986047592050690
1502986062112636931
1502986068169306112
1502986077769977861
1502986077581287424
1502986080055750659
1502986087345631233
1502986099949555713
1502986106559733763
1502986114700820480
1502986125136248832
1502986133549944832
1502986145050861579
1502986179448299521
1502986193130033153
1502986213116067842
1502986214219173888
1502986241171677187
1502986249371635719
1502986253033168904
1502986256401285122
1502986262596231184
1502986264445861889
1502986273115590664
1502986274709323782
1502986287351054336
1502986287909064706
1502986294053453824
1502986295144226816
1502986304551854086
1502986309245231111
1502986316140711937
1502986316056735744
1502986328748826625
1502986366971527168
1502986386525519872
1502986388886728705
1502986417026342914
1502986456331177986
1502986461628481536
1502986484592353281
1502986486081282049
1502986508713836545
1502986510257303555
1502986510773231623
1502986511637221383
1502986530830303236
1502986530972917764
1502986532860407809
1502986540938637313
1502986562212184069
1502986563738906630
1502986566188380162
1502986567610155017
1502986584504766467
1502986591761014786
1502986617199411204
1502986624879235081
1502986642814029828
1502986652641288194
1502986652964343821
1502986660635684867
1502986661592027141
1502986664980922370
1502986707553107969
1502986724141670403
1502986725538209793
1502986736510644228
1502986741262831620
1502986746014937091
1502986748556685314
1502986755213078531
1502986764390129668
1502986788670947336
1502986789790887942
1502986815527026688
1502986821663395841
1502986822229667841
1502986824964321289
1502986833998880770
1502986835156422660
1502986837564010496
1502986838549614594
1502986841276006406
1502986848305438722
1502986857742843909
1502986867414765568
1502986899757015045
1502986908548354048
1502986936885125126
1502986939322052610
1502986940601184258
1502986946104156168
1502986969499983874
1502986978391961603
1502986988076609543
1502986991905951746
1502986996410912768
1502987013267632131
1502987023661305858
1502987028589338630
1502987056636907526
1502987058146693123
1502987061917372416
1502987072327630852
1502987073187454977
1502987085476769792
1502987102908207104
1502987118074810368
1502987124924104710
1502987128149532674
1502987130385092609
1502987152795353090
1502987152786866176
1502987161322278913
1502987171443134469
1502987189445181440
1502987198907523072
1502987214032183297
1502987239327903745
1502987247758594050
1502987251164270593
1502987256306491393
1502987264787365891
1502987267102679041
1502987306583703560
1502987309100249093
1502987309720944642
1502987312849997828
1502987336229048322
1502987357313712131
1502987357729046528
1502987389760856064
1502987394156482563
1502987397553811459
1502987401928462339
1502987402314489859
1502987408320733193
1502987410443063298
1502987420685406209
1502987421121712128
1502987443930341377
1502987444840452097
1502987446287540227
1502987462250958850
1502987464423657479
1502987465627422726
1502987474590703622
1502987489241407497
1502987497344847879
1502987498468757504
1502987503229358082
1502987504026271753
1502987534233702400
1502987540038569984
1502987543779987456
1502987546065842178
1502987549559640073
1502987562499166210
1502987567255498753
1502987581058916357
1502987581197271048
1502987597735415809
1502987608598917129
1502987613841416193
1502987615292829696
1502987616190439427
1502987618233073664
1502987620523069441
1502987624839098372
1502987625216454656
1502987632581693441
1502987637052821505
1502987639766593537
1502987651858649091
1502987659467235331
1502987664701624320
1502987670347255811
1502987676210900998
1502987680220647429
1502987683232051205
1502987683383152650
1502987697618571265
1502987704627343360
1502987708137938949
1502987710356725765
1502987727259803648
1502987758352097285
1502987762559037445
1502987771874586627
1502987794532216832
1502987802962767889
1502987821803618307
1502987833455394820
1502987835363631110
1502987858885287938
1502987867387277316
1502987905731641349
1502987925084164098
1502987925255950342
1502987925289582600
1502987947603337219
1502987963260710917
1502987965752037382
1502988003739783171
1502988010840809475
1502988013160251392
1502988013890154497
1502988015362260995
1502988028138201093
1502988034412789760
1502988042398806017
1502988042692440064
1502988045850746881
1502988059658399748
1502988064888696832
1502988066012958722
1502988070735462402
1502988075529646083
1502988086808092678
1502988087361736715
1502988095255461890
1502988098006884356
1502988108979179522
1502988111843897349
1502988135583653888
1502988147491287046
1502988177384091652
1502988192525520896
1502988200771473409
1502988211060097025
1502988218521825287
1502988223512985603
1502988232073498628
1502988260116770819
1502988276776456197
1502988277372137473
1502988284552790024
1502988292610052101
1502988296171012100
1502988301879418887
1502988303141908484
1502988307088748546
1502988308057628686
1502988329113038851
1502988341796552706
1502988347853131790
1502988353142153219
1502988369084702723
1502988370313715715
1502988387711696900
1502988397840904195
1502988410889420801
1502988412068024321
1502988458222145538
1502988464874270722
1502988465889329152
1502988474424741888
1502988486114217984
1502988507576426500
1502988509996584969
1502988526341791747
1502988545241214980
1502988548579889158
1502988568255471621
1502988578661543941
1502988590728441856
1502988592632709122
1502988596718055435
1502988618956222464
1502988622517215235
1502988655274893315
1502988659913637896
1502988660454703106
1502988660727336961
1502988664208429059
1502988675306913798
1502988679832391685
1502988685322727430
1502988685364633600
1502988689001304066
1502988691752562693
1502988720638767105
1502988723608342536
1502988724438720517
1502988727223988224
1502988732215009280
1502988739198525449
1502988739316011008
1502988753933119491
1502988757615656960
1502988759578685442
1502988769238167553
1502988775776870400
1502988781816881152
1502988790180233222
1502988820836405251
1502988831729070083
1502988844450340866
1502988846228774916
1502988855682781185
1502988876117426179
1502988885126795264
1502988895654486017
1502988901618786305
1502988909361385473
1502988915585785863
1502988923349389315
1502988936486047751
1502988948477521922
1502988956601880578
1502988962247360518
1502988974553456647
1502988984288366594
1502988988088520711
1502988989258739712
1502989034695667718
1502989044673826819
1502989102517473282
1502989110054641664
1502989116392321029
1502989117122129924
1502989119437381633
1502989129847562244
1502989155282092035
1502989157303529474
1502989167973867520
1502989210512510980
1502989220503248902
1502989226501099529
1502989246138916865
1502989251020996608
1502989258277232641
1502989268276424713
1502989269354360834
1502989275222130689
1502989279903027200
1502989300086059008
1502989300954193922
1502989306255880199
1502989310550753288
1502989323599323139
1502989325558030341
1502989337729847298
1502989346567249927
1502989347204833284
1502989347951415301
1502989359724875781
1502989367899525125
1502989372991365121
1502989387985944581
1502989413567111168
1502989421506961418
1502989432214990850
1502989436841308162
1502989460874616832
1502989464154558464
1502989467333898243
1502989476058042370
1502989481896464389
1502989482198544389
1502989504482848770
1502989516088516615
1502989529795411971
1502989534815993861
1502989539929124865
1502989549076627457
1502989549437583368
1502989570861940739
1502989579883888643
1502989594748506118
1502989619897544706
1502989649169506309
1502989652550209542
1502989664440963075
1502989674989727750
1502989689736900608
1502989706702860292
1502989708082700297
1502989718102937605
1502989738797580289
1502989752965992449
1502989777385267201
1502989783710289921
1502989797148614661
1502989806523011074
1502989814483849226
1502989814387277826
1502989833626689543
1502989837846130689
1502989854996680710
1502989860516384771
1502989870905847809
1502989894741807106
1502989905382809601
1502989907450544130
1502989916753612807
1502989936726847488
1502989939323064323
1502989940065513477
1502989960118374402
1502989960487612422
1502989969899597827
1502989980297310210
1502990007954550785
1502990014782787589
1502990019350433794
1502990023762796544
1502990033405546500
1502990041085358082
1502990051759775746
1502990052971921409
1502990074228711429
1502990087419740170
1502990094889885696
1502990100464082946
1502990102296940548
1502990103186231299
1502990106176593925
1502990106516680704
1502990115026702337
1502990157972217865
1502990179627421696
1502990183888789513
1502990188284289029
1502990192671612941
1502990225022275587
1502990237936541697
1502990246602027009
1502990249655472131
1502990253899976706
1502990257763065864
1502990265002430466
1502990277535051779
1502990307419426822
1502990313995964416
1502990336162938883
1502990337459068931
1502990358443032576
1502990364642353152
1502990367771308036
1502990372678651907
1502990377158168582
1502990378336665610
1502990386813407241
1502990391502684169
1502990412641976326
1502990432413925388
1502990447786205184
1502990464542289921
1502990470720282627
1502990486730014721
1502990489812967430
1502990497459044356
1502990504379703302
1502990506476851208
1502990514924175360
1502990518292258817
1502990525170958346
1502990531298799618
1502990543265140741
1502990544523378688
1502990553360834563
1502990568972029952
1502990579793219588
1502990598625767427
1502990614870253573
1502990623867121664
1502990625947402243
1502990626610192387
1502990632738238468
1502990633430097920
1502990634847817732
1502990636378640392
1502990661016076290
1502990680205008898
1502990700681519104
1502990717119254529
1502990775273107465
1502990784043397126
1502990789944942592
1502990804708732930
1502990812031983617
1502990825197821957
1502990832726589440
1502990841014542337
1502990846785949700
1502990865387900930
1502990877236543494
1502990886623457282
1502990888699666434
1502990907590721540
1502990921075507200
1502990926423072768
1502990930928091139
1502990932072882184
1502990933960318980
1502990947294097414
1502990970664722438
1502990973676437510
1502990975924375554
1502990979363926016
1502990984946364423
1502990989958737920
1502991014830940165
1502991016542064642
1502991022418243593
1502991029938626568
1502991031679127553
1502991033956712449
1502991042261438465
1502991049043628034
1502991049425395712
1502991049903456260
1502991055893016576
1502991056559820803
1502991063254024197
1502991064403222528
1502991074104594432
1502991091875909635
1502991095034118148
1502991095927500801
1502991102139412481
1502991102743302154
1502991108699267073
1502991131650449417
1502991143067340801
1502991171605475330
1502991174583398407
1502991188479164421
1502991197937504256
1502991199107432448
1502991206229458947
1502991207710007297
1502991216715182083
1502991217671299077
1502991226345304067
1502991243441491968
1502991245559402500
1502991246452744196
1502991251267854337
1502991252840751106
1502991253641863170
1502991268175093763
1502991274323894276
1502991290534805510
1502991294087446529
1502991311099604992
1502991347346808838
1502991364610473992
1502991370381893634
1502991399825858560
1502991407115649027
1502991408797429761
1502991418729668617
1502991422605393926
1502991427457929218
1502991464082690052
1502991464107855876
1502991515358056451
1502991518885421062
1502991519648829440
1502991519711739906
1502991529803145222
1502991534441984004
1502991539223543810
1502991551781343239
1502991563600842754
1502991571863707648
1502991575860879361
1502991576062115844
1502991581514764294
1502991589941161995
1502991590859624450
1502991619456385030
1502991629505945608
1502991634753073153
1502991646505459722
1502991649068269568
1502991657817489408
1502991666629722114
1502991673126801417
1502991677690159107
1502991684405272582
1502991691799834634
1502991695490727939
1502991719175966723
1502991723944886277
1502991730441920513
1502991738348130310
1502991752810176512
1502991755607789568
1502991762603720706
1502991777858568194
1502991803179761666
1502991803418611713
1502991811094409216
1502991816177909760
1502991818811715587
1502991819180810242
1502991820120379395
1502991836129935366
1502991846057906177
1502991849597947907
1502991860024987652
1502991868220833793
1502991887531233280
1502991891687780359
1502991893537464320
1502991896385359875
1502991912332054528
1502991922041958400
1502991933450633220
1502991950378676226
1502991956393271296
1502991962298802176
1502991963200491521
1502991973908684804
1502991974768553994
1502991978262417409
1502991995345981441
1502991995912036353
1502992000055971841
1502992019890786310
1502992043706142726
1502992048403718146
1502992048978378755
1502992050165370883
1502992052082167810
1502992061510922250
1502992070935470081
1502992074479747072
1502992078975823873
1502992082419519491
1502992092334903297
1502992100396253204
1502992123326615552
1502992127323738116
1502992133388738566
1502992134302883841
1502992135888551937
1502992135800373249
1502992136756772868
1502992163117875206
1502992168809644033
1502992174757072898
1502992177282101251
1502992199541301248
1502992199809900547
1502992206751272969
1502992208772927490
1502992229085986825
1502992275143819268
1502992284136136707
1502992286115893257
1502992303744561154
1502992304491347977
1502992306776932352
1502992307351867392
1502992307687145472
1502992312435097603
1502992324380528645
1502992326305665025
1502992343842144262
1502992355862925313
1502992359230947330
1502992372765974529
1502992388817575938
1502992394127659011
1502992396921065476
1502992398393217026
1502992417808687107
1502992430496329731
1502992442307624964
1502992442873810945
1502992445436567554
1502992453074309122
1502992457621028870
1502992460749885444
1502992472586264584
1502992473336926211
1502992490030374922
1502992491380940802
1502992493377429505
1502992497668247552
1502992502864986113
1502992514952929289
1502992520376070145
1502992522796220418
1502992546158587913
1502992558858944517
1502992582506385408
1502992592274743302
1502992616148934660
1502992619722391552
1502992637535600647
1502992641394368513
1502992652169531398
1502992655659192325
1502992658721083399
1502992664358277125
1502992679676018689
1502992689742028807
1502992703096766466
1502992703579209740
1502992707102420993
1502992727541133313
1502992744737918983
1502992757077409792
1502992760168660992
1502992762546835456
1502992784013332482
1502992812463337472
1502992814887550979
1502992821481099265
1502992821674024964
1502992821766217737
1502992825155264519
1502992831845122054
1502992852091117573
