1508277675630415873
1508277685298081803
1508277693149704197
1508277695657873412
1508277710556127233
1508277715337900038
1508277716050665474
1508277737483497481
1508277758169911300
1508277763525861381
1508277777279053831
1508277777887285249
1508277780743692291
1508277784917032960
1508277791791398923
1508277796694544386
1508277812494536726
1508277817141776387
1508277820992204808
1508277823785644048
1508277836163223554
1508277839501541390
1508277847202443271
1508277852503912459
1508277853787504654
1508277859856572431
1508277869486940170
1508277881432121348
1508277887253692421
1508277888889536516
1508277892785967112
1508277894237368320
1508277896367980547
1508277900654616577
1508277913736646664
1508277916202770432
1508277929565843456
1508277950835302402
1508277956405514242
1508277970359963653
1508278002920034311
1508278038089416709
1508278043004919813
1508278048138809350
1508278049527283721
1508278058838540288
1508278060646236161
1508278062936322051
1508278065901682689
1508278082637025280
1508278084646150149
1508278095110971393
1508278103017095171
1508278108012650501
1508278111992836098
1508278129197928449
1508278146088386562
1508278152220459011
1508278156738048000
1508278172571238405
1508278190434709507
1508278194943762432
1508278208843681795
1508278219874930692
1508278224341585922
1508278236312227847
1508278236597342211
1508278243887042569
1508278244109426699
1508278257908699140
1508278264112074757
1508278277026324480
1508278284693344256
1508278304813559819
1508278308861005825
1508278326783201282
1508278328914071559
1508278339114450949
1508278344986640387
1508278349839360001
1508278356659212288
1508278386489135106
1508278392361299969
1508278396966809603
1508278401521512449
1508278402754793477
1508278403258105860
1508278407079120904
1508278424917401605
1508278435848015873
1508278442625839106
1508278457192443905
1508278477052596235
1508278491317522440
1508278495847145476
1508278507494797317
1508278540806258689
1508278598549086214
1508278598951653383
1508278624872693765
1508278632623620100
1508278636125818886
1508278647718768640
1508278653674733579
1508278654282997778
1508278654765203459
1508278662562418688
1508278671135715329
1508278682355482631
1508278684570243078
1508278690588860427
1508278713623920645
1508278714697723911
1508278737976111113
1508278741822509056
1508278749686484996
1508278752173703170
1508278773736685573
1508278787888361484
1508278801670758408
1508278804791402505
1508278807916126222
1508278824789762055
1508278830401687553
1508278851235094530
1508278853336289286
1508278853906546693
1508278863083700231
1508278903659499520
1508278920164126727
1508278937226735620
1508278937784303621
1508278940565135365
1508278979735609347
1508278980289257473
1508278983720419329
1508278985548959744
1508278986727563264
1508278993023238146
1508278994357170177
1508279002305564675
1508279005656629249
1508279011465904133
1508279018197438466
1508279033964171264
1508279034404225025
1508279038443507729
1508279039584137217
1508279062422196224
1508279067610656777
1508279096081469443
1508279101555159041
1508279107972476947
1508279115937292294
1508279121398632448
1508279139794841602
1508279145318522890
1508279147423969281
1508279174905020417
1508279177031696388
1508279182316703744
1508279182995988490
1508279191225077764
1508279196506025984
1508279204831395840
1508279206756634634
1508279209084571665
1508279228772466688
1508279233759621121
1508279240050954240
1508279248456278018
1508279296573517826
1508279303154274306
1508279316261445638
1508279326671835137
1508279336905973765
1508279345764175873
1508279369961193476
1508279373333508106
1508279376089124870
1508279385413009414
1508279391725400068
1508279395282300930
1508279403452993538
1508279405721829388
1508279412034195463
1508279414739460096
1508279429600055303
1508279432892469249
1508279433156825106
1508279443089149955
1508279456728821761
1508279458578538499
1508279483060703233
1508279492359319555
1508279508654252042
1508279510487154695
1508279510550315010
1508279530452004865
1508279558193106945
1508279558277332996
1508279559614963714
1508279585376505863
1508279600496844807
1508279614027800587
1508279627264974856
1508279636630728704
1508279647905091586
1508279652866936837
1508279683225378821
1508279691580481537
1508279694063460354
1508279720365936643
1508279721238409218
1508279727248846852
1508279740930867200
1508279745082974209
1508279763772723201
1508279765123305480
1508279773206036480
1508279788674330624
1508279790519824391
1508279797977395201
1508279818156077058
1508279837907206144
1508279838511144962
1508279838557503492
1508279855154180096
1508279857666732036
1508279872908496897
1508279888628826125
1508279896367374342
1508279896510021643
1508279903497728002
1508279906165166080
1508279909642391555
1508279919087960064
1508279940470677510
1508279951786594316
1508279969121808397
1508280002915282953
1508280009986695170
1508280019348455426
1508280054173900807
1508280071949279242
1508280080526569478
1508280083538223104
1508280086503444482
1508280091087982593
1508280091788386304
1508280107420594186
1508280110838865924
1508280114836283392
1508280134482210817
1508280136516386827
1508280137057402884
1508280141696352256
1508280165796921350
1508280166392467460
1508280183937196032
1508280206246645760
1508280209966960648
1508280231437737989
1508280233555808262
1508280254028292102
1508280262047711237
1508280294184402946
1508280296906452995
1508280298554990596
1508280299070771200
1508280305098108928
1508280315717906433
1508280332369350657
1508280381098840064
1508280394025934850
1508280395913056257
1508280408026329098
1508280414909124612
1508280415953747968
1508280416800759810
1508280423981490180
1508280426757906433
1508280437625561088
1508280452234108929
1508280454776074246
1508280455249993731
1508280466629087238
1508280467207950340
1508280477257388036
1508280482387034124
1508280486010961925
1508280486468198413
1508280499093090306
1508280500334518277
1508280505120301057
1508280507338936324
1508280541086461960
1508280541807882245
1508280554659082241
1508280578008772610
1508280582912069632
1508280600750346242
1508280614356754442
1508280619532312577
1508280624804954113
1508280632941633543
1508280641053335553
1508280643763027976
1508280655125225473
1508280660766601217
1508280685127163911
1508280688369442827
1508280700050423811
1508280704718843904
1508280716521472006
1508280719189102596
1508280724683730946
1508280759055912960
1508280769826988043
1508280778303713280
1508280778869776388
1508280781868740609
1508280798289354756
1508280815217971204
1508280821148495875
1508280823086256128
1508280842744999947
1508280848747212807
1508280849325867008
1508280858381373452
1508280877289287683
1508280890404704256
1508280913653911554
1508280932440342528
1508280939721355271
1508280946839076871
1508280956779745282
1508280967579914246
1508280969224151048
1508280988425768969
1508280998911520772
1508281005177815042
1508281019253723136
1508281022898905093
1508281029160685569
1508281044952354816
1508281045015269383
1508281056432164872
1508281056826437639
1508281059678605313
1508281063356907522
1508281076208209926
1508281085486149641
1508281106650517510
1508281111033622531
1508281121783488515
1508281125143080961
1508281130461679618
1508281130893512708
1508281151567323136
1508281152905572354
1508281176708026371
1508281178721189892
1508281179681787907
1508281195964280834
1508281196991549441
1508281199655288838
1508281201890668551
1508281228419555329
1508281237286404105
1508281247075811333
1508281255376601098
1508281259587383298
1508281263307649029
1508281269267881993
1508281281792118790
1508281301979254800
1508281306378997761
1508281307163467777
1508281307490627590
1508281308035883010
1508281318085435393
1508281320019050498
1508281328076271627
1508281336783536128
1508281364155674624
1508281390969753600
1508281401686306819
1508281409621868551
1508281413237415944
1508281417184292873
1508281424574660610
1508281453460738061
1508281466005995537
1508281495202455552
1508281503096049665
1508281505340170244
1508281506703331341
1508281511166066695
1508281511862104069
1508281515754475525
1508281542652706818
1508281587791769610
1508281588156559367
1508281611963584518
1508281633190789123
1508281641160130561
1508281643726954499
1508281651679346692
1508281656347881472
1508281657236799506
1508281659208126472
1508281666036375553
1508281675830075393
1508281675871969282
1508281676476076041
1508281691739152394
1508281710856732677
1508281726497394690
1508281737364791296
1508281740665581571
1508281750295879686
1508281767387668481
1508281770566774786
1508281772282286087
1508281775507722242
1508281782298243072
1508281808500273155
1508281819753459713
1508281821280317442
1508281831640100866
1508281845145813002
1508281849012969480
1508281860505354240
1508281885260189705
1508281888988971017
1508281909134114823
1508281927056621574
1508281930240110593
1508281932781563904
1508281938280341505
1508281940834754570
1508281950426959873
1508281954906517504
1508281958522142731
1508281967300821001
1508281968277929987
1508281979510288389
1508281983042043909
1508281998019760130
1508282005519278080
1508282016969625602
1508282028969578501
1508282036645085199
1508282039442812937
1508282061379055626
1508282101774266369
1508282120879448069
1508282125983920133
1508282149878775818
1508282151506173962
1508282154978971648
1508282155973156865
1508282156220567571
1508282174080163844
1508282188919365638
1508282197056397312
1508282204358680579
1508282207789805572
1508282238148005891
1508282247849418752
1508282262101499904
1508282264920399878
1508282277205544964
1508282284507648000
1508282293365968900
1508282319530074113
1508282338966478855
1508282345912254476
1508282345903857672
1508282353692684293
1508282374416744456
1508282375058374658
1508282382389895169
1508282400475820032
1508282410303111176
1508282423238291462
1508282423934660613
1508282426564481024
1508282446009278469
1508282493388034054
1508282513877200898
1508282515269853187
1508282530486800394
1508282543216500739
1508282548325076999
1508282555400953860
1508282556827025414
1508282559171604488
1508282566528405507
1508282576275914764
1508282577379295233
1508282581401354245
1508282603870191620
1508282613534015492
1508282617141121029
1508282632978804738
1508282641497595905
1508282657251086337
1508282676528427010
1508282686195974144
1508282693053726721
1508282706815336449
1508282717250912256
1508282718647427078
1508282723659825159
1508282728067878918
1508282730936741889
1508282737278521349
1508282746501693444
1508282747638489092
1508282752356995080
1508282760812761090
1508282760850731014
1508282766915375107
1508282768119246856
1508282774519627782
1508282777183002629
1508282780890796036
1508282782182780936
1508282784850186241
1508282791972253703
1508282808002748418
1508282808241778689
1508282810750029827
1508282824209616897
1508282827317694467
1508282834129195009
1508282842509459464
1508282846795890693
1508282857638215685
1508282862176452623
1508282868505661451
1508282870397214721
1508282872108621827
1508282875644309504
1508282901988847618
1508282924566827011
1508282925149696000
1508282925279682562
1508282929469812739
1508282931693092870
1508282933047541764
1508282953167618053
1508282959350038531
1508282975078653961
1508282982615855104
1508282982930411524
1508283003876700161
1508283017252392966
1508283019785768962
1508283026060369923
1508283038970654726
1508283042007330822
1508283066212487171
1508283083971526656
1508283084130508807
1508283096503885833
1508283098592686088
1508283112513486850
1508283119732146181
1508283148140007432
1508283154053877762
1508283160114593793
1508283165059649536
1508283169593696257
1508283195044868103
1508283212338012175
1508283212912549892
1508283213126385668
1508283215844360198
1508283226799820800
1508283227164844034
1508283239114362885
1508283240116858885
1508283241664372741
1508283243543646220
1508283253492523010
1508283257812570123
1508283258710413312
1508283262401073156
1508283278939336712
1508283282126884866
1508283289219477508
1508283300472795141
1508283302158868480
1508283304872755204
1508283312456212481
1508283322308259841
1508283324061851648
1508283325882028035
1508283333809221645
1508283352461283328
1508283377283215362
1508283384535130113
1508283397990653955
1508283404843855883
1508283407955988480
1508283415984021508
1508283429812842503
1508283431205031936
1508283431259885577
1508283434669596679
1508283436280258560
1508283436875743236
1508283439040008197
1508283462226046981
1508283477296394248
1508283517716905992
1508283536205357066
1508283539443253248
1508283546095734784
1508283547173462018
1508283548918288389
1508283549538992134
1508283557546016776
1508283562872950787
1508283563606634501
1508283565280223248
1508283565863231494
1508283570523095049
1508283601141608458
1508283609542643719
1508283618992480257
1508283619101777921
1508283621869727745
1508283627876098050
1508283633974472705
1508283635807444997
1508283635983605764
1508283635908104199
1508283644338753540
1508283646372839431
1508283655596089353
1508283663498153991
1508283678522322947
1508283700143927296
1508283704912891905
1508283724785328128
1508283730053505032
1508283756343443460
1508283761967906824
1508283772399149059
1508283775167258625
1508283782272495619
1508283783404957699
1508283786026434561
1508283793861488646
1508283794339495937
1508283804942749701
1508283807543148548
1508283809732698114
1508283832168062985
1508283837784240138
1508283841915625483
1508283857748971520
1508283861310087169
1508283861431554049
1508283865642991621
1508283884617699328
1508283897737773062
1508283901302611973
1508283916196753413
1508283923859603461
1508283923943632900
1508283924337737730
1508283928632717317
1508283935351967744
1508283947721146378
1508283963533635589
1508283972291379202
1508283979488980992
1508284018365718529
1508284028562124804
1508284033221898240
1508284033964589063
1508284067711795211
1508284082991599620
1508284093104013313
1508284106148237312
1508284113459245056
1508284118349582340
1508284120786518017
1508284127493373954
1508284127778246656
1508284147424399361
1508284152914890756
1508284156161183745
1508284213891579907
1508284220891828229
1508284253586567174
1508284256744837130
1508284258233761793
1508284270053273601
1508284297471438848
1508284301506400260
1508284317025382406
1508284348126187520
1508284350344810497
1508284357412220933
1508284371186429962
1508284390048030732
1508284407085355008
1508284420846989328
1508284422453293056
1508284439352299527
1508284441126490113
1508284457681305604
1508284459505709056
1508284468024422408
1508284476635418629
1508284497749594113
1508284501394436098
1508284508621225989
1508284513478008836
1508284522458238979
1508284526262431745
1508284529303121926
1508284536282484736
1508284545015201797
1508284560978722820
1508284563679711232
1508284572320116738
1508284572160692238
1508284591328563204
1508284607115907072
1508284613260627969
1508284623230574611
1508284640720678917
1508284663931973639
1508284680071639040
1508284693682262027
1508284695322243072
1508284716629299218
1508284721230680067
1508284733100281865
1508284746320822283
1508284761965412354
1508284767661445128
1508284774300979207
1508284788549070852
1508284791262793732
1508284832329404422
1508284837261676549
1508284838276648961
1508284841824960512
1508284844345724932
1508284883667279876
1508284892227977216
1508284893213638660
1508284913610637316
1508284952584019972
1508284964168937478
1508284982820847616
1508284985156976641
1508285006539628552
1508285011828613122
1508285029901766660
1508285037854220305
1508285040203116554
1508285043076395017
1508285061543694340
1508285092191371270
1508285110030073861
1508285111439360002
1508285125477339139
1508285140954644482
1508285144372756483
1508285144674754564
1508285149632290819
1508285181375008768
1508285181567942657
1508285185657290761
1508285186374569985
1508285190526930945
1508285191168708609
1508285192540196865
1508285199724986371
1508285227927588867
1508285237226356746
1508285239881216003
1508285245321355268
1508285247028437005
1508285250111107075
1508285263092494336
1508285278493892611
1508285279089664004
1508285292792451079
1508285299293671424
1508285301206229001
1508285301868924929
1508285302695415816
1508285314263048197
1508285315865362444
1508285321439498241
1508285322257481731
1508285327332552710
1508285327672152068
1508285333800054786
1508285353488179201
1508285361189003270
1508285366268313600
1508285400363646979
1508285411352670211
1508285413101748225
1508285420345634817
1508285422140637184
1508285443007295497
1508285444127334404
1508285452033290243
1508285459230769157
1508285472245796865
1508285473021734912
1508285475303399428
1508285493309542405
1508285501828124677
1508285512993296384
1508285540063318017
1508285548837982210
1508285569230860289
1508285572191768584
1508285586506977280
1508285587761123329
1508285594471788549
1508285610229854211
1508285611815231493
1508285625912344583
1508285627032215561
1508285630404513808
1508285632309006339
1508285637673517058
1508285655666728961
1508285666005696515
1508285676172636161
1508285704568254472
1508285731692859395
1508285739531792385
1508285769353510914
1508285770397884424
1508285778295603205
1508285785136668675
1508285790811570185
1508285793990807563
1508285804224954372
1508285830573563912
1508285875758649355
1508285877092499459
1508285880037167108
1508285880825708552
1508285880993259521
1508285896147312655
1508285900593287172
1508285912496680970
1508285914816159745
1508285929416499215
1508285937050173449
1508285947435118592
1508285954217418754
1508285964992409603
1508285967165231109
1508285977973903360
1508285978112315393
1508285990825349120
1508285992427425792
1508286000597925891
1508286005249413123
1508286005472038912
1508286011205423107
1508286039886073861
1508286040385396739
1508286042444554241
1508286060111044620
1508286077391425537
1508286079283052544
1508286113521156098
1508286120416919562
1508286120575922176
1508286140385619970
1508286143363575810
1508286153987801092
1508286155346771973
1508286155678117890
1508286156135358467
1508286165086093312
1508286172245729286
1508286173483085835
1508286181670375426
1508286189643599876
1508286192252502016
1508286194626412549
1508286202683740163
1508286215388160001
1508286227182604288
1508286229720219652
1508286230705762305
1508286246447030272
1508286248120569860
1508286249617952768
1508286252176461829
1508286252730449921
1508286275924938753
1508286277145169921
1508286293641506817
1508286299362398211
1508286299953901579
1508286300746444802
1508286310137671682
1508286340537880582
1508286343243202563
1508286344992378884
1508286346502479884
1508286372703977476
1508286394610991108
1508286410737913861
1508286423148941315
1508286430048505866
1508286445122859017
1508286461371633665
1508286481965907968
1508286513964007429
1508286522768109576
1508286527348031488
1508286532620193792
1508286551540834308
1508286556641058823
1508286563503022081
1508286574202527744
1508286576304209926
1508286587469185029
1508286604317962240
1508286629269872644
1508286644939628547
1508286648299233283
1508286653571477505
1508286667228004357
1508286673225887749
1508286678792048642
1508286681782304774
1508286694797332488
1508286694977638413
1508286699520106501
1508286733011779588
1508286744285925378
1508286771766906886
1508286787776442370
1508286793522757643
1508286797687762947
1508286802901483525
1508286823235215363
1508286845087629316
1508286878528638983
1508286879376240645
1508286908446691334
1508286913190408197
1508286920278745088
1508286935546146831
1508286943611977731
1508286947877621763
1508286951215968262
1508286952813969411
1508286961064292357
1508286973013803014
1508286980249231364
1508286992584433667
1508286994421633031
1508287025132326919
1508287028399869952
1508287046720258049
1508287066316152835
1508287077556928521
1508287078613893126
1508287083332489218
1508287084859215877
1508287087522586627
1508287112889741321
1508287122150952961
1508287122339516420
1508287142501715968
1508287143029792768
1508287149803814916
1508287171551244297
1508287175204687875
1508287184779898888
1508287189024907269
1508287209736187920
1508287210407141384
1508287212848300033
1508287212802113539
1508287213670481922
1508287222025539587
1508287247874859012
1508287249510813708
1508287253780393985
1508287260927700997
1508287262684942339
1508287270457012231
1508287271086145539
1508287280129187848
1508287283715313672
1508287290291937280
1508287307211812873
1508287312794427394
1508287313553473536
1508287328434806785
1508287337104658434
1508287343844896774
1508287353525264395
1508287358222880771
1508287360957616135
1508287373234352130
1508287375167926284
1508287379861381131
1508287384143732741
1508287394281570314
1508287406105001989
1508287417475743747
1508287421842137090
1508287432340480007
1508287441136156676
1508287441370681347
1508287445498056710
1508287446739525640
1508287450535571462
1508287467274784774
1508287471750160388
1508287475080437760
1508287488812539904
1508287506550247434
1508287509138051075
1508287515765182465
1508287516239020034
1508287532261593088
1508287538087313409
1508287539097997313
1508287545385365505
1508287577144455169
1508287586581815300
1508287594089566212
1508287612582256640
1508287615287627782
1508287633184768000
1508287633323020292
1508287636733313026
1508287651886993409
1508287653434777603
1508287675760971777
1508287701208145925
1508287720602451980
1508287727132979205
1508287728055631887
1508287735978610695
1508287736679215118
1508287741317902338
1508287758875471883
1508287765175144451
1508287772045492227
1508287775799451659
1508287785085673476
1508287794988425224
1508287801514774532
1508287803964096514
1508287808846417936
1508287821378985991
1508287835064844292
1508287839686955009
1508287847832371206
1508287850344714245
1508287855369793540
1508287858494394374
1508287870934659085
1508287885199478796
1508287889540632599
1508287912043024390
1508287912059670530
1508287915801128961
1508287920066736135
1508287925855092738
1508287952673198089
1508287953122082821
1508287953440632839
1508287956762562563
1508287957156868100
1508287963926609927
1508287981114732551
1508287984176672781
1508287995555713028
1508287996772196358
1508287997967360005
1508288009703235590
1508288023699492866
1508288031798689794
1508288061506998278
1508288067546718213
1508288076992458757
1508288086555430914
1508288090586193921
1508288091345223682
1508288098857226241
1508288106197184516
1508288110752317450
1508288120890040320
1508288126711578629
1508288140678639616
1508288151252795394
1508288172786130949
1508288173704552456
1508288180952391682
1508288222216044550
1508288226502582273
1508288230151659528
1508288234945716232
1508288252641382405
1508288255581736968
1508288257913729025
1508288275076812801
1508288292772528130
1508288301962309646
1508288309898133508
1508288320417062913
1508288326738096135
1508288363761049614
1508288372032393222
1508288378671837186
1508288390411653126
1508288395088658435
1508288397772685317
1508288398104182789
1508288421122424832
1508288427191676929
1508288443939393536
1508288460548976649
1508288469730091009
1508288472297054209
1508288486486552585
1508288490651496450
1508288495969726465
1508288500751208452
1508288512977608705
1508288516211372034
1508288533429055489
1508288538898583553
1508288557257211906
1508288562646720516
1508288574151610369
1508288607261499395
1508288609236897796
1508288613280370693
1508288622977503232
1508288636688687106
1508288644217401344
1508288659212144647
1508288662693298186
1508288664010657797
1508288665197326337
1508288667076513792
1508288682922455040
1508288685350871044
1508288686567444484
1508288695715217411
1508288705966264321
1508288712630751233
1508288719802957828
1508288729353437186
1508288732914454530
1508288764916944897
1508288779894890506
1508288782621159430
1508288809112260609
1508288823008059393
1508288824379551744
1508288830973091847
1508288842595328008
1508288874224635905
1508288893803663362
1508288893870694405
1508288895821225992
1508288908525637639
1508288915760984070
1508288920361918465
1508288926796058628
1508288942071713794
1508288945599270916
1508288959847145476
1508288990142631944
1508288991480717316
1508288995993989133
1508289000791961610
1508289002104832011
1508289020261900293
1508289020790714373
1508289034065674240
1508289034472333313
1508289040751411201
1508289042546315273
1508289046413553664
1508289050691743749
1508289051903856651
1508289068433489920
1508289081901387779
1508289088347992066
1508289137924841474
1508289138000334860
1508289161010499585
1508289179532283909
1508289182434746376
1508289189627932672
1508289190189969408
1508289190798233601
1508289196892594183
1508289202819313664
1508289253913989122
1508289256338374658
1508289258561609730
1508289269961478144
1508289282989080578
1508289283035119625
1508289288647188481
1508289294401691650
1508289294254981129
1508289322449002497
1508289332842569739
1508289335304593408
1508289340044357637
1508289345358548999
1508289359333584897
1508289389230653444
1508289397531283457
1508289406431481868
1508289424249044995
1508289427000508416
1508289428225101827
1508289431505027074
1508289448366194693
1508289461217542144
1508289467651604492
1508289467928305669
1508289468494663688
1508289484093370368
1508289490527600646
1508289491424854021
1508289506247516168
1508289522261504004
1508289552296808448
1508289562639888390
1508289566155112449
1508289575156072448
1508289590410371080
1508289591995822080
1508289608496599041
1508289609570332682
1508289615698014212
1508289616616759296
1508289618671812612
1508289621846728705
1508289637000826885
1508289649386553347
1508289654356905990
1508289660413353988
1508289686061654016
1508289690742317057
1508289699038654471
1508289700276031497
1508289715384238087
1508289718244413440
1508289725500694531
1508289747285950466
1508289764511821828
1508289765581500425
1508289773252882435
1508289777484845066
1508289794941636610
1508289795679789056
1508289797059756032
1508289798670368775
1508289799119069185
1508289800838688771
1508289804529995779
1508289809407791109
1508289816391143426
1508289818274328576
1508289824167370758
1508289826361020417
1508289827527020547
1508289860699893766
1508289868807376901
1508289873878343686
1508289879737778182
1508289888583573508
1508289893612490752
1508289895084613633
1508289898213785608
1508289908728901637
1508289914860941318
1508289922016366595
1508289926181367817
1508289928534405127
1508289929985802243
1508289948796928003
1508289952689188870
1508289954534801415
1508289955784798211
1508289963305029636
1508289966824173575
1508289986294018051
1508290007529922565
1508290010851774468
1508290024466382851
1508290024650907648
1508290029034086406
1508290043504476169
1508290048864751621
1508290055063982086
1508290078077902851
1508290081647661059
1508290082217738243
1508290105487855621
1508290111880024065
1508290113859641346
1508290115742752773
1508290118116859909
1508290148437528590
1508290150660403204
1508290150798966790
1508290152300384259
1508290173565796353
1508290183120113665
1508290189973725191
1508290194029510659
1508290196646866948
1508290199985565702
1508290229689630720
1508290245644759041
1508290247171485699
1508290249750986754
1508290269602533376
1508290278536495106
1508290280893698057
1508290285079609352
1508290289475198977
1508290289676394497
1508290292922859522
1508290299487006725
1508290300900306945
1508290314133512199
1508290319648927750
1508290322991747078
1508290333691441152
1508290341706735619
1508290375898779651
1508290378646142976
1508290394131677187
1508290396354359297
1508290405418295298
1508290415149010953
1508290433729761286
1508290443435384838
1508290476633427976
1508290518102339585
1508290520665239557
1508290534208585729
1508290572930461701
1508290580731805697
1508290597391458304
1508290598813507584
1508290600092803081
1508290603393691652
1508290612772040704
1508290613380321285
1508290617998286850
1508290618166067200
1508290619042861057
1508290629939474447
1508290648822087682
1508290670582239244
1508290736026177537
1508290737204436993
1508290741713444865
1508290744297029633
1508290746008293377
1508290749015765003
1508290753851760643
1508290755328045066
1508290780519366657
1508290812483969030
1508290824714403844
1508290832004096004
1508290838933114884
1508290881199263744
1508290890753785858
1508290900627177472
1508290901595938822
1508290903076896770
1508290918297702404
1508290929869869057
1508290934949269508
1508290948731711488
1508290969082658819
1508290977663885321
1508290979383631874
1508290983858946051
1508291006667448329
1508291007107854338
1508291008781451265
1508291013596565507
1508291024036282369
1508291037638369284
1508291047335464962
1508291051278127109
1508291069963911174
1508291077345714178
1508291105762295814
1508291111617392641
1508291124783611904
1508291150108520450
1508291155179491339
1508291166567124997
1508291179284152320
1508291180857073665
1508291195449090054
1508291202914955272
1508291232010805255
1508291233684373504
1508291234896482307
1508291237228400643
1508291238356606980
1508291246611120136
1508291266718539776
1508291267301629952
1508291287245459456
1508291315829669897
1508291336495144960
1508291342274813954
1508291384054546432
1508291391713005568
1508291402202968068
1508291412365914120
1508291412445433859
1508291414446133248
1508291415687671810
1508291433974874119
1508291437737173006
1508291440472133636
1508291453302501390
1508291455751790599
1508291472340172800
1508291489222246400
1508291502329401346
1508291508297949188
1508291526207676419
1508291532419444736
1508291551386025988
1508291556872126466
1508291572655398920
1508291611817652230
1508291624547528712
1508291635934756864
1508291638845587461
1508291641823617024
1508291648668717059
1508291654796873728
1508291667824201731
1508291678494502912
1508291681774235649
1508291684936953859
1508291688762310659
1508291692994170889
1508291704486612993
1508291710291378176
1508291717774000128
1508291721620242433
1508291732089102341
1508291733800509440
1508291736795324425
1508291738443685892
1508291750615416832
1508291753702531072
1508291755191508996
1508291761185169412
1508291768181264386
1508291779724197893
1508291783175770116
1508291784421658626
1508291785021616129
1508291805951012875
1508291825312100363
1508291850087460867
1508291859478683648
1508291862213312520
1508291862800396296
1508291866307047424
1508291878197805064
1508291898745663499
1508291908703068167
1508291911731363844
1508291914596073475
1508291933290086400
1508291939564756994
1508291969327722500
1508291971537768450
1508291985756590088
1508291993721397258
1508292021911527430
1508292031621132289
1508292031654752267
1508292042937757698
1508292087850024961
1508292095240507393
1508292110130110479
1508292110180528130
1508292123287642120
1508292123845607424
1508292124957061122
1508292132892983297
1508292132943106056
1508292138211151875
1508292143525560326
1508292161548206087
1508292181525778432
1508292203847823369
1508292205651415040
1508292205613572103
1508292214124052482
1508292221602340879
1508292227851862018
1508292238299725825
1508292250647769094
1508292273791856640
1508292294319144964
1508292312379625477
1508292319887642624
1508292320273309705
1508292321095262215
1508292347968294914
1508292349151096834
1508292349780238341
1508292368465903621
1508292381677785089
1508292393849614337
1508292409431633930
1508292410534735872
1508292417073655816
1508292421422968833
1508292423096713216
1508292427077099520
1508292437504057349
1508292480835330050
1508292485226795016
1508292497977528324
1508292500175433729
1508292501030912000
1508292520660578308
1508292523130765316
1508292546300022800
1508292556282552321
1508292573668032514
1508292580487974916
1508292583872602113
1508292598812749829
1508292607805632513
1508292610619760640
1508292629645205510
1508292631805120512
1508292634724356100
1508292645696593925
1508292653515001863
1508292672284499975
1508292704496947202
1508292716395851780
1508292720955166726
1508292728689508357
1508292733521494021
1508292747374972937
1508292747542810624
1508292760167612417
