1503883731785826304
1503883732331151369
1503883732746481670
1503883734097047557
1503883737746006018
1503883743626510338
1503883753306746880
1503883754414215175
1503883759204110338
1503883760126812162
1503883763444592641
1503883768020484103
1503883781266350083
1503883799779676160
1503883813084049410
1503883814132719619
1503883815948849160
1503883825234993152
1503883830083690505
1503883830540832775
1503883834546339840
1503883856977481735
1503883858068090880
1503883871783317505
1503883876158083081
1503883878108471305
1503883881082204166
1503883884412477443
1503883891823849473
1503883893706936323
1503883894524977153
1503883905929302021
1503883908026355713
1503883909716713476
1503883915785908224
1503883918591684609
1503883930813956097
1503883936912523265
1503883958576193538
1503883962808246275
1503883965974863875
1503883979321094144
1503883982487891973
1503883992025677827
1503883993741430787
1503883999139172352
1503883999499849729
1503884007204921351
1503884018676342791
1503884037177454592
1503884044374884354
1503884052092395531
1503884052591681536
1503884053010915330
1503884055569338370
1503884058337878016
1503884058509590537
1503884075093868545
1503884080584159237
1503884098158346244
1503884104923861004
1503884118446292998
1503884128185470988
1503884129129037826
1503884135781343239
1503884155645534209
1503884159684513796
1503884172603146240
1503884188323307524
1503884193469771782
1503884201397006338
1503884201996791808
1503884206954401792
1503884213837303816
1503884225807855617
1503884246804570117
1503884261702701056
1503884267352465415
1503884282036559873
1503884286377836546
1503884290102337543
1503884295034839051
1503884308821549058
1503884311522512897
1503884320242606083
1503884335144910853
1503884348701155328
1503884352245141504
1503884354744774656
1503884359295807488
1503884359899746308
1503884366614876161
1503884368997142530
1503884397451300872
1503884403004502017
1503884406112632834
1503884406426984464
1503884425284575232
1503884449565585415
1503884452283371522
1503884463159218180
1503884478384521218
1503884479357718537
1503884489747222529
1503884491487682561
1503884501864300544
1503884512270467077
1503884524488437760
1503884532788908039
1503884537478189066
1503884556021211147
1503884557195497473
1503884558520967172
1503884560010031104
1503884571364016129
1503884581581123587
1503884582164250624
1503884590074769411
1503884590469025793
1503884602963906560
1503884610714877954
1503884616486244352
1503884624581525506
1503884626997223429
1503884627630596097
1503884628314058752
1503884642406977536
1503884644613251072
1503884646676840449
1503884654386028549
1503884659863732226
1503884661923401729
1503884664913727488
1503884680902307843
1503884681816780804
1503884689949478913
1503884715136221187
1503884721532465157
1503884727652081666
1503884730369937411
1503884734618906626
1503884738532155397
1503884739971002369
1503884750527860736
1503884754348920840
1503884756529856514
1503884759465873411
1503884760464171015
1503884774410174467
1503884795469656069
1503884803627622401
1503884805456416770
1503884819612246018
1503884828793614338
1503884829435248643
1503884829993148420
1503884834803965952
1503884839757377540
1503884843234791424
1503884852348612609
1503884855767093256
1503884866705784833
1503884870724038664
1503884886737932288
1503884890739294211
1503884894178627587
1503884925904240646
1503884927753981952
1503884943201431553
1503884955025301504
1503884970057555968
1503884972008120322
1503884972121370624
1503884974310805505
1503884979536900100
1503884983429218305
1503884983450152967
1503884990081167363
1503884996905521155
1503885011233099779
1503885024566853632
1503885025787674624
1503885027267923969
1503885037174939656
1503885046532427778
1503885047128104968
1503885054409388040
1503885056615481346
1503885058922659840
1503885062361821190
1503885062525587456
1503885064534474752
1503885072117944324
1503885079864557575
1503885094838222849
1503885097627537408
1503885102828462082
1503885132763217925
1503885153399148544
1503885156146302980
1503885173049470979
1503885205945339904
1503885209678266375
1503885212433801218
1503885223683051520
1503885229722939392
1503885240410021890
1503885251780780035
1503885254112661505
1503885257233293313
1503885260328779777
1503885264841809924
1503885291228119049
1503885292905902083
1503885296550645761
1503885309070635011
1503885310849171462
1503885313772777476
1503885314397556739
1503885335817719815
1503885367518560256
1503885378578694151
1503885380738641922
1503885385725886469
1503885410518269957
1503885418743439361
1503885420224040962
1503885420681207812
1503885423927431173
1503885430898495499
1503885439970779139
1503885440558014467
1503885447319244805
1503885448237694976
1503885448095191041
1503885464377470991
1503885476817784837
1503885478856171524
1503885485436940292
1503885503783116800
1503885516403576832
1503885520149127179
1503885533767880705
1503885545856020480
1503885555242733568
1503885561504882690
1503885565657239560
1503885577942405126
1503885588969275392
1503885597324288005
1503885618513944586
1503885618933383170
1503885625824481283
1503885627242156036
1503885639510593538
1503885643176419334
1503885648058535944
1503885651573415936
1503885653754458117
1503885657126670336
1503885675942367234
1503885680581218304
1503885685157212172
1503885696557367297
1503885702525825025
1503885708636745732
1503885712130596874
1503885730241728516
1503885730548011010
1503885737380524033
1503885737695100932
1503885738814984193
1503885743655383041
1503885743822942211
1503885745030938631
1503885752538652677
1503885759870386178
1503885760201641990
1503885774508355586
1503885774487494659
1503885775812890628
1503885784088199172
1503885797908488197
1503885812152348677
1503885815423848453
1503885820142530564
1503885835657175043
1503885839268556801
1503885845073383425
1503885849821433865
1503885854535827464
1503885861083136002
1503885862945255426
1503885868897034242
1503885879689064454
1503885881178042369
1503885892943024134
1503885900585086982
1503885905592999942
1503885909699309569
1503885912190730243
1503885919245451268
1503885919451066376
1503885920155668484
1503885921439350787
1503885922772869121
1503885923376840709
1503885930842759175
1503885931861872642
1503885942821597185
1503885947355938816
1503885949888991236
1503885962396504071
1503885969833013253
1503885989323980805
1503886000992526343
1503886003395780612
1503886007548141570
1503886018654658560
1503886023557853190
1503886027122872323
1503886027555016707
1503886028712513537
1503886031422205956
1503886056843665408
1503886058261565441
1503886062313259010
1503886073562341383
1503886073440649219
1503886092596035586
1503886097746575363
1503886099692855299
1503886099751522308
1503886104797368322
1503886104981815306
1503886109759184897
1503886114511278083
1503886118248325121
1503886118890074113
1503886119288643589
1503886122685849600
1503886142726361094
1503886143846244352
1503886156206776320
1503886166558490626
1503886170538737664
1503886173126680580
1503886174741581824
1503886177685762055
1503886193296961536
1503886194530304000
1503886194853130242
1503886196002332672
1503886204806340613
1503886207822053378
1503886213538885633
1503886222871363585
1503886228596400129
1503886238155161601
1503886240176820225
1503886240625614850
1503886258170474501
1503886259537780739
1503886289833279496
1503886325384159232
1503886325316919298
1503886335601692672
1503886338998820871
1503886344212258817
1503886365557235712
1503886366760972290
1503886372645470210
1503886375162105859
1503886386327441416
1503886391377371136
1503886396926402566
1503886398029451268
1503886400772575232
1503886406267023366
1503886428056473604
1503886433374904326
1503886445961875460
1503886455793324035
1503886457357754369
1503886457773391872
1503886463393574922
1503886470456750080
1503886483916218376
1503886485644324864
1503886494569742340
1503886499372167168
1503886502551592973
1503886526345789441
1503886532771385344
1503886550974619653
1503886552010661897
1503886559371993088
1503886570021175298
1503886586194247680
1503886592347459594
1503886597191835654
1503886597623791622
1503886604347265025
1503886611511185411
1503886614380093446
1503886652669898763
1503886684664086530
1503886684999593995
1503886685658042376
1503886692323049472
1503886706033975306
1503886712887459849
1503886741098602499
1503886752494325760
1503886759456911367
1503886769267298308
1503886777412583424
1503886778104782849
1503886783481888781
1503886787869040644
1503886788879736838
1503886804701057024
1503886806957563905
1503886812883959810
1503886816004345858
1503886816344219653
1503886822669230081
1503886823851847680
1503886842583826432
1503886843191779329
1503886856429187077
1503886869498679308
1503886871507738626
1503886876905721859
1503886878818418688
1503886892047159301
1503886905674371075
1503886915799597068
1503886917120712709
1503886924355977221
1503886930588614670
1503886938763571204
1503886941338550278
1503886951744634883
1503886955993608192
1503886964499562497
1503886969994190854
1503886980832186373
1503886983600345089
1503886996741459969
1503886997768871942
1503887003829551109
1503887009529610244
1503887013199720454
1503887016781623299
1503887017255612422
1503887022343303174
1503887031218446340
1503887040286535680
1503887045630038020
1503887058774810628
1503887078102343695
1503887090249256960
1503887101317767168
1503887110293659650
1503887116308262917
1503887127817252869
1503887129688088588
1503887132548550657
1503887142312988674
1503887143533490177
1503887145479680004
1503887145756418049
1503887151179735046
1503887154665172992
1503887159304105986
1503887161837309953
1503887164718858241
1503887167881416708
1503887178195218432
1503887180975857667
1503887186323775495
1503887186902593539
1503887209833050112
1503887218406002695
1503887230586130433
1503887234667319297
1503887235246141440
1503887241172725762
1503887245169860612
1503887247342387200
1503887250748153860
1503887251289350147
1503887261368299525
1503887272822849539
1503887275687616521
1503887283249950724
1503887300500983808
1503887304120836109
1503887315374067718
1503887336265986052
1503887343195140096
1503887344679948290
1503887349389971457
1503887349536677893
1503887357765984256
1503887365995118596
1503887367261855744
1503887368159432706
1503887375260217344
1503887375755268103
1503887376522883072
1503887380691963904
1503887386664603649
1503887406046482441
1503887409351921664
1503887409880215557
1503887412522622985
1503887419774574595
1503887425982332930
1503887429505277953
1503887431933825024
1503887432218988545
1503887438174949381
1503887445523263491
1503887455468015618
1503887457515106304
1503887467002273793
1503887479954358272
1503887484102615088
1503887485587406850
1503887496840720386
1503887507036983301
1503887513240354829
1503887528260251650
1503887531078733825
1503887545805176832
1503887550917844995
1503887560749182978
1503887572933689344
1503887593087414279
1503887593481539587
1503887595339665410
1503887595595448320
1503887598124560387
1503887598892326914
1503887602050609155
1503887604118339585
1503887613924904960
1503887615858257932
1503887623395237891
1503887640738758656
1503887642634878977
1503887657776021507
1503887670065381376
1503887673349795840
1503887692257546242
1503887694975229953
1503887707902255111
1503887722062102528
1503887730123722753
1503887730929029122
1503887738189361153
1503887751346679808
1503887751254577154
1503887751451660289
1503887755553689601
1503887762122211328
1503887765833863171
1503887767251697666
1503887772645408772
1503887789133283331
1503887794812428293
1503887797001891852
1503887797761024003
1503887808389427202
1503887819428802563
1503887824449200131
1503887835568480264
1503887835799392258
1503887847060819984
1503887849648758786
1503887852865830912
1503887856372269065
1503887864362377222
1503887871912120323
1503887879185047553
1503887880355082241
1503887884188848128
1503887904699031554
1503887907697963012
1503887912835846145
1503887912726839300
1503887919852838912
1503887945249574916
1503887950592942080
1503887951889145856
1503887958000218112
1503887962546835464
1503887966082580482
1503887980691341318
1503887985577639936
1503887986928328710
1503887990241861637
1503887997099548672
1503888009384632330
1503888011465043972
1503888014233198596
1503888041831768076
1503888042221735941
1503888046105767945
1503888049263898626
1503888050488852491
1503888053751926785
1503888075142975499
1503888081942097921
1503888091626577922
1503888097376968709
1503888100564602883
1503888107820699649
1503888110341525508
1503888123985637378
1503888125969453064
1503888131933839362
1503888133536030723
1503888137344409604
1503888137537343495
1503888144868864002
1503888161994280961
1503888163517140994
1503888164347256834
1503888169506377733
1503888184517828608
1503888204818444288
1503888213328367616
1503888215660396544
1503888218000961536
1503888225030615046
1503888253774176262
1503888256361910272
1503888259168055305
1503888260287893509
1503888260996677644
1503888263307837445
1503888265543311367
1503888277048369152
1503888282060480514
1503888283503374338
1503888288632868866
1503888288943280129
1503888295075405826
1503888298888302597
1503888299571699712
1503888304621891585
1503888306865688578
1503888322476793862
1503888324590718976
1503888333830856707
1503888344517914629
1503888359718019074
1503888372489728002
1503888379326345219
1503888382581264390
1503888386700070913
1503888390164553733
1503888392085409792
1503888393062735878
1503888400725721089
1503888406413131777
1503888407071965184
1503888410737618948
1503888412641800196
1503888420896182273
1503888423622483973
1503888426420084740
1503888436553474051
1503888451967459331
1503888476105805825
1503888479150739462
1503888481881571328
1503888482334347268
1503888484729303044
1503888487388491777
1503888488864915465
1503888496808837124
1503888497312153606
1503888499447148547
1503888505755295746
1503888508842397710
1503888510260068353
1503888510729670656
1503888520921948165
1503888533886431236
1503888535778078724
1503888540307918849
1503888543755784197
1503888544363950084
1503888550638473221
1503888554828652544
1503888566782418949
1503888582511144961
1503888584100569093
1503888585946148865
1503888588307673095
1503888603750969345
1503888603989958656
1503888607857229824
1503888615218233348
1503888632427413504
1503888634059145228
1503888634214338565
1503888640799354885
1503888644817313793
1503888657266135040
1503888664711024644
1503888669425516551
1503888674194436098
1503888683375767556
1503888686303387649
1503888697879576582
1503888702262632450
1503888706612064256
1503888707710951425
1503888719845236740
1503888720474230784
1503888721065783301
1503888721824858113
1503888724546838528
1503888726761562116
1503888728573755392
1503888730855292928
1503888737071247361
1503888741223395328
1503888743706644482
1503888744155430919
1503888744906166274
1503888745895976961
1503888749901537284
1503888750480224259
1503888750300082176
1503888752430792708
1503888758579421184
1503888768482357248
1503888771254730757
1503888771972218880
1503888776346492928
1503888776850194433
1503888777973932034
1503888780750733319
1503888787897790468
1503888789432897541
1503888793534873609
1503888808869339140
1503888808890281984
1503888813042589696
1503888819229143044
1503888827328307202
1503888828276293635
1503888843308687364
1503888858160799744
1503888858902978560
1503888859670720516
1503888862334103560
1503888863491764237
1503888870164807680
1503888870819172353
1503888873130237958
1503888900263227400
1503888913496162308
1503888932173459458
1503888935767920643
1503888940755005441
1503888953199534089
1503888960522788869
1503888961005047812
1503888982295252992
1503888987034894341
1503888993720668160
1503888993666187272
1503888994316468225
1503889000402243587
1503889001559822346
1503889008652337157
1503889011605184519
1503889026809536514
1503889027010908160
1503889031418896385
1503889031830061065
1503889033100812289
1503889036821336075
1503889038390050821
1503889051677507586
1503889054382833667
1503889065661370374
1503889069557829636
1503889072594604035
1503889075828412419
1503889080215609349
1503889087673032704
1503889090911084549
1503889093755043840
1503889110053883905
1503889112079732738
1503889124100489217
1503889125094662153
1503889130429849601
1503889153716633604
1503889156505747457
1503889157633966080
1503889164034625544
1503889167897538561
1503889172330909696
1503889174050398210
1503889175879294986
1503889179322822661
1503889181398876163
1503889185052274690
1503889197995905025
1503889213514825731
1503889219340718081
1503889220003270661
1503889223291703299
1503889226382909441
1503889228433956866
1503889230501756928
1503889235484553225
1503889235685781505
1503889236914843650
1503889236873089026
1503889240224145418
1503889248251957248
1503889268720246784
1503889272415612933
1503889273778540546
1503889286357262337
1503889287062106113
1503889294490058754
1503889310386327552
1503889311699279872
1503889312001282049
1503889313209102337
1503889317336424449
1503889322038153217
1503889322260447240
1503889325007777801
1503889328442908674
1503889346688163840
1503889348403642368
1503889367848288257
1503889370469781507
1503889373691006979
1503889376945790976
1503889386408189953
1503889388803133456
1503889390468218881
1503889403894120449
1503889409393020931
1503889434248364037
1503889436718813184
1503889437822009351
1503889438795042816
1503889451218522113
1503889464254504964
1503889466204766213
1503889474471796736
1503889477177118720
1503889478531829762
1503889484164780040
1503889491005747206
1503889495816429571
1503889497150287878
1503889504662401026
1503889506730135552
1503889508718239746
1503889510756585479
1503889512056905729
1503889513390776326
1503889513977942016
1503889513881665536
1503889517769592833
1503889520214872068
1503889532965597188
1503889533598777345
1503889544869212160
1503889549436481536
1503889553781932034
1503889558697652230
1503889563999252499
1503889568143233024
1503889583284572162
1503889583896936451
1503889585339781120
1503889586912735232
1503889588737257475
1503889590389772294
1503889591719268354
1503889592608468992
1503889613076770816
1503889613877743618
1503889620110659600
1503889621435891713
1503889622107148292
1503889631758073857
1503889636451516418
1503889643875540994
1503889646660595716
1503889650359754753
1503889656068378628
1503889662712107013
1503889663370661896
1503889667044818948
1503889666524602370
1503889671306194949
1503889673009053697
1503889674066006016
1503889676754636802
1503889678310965248
1503889683469774849
1503889686284181504
1503889689991802881
1503889691363676161
1503889691912810497
1503889697390665734
1503889708836802561
1503889710367666177
1503889718324441088
1503889725278588939
1503889725978992644
1503889726314532871
1503889726369308674
1503889731020464133
1503889733604229124
1503889742835818498
1503889745151029248
1503889756375199744
1503889757054537728
1503889783663198208
1503889797953331209
1503889798674722818
1503889798796386304
1503889799119212556
1503889802684354561
1503889803527471105
1503889810507051009
1503889819109588994
1503889820577193984
1503889825451159553
1503889830316548098
1503889838486945792
1503889838612881416
1503889844161888263
1503889847630532608
1503889848817512448
1503889852298772480
1503889856539226113
1503889860532203520
1503889861668921346
1503889861878550530
1503889864680685571
1503889872045629442
1503889874541322241
1503889875791056897
1503889882787332096
1503889888646737923
1503889891976835075
1503889893956759553
1503889894350876675
1503889895651164161
1503889897916354561
1503889898813669383
1503889903507095556
1503889904731885569
1503889905671614464
1503889909890920449
1503889913871314946
1503889915138002950
1503889915276406785
1503889915804893193
1503889921198723081
1503889922876272640
1503889923929264128
1503889933848752133
1503889938433003523
1503889938705797123
1503889938865086465
1503889939234181121
1503889939368329216
1503889942140891138
1503889955306754055
1503889961065627658
1503889963112439813
1503889974420250630
1503889974936154120
1503889975976288256
1503889983454777346
1503889985304334337
1503889985426104327
1503889990434136072
1503889991558053893
1503889993416204291
1503889995811418114
1503889997933395969
1503890001343488004
1503890005143404545
1503890008670973952
1503890014509404168
1503890015268614148
1503890015662886918
1503890021820116994
1503890029227261952
1503890035875192841
1503890036210556928
1503890040463798272
1503890048596549635
1503890050546905088
1503890051993845760
1503890061980545027
1503890066229313543
1503890069303840771
1503890070029455368
1503890075737800705
1503890089658793994
1503890091315453955
1503890093844701184
1503890095576915972
1503890096923328512
1503890102245752832
1503890104900730880
1503890109933965315
1503890112580665354
1503890119840960516
1503890125125820416
1503890128338567170
1503890135703818244
1503890137746489345
1503890138480484356
1503890139629731841
1503890143270252544
1503890150073552910
1503890153365979136
1503890154288787461
1503890160794046466
1503890164216733699
1503890165487570948
1503890177046974468
1503890177722302464
1503890187809705993
1503890201529094148
1503890204460941312
1503890207082438663
1503890207988490242
1503890210593071111
1503890210731569157
1503890214476926978
1503890224090390532
1503890232722214916
1503890233120673800
1503890236690079749
1503890237298204673
1503890238250405893
1503890240695590915
1503890252196372483
1503890254847258635
1503890262111789058
1503890263273611266
1503890264720609280
1503890265698111489
1503890268172476419
1503890275042836482
1503890285184618499
1503890287453634560
1503890289534115841
1503890295762477056
1503890299180957699
1503890299348791297
1503890306462273537
1503890310589521922
1503890319192039424
1503890319124873217
1503890320374878209
1503890331946737665
1503890337336819716
1503890339773386752
1503890342201987074
1503890343082835968
1503890349428641793
1503890352708759553
1503890364721086464
1503890366818357253
1503890367317516295
1503890368609370113
1503890375685316608
1503890379581665282
1503890380743454726
1503890391593992198
1503890397675724800
1503890411730833410
1503890414977355781
1503890415476523017
1503890417946869766
1503890420450820099
1503890423500079106
1503890433834987525
1503890438083657729
1503890440042340353
1503890441317621761
1503890449362083843
1503890450557677575
1503890454219304966
1503890458577096708
1503890460183474176
1503890468161175557
1503890473752092678
1503890474347732997
1503890477535346688
1503890479959715841
1503890484489596934
1503890487350108160
1503890487886950411
1503890491561156614
1503890491875770371
1503890495197659138
1503890500960587780
1503890515170836481
1503890537182633984
1503890541817212928
1503890548482052097
1503890554790330370
1503890555335553024
1503890560213557250
1503890566999949312
1503890571894697985
1503890575895896074
1503890578773536768
1503890580283269123
1503890583286431747
1503890588403658752
1503890588332138496
1503890589871448065
1503890593222696963
1503890595965669376
1503890602110373898
1503890602840059904
1503890609513369602
1503890619667820547
1503890620548456451
1503890621177737223
1503890625955041284
1503890630828871682
1503890634154950669
1503890634674946055
1503890639645147138
1503890641675292672
1503890644552478725
1503890647228592130
1503890651854909447
1503890652454662146
1503890652999921680
1503890655017271299
1503890657009577986
1503890658414809092
1503890661422084101
1503890665775710214
1503890669395398658
1503890670142078982
1503890672176218112
1503890677993816066
1503890679373578242
1503890685199458306
1503890687238066179
1503890687950917633
1503890689221808128
1503890692128612354
1503890696205320195
1503890696255811593
1503890700341063680
1503890701053923330
1503890701960073217
1503890704413560833
1503890707173445635
1503890707378962432
1503890716291964931
1503890716904378378
1503890721262219267
1503890724642828290
1503890729424236545
1503890733270552581
1503890741659066375
1503890748348928002
1503890752383901701
1503890756737544192
1503890758104801284
1503890759459688455
1503890759744950276
1503890765029822479
1503890766950809600
1503890775234555906
1503890780380930055
1503890784382300163
1503890789402824709
1503890802472275976
1503890802853957632
1503890804653236224
1503890817387151360
1503890818788036608
1503890818922283009
1503890826367168513
1503890835863228423
1503890843450904576
1503890849712812034
1503890851788775425
1503890851704963072
1503890852514517000
1503890863402987522
1503890881975230466
1503890883925581825
1503890897880113156
1503890898983309314
1503890899163652096
1503890908235898881
1503890908600623105
1503890910614110208
1503890920139198465
1503890925189320705
1503890928901115907
1503890945066119170
1503890951667740673
1503890951760224258
1503890958802472965
1503890963080822784
1503890967396556802
1503890969330126852
1503890972085829633
1503890978901532676
1503890979471855617
1503890979648118786
1503890992432357378
1503890998916788226
1503891002091884546
1503891008827932674
1503891012447522816
1503891018671955972
1503891022966796294
1503891029463912448
1503891030013272067
1503891032861454339
1503891035252047874
1503891036023754755
1503891041778163714
1503891043833434112
1503891045268037641
1503891045477613568
1503891047121707008
1503891052108918784
1503891052666793987
1503891054415986688
1503891057616035843
1503891063999770626
1503891064133931009
1503891078998601733
1503891082450399232
1503891088712642565
1503891116713684994
1503891117456121860
1503891124229971974
1503891136154411010
1503891139677458433
1503891140944150530
1503891146300268545
1503891149823803393
1503891154206703622
1503891158707040257
1503891163337662467
1503891168312107012
1503891176516169732
1503891180374872067
1503891183289860101
1503891183973670920
1503891186397978625
1503891192467103749
1503891196585734146
1503891198561308679
1503891200016801792
1503891202604605442
1503891205750509568
1503891206916423683
1503891210448273408
1503891213199495168
1503891219243487232
1503891220795322368
1503891221147787268
1503891228412325889
1503891246204477440
1503891247542415361
1503891249148796931
1503891249891508227
1503891252189798406
1503891261635403776
1503891262025347073
1503891268421648385
1503891268908331013
1503891272938926082
1503891277485686785
1503891282871136259
1503891284129456128
1503891284930486272
1503891286167797768
1503891292304011265
1503891293394673669
1503891298037616642
1503891298272616450
1503891312512184322
1503891321886543872
1503891324491243522
1503891330363281408
1503891335413071874
1503891339355820033
1503891350155980800
1503891350407680000
1503891365314412547
1503891374793445385
1503891376827613189
1503891378421514242
1503891397665034243
1503891403461435393
1503891408784138242
1503891409497202692
1503891414962294789
1503891416195473409
1503891419429285888
1503891421572575233
1503891429537550341
1503891438706335744
1503891446247542784
1503891466862612480
1503891467055607820
1503891471799562241
1503891472759808000
1503891482490523651
1503891483924975616
1503891487414755332
1503891487754526724
1503891495169929216
1503891500354007046
1503891501687918596
1503891503428476928
1503891508465963014
1503891508847591424
1503891518699892736
1503891525058674694
1503891527986200582
1503891528229425153
1503891534722342924
1503891539294134273
1503891542393737220
1503891545199624193
1503891545799499778
1503891545983963140
1503891548127338498
1503891550312484867
1503891552262889472
1503891551818170370
1503891567450501126
1503891577260765189
1503891582482796546
1503891587436363776
1503891598802919430
1503891606310735872
1503891623045787652
1503891623821950976
1503891626435178498
1503891637121937410
1503891638107742209
1503891638774546438
1503891639097430020
1503891653332979712
1503891674090680322
1503891677345374210
1503891682269577218
1503891687017533446
1503891695364104192
1503891696119078913
1503891697754849282
1503891699126349824
1503891702788112384
1503891704478416897
1503891712451751937
1503891714179833864
1503891729144983554
1503891729958719489
1503891736304635909
1503891742822580224
1503891748149420033
1503891752465285122
1503891754961059842
1503891756479225856
1503891767766171663
1503891775148150787
1503891788230057985
1503891798707552263
1503891817787703296
1503891822782812160
1503891825672830976
1503891825580515336
1503891826687848450
1503891840977809421
1503891844354220034
1503891851660562434
1503891857985896450
1503891867443896322
1503891876100857865
1503891877841547267
1503891880110665738
1503891883931619328
1503891892957851651
1503891896107683841
1503891897374421001
1503891909416259591
1503891909441466378
1503891914290085888
1503891917041373185
1503891922779316230
1503891926864601091
1503891932677779460
1503891935789989889
1503891950100889601
1503891951434620928
1503891954362466308
1503891965540188166
1503891965611589639
1503891968551755777
1503891974323023873
1503891974058876936
1503891979880521732
1503891988265021443
1503891991570284547
1503892000218783745
1503892003263815687
1503892008846475276
1503892009823707141
1503892019361591305
1503892030908342275
1503892034557386754
1503892037883420672
1503892038735048704
1503892047350145030
1503892047635247104
1503892053217923072
1503892058800599046
1503892062751580169
1503892068149645330
1503892074764058627
1503892076580245514
1503892081370148872
1503892086508171273
1503892092547915783
1503892097262567425
1503892106774925312
1503892118879809537
1503892119928426497
1503892125536198661
1503892127977295877
1503892129336242180
1503892131471142918
1503892141843656705
1503892152815861767
1503892156267778050
1503892163943444485
1503892164618579969
1503892176601821188
1503892180959522820
1503892190384250881
1503892191600685056
1503892194352148485
1503892199292895234
1503892204393484288
1503892208939843586
1503892213289398273
1503892227457646593
1503892238388113410
1503892244239056896
1503892255941267457
1503892263012810758
1503892264145211396
1503892272231993346
1503892272651382792
1503892273146343428
1503892281559900163
1503892310098157574
1503892311700353027
1503892314648989705
1503892320055439361
1503892321057873925
1503892322924347399
1503892324580937729
1503892336337686531
1503892336715210754
1503892342591401987
1503892343598256128
1503892348975161348
1503892352099917824
1503892355312762881
1503892360324911104
1503892371267850240
1503892374660866050
1503892378242850821
1503892384177819648
1503892402184011776
1503892403920556035
1503892417434501127
1503892421670809609
1503892427924516867
1503892430097350656
1503892437391060998
1503892453878865922
1503892463546556416
1503892469578043394
1503892472375779331
1503892482517438467
1503892483620573186
1503892490222407680
1503892504625795078
1503892520354385927
1503892526230556674
1503892531691458561
1503892532316487680
1503892539862102022
1503892540394778632
1503892553216765958
1503892558241402883
1503892566059753484
1503892576793149442
1503892580924366862
1503892587299622913
1503892595184967682
1503892604643168265
1503892613400829957
1503892616009682948
1503892630673018881
1503892645923495936
1503892654848761856
1503892657248026624
1503892669591785472
1503892671831867393
1503892672548945922
1503892674545434630
1503892674859859969
1503892675002454018
1503892676147564545
1503892679415017474
1503892680463593472
1503892685375033346
1503892688265179136
1503892701372198914
1503892718417764354
1503892724428451844
1503892733882253315
1503892740358168576
1503892750738984963
1503892751691227140
1503892756032221185
1503892763045158913
1503892785912594437
1503892827528437765
1503892834545451009
1503892867399528454
1503892870905876485
1503892875905572876
1503892886894657536
1503892916082720768
1503892921472356356
1503892930381025281
1503892933841412099
1503892937876328448
1503892940053049347
1503892941517082628
1503892945707192324
1503892956482502660
1503892957031636996
1503892958159933444
1503892964938076162
1503892967228014594
1503892968096559107
1503892976027996160
1503892980704309249
1503892982575079434
1503892997708132355
1503892997972578305
1503893000501424132
1503893017060597762
1503893017245196294
1503893021733044228
1503893034118918144
1503893042343735296
1503893043513999360
1503893043992309767
1503893047678963718
1503893057787158532
1503893059796455435
1503893061084106754
1503893064091271168
1503893067107033093
1503893082768564227
1503893100720111620
1503893102934646786
1503893123423944712
1503893136535400456
1503893139244916740
1503893145024708614
1503893150489886725
1503893152758906881
1503893154789048320
1503893171666886660
1503893172916826121
1503893181574053888
1503893192130895874
1503893200955658247
1503893202402779136
1503893205506351107
1503893216533356554
1503893220140490752
1503893222204100608
1503893226243166210
1503893229925769218
1503893231595298820
1503893235474702343
1503893254726733824
1503893261131341833
1503893268714569733
1503893269310320649
1503893269838811137
1503893282824208385
1503893301774073857
1503893309525176323
1503893320719749122
1503893326369546246
1503893326944260102
1503893333868830720
1503893337723576323
1503893355465519105
1503893357315174400
1503893368723546113
1503893374457323522
1503893378177634307
1503893378634858500
1503893395886030849
1503893401921540102
1503893422679101444
1503893423773806593
1503893425032155136
1503893426084921348
1503893429201379329
1503893442006781953
1503893444434882560
1503893450130866177
1503893462193745926
1503893470070550528
1503893473467899905
1503893480283721729
1503893487326056449
1503893491927052288
1503893492535226368
1503893502731567105
1503893507349839872
1503893517835423744
1503893537628332034
1503893537955487745
1503893547858239492
1503893554590015495
1503893559438725124
1503893564454961159
1503893600001687553
1503893603239743491
1503893640183427077
1503893641928089603
1503893646092996623
1503893653344858112
1503893655219851267
1503893673246830593
1503893681471995911
1503893687071219714
1503893699591237633
1503893699704471556
1503893712966926342
1503893723561791490
1503893728515211270
1503893733032480777
1503893734710206465
1503893741345640453
1503893755283312647
1503893771142021126
1503893776422432776
1503893781933961216
1503893789005516808
1503893797943525376
1503893800447447042
1503893800804093965
1503893802263715843
1503893802292957185
1503893804599975936
1503893812367798278
1503893832848805888
1503893832928092160
1503893840964464643
1503893845842481162
1503893851165102094
1503893856252833795
1503893857754234881
1503893865157251077
1503893874389168130
1503893875735220224
1503893880030195713
1503893891942330368
1503893892466364416
1503893898766295040
1503893899198226445
1503893910057332736
1503893910107529221
1503893919804928000
1503893928923205636
1503893930831716358
1503893940684025858
1503893942991003649
1503893948099616768
1503893961567576072
1503893968303632389
1503893972615413762
1503894001061093382
1503894000935133189
1503894004663992328
1503894012503207940
1503894014117892096
1503894015376248844
1503894029238427648
1503894029552930820
1503894030177951745
1503894035009720322
1503894036066750469
1503894051925417986
1503894078345281536
1503894078756425728
1503894088185114629
1503894110226296834
1503894116811231236
1503894127418691586
1503894130132455424
1503894133815058432
1503894135249453056
1503894148428054530
1503894159379238914
1503894160612507653
1503894162671915008
1503894197971075080
1503894199825018881
1503894199908794374
1503894206577881089
1503894209731837952
1503894209765515265
1503894211908628480
1503894215289356291
1503894218556809218
1503894221425717255
1503894227725529090
1503894232167325696
1503894234641813506
1503894236445478921
1503894245299884034
1503894248101457921
1503894251150659586
1503894271908519937
1503894275922153474
1503894292372279300
1503894304728797193
1503894313305980928
1503894318490259463
1503894321451483142
1503894322055462919
1503894323728953350
1503894335842045954
1503894340975820800
1503894352338178049
1503894374991921153
1503894377952944142
1503894379009871881
1503894407153692675
1503894412736499712
1503894415001198592
1503894416834142211
1503894418411073536
1503894424061112321
1503894424996257796
1503894428573859843
1503894430184521731
1503894432088793096
1503894444730425346
1503894450556190720
1503894451223158786
1503894451453927425
1503894455039848449
1503894455421706246
1503894463915204609
1503894469233500165
1503894471892733953
1503894476825104385
1503894477118717956
1503894477110493192
1503894488623816704
1503894494638444545
1503894507561050112
1503894514422870016
1503894523939893252
1503894526691356677
1503894532206727168
1503894535994109956
1503894537160200193
1503894539374845956
1503894548770136065
1503894555573338113
1503894565186637831
1503894571889184769
1503894595863605251
1503894601052172294
1503894613534416897
1503894639492935680
1503894639371165697
1503894661588561926
1503894691418292227
1503894691833651207
1503894702260514816
1503894702759845889
1503894702831161346
1503894706870263811
1503894709093031938
1503894727627710465
1503894730677043203
1503894746577702918
1503894770174861317
1503894770585939976
1503894775358844932
1503894777036779520
1503894795118333952
1503894804685795331
1503894805864189956
1503894809932533760
1503894820254855172
1503894821253091331
1503894826114187267
1503894847341699076
1503894848767766533
1503894884574707712
1503894886369701890
1503894889586573314
1503894899208429569
1503894917671759876
1503894932616011784
1503894933438042114
1503894940333617154
1503894943525482496
1503894946134167555
1503894948487249928
1503894953079889921
1503894955340845064
1503894971375820802
1503894971866402825
1503894980628295683
1503894981257355264
1503894987657912323
1503894989381668865
1503894994423201792
1503894997795581967
1503894999162757120
1503895000135999491
1503895003931717635
1503895011200585730
1503895019891036160
1503895023913426946
1503895036563496966
1503895042016124928
1503895064900255745
1503895081757118464
1503895093178032130
1503895096663576579
1503895102237814784
1503895103747895297
1503895142595547136
1503895147150716929
1503895147913920514
1503895152577978368
1503895177882062849
1503895179106963460
1503895180713336839
1503895182042877956
1503895183657689091
1503895194478989317
1503895199281520640
1503895200858447874
1503895203752648709
1503895208672518153
1503895232647098368
1503895233100062722
1503895233863507970
1503895238179438592
1503895239865602048
1503895241425833986
1503895254013038595
1503895255011278850
1503895255380283400
1503895260589543424
1503895267774709761
1503895275386990592
1503895286162378755
1503895286875402242
1503895287860903938
1503895304701104135
1503895310162092032
1503895321461596165
1503895331586867201
1503895333813858304
1503895335328010244
1503895335390826515
1503895350284886019
1503895360787427341
1503895387312111624
1503895394727579648
1503895403997016065
1503895410238431232
1503895414143172614
1503895419037880321
1503895419553820672
1503895424662491141
1503895434355482629
1503895450826403840
1503895462146945025
1503895470501990405
1503895506921181184
1503895514126995456
1503895514856624131
1503895515775344642
1503895522666553356
1503895533483704324
1503895540689297409
1503895548985700354
1503895551233900555
1503895552974544898
1503895553322627074
1503895561187074049
1503895562180997124
1503895564479467520
1503895566660603904
1503895567889408006
1503895572217954305
1503895590471536644
1503895591113265152
1503895593474736128
1503895627603787781
1503895629654896648
1503895631903039488
1503895633173786625
1503895648936075264
1503895661669978117
1503895662240448517
1503895664618614784
1503895668724678659
1503895670654124036
1503895687057969157
1503895714295783430
1503895715340185602
1503895717428883457
1503895733774209027
1503895739948224515
1503895742519263232
1503895743387512832
1503895743840481287
1503895758248071168
1503895764841414659
1503895766028460043
1503895789122166785
1503895796831379462
1503895797930332161
1503895804175687683
1503895807451353092
1503895816666169348
1503895820814491649
1503895824614498310
1503895826023661568
1503895827554656258
1503895828150296586
1503895828557185025
1503895829576355850
1503895830109245443
1503895832394936333
1503895833887973376
1503895844486934533
1503895845263007745
1503895846403776515
1503895854645760005
1503895855488589824
1503895872605724672
1503895877341130755
1503895887935901698
1503895890179862533
1503895891261935616
1503895905774231557
1503895913340628994
1503895916792721410
1503895918466195456
1503895924363386884
1503895926288486400
1503895929073672194
1503895929237250048
1503895931271499777
1503895931275595778
1503895933624336385
1503895943460048905
1503895946584895495
1503895951366406147
1503895955439079425
1503895957414502405
1503895960564477966
1503895960937811968
1503895969972338692
1503895970047840259
1503895984551743488
1503895985411567620
1503895988746002435
1503895990318870531
1503895990864326657
1503896006311784457
1503896010204065811
1503896016176615427
1503896018739417096
1503896019280568320
1503896024552726536
1503896033717198857
1503896048296775686
1503896060539899905
1503896078730477570
1503896079011483649
1503896080039112706
1503896081033154563
1503896084522975234
1503896095008587776
1503896101396516867
1503896104907149313
1503896105448214528
1503896105737728004
1503896119633657859
1503896125950074881
1503896131364868105
1503896132597993474
1503896134221283328
1503896138700582914
1503896145835167745
1503896146397343748
1503896161555468291
1503896169906262018
1503896175367397384
1503896184368377859
1503896190420766721
1503896196942688256
1503896200235290624
1503896208581926913
1503896214101970946
1503896220523184131
1503896224402923527
1503896226739146757
1503896228215640064
1503896229226467328
1503896232569278467
1503896237027827716
1503896240920330241
1503896243395002368
1503896248352657411
1503896261602295812
1503896265817473029
1503896274478809089
1503896277595172867
1503896286268903429
1503896301192232965
1503896323669389313
1503896346641711109
1503896352698548226
1503896356708044802
1503896363829968897
1503896365038030851
1503896376559603718
1503896389109092353
1503896389528391680
1503896398722658304
1503896405819203588
1503896406918332416
1503896418594996227
1503896426031435778
1503896439398797313
1503896441789452290
1503896453864861696
1503896455420862467
1503896460110319616
1503896475675287554
1503896475956232194
1503896483107524608
1503896519165968384
1503896529513463808
1503896532105400320
1503896545732841475
1503896546957357056
1503896552934281223
1503896557728546821
1503896558076674048
1503896558357696514
1503896559951364101
1503896559800487937
1503896560702164993
1503896566700068870
1503896580486832131
1503896585373200394
1503896588632031232
1503896589869350913
1503896591358476294
1503896603282886658
1503896607892422656
1503896612988284929
1503896614053765124
1503896619061813250
1503896630013136898
1503896653652185093
1503896661290102785
1503896666809720835
1503896671352238081
1503896678046347273
1503896678029533184
1503896682353807362
1503896687336636416
1503896691447062531
1503896694982852615
1503896696216080384
1503896698183110660
1503896698346737670
1503896698485100554
1503896708656377857
1503896709327466502
1503896716101226502
1503896736305070080
1503896745163444228
1503896754575405056
1503896769570082816
1503896772174831621
1503896774360018945
1503896784300478465
1503896785932091394
1503896788394291205
1503896796879376395
1503896817527779328
1503896839061311489
1503896846648893445
1503896852613275657
1503896858179125253
1503896860066521093
1503896860217552898
1503896861517795330
1503896868392210434
1503896870208217091
1503896871596539905
1503896872125186050
1503896876491362306
1503896877879681026
1503896893130252295
1503896894787002368
1503896895428739078
1503896913787207684
1503896914210738183
1503896919826997248
1503896925241761795
1503896926978248704
1503896933865336839
1503896937715671046
1503896940676853763
1503896941284904963
1503896953100603393
1503896973828579330
1503896989397925891
1503896989628796929
1503896992640118790
1503896993105473539
1503896995936694272
1503897000860860428
1503897008532303877
1503897011745083396
1503897013229920256
1503897018187587585
1503897021710692355
1503897024957140993
1503897031504703488
1503897033551269899
1503897038257221634
1503897038907445251
1503897057920180227
1503897064601759747
1503897068309467136
1503897069437829120
1503897073728561159
1503897075179786241
1503897084549861376
1503897084646277121
1503897088685481998
1503897096038010883
1503897097900367879
1503897098034585609
1503897098529697794
1503897107501137922
1503897113742172162
1503897115520643074
1503897129613291526
1503897131697983489
1503897135221297153
1503897157765578752
1503897162953883648
1503897171619299329
1503897173276213255
1503897174773583872
1503897181245231104
1503897184760127490
1503897210701946887
1503897225084219401
1503897229735735296
1503897235909619712
1503897237860286466
1503897244889538563
1503897245011554308
1503897266549100545
1503897267497050118
1503897268050706433
1503897267954143232
1503897276112068610
1503897286035783681
1503897299100917760
1503897299763838978
1503897313063886850
1503897314129293317
1503897316977045504
1503897323251843073
1503897326053728260
1503897329170259968
1503897338682568705
1503897341576683520
1503897344894406661
1503897356688715776
1503897357934632968
1503897376465072130
1503897388548767747
1503897391090618369
1503897391434543106
1503897396585005056
1503897405774872581
1503897411223175171
1503897431355838468
1503897432433827843
1503897432656121860
1503897450171539462
1503897461387141120
1503897466134880256
1503897466709676041
1503897468286742533
1503897481221914628
1503897491875541000
1503897510389051393
1503897528441393154
1503897539145191427
1503897540961665024
1503897542542643201
1503897547005472771
1503897553309507584
1503897573890957313
1503897576738856963
1503897580400529412
1503897585777479681
1503897588692574214
1503897595814748161
1503897602559033345
1503897603305578498
1503897608309383171
1503897627829497858
1503897631923531776
1503897632577507339
1503897651737210883
1503897659869786114
1503897676940673025
1503897678295363585
1503897687242190848
1503897687812296705
1503897694971985923
1503897695911653381
1503897697530654725
1503897699174825986
1503897702895136772
1503897704224727045
1503897707303391237
1503897709648003075
1503897711417778176
1503897712810418187
1503897713628352515
1503897724055433216
1503897730057490432
1503897735652683779
1503897736017420288
1503897735958773760
1503897745685422083
1503897747442741250
1503897761141379077
1503897765293686785
1503897771576893440
1503897774802276361
1503897775754391552
1503897785543897091
1503897795996135424
1503897804955000840
1503897807098368000
1503897807127785478
1503897812240838656
1503897818985283585
1503897823028592643
1503897825205264384
1503897837725110273
1503897847020027904
1503897847594459146
1503897861716647936
1503897862236778502
1503897867018137602
1503897868918091778
1503897875578642433
1503897876170252291
1503897878649098242
1503897879378866178
1503897880305696768
1503897883644469249
1503897884869394437
1503897892225961985
1503897896994938880
1503897899658211330
1503897905895247874
1503897913067335680
1503897913629491204
1503897922324344833
1503897925247770624
1503897927734996998
1503897934034784263
1503897934223581192
1503897952695291910
1503897974946115594
1503897977114357761
1503897978674847744
1503897990183936002
1503897993879048193
1503897999151349761
1503897999625187328
1503898007619649537
1503898016415039489
1503898035935453185
1503898052477739016
1503898057787670529
1503898066990084099
1503898069468864518
1503898076750045190
1503898080063762439
1503898081808588804
1503898084841078787
1503898084681596935
1503898086288072706
1503898086636204032
1503898091962834944
1503898098665500672
1503898111772667904
1503898117871177728
1503898127031578632
1503898128222760970
1503898146191155200
1503898147176681473
1503898157129871367
1503898160401461252
1503898162804801538
1503898163538710532
1503898170010521604
1503898175219896323
1503898178483273728
1503898183595929600
1503898185802174468
1503898188079677444
1503898193200787456
1503898194282901504
1503898196258435073
1503898201857970176
1503898207473967104
1503898207964868609
1503898208380063749
1503898226545602563
1503898228432859136
1503898247890448391
1503898248532172805
1503898251329777664
1503898258095362048
1503898264541749251
1503898273232343041
1503898274394107904
1503898281268715531
1503898285265735685
1503898287451127809
1503898291171332099
1503898293339893762
1503898295793553409
1503898307785113601
1503898311362854913
1503898337937965061
1503898345877635077
1503898353557401603
1503898356061417473
1503898365930655748
1503898366907924481
1503898383534206979
1503898384922460162
1503898390421250049
1503898391809753088
1503898395089555456
1503898396532551682
1503898406741180416
1503898414622384128
1503898423707144194
1503898433760817152
1503898436009136133
1503898437200318467
1503898449338544129
1503898457924382723
1503898460910755856
1503898466438684675
1503898471262216200
1503898471648092161
1503898497816629250
1503898499041083405
1503898507014721538
1503898516111835137
1503898526174093316
1503898530447912963
1503898540543778819
1503898544289337344
1503898545409036289
1503898545878884357
1503898546965299201
1503898552317083651
1503898554359697420
1503898559967498242
1503898561360142338
1503898564652679172
1503898567584362497
1503898568549146628
1503898584990863368
1503898590330212353
1503898598358102016
1503898605794566148
1503898606000123909
1503898606058811393
1503898606134341642
1503898606197170176
1503898606285336580
1503898606247591941
1503898606272757760
1503898606331301893
1503898606222381057
1503898606360797190
1503898606444883970
1503898606692093954
1503898607409242115
1503898609762377729
1503898618641760261
1503898646030561280
1503898648882692098
1503898650849779715
1503898661188956161
1503898661801107456
1503898662539350021
1503898663990571013
1503898667463421953
1503898670969888768
1503898678557302784
1503898687768043523
1503898690431467532
1503898695766401025
1503898696609517571
1503898699038035971
1503898706273349638
1503898726930137088
1503898728314286081
1503898743212552196
1503898746601545733
1503898746609815554
1503898748711174147
1503898753031409671
1503898758689533955
1503898762955079684
1503898764653776899
1503898789760937991
1503898801731518464
1503898813236396041
1503898816155566080
1503898819053989891
1503898819422932994
1503898821167824908
