1499731369332592645
1499731376387493892
1499731392434954240
1499731395479957509
1499731403759570944
1499731412345307140
1499731436865261572
1499731439641841674
1499731442540163072
1499731449213329412
1499731451390185474
1499731455475425286
1499731457677402117
1499731459145355264
1499731476283367426
1499731480649555969
1499731492867608577
1499731494851563520
1499731506721443846
1499731515546251265
1499731522349408256
1499731548899143680
1499731551663316995
1499731551994753024
1499731555387858950
1499731576124493828
1499731578129424390
1499731588497788928
1499731609045590016
1499731617039863815
1499731619397005312
1499731626728828935
1499731635750719488
1499731636421812224
1499731636732129284
1499731637353197572
1499731641148874755
1499731645917761540
1499731650745446400
1499731654096605184
1499731659905712130
1499731662405611527
1499731668839673866
1499731670370779137
1499731686447370246
1499731687990771715
1499731703056711684
1499731709377589250
1499731709776089089
1499731710556229634
1499731721859776519
1499731723327885319
1499731727589249031
1499731727547260931
1499731727278919680
1499731729552187394
1499731735092858890
1499731764822040578
1499731764956344331
1499731766868914181
1499731768982736896
1499731782979264513
1499731783226695681
1499731786863108097
1499731794463236104
1499731803892076552
1499731813169782791
1499731813383774215
1499731821428412417
1499731829661786114
1499731832673214465
1499731845793071109
1499731852130672643
1499731854529867779
1499731864545742852
1499731874444312579
1499731875459473409
1499731895411789825
1499731912230850562
1499731917377310723
1499731921030430721
1499731922335207428
1499731924646080520
1499731925770162184
1499731935618387970
1499731941230362626
1499731945693106186
1499731946192228354
1499731963187499011
1499731976177299465
1499731978635120641
1499731992434331655
1499731994460270596
1499731994636337152
1499732027507101699
1499732031315525637
1499732040161263620
1499732043466514447
1499732060436578313
1499732079311036424
1499732084948185089
1499732087829671939
1499732092829454337
1499732105814814723
1499732111137419267
1499732114161356806
1499732118142074882
1499732126236827654
1499732149066469377
1499732154137276420
1499732158319144965
1499732173452099591
1499732182893477896
1499732216930136068
1499732223636828166
1499732231782240256
1499732244407238656
1499732247104139264
1499732277768634371
1499732286589308928
1499732308190015491
1499732309225914380
1499732322018635784
1499732327970353162
1499732335587213318
1499732340985245701
1499732342021275651
1499732372367069186
1499732376162762753
1499732399156080658
1499732408861700103
1499732412753842186
1499732425072599042
1499732425802407941
1499732443548598273
1499732447638040576
1499732455116488712
1499732468387221504
1499732476108976130
1499732479418241025
1499732480001257474
1499732481670586371
1499732487496425472
1499732502398832642
1499732506194714625
1499732507062906880
1499732511576006664
1499732513627029505
1499732514264473605
1499732526302212098
1499732546187264002
1499732547420319744
1499732564617179139
1499732567846793221
1499732573882359808
1499732578215112715
1499732593549455362
1499732606509883398
1499732630853468162
1499732640764682241
1499732646078918658
1499732650801700865
1499732654777905164
1499732669567053835
1499732676986781702
1499732680019169280
1499732686629486604
1499732690349793283
1499732692102963202
1499732705642262530
1499732706757951488
1499732709933031431
1499732729797267458
1499732735442792454
1499732753608228867
1499732755030106113
1499732756099747840
1499732759153106951
1499732764664422405
1499732767818530817
1499732781181685761
1499732780754046984
1499732783157104647
1499732786835566608
1499732787066449925
1499732789759197184
1499732793085018112
1499732796885114880
1499732798415986688
1499732822738841605
1499732847115968514
1499732861263491083
1499732867223539713
1499732870285381634
1499732891982614531
1499732911934869515
1499732920294326276
1499732930951847936
1499732934923796494
1499732938925215748
1499732943547342848
1499732949494910976
1499732950606360584
1499732953470889985
1499732953701797888
1499732956230914051
1499732957317136384
1499732961696038912
1499732968771919878
1499732984966037504
1499732986174058497
1499732995938390019
1499732998442614785
1499732999591829507
1499733004490616835
1499733012984041476
1499733017039880196
1499733027680890881
1499733036988088323
1499733045770960901
1499733054574809088
1499733060220243972
1499733087856570381
1499733090855526402
1499733092436750347
1499733109977272320
1499733115727716357
1499733141593935878
1499733144085401610
1499733166919397378
1499733168152203264
1499733172011126788
1499733174213087238
1499733191724310529
1499733194115059720
1499733200733675521
1499733202621157382
1499733213094154241
1499733214511968256
1499733215514398723
1499733222321803266
1499733245763768327
1499733249286889474
1499733260003422212
1499733283176910851
1499733300025479170
1499733303653453828
1499733307080249347
1499733313841414154
1499733324671209474
1499733338571091974
1499733344795475971
1499733351602737152
1499733363413991430
1499733385186533376
1499733389804453892
1499733407730999300
1499733411816255489
1499733424256565255
1499733428408827905
1499733437044899853
1499733439133753345
1499733440727506950
1499733445181722629
1499733459274772484
1499733459367239681
1499733459752869890
1499733460726042627
1499733470725214214
1499733472360947715
1499733476735660036
1499733492137336834
1499733492766281733
1499733498512519173
1499733508188745728
1499733515046461441
1499733519882354688
1499733545903968264
1499733548055543812
1499733560470634497
1499733572000919554
1499733574643298310
1499733575587221508
1499733580297162760
1499733580851052552
1499733581010448388
1499733581400268804
1499733582310375424
1499733587863773194
1499733589327552512
1499733590971719682
1499733595954552833
1499733596533399556
1499733598584328192
1499733602644414465
1499733604313804801
1499733607740493829
1499733608935956484
1499733613222449152
1499733623653683203
1499733628552724492
1499733632285655040
1499733645048770562
1499733654343340035
1499733669728206852
1499733673624678402
1499733676355170305
1499733678137692167
1499733683003088901
1499733700531138560
1499733710387752960
1499733717757181953
1499733725281673221
1499733725353029643
1499733728020647936
1499733732776894476
1499733741312385027
1499733760396312583
1499733762300596227
1499733767862300673
1499733775361662976
1499733782504615936
1499733784102686726
1499733787084734465
1499733787655258117
1499733789072928770
1499733805288017921
1499733809751007233
1499733815518023688
1499733818873458692
1499733823013199874
1499733841321336832
1499733843422683144
1499733844555145218
1499733853329666049
1499733866134880261
1499733866994671620
1499733872367570947
1499733901115199489
1499733903569047553
1499733922283880454
1499733924469161986
1499733938645970953
1499733938973073416
1499733943704330241
1499733953388982276
1499733962876461060
1499733967012044803
1499733971449565193
1499734010414600197
1499734010372804608
1499734012327202816
1499734014680178690
1499734028739620864
1499734032095105024
1499734038986346497
1499734042614198273
1499734043134513155
1499734046766678016
1499734058309496832
1499734064445542402
1499734087984156672
1499734103050104834
1499734103238844416
1499734112315265026
1499734130392711173
1499734135740538885
1499734141742600192
1499734155902570505
1499734167327854594
1499734167831130123
1499734182993580033
1499734184427991042
1499734192124579842
1499734194154528771
1499734196293672972
1499734211795865606
1499734212844392460
1499734213028982788
1499734222088462341
1499734226899554312
1499734229684531209
1499734240812048386
1499734244134105088
1499734255043325956
1499734266611126274
1499734269404581888
1499734282989932548
1499734293198815233
1499734301784506368
1499734306679312394
1499734314057097222
1499734316762476548
1499734339281633282
1499734340812652545
1499734376921325569
1499734377567248390
1499734392717320193
1499734396496072711
1499734415756468234
1499734426074456067
1499734426158350338
1499734434546786307
1499734453194788867
1499734454583148555
1499734455740731400
1499734463915323394
1499734488691228680
1499734490247315459
1499734498887491592
1499734504734445571
1499734507947180036
1499734516944023552
1499734524145504257
1499734529870909445
1499734539907874817
1499734548518621189
1499734556043325443
1499734564805165058
1499734569192497153
1499734572346585098
1499734586699485188
1499734592110084097
1499734593854840833
1499734598946861061
1499734599689248771
1499734604009201668
1499734607365050372
1499734623504453637
1499734624146239490
1499734632333512709
1499734637731803137
1499734644518014984
1499734649127555077
1499734649077174279
1499734651669262337
1499734659487383557
1499734661790117891
1499734664323424256
1499734682920960003
1499734684850278406
1499734700277088257
1499734702013431813
1499734702760026117
1499734736570400776
1499734763757719561
1499734765506859015
1499734765485928449
1499734774914555904
1499734775308898307
1499734777666375682
1499734787594108932
1499734794518867969
1499734804358705154
1499734805893820423
1499734817642008581
1499734825388830722
1499734830547939334
1499734863137710084
1499734865457127429
1499734869286563842
1499734877750575107
1499734881265463300
1499734901511553025
1499734901071167492
1499734903130255361
1499734911808577542
1499734912248729602
1499734920222158854
1499734935254540288
1499734957681360899
1499734962072862723
1499734966233612288
1499734993278488579
1499735008264835074
1499735010257084417
1499735012572344327
1499735017089548295
1499735033791361024
1499735040745521152
1499735042435735556
1499735055173931013
1499735057518546951
1499735064120377346
1499735074329272324
1499735124178526212
1499735131828985862
1499735134064594944
1499735149805776900
1499735158685110272
1499735162476810244
1499735164104200201
1499735184408997890
1499735185373503491
1499735187428868096
1499735206701449220
1499735211462074375
1499735215568302090
1499735228545392644
1499735233175777281
1499735235331825666
1499735238679068672
1499735245750665220
1499735245955948552
1499735251123589122
1499735255594450945
1499735263005790215
1499735267879657473
1499735268802412551
1499735292181426178
1499735295792660484
1499735303032123394
1499735306454589443
1499735307054366721
1499735312809050115
1499735322019733504
1499735334925570052
1499735336263589892
1499735341745516547
1499735347223216128
1499735349643268097
1499735351660793857
1499735352470290436
1499735367712493571
1499735379146166276
1499735386930696192
1499735391947137024
1499735398796431360
1499735412255989763
1499735415976247297
1499735416102010881
1499735422011953162
1499735423538638853
1499735426487267330
1499735437505708033
1499735443465805833
1499735444329693192
1499735446791892997
1499735449409146886
1499735465309741056
1499735465662070784
1499735481797464065
1499735488772681735
1499735505969233923
1499735509731475457
1499735512050974722
1499735518506012672
1499735521983139842
1499735530283618309
1499735532909350924
1499735546872180739
1499735558599462919
1499735562709876737
1499735564886712324
1499735580913057802
1499735582557278208
1499735584079691783
1499735598239727624
1499735598386581508
1499735605026209795
1499735606590644224
1499735608520024075
1499735612248756225
1499735613452521479
1499735614283001857
1499735617713889281
1499735621493043204
1499735633832693765
1499735633354530818
1499735635858391043
1499735642204516364
1499735652920868866
1499735682587238406
1499735685967794182
1499735686383026176
1499735692963942405
1499735698164920325
1499735709124599816
1499735720050757635
1499735722999394304
1499735724303818759
1499735732709216281
1499735745908645888
1499735750740480004
1499735777605038086
1499735808160550913
1499735820428787713
1499735827424894978
1499735846853005314
1499735851189870599
1499735858555101187
1499735861625344001
1499735873465683971
1499735876267556873
1499735876502446087
1499735882659766275
1499735883750203396
1499735884987568131
1499735895196450826
1499735897700503553
1499735918067998731
1499735923705225224
1499735928595697668
1499735943393255430
1499735956890468353
1499735957075111941
1499735979908685824
1499735984770068485
1499735994106617860
1499735997675933709
1499736000385499138
1499736003040677889
1499736005561274374
1499736013328945153
1499736027191255050
1499736032694124549
1499736033197498374
1499736037844824068
1499736046182957061
1499736046724169729
1499736048234123268
1499736061379059724
1499736085152374797
1499736092710477824
1499736104781688835
1499736106664927232
1499736121093275649
1499736145210531846
1499736150109728769
1499736154739986435
1499736164424724480
1499736169898205185
1499736174562267140
1499736182376497155
1499736190278377475
1499736200122454018
1499736201472970756
1499736203314311172
1499736210511646727
1499736231797788676
1499736235979411458
1499736257693458436
1499736266740748291
1499736283068915713
1499736286130753536
1499736286881624068
1499736290346127360
1499736290752970752
1499736292791365635
1499736298164142080
1499736308742250496
1499736314060722180
1499736331378991107
1499736333907992577
1499736337125191681
1499736342405828615
1499736391525093376
1499736409552289796
1499736414749175811
1499736425419481101
1499736429328543755
1499736463994466306
1499736465428865026
1499736473137987585
1499736487780356102
1499736490527518721
1499736498895216641
1499736508789633025
1499736509888577536
1499736520240078854
1499736531774414854
1499736546257379328
1499736552376778752
1499736560954191875
1499736568617123845
1499736572102643724
1499736581011238913
1499736585025249282
1499736591903776768
1499736595057963016
1499736607070560263
1499736612250529795
1499736628927082496
1499736636111863810
1499736636422332417
1499736639064711173
1499736661088817153
1499736669859295233
1499736678159765505
1499736679581511690
1499736698292359170
1499736703485071360
1499736708832763906
1499736708799102977
1499736712100163591
1499736718995513348
1499736722908893188
1499736730122870786
1499736730991218694
1499736738494918667
1499736742760366080
1499736754059763713
1499736763316817920
1499736794199478278
1499736794572767235
1499736795789119497
1499736797307449347
1499736797470986240
1499736798204989446
1499736803208749056
1499736808711544835
1499736811698106370
1499736815321894912
1499736826491248647
1499736836096159749
1499736850059169796
1499736852441579524
1499736858267426818
1499736874209972226
1499736880761303040
1499736900315271169
1499736902265626625
1499736907705688073
1499736915217633289
1499736916371156993
1499736916849270786
1499736923295956992
1499736934909894662
1499736951389364231
1499736951531851776
1499736951439884288
1499736964299431943
1499736967776514055
1499736972331466755
1499736973426180107
1499736975347224576
1499736977977098244
1499736995974815747
1499736996687888390
1499736999917408258
1499737007169228801
1499737014731685891
1499737036915298305
1499737043148148745
1499737043466952706
1499737057131958272
1499737060768419844
1499737065184972801
1499737068989210632
1499737070390190080
1499737072143577088
1499737079839969286
1499737090996776970
1499737150501314562
1499737152988581890
1499737155161231366
1499737156025081860
1499737167601582088
1499737169480634369
1499737180452933638
1499737183833530375
1499737195019653120
1499737199096610822
1499737202686930944
1499737226430664704
1499737237000531968
1499737238153871364
1499737244327944195
1499737248107053071
1499737256793292802
1499737278138175490
1499737285700558851
1499737286442991616
1499737298723913730
1499737299122376707
1499737332991373313
1499737336577409024
1499737352272502790
1499737361856569349
1499737369670471686
1499737375160864770
1499737375651643396
1499737387236159492
1499737398225293314
1499737405670187009
1499737406626582532
1499737411227693065
1499737412943196169
1499737421096931330
1499737430773141508
1499737438314385410
1499737442039087104
1499737442303283207
1499737462108737542
1499737468035284994
1499737469985693700
1499737470140878858
1499737488285442054
1499737491347288066
1499737499140341767
1499737513132503047
1499737519344259079
1499737532417912837
1499737541611823108
1499737542194655232
1499737543021154310
1499737552718217220
1499737552839798784
1499737555742433284
1499737570590146560
1499737571940868097
1499737575401086979
1499737591532429314
1499737601699241984
1499737611291836416
1499737613799878659
1499737614332612611
1499737624877043712
1499737647295520770
1499737656627904516
1499737658553253893
1499737676051886081
1499737679705030656
1499737682800353280
1499737701238509568
1499737702031237123
1499737703205982211
1499737710608760837
1499737713653780482
1499737714199076870
1499737725578006533
1499737726668525568
1499737728203722754
1499737731580190721
1499737732020682758
1499737751440314371
1499737753231241220
1499737759472357377
1499737761812729857
1499737767131103245
1499737780112527366
1499737789847388160
1499737790380228614
1499737795451052037
1499737795807498244
1499737804674252800
1499737817706287116
1499737821405401091
1499737821568974849
1499737822164623363
1499737822118305797
1499737833262747648
1499737838673272841
1499737842133528576
1499737852602691591
1499737856734081032
1499737867391750148
1499737878410276870
1499737883720224773
1499737883950731266
1499737885498654728
1499737895560691719
1499737912434384899
1499737934475546632
1499737936719405058
1499737947746103300
1499737952359964676
1499737954645942276
1499737955384057863
1499737956172681218
1499737970605240320
1499737980390494211
1499737989622243328
1499737990310019074
1499737998312751108
1499738000040812547
1499738006982430721
1499738015698235394
1499738032861499394
1499738042491359233
1499738049302966278
1499738055418150913
1499738057859284996
1499738068655525888
1499738074049556485
1499738078629478400
1499738081603297286
1499738083486482433
1499738097529110533
1499738104118263812
1499738106051928067
1499738107884810245
1499738110011260930
1499738114645889028
1499738119142318080
1499738121440841733
1499738123231641601
1499738131591057410
1499738138536820741
1499738148032561152
1499738155142070278
1499738155343400971
1499738164059000837
1499738171172696068
1499738193347895297
1499738199060410371
1499738205645512709
1499738208656973824
1499738210590765061
1499738211949686785
1499738213036003328
1499738217553223681
1499738229804867589
1499738235446210560
1499738238952554499
1499738241611804674
1499738242022739970
1499738248218046465
1499738249228607496
1499738258380632069
1499738263879184386
1499738284624334852
1499738303146332164
1499738304463388680
1499738305134571524
1499738312021524484
1499738314420768768
1499738322444378112
1499738323102810116
1499738338281938947
1499738340538658816
1499738345357955079
1499738352186269703
1499738361510211585
1499738364815286273
1499738384184614915
1499738391872782344
1499738386940243977
1499738405260836865
1499738403159650305
1499738417546018816
1499738404069814276
1499738417546018816
1499738428954451970
1499738391872782344
1499738404069814276
1499738391872782344
1499738404069814276
1499738391872782344
1499738404069814276
1499738391872782344
1499738437603278854
1499738391872782344
1499738403159650305
1499738404069814276
1499738403159650305
1499738391872782344
1499738403159650305
1499738449200521223
1499738391872782344
1499738403159650305
1499738453050810369
1499738478267015174
1499738483333767174
1499738511032782851
1499738511737556996
1499738518079393797
1499738522944778241
1499738533329727495
1499738546705477632
1499738551876993024
1499738565693132800
1499738596512878592
1499738600891580418
1499738601256534019
1499738604498731011
1499738613462056967
1499738618579066880
1499738621217226762
1499738623947726848
1499738625625538568
1499738629710786564
1499738640909742081
1499738644982079489
1499738664989044740
1499738666331222021
1499738671829901315
1499738674581356548
1499738680944218117
1499738682210742272
1499738692948217866
1499738693686292480
1499738703945781259
1499738725168914439
1499738729505857539
1499738752821964802
1499738761755824132
1499738768701632515
1499738771042050048
1499738782282756104
1499738783624974346
1499738800116973569
1499738800913793029
1499738818764685312
1499738820203401223
1499738820362788870
1499738823902875648
1499738836876029954
1499738842475212804
1499738859558555648
1499738870002368521
1499738882451161090
1499738899073179653
1499738899156983810
1499738899199021057
1499738904223797249
1499738908397084680
1499738910322302979
1499738915217055745
1499738923551055876
1499738926520705024
1499738926445207555
1499738932912742406
1499738932849922049
1499738933151866881
1499738934443757572
1499738937224478728
1499738937186791433
1499738941142020101
1499738950646251520
1499738968627240968
1499738987165995008
1499738988659232782
1499738990630641672
1499739002219470848
1499739004689920000
1499739012264771586
1499739012390662144
1499739025556520964
1499739025870966784
1499739027741851648
1499739029083992072
1499739030950453251
1499739040962301963
1499739042417623040
1499739044825243648
1499739045802430469
1499739046410600458
1499739050193915904
1499739051838038023
1499739065301749765
1499739068065849345
1499739083681189889
1499739101897105410
1499739108339556357
1499739119550881794
1499739120414904322
1499739120544849922
1499739134700699650
1499739143097753603
1499739144188276736
1499739144905445379
1499739153537380358
1499739155512893442
1499739155504541705
1499739162290839553
1499739168783622156
1499739179860770820
1499739180066545667
1499739183233044492
1499739190610862083
1499739194511568900
1499739194771623945
1499739203336347652
1499739210282151942
1499739215684321281
1499739216091119616
1499739216716054529
1499739216904867849
1499739219761184768
1499739222135259142
1499739235783528452
1499739237708668929
1499739244054654980
1499739244595662857
1499739245661011976
1499739246223331334
1499739250979323904
1499739251734364164
1499739269438623754
1499739271426629634
1499739283988656135
1499739296164634629
1499739298710626311
1499739307640340485
1499739308529487876
1499739310383595520
1499739317844983814
1499739318528659470
1499739322890735617
1499739325894127620
1499739326959259656
1499739331690438661
1499739333741453313
1499739334668427265
1499739340615954439
1499739342188777482
1499739354658324482
1499739358693363713
1499739393501929475
1499739408576229377
1499739412619476997
1499739413252919301
1499739416180441091
1499739420345475079
1499739422060957696
1499739428709072898
1499739435407228932
1499739438074806274
1499739452255748103
1499739460023599104
1499739464196935688
1499739472056840194
1499739473759940613
1499739473768493056
1499739474753773569
1499739482794471435
1499739484493168640
1499739486992969728
1499739492873166851
1499739494953754627
1499739507838566405
1499739511504449540
1499739512238391296
1499739518840147969
1499739521293991943
1499739530542387204
1499739535412199429
1499739540059209731
1499739542051786752
1499739542718459907
1499739560074526722
1499739560489664517
1499739563069116424
1499739584174956544
1499739585508691973
1499739590705491973
1499739592894791683
1499739595587690503
1499739597617582081
1499739607902138376
1499739614843744257
1499739616374669312
1499739633994899457
1499739634271674368
1499739634758209536
1499739639078346755
1499739643926962181
1499739652902866944
1499739659475116035
1499739663556304904
1499739670950957058
1499739671617748993
1499739682720010240
1499739685727387653
1499739694292164618
1499739700755640323
1499739703733624838
1499739707709661185
1499739709773430790
1499739713867067400
1499739725401260038
1499739740068712451
1499739753238831104
1499739757315776517
1499739777859522568
1499739786105565194
1499739795999891458
1499739800362004482
1499739806473019394
1499739810679898114
1499739811288080391
1499739819999694853
1499739830669959168
1499739832662511617
1499739836122546182
1499739847044395008
1499739849447849985
1499739851503013890
1499739856322408457
1499739865973407746
1499739880632602624
1499739886127099904
1499739890426208257
1499739910848319488
1499739913671086081
1499739918695907331
1499739923422887936
1499739947716292609
1499739951642124294
1499739957375774732
1499739962459230214
1499739967882506243
1499739983166464004
1499739988363255812
1499740003148210180
1499740005199192064
1499740015743877120
1499740028402118657
1499740034114670594
1499740036081848327
1499740039953137664
1499740069615316992
1499740070768746497
1499740074191331333
1499740075730604032
1499740078196899846
1499740079929102338
1499740082026299396
1499740086245732356
1499740092059070468
1499740102737629184
1499740107657592834
1499740116167835648
1499740123377848323
1499740126917775360
1499740135780405253
1499740142151794691
1499740150175531011
1499740157741785096
1499740158815526921
1499740158924828680
1499740160707244032
1499740161172979720
1499740171449024512
1499740182387605504
1499740189073285132
1499740190084153346
1499740192697208838
1499740195754815492
1499740198988562432
1499740208409030662
1499740226788503553
1499740230756487171
1499740235982376965
1499740261232128013
1499740263413133315
1499740267888451584
1499740274662297603
1499740316974333952
1499740325266477057
1499740334388961284
1499740338306654208
1499740340328222720
1499740343545344008
1499740348846854145
1499740359475277825
1499740362860081153
1499740367691952137
1499740370632339459
1499740374335725571
1499740376927809545
1499740381453242370
1499740385719033863
1499740387476492293
1499740398516080642
1499740399220387841
1499740410431868934
1499740422071013379
1499740434519711745
1499740439599067140
1499740446049935364
1499740463213039616
1499740465536516098
1499740478526431234
1499740485207871494
1499740488496263169
1499740492589932545
1499740496905842695
1499740520804933633
1499740526718767107
1499740541629644803
1499740545320685575
1499740547803664387
1499740555277971457
1499740557450563584
1499740569396039693
1499740584587800582
1499740593060302857
1499740597443305472
1499740616271532035
1499740623636738048
1499740630838386691
1499740639948333059
1499740647984701446
1499740651285528576
1499740656407048194
1499740671258730497
1499740685934620683
1499740692599304193
1499740695514472450
1499740696982532100
1499740704070725633
1499740706293825538
1499740715341041665
1499740716699893767
1499740740347469833
1499740741425369092
1499740742302019591
1499740746559205379
1499740758475251714
1499740764489887750
1499740789324324872
1499740796966293509
1499740808316084229
1499740810891436037
1499740817585582080
1499740826129338373
1499740826984873986
1499740831611297796
1499740832340971521
1499740835390369796
1499740835482644485
1499740848870678534
1499740851471323140
1499740855128756230
1499740858475851777
1499740862997221376
1499740865593581572
1499740882572087302
1499740891304853511
1499740893888274438
1499740899730939907
1499740901349986304
1499740902121738243
1499740911110131714
1499740914243317761
1499740921369448456
1499740932249305088
1499740943121059842
1499740959591960576
1499740959604682753
1499740971374092294
1499740977149669379
1499740979699531779
1499740981985529856
1499740982187028481
1499741001031770116
1499741010322198531
1499741020854050817
1499741038973493249
1499741042261770250
1499741045080432646
1499741053817171972
1499741056975441926
1499741059928268805
1499741063321460739
1499741075157794816
1499741078580350978
1499741096842129409
1499741100109713411
1499741103603339269
1499741106149408774
1499741106157854722
1499741110838648836
1499741118157803525
1499741123396632584
1499741128773582851
1499741128740192260
1499741131361628162
1499741138659725316
1499741139800363015
1499741156288176132
1499741158339133441
1499741162793484289
1499741170246770688
1499741181734895620
1499741190983405572
1499741202341457920
1499741209346072583
1499741220419121153
1499741233866027013
1499741238282670094
1499741241336082438
1499741246767648771
1499741249955414017
1499741262114607106
1499741276429860872
1499741279617527812
1499741288920489985
1499741293328666625
1499741303294279683
1499741309694787586
1499741329466740742
1499741335712157698
1499741336936796163
1499741340124553219
1499741347577839616
1499741357207957504
1499741386198900748
1499741396546244614
1499741397280489472
1499741403697532930
1499741404532195328
1499741421485522944
1499741425587609603
1499741426799853568
1499741432386670599
1499741481631989762
1499741488758075393
1499741494902767618
1499741510207746048
1499741524648763400
1499741527270391813
1499741533444132870
1499741541698613252
1499741542172536837
1499741551467143170
1499741564557484034
1499741574674239491
1499741584576897029
1499741588976771076
1499741589924630531
1499741590705033217
1499741591266897921
1499741593955352582
1499741597226913794
1499741599710031872
1499741600162930692
1499741605343145984
1499741613635125248
1499741616227164162
1499741621113532418
1499741622862598150
1499741627274903555
1499741628050952199
1499741632392007680
1499741640570847238
1499741648321875972
1499741660900642820
1499741664344252416
1499741664163905555
1499741666395176966
1499741668689522689
1499741673252958215
1499741683772440585
1499741683835154444
1499741684200054788
1499741688000036869
1499741692676632580
1499741697424588802
1499741701862264834
1499741710833831937
1499741712842956800
1499741718043926538
1499741742559424514
1499741744446980097
1499741746238050320
1499741760154738689
1499741760565694466
1499741768237129728
1499741768971083777
1499741770741161991
1499741800038240256
1499741809714606083
1499741817130082308
1499741830597988360
1499741841469681675
1499741848960741385
1499741850344644608
1499741857848377345
1499741858481717251
1499741861371469828
1499741867461677057
1499741876630564869
1499741885778345984
1499741899854336007
1499741901746065413
1499741907068461056
1499741914085666819
1499741915956264968
1499741916447055874
1499741920150671362
1499741930032439297
1499741932796268546
1499741942862782469
1499741949842149380
1499741951008157696
1499741981618192385
1499741984885456899
1499742010609221633
1499742013289336835
1499742016045039624
1499742016430919680
1499742017752084483
1499742028388839426
1499742039415611400
1499742041273733120
1499742045384044549
1499742047317929985
1499742048995332100
1499742051528753155
1499742051721699330
1499742059963551752
1499742060160729088
1499742062144798721
1499742078175174656
1499742090288406532
1499742111608025090
1499742120839716871
1499742125579063300
1499742132298555392
1499742148463558659
1499742158907232256
1499742161402834947
1499742169128701957
1499742169376067584
1499742178905628676
1499742183217315845
1499742183661969408
1499742185759162373
1499742201391329287
1499742205153452033
1499742208949317635
1499742209893089283
1499742213416566788
1499742218407587840
1499742226691280898
1499742227463282688
1499742230092951560
1499742255095201796
1499742273004843018
1499742275160711171
1499742276746051586
1499742281519476742
1499742288058236935
1499742308522250246
1499742308589318151
1499742308581142530
1499742309470326786
1499742313844772872
1499742324913545221
1499742331880226820
1499742337769086981
1499742341103591426
1499742344643497987
1499742372602814466
1499742378118107140
1499742396787085321
1499742405175742482
1499742408854372352
1499742412138323971
1499742416831762433
1499742421332238340
1499742428936376320
1499742432128380929
1499742446921654274
1499742449136283656
1499742459169067018
1499742464546066433
1499742465905106946
1499742467515719685
1499742479410728962
1499742486142414850
1499742489120542725
1499742503859376131
1499742504756957184
1499742510872150022
1499742515678920705
1499742524772020227
1499742548809723911
1499742552781697026
1499742558162927621
1499742560729931786
1499742563758137349
1499742579838971906
1499742583949385728
1499742597027631104
1499742599233826816
1499742612525355015
1499742621165506567
1499742621828268040
1499742634797056005
1499742639855386629
1499742648692842496
1499742652211867653
1499742653176442886
1499742654858502147
1499742658650329089
1499742661477031945
1499742665642029064
1499742672986284036
1499742673414115340
1499742682566074371
1499742683593596930
1499742689541214211
1499742691676073987
1499742697942253573
1499742710403584004
1499742716758003718
1499742730154614792
1499742748643049479
1499742751000186883
1499742755500826629
1499742772596600836
1499742773620224009
1499742777822777345
1499742792469426183
1499742806709084173
1499742812203479041
1499742814921543680
1499742818059059202
1499742822005714952
1499742828922126342
1499742841806868483
1499742851294453766
1499742866331029507
1499742869464268811
1499742870005235716
1499742876397281283
1499742884320493573
1499742884807036932
1499742892323225605
1499742894445543439
1499742899029745667
1499742906097225742
1499742912875274247
1499742918994767872
1499742932416569350
1499742934115123200
1499742939756511239
1499742943728791552
1499742952200884226
1499742953723478016
1499742965664817157
1499742982999789572
1499742985382248450
1499742988427317248
1499743000007692291
1499743012938678273
1499743020006219776
1499743021373419520
1499743029342748677
1499743039719636994
1499743050213507072
1499743060321837064
1499743061672300546
1499743076910313474
1499743085194096640
1499743086251069442
1499743100830429186
1499743100910149637
1499743101161811975
1499743102348759040
1499743113908301825
1499743116106117122
1499743116961660942
1499743121017647110
1499743127959187460
1499743132099006464
1499743138830823426
1499743139724247043
1499743142673010688
1499743143662653441
1499743146187624456
1499743152349270018
1499743152516837386
1499743155511566344
1499743159470940163
1499743160201019392
1499743173643583491
1499743185031077893
1499743191897157632
1499743198830284800
1499743214437568515
1499743216723185665
1499743220523274243
1499743223513821186
1499743224700846089
1499743231004794889
1499743232871129088
1499743237187194880
1499743241893208068
1499743261845561354
1499743275791622152
1499743278958141442
1499743288550883332
1499743291633332225
1499743293369896970
1499743295429394438
1499743302446419970
1499743314915905539
1499743317415895043
1499743320502849545
1499743323589775360
1499743345924616192
1499743359463612418
1499743359849619469
1499743359933595650
1499743365394579466
1499743412978954245
1499743415461761025
1499743416715931649
1499743425092009986
1499743425943543814
1499743431605821450
1499743467374845957
1499743469807575043
1499743470554071044
1499743511683469317
1499743512228556805
1499743519711322112
1499743526438981635
1499743528452177920
1499743531262525441
1499743534093590531
1499743534529794048
1499743541475561477
1499743544071888899
1499743545468416000
1499743546366210048
1499743555350315014
1499743562086641665
1499743572995751943
1499743580717404162
1499743586618953735
1499743586883153923
1499743596056039431
1499743613873496064
1499743616612323329
1499743640540823556
1499743646672986115
1499743651932651520
1499743659339747329
1499743666608357381
1499743681846333448
1499743693208760320
1499743705489629184
1499743712867352579
1499743714008350727
1499743718089314321
1499743722547949568
1499743732350001154
1499743733990006791
1499743736426868746
1499743736649113600
1499743752361029636
1499743761508843525
1499743782505484295
1499743785600708614
1499743793616064516
1499743798712176641
1499743803875463168
1499743816831569924
1499743829607559168
1499743829125218313
1499743849182343169
1499743851229155329
1499743869721796608
1499743881008750592
1499743907894030342
1499743908926009353
1499743911467970563
1499743928681181189
1499743937304670213
1499743951451930624
1499743955025788931
1499743964366315521
1499743967088459783
1499743975686774786
1499743978798956545
1499743990777851908
1499743993017548803
1499743997907984384
1499744009325277192
1499744010398683141
1499744015570321413
1499744018871189507
1499744044460744717
1499744044993425408
1499744055743369217
1499744057278480384
1499744070138216451
1499744078526828548
1499744086785503232
1499744088287023105
1499744090111430659
1499744095274733575
1499744097149591557
1499744106154799104
1499744130070716416
1499744130783748096
1499744144142569480
1499744154351452162
1499744165818736640
1499744169589420035
1499744182885179397
1499744196734902278
1499744210836144128
1499744212002263044
1499744222127210498
1499744234504552449
1499744236337512452
1499744241341562883
1499744242398380035
1499744244864536576
1499744270063910912
1499744272320368644
1499744275810164740
1499744291614298114
1499744297712852995
1499744299189211136
1499744303228325895
1499744308773093379
1499744315995828230
1499744319997100035
1499744332496125955
1499744332533882890
1499744348946063364
1499744349474725897
1499744350888022022
1499744358991826951
1499744369976434688
1499744377740087301
1499744379191263238
1499744379514277894
1499744398111768578
1499744399483449360
1499744407746191360
1499744416398983169
1499744421331537928
1499744429820846086
1499744434187030534
1499744439115595778
1499744439366942726
1499744457742241797
1499744458698539017
1499744466147676162
1499744469377159170
1499744472393043970
1499744488058761218
1499744499530092546
1499744502508101632
1499744505012047874
1499744509093203975
1499744518459084805
1499744529297072134
1499744548205252614
1499744553594720263
1499744564785074181
1499744569956651012
1499744570283896837
1499744571508547590
1499744576063553542
1499744579288981512
1499744582426370049
1499744600176660481
1499744607046938625
1499744615150329862
1499744620338724865
1499744622884573189
1499744635379458049
1499744643138809859
1499744653977006080
1499744677741928452
1499744682200477700
1499744689087401987
1499744689565708289
1499744690383601664
1499744709048250377
1499744716899987468
1499744718686670853
1499744720125263872
1499744727943430151
1499744730602741769
1499744732095795200
1499744735996657666
1499744755441414146
1499744757278519298
1499744761414139907
1499744765331398661
1499744769215508486
1499744782872100868
1499744783148986368
1499744785602682887
1499744786311684097
1499744803969511427
1499744805751910402
1499744805999493122
1499744813389959168
1499744816573591555
1499744823129030657
1499744824093982721
1499744833484861448
1499744839990071296
1499744843437912067
1499744860190003207
1499744867467075593
1499744887029514240
1499744891022327809
1499744893714976768
1499744904125288453
1499744912065007621
1499744929181929474
1499744929236627457
1499744938807988237
1499744955190980608
1499744960270282753
1499744965978738694
1499744967312424963
1499744970273705988
1499744977252798466
1499744983938650114
1499744990829989893
1499744995561160707
1499745001886167048
1499745003010097158
1499745007829499906
1499745015375011842
1499745030310871045
1499745031942545411
1499745033154482179
1499745034396213250
1499745042453483521
1499745042348531715
1499745055199875074
1499745061898235905
1499745069737422849
1499745077282971657
1499745092155985923
1499745102712946689
1499745119540367368
1499745120001744896
1499745129946439680
1499745133020987393
1499745137223737353
1499745137655693319
1499745139262038018
1499745145964617732
1499745151173996545
1499745160175194114
1499745160904982528
1499745162997731328
1499745173651300359
1499745188402577411
1499745195637628932
1499745196099178501
1499745198389309449
1499745213727707141
1499745228533686280
1499745244576890882
1499745247965982721
1499745257013248001
1499745268744572937
1499745273702141953
1499745273848942598
1499745275266674694
1499745282191462402
1499745299467845636
1499745308133277697
1499745307717947394
1499745308489703424
1499745383798517763
1499745400269463552
1499745403775832068
1499745406003171328
1499745407412355076
1499745408276480003
1499745409878663174
1499745426412642304
1499745435237376000
1499745446331183111
1499745446931025924
1499745450232094725
1499745462718541827
1499745467114012672
1499745468510871559
1499745482746343425
1499745500353875974
1499745505710166019
1499745510810337282
1499745513884856322
1499745514350264329
1499745515692511238
1499745525507239939
1499745532876578816
1499745535342821378
1499745550828195849
1499745555580338180
1499745564094869516
1499745569396473864
1499745583896137734
1499745587348090882
1499745589130665987
1499745598966317062
1499745604133601286
1499745606256013317
1499745623523876865
1499745623616143362
1499745634513043459
1499745642188611588
1499745643232903177
1499745645237788680
1499745648446513153
1499745649440419844
1499745652330409988
1499745658034548738
1499745672786030592
1499745679962431488
1499745694818652163
1499745709330997254
1499745714624204800
1499745715907702794
1499745715911901192
1499745718407507978
1499745732106014722
1499745734148915203
1499745738267537409
1499745743397130245
1499745750724579335
1499745763550806025
1499745767078051840
1499745781066223620
1499745786795597824
1499745793816813570
1499745827782160387
1499745828944162833
1499745830504435716
1499745845520080900
1499745846837059593
1499745859847794690
1499745867942744069
1499745869192650752
1499745880190361606
1499745907654692867
1499745908254195721
1499745918916177920
1499745924150886405
1499745927900413956
1499745957348446209
1499745960267812873
1499745967452610562
1499745975060951042
1499745981964947458
1499745990198312969
1499745994359066627
1499746001707585541
1499746005234946048
1499746013187559424
1499746014621802497
1499746019042488324
1499746025975816196
1499746028379066370
1499746035966652421
1499746036935708675
1499746052370534407
1499746059047866371
1499746067356790816
1499746072842760194
1499746078232559631
1499746079939575813
1499746080304640006
1499746082162679809
1499746082997288964
1499746084570107906
1499746099946479626
1499746106670002176
1499746117784899590
1499746123623251971
1499746133572259850
1499746138009718789
1499746138966171652
1499746142619414533
1499746143621758980
1499746148046843912
1499746149720371205
1499746168716288006
1499746214044217351
1499746224097927171
1499746226723454976
1499746234181079043
1499746242259259405
1499746245262426119
1499746264350658565
1499746267383087109
1499746270679748608
1499746286676889602
1499746286983335938
1499746288056905731
1499746299041701894
1499746329165279236
1499746335016239107
1499746346718404609
1499746361163530240
1499746362539360256
1499746364535758848
1499746365286629376
1499746383045160962
1499746388258689028
1499746388837470210
1499746403320569858
1499746414544539656
1499746427492352000
1499746433242644483
1499746443787214856
1499746446504906752
