1505635267054489603
1505635275409551360
1505635276093366284
1505635276785340417
1505635279381712900
1505635290022842369
1505635293646495747
1505635316849418245
1505635318732525569
1505635334662545413
1505635337330053121
1505635339964071940
1505635357773246467
1505635363926470656
1505635374458048514
1505635399703670791
1505635401138151426
1505635409530871812
1505635436588421128
1505635437628461056
1505635438521901063
1505635438601641990
1505635439943761924
1505635439167918089
1505635441164394504
1505635458750984192
1505635460265164802
1505635470763515906
1505635473007513608
1505635474131410945
1505635485690916864
1505635485762289664
1505635500471865354
1505635506813653003
1505635508394754048
1505635510106181639
1505635521359351809
1505635532067512326
1505635536547229696
1505635546831507462
1505635553273946118
1505635566485917708
1505635570223128579
1505635576355065856
1505635578058096646
1505635588665393153
1505635590263386113
1505635594382237701
1505635598387728384
1505635598819897359
1505635602183737347
1505635611583352832
1505635629085822976
1505635629492748288
1505635631891898369
1505635634471264258
1505635653454864384
1505635666822156288
1505635670332694531
1505635676519247872
1505635684446609417
1505635687785123840
1505635694525431808
1505635705581715462
1505635710363226115
1505635712254844929
1505635725156524034
1505635729635901440
1505635739341627395
1505635743061970950
1505635745821773829
1505635749902917639
1505635760761970693
1505635768596766721
1505635776750665735
1505635781930594311
1505635782391963654
1505635783121641474
1505635790822514696
1505635793964093451
1505635797239746561
1505635801467658245
1505635815380111366
1505635816273588229
1505635822988455936
1505635829674221573
1505635831284862976
1505635835021914112
1505635839795159048
1505635848406310912
1505635848393527302
1505635853489647634
1505635863715360771
1505635872238014469
1505635880668745728
1505635886163128321
1505635891724750848
1505635900285353984
1505635900042072064
1505635904613928971
1505635905356369920
1505635937715462144
1505635963753664514
1505635964232024064
1505635964613382145
1505635968660951045
1505635977188065292
1505635981336190985
1505635991289151488
1505636002051735553
1505636020695572480
1505636022394183680
1505636033983131649
1505636039762796549
1505636040366821378
1505636043827023873
1505636046930862081
1505636050282110976
1505636051766984709
1505636072419692550
1505636073606729729
1505636076953784320
1505636078467928067
1505636084398510081
1505636095500771328
1505636100693323776
1505636101758799881
1505636103490981888
1505636106737315843
1505636107643461633
1505636111107846144
1505636111535718407
1505636115344072705
1505636117953011723
1505636119026700290
1505636122134732804
1505636122784899080
1505636126303965184
1505636152841146370
1505636155651506183
1505636172298661892
1505636174353866753
1505636183409311746
1505636184067907593
1505636201369321472
1505636203038707713
1505636214522585091
1505636213788659724
1505636217022554126
1505636219782410241
1505636224228335619
1505636228217012227
1505636228703657987
1505636234365964289
1505636237390065665
1505636241122942977
1505636241483702278
1505636246982434822
1505636247900876800
1505636255597441024
1505636260588978176
1505636268541161485
1505636275751198724
1505636279643303938
1505636294285684738
1505636297972469764
1505636299163774981
1505636301084807171
1505636318948298753
1505636321162891271
1505636322874212356
1505636325671718913
1505636334190407687
1505636340909559809
1505636344432713728
1505636354243313669
1505636355220590594
1505636364796186632
1505636366532628480
1505636367635730442
1505636376737288193
1505636377664561154
1505636378289315855
1505636379539222535
1505636381657374721
1505636383003537409
1505636383662100480
1505636388925935617
1505636404638150656
1505636412372275201
1505636417447342082
1505636421587062784
1505636431842140167
1505636440197275649
1505636441891561474
1505636446501277701
1505636447331696640
1505636448854192128
1505636461890076674
1505636467858718728
1505636479040724997
1505636484426067970
1505636487240601606
1505636487542489093
1505636497168420868
1505636497462018050
1505636505242505218
1505636509839499270
1505636510233726991
1505636511349358596
1505636512976846855
1505636513022894092
1505636524150374400
1505636525123387395
1505636526947909635
1505636543326826496
1505636549894975489
1505636552650633216
1505636556320743427
1505636560645021701
1505636560947060737
1505636570317176839
1505636586301624324
1505636588147163137
1505636589858430977
1505636603523391494
1505636617167515649
1505636618555772930
1505636631025537031
1505636635467149313
1505636639707652101
1505636653112647688
1505636659601326088
1505636661736128516
1505636662898003975
1505636675459899402
1505636679155126274
1505636683412226048
1505636689749942281
1505636690815340548
1505636694590046208
1505636697261985793
1505636702211112960
1505636708301381640
1505636716174053384
1505636722167762956
1505636732489846790
1505636734045868032
1505636752404279296
1505636753033633796
1505636757160841225
1505636758242930688
1505636769374429184
1505636769638895621
1505636770016382981
1505636778950094852
1505636781659721731
1505636782385283076
1505636785551933442
1505636785950707713
1505636789402411016
1505636796281012232
1505636799875538952
1505636802484441098
1505636804669718530
1505636806150270976
1505636809123893252
1505636829818769416
1505636846134792194
1505636847971622918
1505636848235909123
1505636851201290249
1505636852006596610
1505636858474246150
1505636866690801670
1505636871564578818
1505636874248851456
1505636878992687107
1505636885342740481
1505636896474636291
1505636910118625281
1505636917190217735
1505636926077890561
1505636935993159680
1505636951222751232
1505636960848982016
1505636966343364609
1505636967241101313
1505636996626141195
1505636997171396617
1505637006004695041
1505637020315516928
1505637026179260416
1505637028641521665
1505637042709057538
1505637044567085059
1505637045129162757
1505637053442240512
1505637054083788801
1505637058450128897
1505637059041828864
1505637059863719940
1505637069271584779
1505637091765415940
1505637096056315906
1505637106168778755
1505637113668198409
1505637114062508034
1505637119234035722
1505637134459355142
1505637138842402821
1505637146450960387
1505637150481698819
1505637152960430084
1505637157523841034
1505637158333427716
1505637186087104520
1505637188180090883
1505637197113925633
1505637198548328450
1505637200746237955
1505637209352810497
1505637212796473356
1505637217452011521
1505637217372319744
1505637222208483331
1505637226159427594
1505637232539058177
1505637253132943362
1505637253774774272
1505637264243650563
1505637268354121739
1505637268387614720
1505637273072668673
1505637281104744448
1505637281696149504
1505637287882809344
1505637298368663558
1505637301677821952
1505637304270008328
1505637307914899458
1505637309819072517
1505637316563513344
1505637319122071555
1505637320476827650
1505637333877600271
1505637335886614532
1505637337719525380
1505637353922170885
1505637359538388993
1505637368753123331
1505637376969699331
1505637384192413696
1505637385341657088
1505637390337167368
1505637398301986820
1505637402475384832
1505637404484452352
1505637404773916675
1505637405570838528
1505637405533130760
1505637408343273473
1505637413741375502
1505637417289723909
1505637419198349313
1505637420603256837
1505637430766051336
1505637441382002688
1505637442765967372
1505637448306593803
1505637466669305864
1505637467352932362
1505637470003613698
1505637476689457161
1505637476735631366
1505637479814397952
1505637494922133505
1505637514597609479
1505637515264356352
1505637519676698626
1505637534524575744
1505637543986954241
1505637545358487557
1505637553566720000
1505637557354250247
1505637560583868419
1505637574987067393
1505637579236028418
1505637584113909762
1505637589772124165
1505637594683564035
1505637615135035396
1505637621225213956
1505637626560266249
1505637630481944582
1505637634034569224
1505637643991883783
1505637647938695170
1505637653273714694
1505637653181517826
1505637670600556545
1505637675696484352
1505637676120256523
1505637682474532873
1505637686740234241
1505637689235808267
1505637689894359046
1505637690569601028
1505637691366735874
1505637721250877446
1505637724967116813
1505637724941959168
1505637737088499714
1505637740184064003
1505637761432403972
1505637769074266114
1505637773272915968
1505637777651687431
1505637801135591425
1505637805522767873
1505637813647454208
1505637813831626752
1505637824187486213
1505637828780126209
1505637829195407363
1505637833754972160
1505637836581576705
1505637840297893891
1505637843187740679
1505637844403949568
1505637846195085314
1505637852419444741
1505637861189578752
1505637862582140929
1505637863785914371
1505637869590761473
1505637871415406593
1505637871746695169
1505637874045112320
1505637875227893765
1505637875601350660
1505637888897298439
1505637904130838528
1505637910888030213
1505637917116436481
1505637945163886600
1505637946724134914
1505637951342063618
1505637953057529865
1505637962901557249
1505637981549334528
1505637987647959044
1505638002000863242
1505638002382581765
1505638007851814913
1505638022511005709
1505638025388339209
1505638028307582977
1505638032858357764
1505638038977667072
1505638041532178432
1505638044321386506
1505638045009256452
1505638049601925121
1505638059550904348
1505638059655770117
1505638068388306944
1505638068430143488
1505638080149176322
1505638080375578626
1505638090634891272
1505638100126801920
1505638102613651456
1505638105939775490
1505638116438147072
1505638120779354116
1505638144007360512
1505638159316443136
1505638169496199168
1505638172612562947
1505638180732772354
1505638189674999817
1505638192795500548
1505638194972270592
1505638202786271232
1505638207471374347
1505638225250975744
1505638228170350596
1505638239431917572
1505638239524298760
1505638243928317959
1505638251977232390
1505638253164118017
1505638257404653580
1505638260936220673
1505638265415741441
1505638290145247232
1505638292804411392
1505638303281864710
1505638321011269636
1505638322386915329
1505638324253429764
1505638327625560064
1505638329215328257
1505638331102674956
1505638338807701509
1505638345849901067
1505638347196317707
1505638352711823363
1505638388480761862
1505638389596401665
1505638391022768129
1505638402921844737
1505638412702810115
1505638419271229457
1505638426766307328
1505638428905336833
1505638434098065412
1505638446077030400
1505638449134673931
1505638451554652164
1505638454809415682
1505638462690500612
1505638464032759813
1505638487520854017
1505638523038171136
1505638529208049664
1505638534740267010
1505638536149712900
1505638541614882823
1505638542415904770
1505638546522230784
1505638550540328960
1505638562225549312
1505638570668744707
1505638572950499330
1505638575651569664
1505638584421867523
1505638588351979522
1505638593653616648
1505638597457694720
1505638597831151618
1505638604214788101
1505638609181089792
1505638616050982915
1505638621142994946
1505638622824968194
1505638623022292992
1505638623302934528
1505638623391191042
1505638625920360451
1505638627413577729
1505638635655385098
1505638639010828290
1505638651132145664
1505638652281503746
1505638654538141699
1505638659927781381
1505638666764537861
1505638672091262981
1505638678047174657
1505638678303055872
1505638677925580808
1505638684598706185
1505638685559074816
1505638688180486145
1505638697261096963
1505638698582478849
1505638702214631424
1505638714424401927
1505638717418991616
1505638724574625794
1505638724876455940
1505638728345141248
1505638729951682562
1505638730270490632
1505638735358038018
1505638738499567616
1505638744975724547
1505638745197797376
1505638759152246784
1505638771085258755
1505638781931642881
1505638785190535170
1505638786604093451
1505638805776257024
1505638807340826629
1505638814995283968
1505638821169229824
1505638829545254912
1505638830250024973
1505638830459830272
1505638831013302272
1505638831386681344
1505638837372039172
1505638837384622085
1505638838504460298
1505638840983302148
1505638848281387016
1505638855969488896
1505638881588236289
1505638885631610888
1505638898755829762
1505638899858620417
1505638902408773634
1505638903998525448
1505638910545723393
1505638916958867457
1505638920251342852
1505638921182629888
1505638924818989065
1505638932288966661
1505638942015635456
1505638947934044160
1505638979915464707
1505638985850363918
1505638996830957569
1505638997741211650
1505639001130209280
1505639003495747587
1505639012320653324
1505639015025889284
1505639021678149638
1505639023246774276
1505639029844369417
1505639030364721152
1505639031954100224
1505639055173701636
1505639055131820044
1505639055828082695
1505639080100569089
1505639107199864837
1505639116976713734
1505639120059740161
1505639120709713921
1505639125373710336
1505639130088181760
1505639143484887045
1505639146114752514
1505639163017711623
1505639175466348544
1505639193980112898
1505639194718314496
1505639195578142729
1505639216709083139
1505639218839752707
1505639222023057408
1505639242361364482
1505639244907225089
1505639245469614081
1505639251249180682
1505639251949490179
1505639259318980610
1505639265601994752
1505639286812590091
1505639299475116037
1505639320643948547
1505639320861888514
1505639322334396419
1505639330148237312
1505639332605947906
1505639333243629571
1505639334791331845
1505639334753366018
1505639339610439680
1505639340570988547
1505639344559824902
1505639347504230408
1505639349358108678
1505639351857807361
1505639355309826049
1505639381939286018
1505639393545146373
1505639393729851392
1505639394774069251
1505639397055737858
1505639402210566147
1505639410724864000
1505639418807398404
1505639423945613312
1505639425509928968
1505639427975966723
1505639431549587456
1505639434296999950
1505639446670360577
1505639447928664066
1505639450277289989
1505639459559292929
1505639462574907393
1505639468224589829
1505639481998725125
1505639487203778560
1505639492350226436
1505639498847195136
1505639517855789058
1505639529214091268
1505639531462098949
1505639537128747017
1505639538080849920
1505639538839982081
1505639543436980224
1505639557362065410
1505639561141141510
1505639566186745856
1505639578551881730
1505639588202946560
1505639595253280769
1505639599166701571
1505639606124957704
1505639612504498179
1505639613028786180
1505639613947424769
1505639613989208065
1505639630502338570
1505639637875896322
1505639643693273090
1505639684776644613
1505639686764523521
1505639690271043586
1505639696365285376
1505639696806051845
1505639699133644802
1505639704510840837
1505639713000116231
1505639716904873987
1505639730800738305
1505639743551205378
1505639746252546058
1505639762811625472
1505639764438892545
1505639764585721860
1505639770982072333
1505639771753885696
1505639775981744136
1505639780565991431
1505639781157728256
1505639785293094914
1505639794386214913
1505639798836539397
1505639801600585729
1505639804305911808
1505639809712369672
1505639812937572353
1505639822530019330
1505639823452872717
1505639825902391298
1505639828494245890
1505639828716666884
1505639844617228289
1505639847578460165
1505639860253732865
1505639860236922880
1505639864691269638
1505639876213059594
1505639883251060736
1505639885650239492
1505639896253448198
1505639913949118465
1505639914200838148
1505639920597192704
1505639921922498563
1505639923176534022
1505639925449961479
1505639947650412553
1505639955091099650
1505639956865331205
1505639957175668738
1505639968156254209
1505639968873463808
1505639969515311106
1505639979703230467
1505639988959973377
1505639991292084228
1505640006425235456
1505640009264738305
1505640012142022661
1505640013752586248
1505640016239812608
1505640019373039625
1505640026730033153
1505640032199192576
1505640032152875009
1505640033071824896
1505640034430509063
1505640036095729667
1505640040923222021
1505640045310533641
1505640048133349378
1505640049542586375
1505640051845312513
1505640051623206913
1505640058614861828
1505640068966461451
1505640072691003394
1505640103129059330
1505640109705678848
1505640122217381892
1505640122951286787
1505640138700959748
1505640147764793347
1505640147844415491
1505640161513639937
1505640182594293765
1505640184959881222
1505640186994212870
1505640189082939395
1505640190207225856
1505640198801170441
1505640210054459401
1505640234272260096
1505640234188521473
1505640243311132673
1505640248944041984
1505640251498319878
1505640254677696516
1505640273233256462
1505640273883406336
1505640281890516992
1505640294175457286
1505640298516414465
1505640304057061379
1505640312085098503
1505640316518367233
1505640319286591488
1505640321815920640
1505640331924361216
1505640340908351492
1505640351998128132
1505640357857476613
1505640358075543552
1505640367185563649
1505640382637428739
1505640385514770437
1505640395694346246
1505640402170232832
1505640426170052609
1505640427424157696
1505640435653488642
1505640441424793602
1505640442049691649
1505640448710393858
1505640448748105729
1505640467635056645
1505640468083843077
1505640471988785154
1505640480222195718
1505640484428926977
1505640485255213057
1505640488564674564
1505640496198258692
1505640504851058692
1505640510651830273
1505640511704608775
1505640515013791745
1505640543635746816
1505640544449757184
1505640545795940360
1505640560836628494
1505640568659001347
1505640577081253893
1505640584588902401
1505640609780219905
1505640614175686664
1505640617489190915
1505640620731379715
1505640625882148864
1505640635935690754
1505640637831520259
1505640638661881858
1505640639316344839
1505640655053373441
1505640665140629506
1505640675039068162
1505640682047737856
1505640684157648900
1505640685713514497
1505640691485052930
1505640698560851972
1505640707616239618
1505640707620577288
1505640733042163714
1505640733289508864
1505640744320602114
1505640753132941315
1505640757461336065
1505640765904461825
1505640775236923396
1505640784250478600
1505640790445510662
1505640795755401220
1505640805272219648
1505640812511744003
1505640823731355651
1505640824197070849
1505640828601049089
1505640839380353025
1505640841364316160
1505640841766973443
1505640843557879821
1505640854421221379
1505640859194253312
1505640861727559680
1505640884263555072
1505640885098266626
1505640887979634692
1505640889485459456
1505640890756661248
1505640893247725568
1505640898666778624
1505640914177474560
1505640919982395399
1505640922280775691
1505640925875212289
1505640943361343489
1505640950147817479
1505640950776930307
1505640950953033728
1505640964177727496
1505640974252392459
1505640995760787457
1505641002379395074
1505641006368178181
1505641017818689539
1505641021572583430
1505641028778438660
1505641030418415618
1505641049405808648
1505641059791085575
1505641060164419591
1505641060571049984
1505641062353711106
1505641066934018055
1505641067537842178
1505641069634998276
1505641070834507776
1505641072638279686
1505641072726319104
1505641089059160067
1505641094838566913
1505641103839883264
1505641108558303242
1505641111548739592
1505641119916634112
1505641121719980043
1505641125406642178
1505641144192884736
1505641145233293314
1505641145270997001
1505641149066743810
1505641156301889537
1505641158222831616
1505641158352859136
1505641160747925505
1505641168293572613
1505641190837784577
1505641199033409539
1505641199125684230
1505641204918140945
1505641226237878279
1505641226321674247
1505641230352494602
1505641240674680835
1505641241207349252
1505641253253361678
1505641257342709760
1505641260123623434
1505641275772796928
1505641275814514691
1505641287269208069
1505641297683562503
1505641300833587206
1505641302645301248
1505641308848861184
1505641312195948546
1505641319242235904
1505641321834426374
1505641325995061250
1505641351383240709
1505641353048428554
1505641354814267394
1505641357871919108
1505641377039888392
1505641381569597441
1505641402075693059
1505641407825920002
1505641428029947907
1505641432165535753
1505641433235181578
1505641442915536896
1505641443486015488
1505641451224330242
1505641456559702019
1505641463211732992
1505641464583368704
1505641476721717249
1505641482551656448
1505641484451815430
1505641488885166087
1505641498695536640
1505641505507069952
1505641506274742272
1505641509642809355
1505641521840033792
1505641527233687552
1505641532183007245
1505641532535283722
1505641535756406786
1505641536683450371
1505641548347842562
1505641549211787268
1505641558947004418
1505641569541574661
1505641574553763840
1505641579633164295
1505641584276221953
1505641592543141893
1505641596028604418
1505641608502513669
1505641612428210179
1505641613795766276
1505641642182823945
1505641642824376326
1505641643881512960
1505641663544320007
1505641665729634305
1505641676865519622
1505641681923805184
1505641683177902081
1505641694573727744
1505641704254107649
1505641713636835328
1505641722470088710
1505641729369673730
1505641746771939328
1505641752996155392
1505641754371928064
1505641771237359618
1505641773137334277
1505641783442640896
1505641785812471812
1505641793731190785
1505641796298317831
1505641797472555010
1505641798886203398
1505641799314030599
1505641805928357888
1505641809564811270
1505641811754332164
1505641823670345731
1505641826987954177
1505641828707704836
1505641833459814411
1505641840078254081
1505641845124128768
1505641845619109889
1505641853722501120
1505641861440024577
1505641862773755913
1505641869115547655
1505641877353205761
1505641877885833222
1505641882747117569
1505641898152632320
1505641901856280578
1505641906914660354
1505641909276098564
1505641915760640001
1505641919874932741
1505641925151440898
1505641927382904841
1505641936320970756
1505641940171296769
1505641944957046791
1505641947867848710
1505641949847502852
1505641968361435136
1505641970554843140
1505641978163126273
1505641983041314816
1505641995204796425
1505642002230226946
1505642004398575619
1505642026288955393
1505642027916144646
1505642046446796800
1505642050066305035
1505642050208808960
1505642055820845061
1505642065778159619
1505642073357111296
1505642073315287042
1505642087655608326
1505642105321967616
1505642117820944385
1505642136456290310
1505642150746157056
1505642162771345408
1505642178097430532
1505642178462158851
1505642189174493184
1505642201145032706
1505642213098889222
1505642223521918978
1505642224717078529
1505642229997531139
1505642232954642436
1505642256442613762
1505642269625528322
1505642273555496961
1505642275090567168
1505642299295940608
1505642309790093312
1505642314143739906
1505642315678994434
1505642339309539328
1505642343390711822
1505642352714551298
1505642356971905030
1505642357135446016
1505642359094231044
1505642377838567430
1505642401045655556
1505642408435982342
1505642422021152772
1505642428652531719
1505642431726948360
1505642444980994070
1505642448265129991
1505642450454745088
1505642455701626883
1505642456745975815
1505642459040210959
1505642463561617414
1505642469450563587
1505642470952083457
1505642471656546306
1505642472663240707
1505642488643555328
1505642491420229635
1505642505001267200
1505642515680083971
1505642517374590980
1505642518104453127
1505642527495536643
1505642527680081933
1505642534692921355
1505642541579964425
1505642544406827008
1505642545040269319
1505642546877419521
1505642556524318724
1505642565684678656
1505642570537484303
1505642578443747339
1505642582654832640
1505642584693219328
1505642584579850241
1505642590292557826
1505642620034469892
1505642620185309191
1505642644197756943
1505642651160358914
1505642656331927552
1505642656973606919
1505642669099335689
1505642673876905984
1505642677613826057
1505642691383635970
1505642692033892352
1505642700816662528
1505642705770192906
1505642709545017349
1505642718399189001
1505642742105395204
1505642753434152963
1505642755023941639
1505642759054450694
1505642777996152837
1505642779795283968
1505642782492348430
1505642787441680384
1505642790398664710
1505642803337957378
1505642806018289670
1505642810191626245
1505642816067756039
1505642822891814914
1505642823818883072
1505642834535329794
1505642837412560901
1505642839052587027
1505642847181099013
1505642848233959434
1505642850528239623
1505642856786055175
1505642862628593664
1505642867930562562
1505642869545074688
1505642878269337608
1505642878944514052
1505642884405600257
1505642894627123203
1505642901824544777
1505642905452441600
1505642906442518532
1505642910901059590
1505642918131818499
1505642918564007939
1505642918962503689
1505642923345514507
1505642925153206276
1505642926369800192
1505642926721974272
1505642928286449668
1505642933483094019
1505642933688561664
1505642933848096771
1505642936737931264
1505642941406081026
1505642948083564545
1505642948276326401
1505642965309480967
1505642966869811203
1505642969835065345
1505642971739348997
1505642975107317761
1505642992392101897
1505642993189273600
1505642993373569026
1505642996129222668
1505642996888338432
1505643003192426500
1505643011841355783
1505643018002608134
1505643019021791238
1505643024394567682
1505643040765009925
1505643042316840960
1505643044548263938
1505643049925455873
1505643053633220608
1505643077503000576
1505643081772658688
1505643084033388544
1505643084150935553
1505643089959870464
1505643092510138369
1505643092782723073
1505643101267898371
1505643112051453962
1505643114437955910
1505643115624878081
1505643116463763456
1505643132712587264
1505643133761036290
1505643141315112961
1505643153608564743
1505643153830862860
1505643155298799616
1505643169152700421
1505643169177874434
1505643170809450497
1505643171547475970
1505643181131853824
1505643185489559554
1505643186609340424
1505643191369977859
1505643193890709511
1505643197976186881
1505643202061250562
1505643203730755584
1505643209782751233
1505643213998084096
1505643216653234180
1505643217143828484
1505643219396222984
1505643222067912707
1505643230955716608
1505643242817216512
1505643246013190147
1505643246055211009
1505643256905969664
1505643260655673351
1505643264115974156
1505643273339113474
1505643280335261699
1505643286190608388
1505643296152080388
1505643299977236486
1505643302074339335
1505643313294036993
1505643324048388103
1505643325373972480
1505643325973479433
1505643335595212812
1505643337705037829
1505643340934656001
1505643344302596098
1505643346559369216
1505643349776437248
1505643352573702144
1505643358521159680
1505643359330779139
1505643365282557957
1505643368839270411
1505643369934041092
1505643374224805895
1505643392864296960
1505643392885215237
1505643395104092171
1505643397758955520
1505643399512309770
1505643410660679682
1505643423763775497
1505643427219787780
1505643431082827777
1505643434555674626
1505643438200569863
1505643453295779841
1505643457385099270
1505643458345721860
1505643459222323202
1505643460963020816
1505643465216073733
1505643472996474887
1505643490453114884
1505643491191185408
1505643506940841986
1505643508341825546
1505643508685848577
1505643511294484480
1505643514729803779
1505643519393812488
1505643520287141889
1505643520597676032
1505643530001158147
1505643540164063237
1505643542269595660
1505643543477600257
1505643553640263680
1505643560271548421
1505643566630113286
1505643575966846976
1505643576243367937
1505643582778011648
1505643583344422914
1505643596879319046
1505643604005593091
1505643607436689414
1505643608397029389
1505643616122724354
1505643624326828032
1505643625304236037
1505643629838311432
1505643629829713922
1505643632199540741
1505643636108640256
1505643636783927299
1505643641917739008
1505643660368613379
1505643667322806273
1505643682451668993
1505643688294338574
1505643689737076748
1505643698281132033
1505643699157438465
1505643712235569152
1505643715674710024
1505643719529275393
1505643723194986498
1505643723807412224
1505643740324679681
1505643742081871873
1505643753725300739
1505643755423948803
1505643757336772612
1505643762596388868
1505643764903301120
1505643770200608772
1505643791889629184
1505643796805136387
1505643802438033412
1505643807487975424
1505643817235410949
1505643824009330692
1505643830720319495
1505643834528653313
1505643837628170243
1505643841877164032
1505643847979786242
1505643851633078275
1505643861745573895
1505643863633014792
1505643865973276677
1505643867814567937
1505643878845661188
1505643879575478284
1505643882733703170
1505643886147948544
1505643887859224582
1505643894712770562
1505643905622044676
1505643910177169418
1505643917743644675
1505643930074951687
1505643944989716480
1505643946487140353
1505643949398142986
1505643955005923333
1505643962660372485
1505643963583062018
1505643964065452034
1505643970411458560
1505643973926338563
1505643983845928968
1505643987104796680
1505643994231066633
1505644002942455808
1505644006369243137
1505644006616834054
1505644018574802947
1505644019438825481
1505644024002191362
1505644035502919685
1505644036991983622
1505644040297009155
1505644041832177664
1505644056742924288
1505644056952524800
1505644059993460745
1505644068193411080
1505644072685367296
1505644072601595907
1505644079652257793
1505644082328223749
1505644084056129539
1505644089672359945
1505644093644419074
1505644098224594945
1505644100820905984
1505644107074572295
1505644118940303368
1505644124321460224
1505644125999226883
1505644132462698500
1505644135285461000
1505644146152910857
1505644147021164547
1505644148426125314
1505644170970599425
1505644171582791682
1505644173176754181
1505644179711356933
1505644183729496064
1505644186619555844
1505644196753178624
1505644197130473474
1505644197990252550
1505644204860469248
1505644207142232068
1505644210275291136
1505644211827363843
1505644219788140546
1505644222245965830
1505644229883740165
1505644231414714376
1505644238238797825
1505644239065010176
1505644244219961352
1505644247705432071
1505644256505077763
1505644256840585219
1505644258597826563
1505644271780564995
1505644273567473671
1505644278500020231
1505644284787273732
1505644305217511427
1505644313169911808
1505644316424769538
1505644318362583045
1505644319767732234
1505644326348460033
1505644328873562122
1505644329385267201
1505644330349993985
1505644340789620741
1505644341355704320
1505644349870284808
1505644358527291398
1505644370493833216
1505644372448137230
1505644378278277126
1505644379524014080
1505644391758708737
1505644399514079237
1505644418593865736
1505644420233846788
1505644420548513799
1505644427821395968
1505644434414882824
1505644450038657024
1505644451783446532
1505644458125234187
1505644459773599758
1505644477800751105
1505644478597677065
1505644491218296841
1505644495500632065
1505644497753063435
1505644516203765768
1505644519286583307
1505644533731762178
1505644536940601348
1505644538223755264
1505644541919080448
1505644547401031680
1505644562924068877
1505644566812184578
1505644567630069762
1505644579621588995
1505644613016723470
1505644613096333318
1505644614430175234
1505644616510439424
1505644631714848769
1505644634537562117
1505644642901012485
1505644646482993154
1505644658805903363
1505644659674124297
1505644661527875586
1505644663428030464
1505644664715718660
1505644666150084611
1505644668478009349
1505644671552430080
1505644672869289984
1505644674828099591
1505644707514241024
1505644716867653633
1505644726397063172
1505644730385932293
1505644731044311043
1505644738967322625
1505644741601505283
1505644759464828933
1505644760203153410
1505644760920465412
1505644762459639809
1505644767643852802
1505644767933349892
1505644774673448961
1505644794080600067
1505644794894331904
1505644807519182852
1505644812749479939
1505644817468084228
1505644819007295489
1505644820290842632
1505644824833269761
1505644835167997953
1505644843896389641
1505644849013293057
1505644855552225281
1505644856865181699
1505644868143501319
1505644869527773186
1505644871134154754
1505644872111296512
1505644880374091778
1505644899219251210
1505644906290765829
1505644909973356546
1505644910363484161
1505644916310949895
1505644922564661250
1505644928898150404
1505644932689768454
1505644939090141187
1505644941623455745
1505644945566175234
1505644947160002563
1505644947583680519
1505644948510625803
1505644957117341699
1505644959776579591
1505644963245268992
1505644969863761921
1505644984766242823
1505644990130704390
1505644991976296451
1505644998049480705
1505645004026523652
1505645006501130248
1505645006811324418
1505645007268720646
1505645023722942465
1505645027225186307
1505645028525314048
1505645031230943232
1505645032098910208
1505645038423977988
1505645043436109838
1505645043763204097
1505645049077395456
1505645049345884169
1505645053422809098
1505645053577940994
1505645062595690496
1505645093314736129
1505645096976461831
1505645098255724548
1505645100327915520
1505645101242265601
1505645102450069507
1505645108997521408
1505645111409057802
1505645127628312577
1505645146041307137
1505645153112899584
1505645165532299276
1505645168590225409
1505645187028115459
1505645193315422214
1505645197304160262
1505645199300644881
1505645206292492289
1505645208418992128
1505645215557816323
1505645217105735681
1505645217814306826
1505645230929842176
1505645233647853573
1505645235489157132
1505645238819426307
1505645240870449160
1505645242057474058
1505645249665900546
1505645251318493186
1505645267902558208
1505645281492160512
1505645281869766667
1505645288190525440
1505645288337281024
1505645290317139974
1505645290153517066
1505645293626265600
1505645306066604032
1505645307278860289
1505645310122463235
1505645318033096707
1505645321002573828
1505645324794277894
1505645327780487168
1505645330313801728
1505645330838130689
1505645330854985728
1505645336613711872
1505645337305886726
1505645337758908417
1505645343224045574
1505645352262635522
1505645366267494407
1505645375620886531
1505645377931857937
1505645379630546944
1505645396407865351
1505645404280528906
1505645426044768260
1505645428922015745
1505645431983939589
1505645437071642628
1505645448190578689
1505645461025148929
1505645464447864835
1505645471204880386
1505645472152801284
1505645474719670283
1505645481338171392
1505645483066232834
1505645487608770566
1505645488598568967
1505645489869443074
1505645493975625731
1505645502993354753
1505645503501021188
1505645505140908034
1505645508697726995
1505645511428214794
1505645514196455431
1505645518415818754
1505645521112866817
1505645521515560962
1505645532903088134
1505645535247716353
1505645539987275786
1505645571171831818
1505645571444412421
1505645572383903744
1505645572555898880
1505645576645402633
1505645593661640706
1505645596425785348
1505645599038873606
1505645604025815041
1505645617669836803
1505645620253573127
1505645629468381184
1505645631645249541
1505645632102481929
1505645635994722310
1505645645549481987
1505645646560124929
1505645649873702914
1505645653933785088
1505645654814638083
1505645668144230406
1505645677161992193
1505645677195538434
1505645687542743040
1505645694106886144
1505645696371752965
1505645708296134660
1505645718371028992
1505645729481732100
1505645732220518409
1505645750184783877
1505645755846959105
1505645756622983175
1505645757898141708
1505645761467494409
1505645786834472962
1505645790915543041
1505645791599370243
1505645794833092610
1505645800038281224
1505645804933066760
1505645807336366083
1505645809425076233
1505645814634323969
1505645820804276227
1505645823127789572
1505645825355091968
1505645830153285632
1505645831747166216
1505645844707561474
1505645853469519884
1505645855877091334
1505645858062184451
1505645866475872256
1505645866811416581
1505645866958606337
1505645868648738817
1505645869512675328
1505645874386391042
1505645889049686020
1505645891742535685
1505645900789694470
1505645907391483919
1505645918829387783
1505645918808428546
1505645923086573570
1505645923594285057
1505645930678140929
1505645932762783755
1505645933933039620
1505645935161974790
1505645944347443204
1505645948533366785
1505645950794149894
1505645965184622597
1505645967638347779
1505645972633833478
1505645972935827468
1505645981898997760
1505645984046620677
1505645990115749890
1505645991109795847
1505645991705206795
1505646000345657354
1505646009380134915
1505646014161735687
1505646015134674948
1505646016598618115
1505646016716062730
1505646022390738945
1505646022692909063
1505646022818623489
1505646026174181396
1505646027713708037
1505646030347554816
1505646031022825474
1505646032834551808
1505646063423741953
1505646063474065412
1505646072147980292
1505646080335171587
1505646081320763392
1505646082117627906
1505646087293468672
1505646100962844673
1505646104893071360
1505646105245061122
1505646106427985931
1505646113004658693
1505646124475985920
1505646125944082437
1505646131585470465
1505646134135431168
1505646145384574976
1505646148102590468
1505646156298264577
1505646159850782722
1505646161285332995
1505646164955344897
1505646175151607813
1505646175944327169
1505646177324343298
1505646177865379843
1505646183615766534
1505646199050838024
1505646210350292997
1505646210778124293
1505646218168442882
1505646219158339590
1505646228616450050
1505646236916801537
1505646241853497344
1505646245834108937
1505646253149147138
1505646266717552647
1505646276183949312
1505646278859972610
1505646279145238536
1505646294915764228
1505646294978555905
1505646302532579328
1505646310090756098
1505646314087931906
1505646320815587328
1505646323873185795
1505646330202685440
1505646334740639746
1505646335596314630
1505646352167886849
1505646356794331138
1505646358476197889
1505646360208584705
1505646362725019652
1505646376620863493
1505646383663038467
1505646400650067970
1505646408615014405
1505646409978191885
1505646418891051013
1505646420203905024
1505646420451282947
1505646425593446401
1505646425836822531
1505646426419826690
1505646439791304714
1505646440118251521
1505646442391560192
1505646445193478148
1505646448817238016
1505646459835801610
1505646461035458570
1505646462121697280
1505646463988117506
1505646474708889612
1505646476327886849
1505646479297417220
1505646480148897792
1505646487933440006
1505646492828123137
1505646500566769666
1505646507361546242
1505646509152428034
1505646509773430785
1505646512105308160
1505646512377720832
1505646545303130115
1505646553461104649
1505646564630482945
1505646565360381956
1505646566337613832
1505646569642725376
1505646576286371840
1505646581424746499
1505646582271729668
1505646582372446215
1505646591771766784
1505646591990026240
1505646597153112068
1505646600865128450
1505646604338053125
1505646617327812616
1505646619059970051
1505646621593255937
1505646623359217674
1505646632100298752
1505646645870043144
1505646653314932746
1505646661678374915
1505646670557679621
1505646672478679048
1505646679076319242
1505646680410136576
1505646702132355079
1505646702333767681
1505646703587725317
1505646707949801472
1505646708621025281
1505646714644017152
1505646715604725760
1505646718104358913
1505646718586691593
1505646723259056132
1505646724529856513
1505646724681027584
1505646731190538250
1505646735451897857
1505646747347218432
1505646748076761092
1505646759728619528
1505646762727735296
1505646764740775936
1505646766963630081
1505646769962635274
1505646773099978752
1505646777093206016
1505646776996581377
1505646787691958278
1505646789981982720
1505646793727619076
1505646804678987777
1505646821036773377
1505646823377145860
1505646826413867009
1505646828020277256
1505646834848604163
1505646843786522625
1505646844617101318
1505646845091098631
1505646845619367936
1505646849226870784
1505646857418153999
1505646857996972032
1505646869388668944
1505646874547662851
1505646876388958220
1505646877999394818
1505646884504981505
1505646890746097671
1505646890616033283
1505646895728840704
1505646908815020032
1505646912757710849
1505646913697234947
1505646914813014019
1505646915085639689
1505646922312433672
1505646924556386304
1505646927219769348
1505646927882309632
1505646929228750851
1505646930579410950
1505646934341599243
1505646936606625793
1505646941623177217
1505646949222993922
1505646950443458562
1505646953593458691
1505646964515688448
1505646964842586115
1505646967178899459
1505646967946366979
1505646968114196486
1505646969473183748
1505646969959632896
1505646976418803712
1505646982097821696
1505646988263452679
1505646997222486022
1505647000372621317
1505647001412767745
1505647001484021762
1505647007402242048
1505647020635262976
1505647026389848064
1505647030185697283
1505647040667209729
1505647041103368198
1505647045251637251
1505647048934182916
1505647050297389061
1505647067737296897
1505647068844601345
1505647071155605504
1505647071742865408
1505647077736562688
1505647080123117569
1505647081607815175
1505647084883615747
1505647088234897421
1505647091225346049
1505647096740913154
1505647097483341825
1505647104164724736
1505647104726736899
1505647112763043840
1505647113904041991
1505647117968109568
1505647128961593349
1505647130194677760
1505647134002974721
1505647135370452994
1505647148226027520
1505647162776076295
1505647163581341696
1505647164642377728
1505647194744897541
1505647215125180420
1505647217209757701
1505647231273250821
1505647231860367371
1505647233957605383
1505647244963426306
1505647246481756167
1505647259869876226
1505647261639843844
1505647267688202249
1505647269915377664
1505647273702739969
1505647275292303365
1505647276361977859
1505647277486088192
1505647291503239171
1505647297799069696
1505647306867195908
1505647313511153664
1505647318992932871
1505647320246980609
1505647334398443520
1505647335027712000
1505647340249616389
1505647354212491274
1505647355043151872
1505647373711818753
1505647376760905735
1505647379046965250
1505647381186228225
1505647394259677186
1505647401553518592
1505647402367213569
1505647409313067012
1505647413809369093
1505647428120236032
1505647429823176704
1505647433094778883
1505647457107120133
1505647457165721601
1505647461808934916
1505647467643158537
1505647470721871874
1505647471711731720
1505647476090581001
1505647478527377408
1505647487247392769
1505647501721939973
1505647502057525259
1505647517907800066
1505647522416582659
1505647544260517899
1505647544168243205
1505647551894093826
1505647552217358338
1505647562711343107
1505647572362407950
1505647574790946828
1505647589730885643
1505647597213700100
1505647597339377666
1505647602905370625
1505647626498322438
1505647631929942021
1505647633649516545
1505647636874936329
1505647638884069377
1505647647390150661
1505647651161010176
1505647651827687438
1505647662934249476
1505647665622618114
1505647678092361729
1505647691321204736
1505647693955223556
1505647699030253569
1505647699483369482
1505647702444498954
1505647705703563276
1505647712351494149
1505647739194982402
1505647739392212998
1505647747600470022
1505647751027064832
1505647754051260422
1505647756454506496
1505647759357059082
1505647759478640640
1505647760133009415
1505647767464693763
1505647774536245252
1505647782987714568
1505647790537383942
1505647796417810435
1505647799400079367
1505647809177001996
1505647822015717387
1505647822749814784
1505647839430336512
1505647842441908225
1505647842777518087
1505647843901689860
1505647852772495360
1505647855213572096
1505647857059119110
1505647858627751936
1505647860628570114
1505647865384902658
1505647872200478721
1505647876008992782
1505647878366281729
1505647885341233152
1505647888130576384
1505647888222887938
1505647896682713088
1505647898834481154
1505647899195199495
1505647900814200839
1505647905444712452
1505647909433454595
1505647909437550598
1505647913157898242
1505647914353315843
1505647921651400722
1505647930820206594
1505647933601030152
1505647936784510985
1505647938839711754
1505647939615657985
1505647940601266180
1505647942736228359
1505647943394775045
1505647944686575616
1505647952395583490
1505647959274242049
1505647959525969925
1505647961451102209
1505647970166919177
1505647973488893953
1505647978756911112
1505647979641769987
1505647984725278724
1505647999715880969
1505648005092945922
1505648007823437831
1505648009870450690
1505648011115962372
1505648020595126272
1505648025074495491
1505648051834265601
1505648053788700673
1505648056540319744
1505648057148268545
1505648072944242689
1505648074189905920
1505648074298900482
1505648081190240259
1505648088219672576
1505648092275691535
1505648093202907137
1505648093324214272
1505648096126152711
1505648102803398659
1505648103843454979
1505648106666434560
1505648111313727492
1505648111926099971
1505648134948499459
1505648136282382343
1505648144255750144
1505648144880701447
1505648151591587846
1505648156138164224
1505648157623005193
1505648160571543561
1505648169727639552
1505648171103498243
1505648174760873985
1505648176640016392
1505648179332608003
1505648184474800129
1505648192351703043
1505648203080818690
1505648208504049675
1505648210659880962
1505648217953865732
1505648221007212544
1505648237356720129
1505648244063358979
1505648249276813312
1505648254788153345
1505648263562674185
1505648268314828809
1505648273419288579
1505648274690256900
1505648280750985220
1505648288590143498
1505648292059037697
1505648295456251904
1505648307447676929
1505648309368758278
1505648312749379586
1505648316486500353
1505648317518151682
1505648334152749056
1505648334337458185
1505648353115353088
1505648355598344194
1505648355908759556
1505648359482159105
1505648365194854408
1505648373512253444
1505648378402656258
1505648384425836549
1505648387357839360
1505648394173403138
1505648405565030412
1505648407687442445
1505648411143557122
1505648411537719300
1505648414310162436
1505648417900535814
1505648418118676488
1505648421679636482
1505648422648528897
1505648429216808972
1505648433746620417
1505648437110394881
1505648439908081676
1505648441380126721
1505648449001332738
1505648457226235904
1505648474154729472
1505648476566302724
1505648482824171522
1505648484149563401
1505648487039442953
1505648498406039553
1505648502663229449
1505648508677894145
1505648511307583489
1505648512247205892
1505648522045046794
1505648522745376769
1505648527342555145
1505648529511170048
1505648537962381312
1505648538033737734
1505648542794358786
1505648547437301761
1505648550578950145
1505648552009256960
1505648559089238029
1505648567712681991
1505648569918926857
1505648576520593408
1505648580694089731
1505648581247651845
1505648583793688578
1505648589930139648
1505648592501067777
1505648600105201664
1505648610204999682
1505648611496923137
1505648611635380225
1505648617477996544
1505648627095465985
1505648632468488196
1505648633370140674
1505648635144392705
1505648639183630338
1505648644309098502
1505648644963418121
1505648646439813127
1505648650969624578
1505648651250581506
1505648652659924999
1505648668199862275
1505648674533216257
1505648678031269894
1505648680329785347
1505648691729809408
1505648714743963651
1505648716539121664
1505648724399177731
1505648743286476801
1505648763427164161
1505648771279032321
1505648771673337858
1505648780787712000
1505648788693790722
1505648793362042888
1505648801138282498
1505648814534836230
1505648815818346506
1505648833228775425
1505648833212125188
1505648837121265676
1505648840199843846
1505648841709826054
1505648852656922627
1505648871963197440
1505648882100813827
1505648882222608386
1505648883245985796
1505648900425748481
1505648903881850882
1505648912975151114
1505648914254360579
1505648924606013440
1505648928997482496
1505648938678091776
1505648940586258443
1505648953651601414
1505648955715112967
1505648956218486784
1505648956180738050
1505648956415660034
1505648956423827459
1505648956675612673
1505648961817821185
1505648964598571009
1505648966620303363
1505648982709653512
1505648984924246020
1505648986371284997
1505648989751980042
1505649001793789952
1505649002649325570
1505649007674085377
1505649008286617606
1505649013969854471
1505649020567445508
1505649028008226819
1505649027974672385
1505649047281053698
1505649047457177606
1505649051676467202
1505649053220098055
1505649054142844928
1505649055539601410
1505649057410293765
1505649063936462850
1505649068239998981
1505649078884921344
1505649080319414272
1505649085646180352
1505649088737386496
1505649090100617216
1505649092201959425
1505649097285545988
1505649106244538375
1505649111189671936
1505649113295171585
1505649121880854534
1505649122669379587
1505649135004708868
1505649135428415489
1505649138146463745
1505649139668901909
1505649147327696907
1505649147499753474
1505649148762095619
1505649150322434049
1505649160384655361
1505649164587253763
1505649167426752514
1505649169767165952
1505649187760877578
1505649191116288010
1505649192655470592
1505649195272790023
1505649195092434947
1505649198187913221
1505649216906924034
1505649219905986568
1505649223081111560
1505649231373246464
1505649240923676673
1505649243662471169
1505649244199399432
1505649247655698432
1505649253149986822
1505649258195791872
1505649261471436801
1505649267796492295
1505649272343207936
1505649279356092438
1505649285051912192
1505649291246936067
1505649291666153473
1505649293440524288
1505649293650145282
1505649294409408514
1505649294577086464
1505649296372338706
1505649301921349641
1505649303506849792
1505649304840642562
1505649307353030656
1505649309626290179
1505649318581215241
1505649319357071364
1505649325199835138
1505649325447294977
1505649327162671117
1505649327913459713
1505649329838690312
1505649330425786368
1505649341750513666
1505649349728088074
1505649356950896640
1505649357357416450
1505649364647219207
1505649365058211843
1505649378010492928
1505649383257538560
1505649398738345984
1505649401078837248
1505649401842352139
1505649402861350912
1505649403125768192
1505649407735308294
1505649408691474433
1505649412336492551
1505649427737841669
1505649430594211841
1505649432825524225
1505649438399746049
1505649443009622016
1505649453562216449
1505649461053247491
1505649468263354368
1505649470364692492
1505649477272580097
1505649495232684035
1505649494951555075
1505649495224512512
1505649502878941185
1505649506628554757
1505649507106648066
1505649508520181763
1505649517877678083
1505649525330829315
1505649530292908037
1505649531588915204
1505649533535100928
1505649555626291202
1505649557337620483
1505649557467811840
1505649559330037765
1505649561892757509
1505649564015022087
1505649565600567302
1505649566078615558
1505649567223750670
1505649586119008267
1505649586597154817
1505649592959963137
1505649603047264258
1505649602879500290
1505649606222393355
1505649610186010634
1505649611855249411
1505649615990935553
1505649620722012165
1505649624664608775
1505649625386082311
1505649631182548994
1505649635825795087
1505649642729525252
1505649654255390720
1505649656025526280
1505649657858473984
1505649661260009475
1505649682164420614
1505649684223647755
1505649684345462784
1505649690930524165
1505649693619109895
1505649698614427653
1505649699671318528
1505649701399502850
1505649701777027073
1505649705346539522
1505649705447038981
1505649706722111492
1505649707107893259
1505649711142866951
1505649711428079618
1505649734874284032
1505649741270499328
1505649750623744001
1505649752305774599
1505649754113519623
1505649757603221507
1505649764142133249
1505649773734506498
1505649786346684426
1505649789098201089
1505649790507380737
1505649793757900800
1505649796467544067
1505649804050903044
1505649804889759752
1505649809553702914
1505649813949276161
1505649818915557380
1505649819083153415
1505649819657908226
1505649822866366465
1505649836103811080
1505649838834151428
1505649846639902731
1505649850683113473
1505649851408826369
1505649851538849799
1505649853094715396
1505649858870489098
1505649861663752192
1505649869079392261
1505649869549096970
1505649880378789895
1505649881901412355
1505649886808756224
1505649895876792324
1505649903019696133
1505649905968242693
1505649913442447360
1505649915992719363
1505649918391820290
1505649919134162949
1505649920031662082
1505649925140398082
1505649933273161728
1505649933298380802
1505649942647422979
1505649949626798088
1505649957675667463
1505649962713231360
1505649965590200322
1505649967993692166
1505649970065690633
1505649977300762625
1505649985748152332
1505649993935425538
1505649997852733442
1505650010440052774
1505650012650319873
1505650015909339136
1505650021898858502
1505650028278337541
1505650029733765126
1505650029960306696
1505650032011325444
1505650042232791050
1505650047773515780
1505650059307802625
1505650061627166724
1505650063292477457
1505650067126239232
1505650066991820805
1505650068283707399
1505650103511617545
1505650111325614080
1505650119412224000
1505650122830618632
1505650153583104003
1505650159828434946
1505650169794084866
1505650171849363460
1505650174361849864
1505650176211537922
1505650177624924166
1505650181110390789
1505650186944761862
1505650195077677056
1505650200853024776
1505650207714729984
1505650208297811973
1505650212651548680
1505650213129752580
1505650220499099654
1505650223233875975
1505650224458465280
1505650225343614984
1505650249313910784
1505650254733094913
1505650271237689344
1505650271610937348
1505650273934458880
1505650278833565707
1505650281664679940
1505650287016513536
1505650300430041093
1505650307937804292
1505650316158590981
1505650318025146374
1505650318520078350
1505650333640495112
1505650337767698434
1505650338136735744
1505650342268223488
1505650343861923841
1505650344621228041
1505650354607820805
1505650359259353090
1505650362740400132
