1507945491539148800
1507945495007739909
1507945499164397569
1507945503560024065
1507945508102414336
1507945510325260288
1507945514305785860
1507945516457410560
1507945525856772103
1507945526318317570
1507945529107525635
1507945531468926983
1507945558908239875
1507945568823386112
1507945579841679361
1507945592017735683
1507945599743709189
1507945619578814469
1507945626406993928
1507945627077922819
1507945648246915075
1507945651186896896
1507945654282493958
1507945662385729542
1507945669826207745
1507945672552628232
1507945681037758470
1507945683713761280
1507945691934605322
1507945694761414659
1507945699459035136
1507945726013325316
1507945726461964288
1507945732887642112
1507945734762647553
1507945735064588288
1507945735823581186
1507945735769452546
1507945741221781504
1507945742643920896
1507945750084440069
1507945752676519939
1507945768597950470
1507945769185124355
1507945771173232642
1507945791444422657
1507945796062306304
1507945796108529671
1507945796238467075
1507945796599169025
1507945797052162051
1507945797425397761
1507945801061912577
1507945801984901122
1507945808808882176
1507945810092244993
1507945810033532930
1507945810725683204
1507945811107323905
1507945811187019779
1507945811648331782
1507945815918235649
1507945820418867201
1507945822910042116
1507945837825073155
1507945851850661888
1507945862944620544
1507945871094300676
1507945885082128386
1507945886386896898
1507945888609718275
1507945892942213124
1507945895605817348
1507945897782824968
1507945903134588929
1507945903658840065
1507945904992493568
1507945920239124480
1507945920314359809
1507945927541080064
1507945927981637632
1507945934495309826
1507945950496579585
1507945950790262788
1507945954275733504
1507945954955169803
1507945962139967490
1507945964933373952
1507945969706577921
1507945970801123332
1507945992464715777
1507945994041925636
1507946000928845829
1507946004292771844
1507946011742052357
1507946023942905858
1507946025771798529
1507946037671079941
1507946050602086402
1507946064938250240
1507946067018485761
1507946077512560643
1507946080817852416
1507946084810862598
1507946092100571142
1507946097448452101
1507946111901724675
1507946119518687236
1507946134823751683
1507946153035374594
1507946172857696260
1507946173218402307
1507946205128630274
1507946221553418240
1507946232181833730
1507946242009022464
1507946258274603014
1507946264729735169
1507946274888241153
1507946281246679044
1507946281830076416
1507946282312216578
1507946286859034631
1507946312158920704
1507946313245204480
1507946315614867458
1507946321616982018
1507946323365883907
1507946323412148225
1507946331641286658
1507946332899532803
1507946333998563334
1507946351094427648
1507946363916636162
1507946364679958530
1507946384225636352
1507946404836114433
1507946427795877889
1507946431759495171
1507946447156568069
1507946449484529666
1507946456597950464
1507946460431663108
1507946477276082177
1507946481155670019
1507946484519505923
1507946486969122821
1507946495252738048
1507946506896166918
1507946524839485443
1507946537237766147
1507946545789870088
1507946548075933705
1507946553377443840
1507946561573392385
1507946569534173189
1507946579692507140
1507946584851558402
1507946588324474882
1507946609061122048
1507946609577013248
1507946611879686144
1507946618942799875
1507946634004500480
1507946644913938433
1507946645706743811
1507946646910427137
1507946649930240003
1507946659996737537
1507946660214706178
1507946660978171907
1507946676618731522
1507946688949989377
1507946689428168710
1507946693869809666
1507946695635648515
1507946711213256704
1507946721862569985
1507946726191407112
1507946731396292610
1507946741332692997
1507946752493641730
1507946758311141377
1507946761955991555
1507946765143752707
1507946765999386652
1507946777600835585
1507946784345112576
1507946796806410240
1507946802103812096
1507946814586048512
1507946819539587073
1507946822459101185
1507946836815982596
1507946837269164037
1507946845288509440
1507946846596988929
1507946851571585024
1507946862719889409
1507946870399815686
1507946872727646211
1507946892025425921
1507946892738580481
1507946902939222022
1507946902507036673
1507946916864147458
1507946919141728257
1507946927987458054
1507946929921081346
1507946950947053572
1507946952289230850
1507946962213306373
1507946974628048897
1507946974951133187
1507946992873390080
1507946993330524161
1507947000876077063
1507947020488749067
1507947022266953728
1507947026104741889
1507947033830707202
1507947034522710027
1507947045109497859
1507947048519184386
1507947052025659394
1507947056358473730
1507947089577361411
1507947104794460166
1507947114269134849
1507947117498839043
1507947120833167362
1507947128911548416
1507947129674756099
1507947129871818754
1507947130928852992
1507947134142021637
1507947150994460676
1507947163099271175
1507947166681034753
1507947175476617218
1507947175992606733
1507947176789688323
1507947177230086149
1507947178152529923
1507947180333711363
1507947187421990916
1507947209563779076
1507947226290860033
1507947242996441093
1507947249267265538
1507947259274608644
1507947263867473920
1507947264374829056
1507947269101785088
1507947276290854914
1507947281143664641
1507947297191211012
1507947306620002309
1507947316522762243
1507947316250095616
1507947318980452352
1507947320494604290
1507947324080889858
1507947329411686403
1507947334960824323
1507947340937654273
1507947342074609669
1507947344783884288
1507947348151967745
1507947348877586432
1507947356528189442
1507947358147031044
1507947373791789056
1507947376853479424
1507947383862222850
1507947408960937984
1507947427332075521
1507947446164496391
1507947450979569676
1507947455601692673
1507947458592051204
1507947466871619591
1507947480478101508
1507947481727967235
1507947486681305089
1507947493602086913
1507947497724940288
1507947501919293440
1507947515043368960
1507947518331695116
1507947521586634759
1507947527537979393
1507947536061014016
1507947536748716034
1507947544214589442
1507947546026528778
1507947547674898439
1507947552540622849
1507947563839852547
1507947565119324161
1507947567539277827
1507947567945977861
1507947568348733445
1507947591992057860
1507947593229242373
1507947603081654274
1507947613060210694
1507947617875079169
1507947624833372162
1507947635067572228
1507947638536437764
1507947645507194880
1507947649932009472
1507947660522803209
1507947672212283393
1507947676754661376
1507947679145508867
1507947688569950210
1507947691543781377
1507947692437114883
1507947705103921152
1507947712829870080
1507947719519657992
1507947724498513924
1507947731289251843
1507947734875004930
1507947742252969988
1507947747135361024
1507947752608579588
1507947754278232064
1507947757965029379
1507947760938455041
1507947771990474752
1507947784904736769
1507947790206484483
1507947792261656576
1507947824121589761
1507947826101194755
1507947839057690635
1507947840588468225
1507947841100345346
1507947850898059269
1507947857533415426
1507947877376696327
1507947880849584128
1507947881168211968
1507947884703989763
1507947885861687298
1507947894141186052
1507947895655645189
1507947916752834562
1507947928769515523
1507947946389692421
1507947952408608768
1507947974923497476
1507947994556997639
1507947998151852032
1507948007475535874
1507948010872852485
1507948018695217154
1507948030309421058
1507948040799375363
1507948044041564164
1507948048105705473
1507948052145143812
1507948066740969479
1507948078640205824
1507948078719975427
1507948083379773441
1507948094440329216
1507948104691109889
1507948116779335680
1507948123129143297
1507948132012679169
1507948132402880514
1507948148827824128
1507948149008048135
1507948159103766531
1507948168197115904
1507948175088578562
1507948182772326403
1507948191483838465
1507948214942507012
1507948228846755841
1507948231094898690
1507948233368096769
1507948234039169025
1507948240196751360
1507948242545303555
1507948253626580993
1507948258269798402
1507948259096117249
1507948260652158976
1507948269237899264
1507948278641438722
1507948293040447491
1507948301085204489
1507948308278480898
1507948308958150656
1507948324833296387
1507948324837539841
1507948337378508801
1507948341539192836
1507948342982025216
1507948358790307844
1507948359075594242
1507948370697998336
1507948374200397824
1507948376469356545
1507948378990133248
1507948383880818688
1507948387680759812
1507948390117691392
1507948392244150272
1507948418555072516
1507948425513508865
1507948451983609858
1507948457377599492
1507948465757818881
1507948468349849606
1507948477128486912
1507948483596197889
1507948485999534082
1507948490777055243
1507948501010952193
1507948503422566402
1507948503057588228
1507948504349810690
1507948505314250755
1507948505989632001
1507948510481686528
1507948516072562690
1507948535047942146
1507948535542558721
1507948546716225536
1507948546749833226
1507948547286708227
1507948553544638464
1507948553766801415
1507948555318616065
1507948566370832396
1507948567922626560
1507948575610843142
1507948576810455040
1507948588109754369
1507948597790539781
1507948598000074754
1507948599388246017
1507948609651675145
1507948622423355393
1507948628920320002
1507948643525234688
1507948644045045761
1507948645131370499
1507948657873928194
1507948666216083460
1507948667151413256
1507948672310517761
1507948674453688321
1507948678517964802
1507948682439630848
1507948684583051264
1507948692963266562
1507948695764963333
1507948699393036290
1507948700165107713
1507948705009188865
1507948706691260417
1507948737850576896
1507948749271744513
1507948763498831874
1507948763767222276
1507948763909828611
1507948772625723393
1507948788442439680
1507948788492615681
1507948794955984896
1507948797690671104
1507948799334957059
1507948800475807747
1507948801121685509
1507948803512582146
1507948809401290754
1507948819920654339
1507948826136567810
1507948826333573123
1507948826875039744
1507948828657434628
1507948830582583301
1507948833728131075
1507948840275521536
1507948864887615488
1507948868264153091
1507948879714693120
1507948880243081222
1507948885414932482
1507948892607844357
1507948924509868034
1507948944256548869
1507948966268534784
1507948968730370052
1507948982810537986
1507948987265216520
1507948994189676546
1507948995330646018
1507948996068839426
1507948998492975105
1507949001441792005
1507949014133600261
1507949022467833856
1507949026624237568
1507949041631567872
1507949045909655553
1507949057473650692
1507949058392043523
1507949069863370752
1507949069943001090
1507949088783876096
1507949089190731776
1507949096337739786
1507949103505883137
1507949104911073280
1507949105506521089
1507949107410784256
1507949121352749057
1507949133365010435
1507949143167168512
1507949148917673987
1507949149567975424
1507949162872000518
1507949173399859203
1507949173857005569
1507949181146742786
1507949182744764419
1507949192559403011
1507949200478281730
1507949205725147137
1507949205683286016
1507949209902755840
1507949215187542016
1507949235735461895
1507949236641361920
1507949243654410245
1507949244581224450
1507949251900362754
1507949254064627712
1507949271437307909
1507949279771512838
1507949282460004357
1507949297358479362
1507949327444058113
1507949332615811074
1507949336071708674
1507949341138653188
1507949347387838464
1507949348293910529
1507949367331803142
1507949368632086528
1507949380292198406
1507949389318402053
1507949389616058370
1507949398474596356
1507949402639728647
1507949403776114689
1507949412156420099
1507949413234536448
1507949414920306688
1507949419882512385
1507949427687841793
1507949433870184451
1507949438769283079
1507949442103758854
1507949443819134976
1507949449359683585
1507949453013049345
1507949456636846089
1507949467999293440
1507949476014481409
1507949479303213058
1507949486743580673
1507949488874348550
1507949494087823361
1507949495195037699
1507949506347745285
1507949514702966787
1507949518888730629
1507949523477614593
1507949528326057989
1507949536312016901
1507949537536581632
1507949545245790208
1507949546374144001
1507949551726075905
1507949554242842629
1507949559099453445
1507949573511135234
1507949584546418689
1507949590712041473
1507949599197208577
1507949604545134592
1507949607631790081
1507949607891873798
1507949607837335552
1507949617140629504
1507949621242478592
1507949622614011906
1507949628691415041
1507949630684037120
1507949631036002308
1507949634102124550
1507949669921472512
1507949674354798603
1507949684043620354
1507949686006894594
1507949694487474178
1507949695393488896
1507949696605732870
1507949703190646787
1507949710421622786
1507949716750753797
1507949720882364417
1507949727849013255
1507949740629057541
1507949744777216003
1507949747415388164
1507949751576465412
1507949756361940998
1507949758903635976
1507949759897780225
1507949773298364416
1507949773500076035
1507949774942908418
1507949780101599233
1507949813534449669
1507949822636085249
1507949826624872453
1507949834443321345
1507949842382958592
1507949855297126403
1507949872238010369
1507949878227341313
1507949879628529664
1507949888000061440
1507949892597350401
1507949895402987520
1507949896766210051
1507949910485876737
1507949912746463234
1507949912872341507
1507949915246190598
1507949929930579975
1507949942828331011
1507949950935740416
1507949961635409924
1507949964059570177
1507949965254950919
1507949967775834113
1507949969730375684
1507949972280340483
1507949980438380546
1507949988864692225
1507949990085382148
1507949997161123844
1507950012877090816
1507950015091720194
1507950015452483584
1507950016840683525
1507950024193306624
1507950026214961157
1507950047031623684
1507950050747424768
1507950067763888137
1507950068728356864
1507950085166018560
1507950098898169856
1507950113582469126
1507950124751798273
1507950129667469320
1507950144792137733
1507950158243418113
1507950158398427139
1507950169870016512
1507950175951605762
1507950191340449792
1507950192401649664
1507950206528077825
1507950209766240261
1507950216536035331
1507950229135441921
1507950228892049408
1507950234801823751
1507950243437981698
1507950248685146112
1507950256167829506
1507950259267383300
1507950263428022281
1507950277214683137
1507950286261870596
1507950287520411649
1507950294486892545
1507950295623639045
1507950303307452421
1507950306889330691
1507950324237029376
1507950328490065921
1507950330025488385
1507950351810367490
1507950362325655557
1507950381212569602
1507950384903503876
1507950386023665668
1507950388640555010
1507950393418223619
1507950393539665920
1507950400091172864
1507950402997678081
1507950408072839171
1507950411986378756
1507950413915381763
1507950415266336772
1507950435709059079
1507950449671954432
1507950449902641157
1507950457573953536
1507950470119268352
1507950518299209728
1507950519981154309
1507950531494354944
1507950535038709760
1507950543557349380
1507950565082337286
1507950574448390147
1507950577342427137
1507950601107353600
1507950627254845443
1507950630576533508
1507950634284175364
1507950641276243969
1507950643939627008
1507950660905439233
1507950662130282501
1507950674289459201
1507950691037319168
1507950691205238785
1507950691482013702
1507950696292880388
1507950697928482830
1507950701905063940
1507950705994309634
1507950724117901317
1507950726852464640
1507950733722730501
1507950736662937604
1507950737158025216
1507950737904443393
1507950742191017986
1507950766040010753
1507950782485729283
1507950783249383426
1507950787510501377
1507950792057274372
1507950822059036673
1507950823489351683
1507950826496667650
1507950849212907523
1507950862450118657
1507950872269148160
1507950875515715585
1507950886131322880
1507950888672849920
1507950889155571713
1507950902686240770
1507950903642705928
1507950904405807106
1507950915827138562
1507950921745010691
1507950956373319684
1507950971829121029
1507950985733279746
1507950990778986500
1507950991106224129
1507951001088643072
1507951001155911684
1507951002128855040
1507951008584028163
1507951038032138247
1507951041991438338
1507951044218994695
1507951051391049730
1507951052708265984
1507951054062764033
1507951056952602628
1507951057133056002
1507951061629386759
1507951065412648963
1507951077286588420
1507951078473711616
1507951083376848902
1507951085570252800
1507951088720400385
1507951093619339269
1507951101118713856
1507951101521317890
1507951110660804610
1507951115752542208
1507951130105430019
1507951152951832578
1507951154898128897
1507951155674075140
1507951157779476486
1507951175198715914
1507951191648481282
1507951193724645378
1507951200230064128
1507951219461193732
1507951231464923139
1507951233751216128
1507951235227275264
1507951238637256711
1507951318396194819
1507951318538752001
1507951323509002246
1507951332623273985
1507951334686748673
1507951338843299840
1507951359131365382
1507951365951213574
1507951366077128716
1507951391746129922
1507951399908392965
1507951404777832453
1507951421588590592
1507951445928079360
1507951474868948997
1507951484029538306
1507951487275700228
1507951488030498818
1507951498772111360
1507951512466690051
1507951523942309889
1507951524638609413
1507951527260221442
1507951561137438720
1507951561737220100
1507951563439964160
1507951571962793988
1507951573229781000
1507951584004689921
1507951589788581892
1507951595606069251
1507951607731740672
1507951610277904387
1507951614782451715
1507951623078748174
1507951642657714177
1507951649100374018
1507951651541430274
1507951666435403776
1507951672949157889
1507951675201499138
1507951681618784256
1507951683766128648
1507951687994155009
1507951708500295690
1507951721896677385
1507951725079982082
1507951745170694147
1507951749365071876
1507951785553678339
1507951786308558857
1507951793103413251
1507951806843961348
1507951813856985091
1507951842516381698
1507951850041061376
1507951865903738886
1507951878805471232
1507951882978873345
1507951892273451010
1507951905066168329
1507951920442331136
1507951933750919168
1507951935655084035
1507951935936434178
1507951956433776640
1507951983768252419
1507952002185461769
1507952004949180417
1507952013098766340
1507952017645445125
1507952025895583745
1507952033407684615
1507952037207867397
1507952039124426752
1507952049320710149
1507952053192065025
1507952083970170880
1507952087526940676
1507952090148134916
1507952100663304197
1507952109572046849
1507952120439672835
1507952133210923008
1507952137073876992
1507952145336700933
1507952158230343680
1507952161023574016
1507952184930942980
1507952196637368320
1507952195605565445
1507952206607273985
1507952207009828865
1507952209434136579
1507952211065593857
1507952232213495808
1507952248197890049
1507952257777631232
1507952278862454792
1507952298500124672
1507952321199849472
1507952323229802496
1507952326073798660
1507952327646400514
1507952333644349440
1507952346311102464
1507952366032723971
1507952367680974853
1507952372625989635
1507952382952550400
1507952396785569796
1507952445258932228
1507952446307454976
1507952447993524228
1507952456743153666
1507952469023748097
1507952479656366081
1507952481686327297
1507952491509563395
1507952495405850629
1507952501739470852
1507952519129214979
1507952522605998081
1507952525604900867
1507952528058691584
1507952536615014401
1507952541904089090
1507952546173919241
1507952555019718658
1507952557133606917
1507952557318152192
1507952564041445379
1507952569561522177
1507952619372875780
1507952628763820036
1507952641199915009
1507952645008334850
1507952650943352833
1507952651174092805
1507952669209505799
1507952671214473217
1507952672351023106
1507952674678841346
1507952687702167552
1507952707491053570
1507952721403564040
1507952721562902538
1507952723521519618
1507952724855463936
1507952727477075972
1507952729431457794
1507952739002683394
1507952741162885127
1507952747009785857
1507952747408023552
1507952749907832839
1507952752902946826
1507952753389178883
1507952767540858883
1507952768266424325
1507952789728620545
1507952797131673600
1507952802651426820
1507952811765424131
1507952817125822466
1507952818367303684
1507952831751405571
1507952832988680196
1507952836033753091
1507952839078912001
1507952851955318788
1507952853331161093
1507952853515751425
1507952869143883778
1507952887464292352
1507952902576517120
1507952906783404038
1507952909748621315
1507952914576334855
1507952929864441856
1507952930351104003
1507952937066135552
1507952945799008259
1507952956129259520
1507952960688386050
1507952974928166916
1507952985674063872
1507952987657801729
1507952993978753032
1507952999372505090
1507953003822829570
1507953005685243906
1507953016627990535
1507953025515724800
1507953038958501889
1507953056629067782
1507953061335023618
1507953074442485760
1507953093811576834
1507953115672289281
1507953122144317442
1507953133338578946
1507953135406678017
1507953136081772548
1507953142767362054
1507953151361486853
1507953156713594883
1507953161260056579
1507953164464508935
1507953167417417730
1507953171078914063
1507953192503754757
1507953194290540548
1507953194529607682
1507953201127071745
1507953204838940678
1507953208064315394
1507953221720940545
1507953223688232962
1507953230214434824
1507953238066180100
1507953254755414017
1507953257154433029
1507953277937373185
1507953281183752195
1507953284505612288
1507953291539324930
1507953295410794502
1507953311835582467
1507953318374608897
1507953331150680069
1507953331532038148
1507953370237218817
1507953376474017794
1507953376671248392
1507953406522056711
1507953409944600577
1507953412087767042
1507953452428632068
1507953452453752833
1507953453284343809
1507953480111202304
1507953480547254280
1507953488298491908
1507953493100929024
1507953493872586755
1507953495273615362
1507953500290007043
1507953506619203587
1507953547744325651
1507953559345672194
1507953571140026375
1507953593911058432
1507953613976571908
1507953641474379778
1507953644410490883
1507953649451880451
1507953655709794307
1507953663179907075
1507953665629380610
1507953686055636997
1507953696163909637
1507953700119097344
1507953700152942594
1507953706930741251
1507953707073241090
1507953711125082122
1507953711640891393
1507953715692584964
1507953719660490752
1507953720247521283
1507953732025487363
1507953734894063616
1507953736051826688
1507953738287226887
1507953747032526848
1507953751855882244
1507953753474838531
1507953754292768769
1507953771057360902
1507953773859291139
1507953796659519492
1507953796856438785
1507953818708983808
1507953821426671617
1507953822404349956
1507953836232777728
1507953837209899010
1507953839873396736
1507953842587009025
1507953847960023047
1507953852355538944
1507953872026968073
1507953874631544834
1507953875021561862
1507953875210358785
1507953876279783427
1507953893208207360
1507953894944559104
1507953898258055171
1507953898753085441
1507953899147173890
1507953903857508357
1507953908752306176
1507953909884948480
1507953927685353472
1507953934132203520
1507953958840590336
1507953961365819392
1507953964465094656
1507953973487091712
1507953975252987905
1507953979203928067
1507953979304648706
1507953996526403585
1507954002679382019
1507954006592733184
1507954019708325891
1507954021944131588
1507954043045437440
1507954051568136192
1507954054227447808
1507954058530889734
1507954066437156870
1507954083549777921
1507954105196871687
1507954107251924998
1507954116466774018
1507954119637872644
1507954122007277569
1507954129947222018
1507954143352209412
1507954158963462151
1507954162239086594
1507954167511322624
1507954172984975363
1507954177196048387
1507954178529841156
1507954182648582149
1507954196657709062
1507954232149827588
1507954250202066944
1507954258661961728
1507954270381002759
1507954272700604420
1507954283089731585
1507954283660070913
1507954291054632964
1507954307643101189
1507954319290630146
1507954324550426625
1507954325217288192
1507954328291749894
1507954351683297281
1507954365486743554
1507954368330575872
1507954379264966658
1507954381098221572
1507954383924785159
1507954388903497735
1507954401654165507
1507954453575573511
1507954467840299014
1507954476509896709
1507954487402631171
1507954489361416199
1507954500597911552
1507954501080293379
1507954507460001793
1507954514229407744
1507954534919905281
1507954537843204100
1507954544055320576
1507954551621844994
1507954562832998405
1507954564984676353
1507954579366834176
1507954588757880835
1507954592725684229
1507954621427245063
1507954622782091266
1507954623059042312
1507954623495262209
1507954645976690688
1507954655879471109
1507954670035165184
1507954670987218944
1507954681058041860
1507954687827398656
1507954693364129796
1507954697088471048
1507954704726347776
1507954721356664833
1507954725886607361
1507954746820288512
1507954749479731203
1507954761861156865
1507954771348504577
1507954803883720704
1507954827653001225
1507954835701833728
1507954838532931585
1507954849282932740
1507954851610861572
1507954857117986818
1507954877447774209
1507954879180029954
1507954882837467139
1507954886247616518
1507954887547830276
1507954891154759687
1507954904626774017
1507954907525042177
1507954919319474182
1507954924386242560
1507954934074937345
1507954939200512006
1507954949765828612
1507954950328008710
1507954959031095300
1507954966782099456
1507954969537830914
1507954970884296706
1507954977313943554
1507954985006419971
1507954992686276610
1507955017247911936
1507955022671532034
1507955032632672256
1507955037028249604
1507955045148467206
1507955056573882373
1507955056410349570
1507955057169698818
1507955065432248325
1507955072721895426
1507955085854216193
1507955094309900290
1507955099716489218
1507955099682885632
1507955103965364224
1507955123992993803
1507955125620514818
1507955136085307392
1507955139348353028
1507955146289913863
1507955156121538561
1507955160106029057
1507955184747659266
1507955186383216641
1507955192956080130
1507955193119268864
1507955204905385988
1507955218960502789
1507955229131636738
1507955230083727361
1507955235800592390
1507955236949819392
1507955248635256840
1507955251269496835
1507955252724707328
1507955252993363969
1507955253802684419
1507955256214581252
1507955259674705920
1507955274774110208
1507955306684645376
1507955309473513476
1507955310308192260
1507955310694043654
1507955321188528130
1507955324195639297
1507955330902335488
1507955340390072325
1507955342092783621
1507955355816325124
1507955385344434177
1507955391090417664
1507955418215350272
1507955426523967488
1507955450389889025
1507955455909269505
1507955476926926850
1507955479183454209
1507955498468843522
1507955500918480898
1507955501971439616
1507955509919469575
1507955515288002567
1507955527963271172
1507955529460682753
1507955532761468928
1507955542433550340
1507955546976043010
1507955551707279365
1507955563241517062
1507955563434426369
1507955584674373644
1507955587287449605
1507955636797026304
1507955651330379780
1507955653364621314
1507955656229277702
1507955665515384832
1507955681911091200
1507955694062161921
1507955715540873218
1507955725309521921
1507955729780645888
1507955733496668161
1507955737351364608
1507955741252018182
1507955752601722882
1507955757953654785
1507955758809374720
1507955767353266179
1507955774802309123
1507955797543825408
1507955811871563778
1507955838559739906
1507955842045603841
1507955846591909897
1507955852669435906
1507955864392544259
1507955881421713411
1507955884022018052
1507955886307823616
1507955891009556483
1507955906729889795
1507955931392638982
1507955935154778120
1507955956071624716
1507955979538759681
1507955982248423426
1507955985943564290
1507955997435904004
1507955999545577474
1507956000233607171
1507956015739809793
1507956028918403073
1507956038284484609
1507956057657819141
1507956060341997568
1507956071947812865
1507956097696473091
1507956131620134919
1507956132542918658
1507956132895207427
1507956141812117505
1507956144840450048
1507956150028824576
1507956170824241152
1507956176713285637
1507956184803807233
1507956202935836675
1507956204164710402
1507956204575805440
1507956216919695361
1507956219004157952
1507956233621291017
1507956252369829889
1507956254320181250
1507956277456080901
1507956287686189056
1507956296326139906
1507956299350245382
1507956299924975622
1507956301841809410
1507956308460412931
1507956343763734528
1507956351460274181
1507956357579907077
1507956357848252421
1507956368984219656
1507956390635225089
1507956393025888258
1507956393298599938
1507956393688530945
1507956393902743556
1507956406951059457
1507956416530817024
1507956433731690498
1507956443554664448
1507956449644843008
1507956452614414337
1507956454862602245
1507956459698413571
1507956465297809410
1507956471782277124
1507956476970778626
1507956476953853952
1507956502858170369
1507956514216353795
1507956516686553088
1507956539516018688
1507956554238394372
1507956560298979334
1507956560542240770
1507956560714248192
1507956579227762691
1507956594746617856
1507956613650518019
1507956624949972992
1507956625071476736
1507956632407486471
1507956636521881604
1507956649306181632
1507956658126958593
1507956659213066243
1507956675365404675
1507956691689611271
1507956718474756097
1507956719313317888
1507956731292356610
1507956732609413123
1507956746089684994
1507956755166289921
1507956760535089154
1507956772027478016
1507956777719017472
1507956779107643392
1507956779375865857
1507956799655268354
1507956805435072518
1507956813215395843
1507956816688279552
1507956828604350465
1507956829740953605
1507956831511064577
1507956833847193600
1507956848959361026
1507956853850140675
1507956855984857095
1507956872359268353
1507956876012658688
1507956886586363908
1507956891913236484
1507956893947363329
1507956903199969286
1507956904076754945
1507956907599929349
1507956910389329926
1507956911316307969
1507956914482688004
1507956922317561856
1507956922678358018
1507956944161619969
1507956944451026946
1507956960821334017
1507956969000562688
1507956973165477892
1507956977741320204
1507956992174096388
1507957003435618304
1507957016844767232
1507957028127318016
1507957053976985601
1507957055302344708
1507957059257761794
1507957063015714818
1507957069521076224
1507957071378931713
1507957073765494787
1507957079742775302
1507957098331713536
1507957101079011328
1507957101695578113
1507957125959413764
1507957133953875969
1507957139893284868
1507957146520109058
1507957149481250822
1507957155726606340
1507957163813052421
1507957171023097856
1507957173510418435
1507957176047845378
1507957183983628294
1507957198311378945
1507957206049824771
1507957206313947136
1507957210416099330
1507957220964765700
1507957226853470210
1507957230628450305
1507957230897106946
1507957231991500802
1507957235590250497
1507957242309406725
1507957242632589312
1507957245816025090
1507957259313332227
1507957265176961028
1507957272407785473
1507957277508087808
1507957281027198976
1507957282914639873
1507957295313002500
1507957298232115201
1507957313407123460
1507957319488913412
1507957323574411269
1507957339269513219
1507957342268055552
1507957359804809216
1507957372261527556
1507957380469846022
1507957403848949762
1507957408034742274
1507957451491971072
1507957453253754887
1507957475047354372
1507957488938795015
1507957492315312131
1507957501190291457
1507957509184753669
1507957518277906435
1507957529544130562
1507957530517196804
1507957534119890948
1507957550549016579
1507957560527183874
1507957581226070017
1507957591355314177
1507957592668053504
1507957606198951936
1507957618765090817
1507957649526059008
1507957652051005443
1507957657902141440
1507957661895176202
1507957677200093185
1507957692282802176
1507957702542176256
1507957703938826245
1507957712696619009
1507957721831669763
1507957725648539648
1507957735089975298
1507957744640266241
1507957746422849539
1507957764798431238
1507957776353529857
1507957776978382848
1507957783911493644
1507957787908845572
1507957787955015681
1507957788617719809
1507957797278957569
1507957805994676224
1507957819273793536
1507957820188250121
1507957842967420932
1507957862118555649
1507957875955716096
1507957914186788866
1507957921006596096
1507957924282478596
1507957945295900672
1507957946625441792
1507957961636954112
1507957970058940417
1507957974819557376
1507958003063877638
1507958004297388039
1507958013365481473
1507958017760940035
1507958023234355205
1507958027869388804
1507958052133113857
1507958066192347138
1507958069128581128
1507958073604079618
1507958078074863619
1507958093124186112
1507958106633953280
1507958111499431941
1507958129253707777
1507958138787483650
1507958155258613760
1507958161881264132
1507958175303045122
1507958184480227329
1507958193191759874
1507958193275736069
1507958197230850048
1507958204075896834
1507958209398648835
1507958219896811520
1507958248229416961
1507958258803560454
1507958274284404736
1507958290617012228
1507958293142339588
1507958316349079555
1507958317640990725
1507958318354280451
1507958326235123713
1507958341288738824
1507958354559516677
1507958358640365572
1507958365024133121
1507958373735559174
1507958384590417926
1507958388524691459
1507958416983142400
1507958429566255105
1507958431558221824
1507958431885537280
1507958449875066891
1507958452966289410
1507958454685954051
1507958457416118273
1507958461677674502
1507958477603295240
1507958497157083136
1507958505461874689
1507958524487380997
1507958532754354177
1507958535044444160
1507958544334614528
1507958547786608640
1507958555466477570
1507958569110585347
1507958570373246977
1507958576953769987
1507958580573446149
1507958614656385027
1507958622269186050
1507958633295872001
1507958667387486210
1507958677344600067
1507958683010969604
1507958683279446017
1507958690384695299
1507958695774367744
1507958698077044741
1507958701080166401
1507958703789551617
1507958708847976448
1507958714099187712
1507958718150938630
1507958724769591303
1507958734160424960
1507958745116069892
1507958747398033408
1507958750744829953
1507958754230554627
1507958771628208128
1507958772395872259
1507958773255749632
1507958777584431106
1507958778339147777
1507958785243025408
1507958788116078592
1507958792117719041
1507958801223331840
1507958817543409669
1507958830969331714
1507958856533491714
1507958870236229633
1507958871255625729
1507958876649385986
1507958880348917761
1507958890323152904
1507958894802395139
1507958926121254916
1507958946727825408
1507958948665516037
1507958954546155521
1507958957389885443
1507958958849466372
1507958958861942785
1507958960875347969
1507958971822272517
1507958976197140485
1507958987156856834
1507958992156430337
1507959008136736772
1507959035227779075
1507959036972462085
1507959048095911939
1507959056752799747
1507959067264036865
1507959083533488130
1507959084963999745
1507959116886466561
1507959117570318337
1507959118887149570
1507959129566060546
1507959144434872323
1507959179096567810
1507959204665036802
1507959216987856896
1507959218237698049
1507959229851869186
1507959233874173962
1507959240995991556
1507959254430277633
1507959276396236805
1507959282368667651
1507959293085114370
1507959297904459780
1507959317659488258
1507959337054085120
1507959347829166082
1507959348324143108
1507959348349509634
1507959354552684545
1507959358537154562
1507959363775782919
1507959369929007106
1507959372109926404
1507959398773272579
1507959400278994951
1507959421800009729
1507959422802284545
1507959433762156546
1507959437688193026
1507959447297179648
1507959450367320065
1507959453710180354
1507959459808788483
1507959461993885696
1507959489605128193
1507959508865191941
1507959512053002245
1507959523092295688
1507959541220405248
1507959555984142341
1507959557527535621
1507959562967875587
1507959570794266627
1507959584962580481
1507959587684630531
1507959588087283712
1507959589131718657
1507959596262248452
1507959598090633217
1507959606798331909
1507959631439548416
1507959641862549504
1507959656857100292
1507959669880463364
1507959685109985287
1507959691543867393
1507959695574810625
1507959719960346625
1507959720757403648
1507959726209916931
1507959744237125635
1507959751497375749
1507959778500358149
1507959778793832449
1507959797412474880
1507959814936166402
1507959835966382082
1507959851669983234
1507959858791952385
1507959863674032137
1507959871567589381
1507959878190571535
1507959903553527810
1507959918166679559
1507959921874288645
1507959925779177472
1507959930069811204
1507959937049186304
1507959941415505920
1507959952023109634
1507959972180598786
1507959976530128896
1507959977171992577
1507959983853355008
1507960019052077058
1507960024923996164
1507960031790403592
1507960036974202885
1507960055051993090
1507960055844732932
1507960065583718402
1507960066749911040
1507960074584662017
1507960080150368257
1507960094922706947
1507960122651389952
1507960143367090177
1507960157887737856
1507960163344474114
1507960164267270149
1507960193425965056
1507960198631145472
1507960201193926658
1507960203555135490
1507960206445096964
1507960225256677380
1507960234941243393
1507960262103547906
1507960267174715396
1507960268407689217
1507960269208801289
1507960271930863616
1507960288074768388
1507960295209250821
1507960300913696775
1507960303283281921
1507960322782601218
1507960326473494529
1507960334426034176
1507960347701006338
1507960355716153344
1507960362125053957
1507960365740666880
1507960384770256896
1507960392177307652
1507960397147652097
1507960401329369093
1507960402558205953
1507960406299480070
1507960409579532289
1507960421898141708
1507960444295688192
1507960453716234241
1507960466328457216
1507960481117573123
1507960497689137155
1507960500868554754
1507960520745570307
1507960521667928065
1507960523094069251
1507960525023596551
1507960526315397122
1507960526877298689
1507960527548342275
1507960538659053569
1507960541326708739
1507960552060223488
1507960553167151108
1507960555486826502
1507960567436242950
1507960576898568193
1507960582485405699
