1503038153879216131
1503038175148744709
1503038175467347969
1503038177350766592
1503038178244112386
1503038180114710530
1503038181578530825
1503038183784681474
1503038198196445189
1503038199198855175
1503038202243919879
1503038206802948099
1503038207088381965
1503038210221387780
1503038220594028552
1503038223525761024
1503038229360123906
1503038235710210048
1503038238390472704
1503038240198168579
1503038250289618945
1503038252336685056
1503038256430317571
1503038261937295364
1503038266135695366
1503038268023009282
1503038270594338819
1503038284917731329
1503038285685440515
1503038289707778049
1503038294246014981
1503038295432912898
1503038319835418631
1503038321605308419
1503038328723197953
1503038332674191363
1503038338302988297
1503038341708763147
1503038344653070341
1503038351376539651
1503038352156676102
1503038354899841029
1503038358272065537
1503038372180381707
1503038376294944769
1503038377511485443
1503038379159703556
1503038389565771779
1503038390400618500
1503038391021101059
1503038394619813891
1503038396385665032
1503038397866250240
1503038400827473924
1503038402589036551
1503038404912627714
1503038404967157761
1503038406330265600
1503038418300940300
1503038422294089729
1503038431663955969
1503038434046361610
1503038437380796425
1503038440924868613
1503038450248912899
1503038451893121032
1503038461376229382
1503038467349045249
1503038472571006976
1503038473095237632
1503038477390200838
1503038477776171009
1503038488400347138
1503038489499250701
1503038490816131074
1503038493731213321
1503038495434043396
1503038507199209476
1503038513847189507
1503038520994242561
1503038524022476812
1503038528950779914
1503038536982929410
1503038537054179339
1503038543848828930
1503038545673404422
1503038552891961349
1503038571623682056
1503038572793942021
1503038573838176260
1503038576379846658
1503038589067997184
1503038597414412292
1503038604993609735
1503038605211717636
1503038606906040322
1503038623335153664
1503038628766879755
1503038629022736384
1503038630981521417
1503038631753121793
1503038637633589251
1503038640624222216
1503038641668599809
1503038664590471179
1503038674438705152
1503038675772485637
1503038676519030788
1503038677726937089
1503038683540340741
1503038684093812739
1503038684731428868
1503038688468553729
1503038703320678404
1503038714607403012
1503038722706755589
1503038723885129733
1503038732815028225
1503038733796397062
1503038737004998661
1503038742193397761
1503038744839995398
1503038754205929485
1503038756290453509
1503038760426029058
1503038762904739841
1503038764146479110
1503038771129982982
1503038774174896133
1503038778725703681
1503038783142440960
1503038785499525120
1503038796304162820
1503038799214915584
1503038803723923466
1503038808081768448
1503038820429746182
1503038823177256962
1503038824095653889
1503038824645017611
1503038826742231050
1503038829514530817
1503038829460180996
1503038831926337538
1503038832324788225
1503038840260419585
1503038846648389643
1503038849051627520
1503038850725261315
1503038858698665992
1503038864079818755
1503038864587427845
1503038865677950989
1503038869461258244
1503038870643830788
1503038873919762434
1503038873827524619
1503038879959506944
1503038886745833472
1503038888725557255
1503038895289741316
1503038907092541444
1503038908011098119
1503038909395226630
1503038915778789378
1503038915892363266
1503038916798074881
1503038921764229121
1503038924213702658
1503038925220159495
1503038926302420996
1503038927569100811
1503038930693890053
1503038935592841219
1503038948666445830
1503038956769787910
1503038970707513348
1503038975883239425
1503038986960478212
1503038994191372289
1503038996246577159
1503039022163120130
1503039042367098880
1503039045798006786
1503039047853355015
1503039056657141763
1503039057953267726
1503039059291095042
1503039066039889931
1503039067625177091
1503039070192160769
1503039080837394434
1503039085576871947
1503039091188850690
1503039091226537989
1503039092975710216
1503039096377122823
1503039104375656453
1503039114563661827
1503039117990498312
1503039121543122944
1503039129772167170
1503039133597331463
1503039133991809026
1503039138936856576
1503039141893873667
1503039144829849610
1503039147853893643
1503039147853983752
1503039149099651082
1503039149305040896
1503039156557131784
1503039158327169025
1503039164274528262
1503039169794293763
1503039177184665601
1503039179126554626
1503039188719087619
1503039193999679497
1503039205353705476
1503039206050123777
1503039207345905670
1503039214018990082
1503039217764487171
1503039219543027714
1503039225674928129
1503039227298299908
1503039228862775297
1503039229957443590
1503039230829805568
1503039231609880580
1503039234063704070
1503039234663489540
1503039237091909638
1503039237616287746
1503039243991592963
1503039258201886725
1503039261897109514
1503039265382445060
1503039265932025867
1503039274966466560
1503039276669452292
1503039279202811917
1503039280247152642
1503039280662286336
1503039281467584515
1503039284760256515
1503039292087496710
1503039307820544001
1503039311570251781
1503039311763103747
1503039313851805698
1503039315227693057
1503039317677125634
1503039321099669517
1503039325755301893
1503039329073082368
1503039332390604805
1503039333523234821
1503039344533286922
1503039350145126400
1503039350489206789
1503039351164444673
1503039359368507398
1503039361746616322
1503039365089423362
1503039376795734016
1503039378175795201
1503039383515058183
1503039383859048461
1503039392667127821
1503039408139866116
1503039410480324615
1503039412925521922
1503039421842604032
1503039422803103744
1503039425131036678
1503039428213841920
1503039430696882184
1503039435134406660
1503039438636658693
1503039454189129729
1503039455136923648
1503039456022044672
1503039463324192771
1503039464528134151
1503039476364423178
1503039478348218380
1503039478616805378
1503039481615732746
1503039485256224772
1503039485793157126
1503039486397239307
1503039487663816707
1503039489089937411
1503039492663431172
1503039501358313472
1503039502616563715
1503039504738926604
1503039511651131398
1503039526293356556
1503039532135944192
1503039537378865154
1503039537848619016
1503039542907084804
1503039543817248770
1503039556706357249
1503039564524535810
1503039569905729539
1503039569981161475
1503039571528806402
1503039577807679488
1503039584673972226
1503039588243226633
1503039595457486854
1503039597126860809
1503039602143027203
1503039603967680513
1503039606454816769
1503039610515034116
1503039619385933829
1503039619373350917
1503039637606047754
1503039639388626948
1503039641322147850
1503039644174151683
1503039647903059973
1503039661551362050
1503039661865783301
1503039667217870855
1503039667293220864
1503039669273088001
1503039671907098634
1503039674687889418
1503039678433345541
1503039680807424006
1503039687769870338
1503039694862315520
1503039695722319878
1503039696607326219
1503039704232611847
1503039705394335745
1503039709190180872
1503039715221594121
1503039716559626248
1503039721223634948
1503039722280607746
1503039725241712644
1503039725564829702
1503039726605029384
1503039729968853000
1503039733340983301
1503039734553186313
1503039741792604161
1503039759203119112
1503039759433670656
1503039763498115076
1503039783580352519
1503039785698537479
1503039794149933056
1503039804812013574
1503039809828360201
1503039816560263169
1503039817109626889
1503039818053218305
1503039818539974665
1503039819278163978
1503039822205624326
1503039825598947328
1503039826911711236
1503039834776080384
1503039836772614153
1503039837892329479
1503039840765595658
1503039851045732359
1503039853650395137
1503039867671953408
1503039872847814659
1503039872818315266
1503039894372982784
1503039895698382855
1503039896713322500
1503039897338220547
1503039902178594824
1503039913163476995
1503039914400694280
1503039914379730945
1503039923498074115
1503039930234290181
1503039938102796292
1503039942833885187
1503039942951419905
1503039946818527237
1503039956796821506
1503039958344519684
1503039958688440323
1503039959078420480
1503039974014263296
1503039984160296964
1503039986295353347
1503039992846856194
1503040004498640896
1503040005886787589
1503040011133980675
1503040011184349188
1503040014405488646
1503040014724354054
1503040017425330179
1503040021481275406
1503040024568205314
1503040031920779269
1503040032419897344
1503040033988698129
1503040034768883718
1503040036761178115
1503040037340028928
1503040042196946948
1503040043040055308
1503040048098279426
1503040048371015680
1503040064976265216
1503040069589864452
1503040070621831173
1503040077810839554
1503040079085899777
1503040094323752965
1503040098698366979
1503040099772256265
1503040117346287622
1503040122337509380
1503040123251871765
1503040124891787266
1503040125265223683
1503040125952999425
1503040131015614464
1503040133079216133
1503040133720944642
1503040135054585860
1503040140029087751
1503040143694860288
1503040145116876803
1503040148522430468
1503040149994852354
1503040155761975301
1503040158429421569
1503040167648632833
1503040168390971392
1503040175571550208
1503040182668476425
1503040185411461131
1503040188955586565
1503040190499094528
1503040193590403080
1503040205774860291
1503040207255478276
1503040233457295362
1503040237143998471
1503040237764812808
1503040241065775109
1503040242676342784
1503040247105560583
1503040254806302721
1503040258992132102
1503040259805700096
1503040266462240770
1503040267125129219
1503040268098060294
1503040268374663171
1503040278852259845
1503040281612111873
1503040282820022274
1503040291217063940
1503040298674491395
1503040298884116482
1503040300054368258
1503040309617332225
1503040316147830786
1503040333172469763
1503040347127132167
1503040351132696576
1503040352067928072
1503040358434975748
1503040366165086212
1503040366483812358
1503040366718910464
1503040372334813193
1503040379414745095
1503040394447130625
1503040399618752513
1503040405809639436
1503040409257263106
1503040410398167040
1503040413401296902
1503040425770336257
1503040428169306112
1503040431743184902
1503040434960019456
1503040454610333698
1503040459043659778
1503040459123404811
1503040461677731840
1503040461967175688
1503040465997815813
1503040470125064202
1503040476122910720
1503040476634513409
1503040487791411202
1503040489448259589
1503040491537014786
1503040497077702666
1503040503528501250
1503040506363740162
1503040514660085760
1503040528937537539
1503040529176707077
1503040532758642692
1503040547002404873
1503040548772405251
1503040554581606406
1503040564563955723
1503040567785181189
1503040568552697856
1503040579609010176
1503040588140187651
1503040591835254784
1503040594515533830
1503040595119460358
1503040595282968577
1503040600530063360
1503040609921089544
1503040610252382212
1503040612894863362
1503040619358441474
1503040621115813888
1503040624349569029
1503040628782874629
1503040632994111493
1503040642280300544
1503040646151647233
1503040649955733508
1503040652468264962
1503040656482127872
1503040660160622592
1503040662127538181
1503040664610693127
1503040673326501890
1503040676438716420
1503040680117116929
1503040680263888897
1503040684290457617
1503040686798430210
1503040688094654469
1503040698928537608
1503040701642285058
1503040705110884352
1503040708793421835
1503040709061922820
1503040709670191108
1503040709795872769
1503040717735833600
1503040717731635212
1503040728468885509
1503040728989151238
1503040731379904518
1503040739491516419
1503040739638398979
1503040743644008452
1503040749960540165
1503040757170679811
1503040762774183944
1503040765487951877
1503040770021941256
1503040773532667904
1503040773876551681
1503040774497312773
1503040777491951619
1503040781501841414
1503040784525926403
1503040791152930823
1503040793816309767
1503040794852274179
1503040796244824076
1503040796752326660
1503040797419003908
1503040799839195143
1503040800267120643
1503040801928056846
1503040807015751683
1503040807493845005
1503040809695862788
1503040811654651905
1503040823486828544
1503040827420921860
1503040830654672898
1503040833502679044
1503040834685575170
1503040835532705792
1503040839626362882
1503040842281496587
1503040842944057345
1503040844483416065
1503040844810661892
1503040852842594307
1503040857741606912
1503040858756722689
1503040862019805184
1503040864188256257
1503040865836716039
1503040866964885509
1503040869338918915
1503040870911602688
1503040877681422345
1503040888951521289
1503040898229276675
1503040899709870087
1503040905888022528
1503040907138019333
1503040907565682689
1503040909692256263
1503040916218597379
1503040918986936332
1503040922401095685
1503040923831349251
1503040924179480582
1503040925299261442
1503040925878128643
1503040929229328390
1503040933927002114
1503040935671865351
1503040948590329863
1503040952721625095
1503040958631493640
1503040964201533444
1503040982585159680
1503040988033564673
1503040989044387847
1503040990432485381
1503040993381203977
1503041004169015299
1503041012595367940
1503041018412900354
1503041018740060162
1503041025203478529
1503041026746896386
1503041035508674562
1503041036788113418
1503041038847516678
1503041052357365760
1503041058485248003
1503041058707415044
1503041066534113280
1503041068916527104
1503041071101751300
1503041078059962371
1503041078642966533
1503041080094183428
1503041080043966466
1503041085295190017
1503041096859123712
1503041098695991302
1503041102038941696
1503041112956678144
1503041118828650499
1503041133148086285
1503041138902462469
1503041143449268231
1503041143621177345
1503041147828158484
1503041150248275974
1503041151175118848
1503041155671334913
1503041156241891334
1503041159169466372
1503041163267395595
1503041167180587018
1503041168925462530
1503041173396627458
1503041180174483459
1503041181445500934
1503041183962042369
1503041185216008193
1503041186306539523
1503041190962282502
1503041201120989191
1503041201779445773
1503041205273124864
1503041214861520908
1503041216459546629
1503041216627154944
1503041216883138574
1503041219475165186
1503041226106454016
1503041228916539394
1503041235644297224
1503041238139822081
1503041243047084034
1503041245022720001
1503041246247403524
1503041253923082242
1503041259052621824
1503041262718537732
1503041266061258752
1503041268682661889
1503041270347874307
1503041271241506816
1503041271585071114
1503041273854259201
1503041281161043968
1503041285095100427
1503041292342812674
1503041298931937282
1503041300672745474
1503041301574471680
1503041307274620929
1503041307723419659
1503041311208845315
1503041314610421766
1503041317001117697
1503041322659155972
1503041339436548098
1503041340665643009
1503041341994983424
1503041345052676103
1503041346109689865
1503041346273218572
1503041348013809668
1503041352405245958
1503041352522682376
1503041363482492933
1503041365617303554
1503041373456457732
1503041376493178886
1503041377562767364
1503041377608744971
1503041387909902341
1503041395430653958
1503041395669573635
1503041395908493312
1503041397414268929
1503041403601010692
1503041415219236864
1503041422144032769
1503041424194895872
1503041427936358404
1503041428569604105
1503041432298442755
1503041434865254402
1503041441030938625
1503041441383124994
1503041442108825607
1503041447829901313
1503041449138524169
1503041454045741056
1503041462677692421
1503041462824583185
1503041468990214145
1503041470311374861
1503041470814568450
1503041486006505474
1503041490955681793
1503041495145791496
1503041496982994944
1503041499336003594
1503041502745960454
1503041504427790337
1503041514271739908
1503041514775195649
1503041524833169417
1503041527844646916
1503041530340298754
1503041533125214210
1503041535604146182
1503041539978760194
1503041540716859394
1503041550024118272
1503041553832546310
1503041554646188039
1503041558790221828
1503041562296561669
1503041564276404224
1503041573369614341
1503041577723256834
1503041581900775424
1503041583524032513
1503041583343620103
1503041587491790849
1503041589463195664
1503041593435201542
1503041598510223364
1503041600951238662
1503041607288954885
1503041614046011396
1503041622434582528
1503041625169219585
1503041632853282820
1503041640474292227
1503041643355672586
1503041652184780803
1503041655129133057
1503041655087284226
1503041662620254214
1503041670048206850
1503041672078368771
1503041674662105095
1503041683302277120
1503041684136939530
1503041686800326656
1503041697206480900
1503041699232337931
1503041722225500167
1503041725534814212
1503041728265211904
1503041728982355974
1503041736075100162
1503041738205712388
1503041741129093122
1503041741473173508
1503041742311870468
1503041745893871620
1503041750243414018
1503041753267458059
1503041756111286283
1503041764986429440
1503041766643187717
1503041769600167938
1503041771982491652
1503041777535631363
1503041777992966146
1503041778701766656
1503041799312531458
1503041800872894465
1503041801208410126
1503041805423632389
1503041806862196740
1503041817494831111
1503041820900704258
1503041827326341126
1503041827724791813
1503041828031176707
1503041833282138114
1503041840290967553
1503041856807919621
1503041859903492100
1503041864563400713
1503041869105750017
1503041874440900611
1503041887438999553
1503041887887888386
1503041888550543366
1503041893466361858
1503041901267615749
1503041907185831938
1503041909585059850
1503041915201150977
1503041917801713670
1503041919135498241
1503041926647488515
1503041926991593473
1503041930732752897
1503041934578929666
1503041936470458376
1503041958666772490
1503041961699074051
1503041962466848774
1503041972008759298
1503041975620349954
1503041982784020488
1503041982939152389
1503042000110641162
1503042001972965381
1503042005634584576
1503042006687182848
1503042007039557636
1503042012110639114
1503042012928528384
1503042014010564616
1503042019647709197
1503042022705410057
1503042033228795910
1503042033694523400
1503042033648349187
1503042035875516416
1503042039876931596
1503042042494132225
1503042053168640001
1503042056159174660
1503042056020799498
1503042062408507397
1503042064333824009
1503042065294311430
1503042067450236928
1503042069757054978
1503042073322164228
1503042074781831168
1503042077185101826
1503042078208663559
1503042079601172491
1503042080947515398
1503042086471413760
1503042089331867651
1503042094436425729
1503042095212228608
1503042099704475658
1503042101382156290
1503042101654827012
1503042102636294148
1503042103949115396
1503042121053483013
1503042123012231177
1503042130020904966
1503042135045640195
1503042137235070978
1503042140028428289
1503042144063430656
1503042149616693253
1503042156239413250
1503042163747311622
1503042168889520129
1503042176900554753
1503042177802260481
1503042179404648451
1503042180637773832
1503042183481511945
1503042183632494592
1503042185062715393
1503042186631335937
1503042194399281157
1503042198517993481
1503042198798888965
1503042199809773568
1503042200002871297
1503042204369051649
1503042206029914117
1503042207380475904
1503042213227376640
1503042215664365573
1503042229224550400
1503042230151520256
1503042251714228226
1503042256206323713
1503042265509363713
1503042269032906754
1503042272463577091
1503042272958586882
1503042273067503616
1503042276829794304
1503042278780198912
1503042312645099520
1503042318475091969
1503042323407646720
1503042336539885575
1503042339761278978
1503042340419682308
1503042345427607554
1503042347399094274
1503042350020505604
1503042350716796933
1503042356848775168
1503042365660880899
1503042367854723074
1503042377186914304
1503042377765826566
1503042378109800448
1503042378436857861
1503042385537871877
1503042388998164486
1503042390457782282
1503042394521972736
1503042404659732486
1503042414671544324
1503042416336584710
1503042416319897602
1503042416345026566
1503042424351993857
1503042423534071822
1503042431004160004
1503042436133699592
1503042444924968964
1503042449685499915
1503042453594595338
1503042454064226306
1503042463459680261
1503042465669910532
1503042466995388418
1503042467037339648
1503042469683941381
1503042472871612417
1503042477539962880
1503042479091695620
1503042480052350977
1503042481058979842
1503042484921851904
1503042485718708226
1503042490597015552
1503042491603427337
1503042492123402242
1503042497009881093
1503042499811569669
1503042500755439621
1503042506186973185
1503042507852206086
1503042510830153736
1503042513866661888
1503042518845313027
1503042521538052103
1503042523316596741
1503042524897759232
1503042531608522753
1503042534678933512
1503042534976729103
1503042537715486723
1503042539875536896
1503042551825190912
1503042559790227458
1503042560285192193
1503042561430097921
1503042564823285760
1503042581973897219
1503042569525202947
1503042589968277507
1503042592866545671
1503042577565691916
1503042589968277507
1503042569525202947
1503042589968277507
1503042589515304965
1503042569525202947
1503042611027890181
1503042592866545671
1503042589968277507
1503042613951225863
1503042589968277507
1503042615737991170
1503042589968277507
1503042622981562376
1503042589968277507
1503042589515304965
1503042626001506308
1503042630204243974
1503042644867432453
1503042633605828614
1503042635019268100
1503042643185520650
1503042638294962179
1503042639490392065
1503042630204243974
1503042615737991170
1503042633605828614
1503042653541351425
1503042666694684679
1503042654749315072
1503042669999624195
1503042655495901199
1503042672319160331
1503042670746349578
1503042673237708810
1503042678153527303
1503042678702985217
1503042674097627142
1503042681135681539
1503042692065935362
1503042695115194369
1503042699389280264
1503042699800289284
1503042702991974403
1503042709946310664
1503042716413960193
1503042719383371782
1503042719828135939
1503042728908754950
1503042731622424581
1503042737200844802
1503042737876213765
1503042744322723840
1503042744599683082
1503042745027358722
1503042764761616384
1503042763335606272
1503042765936111629
1503042766477185028
1503042772588146688
1503042773813010432
1503042774958026758
1503042782621061126
1503042784156073994
1503042785536008197
1503042792666374145
1503042800266489859
1503042803634429956
1503042805635198991
1503042805895208971
1503042807644274693
1503042811888873476
1503042821103661062
1503042822521434116
1503042830008299523
1503042834177400834
1503042836870086663
1503042843048300547
1503042847012007936
1503042850233090048
1503042851214606342
1503042853638975488
1503042856549711873
1503042858168823809
1503042858256904196
1503042859636731904
1503042859947024385
1503042865240363010
1503042869615075332
1503042872362389505
1503042880746622976
1503042886040014854
1503042891597291521
1503042894277615617
1503042906998943750
1503042908626300931
1503042909859422209
1503042916922675206
1503042918877212676
1503042918885441538
1503042920278016002
1503042920504606727
1503042920852697090
1503042925575430146
1503042926053675012
1503042926611513349
1503042932378464266
1503042934329024513
1503042941610299402
1503042948983836672
1503042949776617473
1503042969724923904
1503042976704045062
1503042983205220353
1503042983603568640
1503042986627710980
1503042993116393474
1503042993581920259
1503043000858861569
1503043000858939394
1503042993581920259
1503042997306511366
1503042996077572098
1503043005346983936
1503042999609090057
1503043006714331137
1503043010363334661
1503042996891181060
1503042994567622661
1503043017271300096
1503043014272430090
1503043021675413506
1503043022602313735
1503043027157372931
1503043041577390081
1503043046383960064
1503043051182198787
1503043053124145153
1503043056454582280
1503043056857141253
1503043061604970498
1503043067112312834
1503043080106045442
1503043080823443456
1503043091237851145
1503043098410164228
1503043100691910661
1503043104798093321
1503043106148605955
1503043109713756169
1503043123605172227
1503043135504412674
1503043137735991296
1503043138377719820
1503043144056819714
1503043152050982913
1503043152327806980
1503043153800024066
1503043158078332930
1503043159470739458
1503043160259407873
1503043161358184456
1503043162104901634
1503043163128180737
1503043165045116931
1503043166659883016
1503043169004498954
1503043171592327173
1503043173156798469
1503043176151621641
1503043184892518400
1503043189091020811
1503043191397830664
1503043193750831110
1503043194249900034
1503043199283126273
1503043202995171331
1503043213828927489
1503043213778722823
1503043228831924229
1503043231017156613
1503043238122377220
1503043239913222145
1503043239980507140
1503043260381548546
1503043265624481795
1503043273396477953
1503043278098345990
1503043294078640128
1503043304795086851
1503043306476945408
1503043307919880193
1503043317231243265
1503043319986798604
1503043326550978564
1503043330212462592
1503043333664477196
1503043337439244290
1503043345337270276
1503043347543478273
1503043351599144962
1503043352723439625
1503043361652940804
1503043365453017097
1503043367009193989
1503043370708578308
1503043371702628354
1503043371874537473
1503043373849985025
1503043385036316680
1503043386764238850
1503043386655182849
1503043391373852686
1503043398038609920
1503043399460524036
1503043402509819912
1503043403856105481
1503043404556611590
1503043409782714380
1503043410831323141
1503043416371912719
1503043417240133637
1503043421644083200
1503043421757493254
1503043424915791883
1503043425616031749
1503043425607708675
1503043432322846720
1503043433123962887
1503043438815686657
1503043441617297409
1503043456821862405
1503043459904647169
1503043462354112516
1503043463478095873
1503043469912195075
1503043470121848834
1503043472852459527
1503043475092094978
1503043476212097029
1503043489097031681
1503043490145611779
1503043490510348289
1503043493480042500
1503043495510089741
1503043499192639489
1503043501633810436
1503043510844465162
1503043511976931333
1503043529257406470
1503043530968633347
1503043533594370048
1503043533913018369
1503043542192644109
1503043544432340992
1503043546227658762
1503043547850686468
1503043547913543681
1503043548521762817
1503043553051783170
1503043555715129350
1503043556448952321
1503043559326461959
1503043565412405251
1503043566288965643
1503043567060758532
1503043571892604934
1503043575713603587
1503043588426543112
1503043590833905676
1503043592746643456
1503043593266778112
1503043605006585866
1503043605291839493
1503043616813506560
1503043621263708162
1503043623859990531
1503043625630027786
1503043627857104901
1503043638149984266
1503043642688249862
1503043649130708995
1503043654763655176
1503043655313022976
1503043657246527492
1503043659050233864
1503043668223172611
1503043668491526150
1503043670710407176
1503043672115277826
1503043672526532608
1503043672765607944
1503043672807559180
1503043675718402057
1503043687349161993
1503043693539991556
1503043694349357056
1503043696257814531
1503043697633468419
1503043699856613377
1503043702788399109
1503043706596773892
1503043714565885961
1503043718533767169
1503043719959912451
1503043721604083718
1503043722291949570
1503043729279827968
1503043729355120643
1503043747453751297
1503043748552327170
1503043754642530308
1503043761076645889
1503043762230112262
1503043764050403336
1503043768274104324
1503043776155197453
1503043777740607489
1503043784778530820
1503043788842930181
1503043792420626437
1503043793934766089
1503043794429751297
1503043795495051276
1503043796384333827
1503043797646725120
1503043800821735425
1503043807360786435
1503043810250661890
1503043816198225926
1503043835345129477
1503043845054996481
1503043847047286785
1503043850478174213
1503043852722188294
1503043854362046474
1503043856153157632
1503043859672145922
1503043865913315328
1503043867607801871
1503043870166118406
1503043875308511236
1503043876076015621
1503043877820895232
1503043883185360898
1503043902219161600
1503043902898647040
1503043914944724995
1503043918170103810
1503043921693315080
1503043924289638402
1503043929100406787
1503043933730861064
1503043935601668098
1503043940953567232
1503043950235447296
1503043953402261506
1503043953444093955
1503043953259683848
1503043955075821575
1503043955231019014
1503043961207889931
1503043962592022529
1503043963300847618
1503043963523059725
1503043964189958145
1503043964559052804
1503043967495118865
1503043967729950726
1503043970913472515
1503043977200607232
1503043977863319555
1503043983743803393
1503043994422501380
1503043995487899656
1503043996356165633
1503044009886846980
1503044012005072902
1503044019810668544
1503044020951744512
1503044022549430272
1503044025502343173
1503044027683270659
1503044032565374977
1503044034218057732
1503044047086268417
1503044051951566854
1503044052056514563
1503044054279503876
1503044056988930055
1503044063741845508
1503044067000827908
1503044067416018951
1503044080821059589
1503044086105878530
1503044092825116676
1503044108423737349
1503044116002729984
1503044123732840449
1503044133316923393
1503044140161974281
1503044152925163525
1503044155009732612
1503044158134566927
1503044158541512709
1503044163331244036
1503044165034295296
1503044170751086592
1503044174546976776
1503044176350429191
1503044176170131467
1503044180880281603
1503044181887004678
1503044184034320386
1503044186773327874
1503044202007048198
1503044202535563272
1503044213096820736
1503044217270063107
1503044218268364813
1503044226757582856
1503044241672581131
1503044251856228356
1503044252540014592
1503044259292893189
1503044262979506184
1503044265118679044
1503044266783694850
1503044268499386375
1503044269015285765
1503044275382149121
1503044277903020041
1503044279417118722
1503044288594460674
1503044289818943488
1503044292079542272
1503044296324399110
1503044303450386439
1503044307183415300
1503044320525434883
1503044332139524099
1503044333699747840
1503044335335485441
1503044345720680453
1503044352456769536
1503044359083929601
1503044362179162113
1503044361956777995
1503044364653805578
1503044369028464640
1503044369640792064
1503044371888975872
1503044379719569415
1503044380801835015
1503044383926415360
1503044386942332930
1503044387504283655
1503044389584654345
1503044394433323017
1503044395708284935
1503044406139506688
1503044408027066373
1503044410719711232
1503044412129095682
1503044416302428169
1503044420601536519
1503044421394190340
1503044430013603849
1503044442617483266
1503044446568341504
1503044449647185921
1503044452381863938
1503044461659578375
1503044466302767105
1503044480173490176
1503044482526294020
1503044483084128261
1503044487362367497
1503044490688401416
1503044496422064129
1503044504500281357
1503044505498701828
1503044511504629768
1503044512305844229
1503044521436717060
1503044521130610692
1503044523181674502
1503044524058181632
1503044527032090628
1503044531163316224
1503044531574423552
1503044532098719747
1503044537253609484
1503044543431671811
1503044547403788297
1503044552273416197
1503044552520876039
1503044556475928579
1503044558673756161
1503044563178594314
1503044574029258753
1503044577305010177
1503044585265709058
1503044586423345158
1503044587052580865
1503044598872035337
1503044601967378436
1503044603913678853
1503044605444509701
1503044616022491136
1503044616219676672
1503044624230793220
1503044628601356288
1503044635865845762
1503044643470118913
1503044644497547264
1503044644493537284
1503044651942567936
1503044652400005124
1503044653544845317
1503044657344745472
1503044662143197187
1503044663254659072
1503044663648964608
1503044667713241095
1503044673509675012
1503044676424646658
1503044677548843009
1503044692040056832
1503044694644862977
1503044703180058624
1503044715536654341
1503044721756852224
1503044723338063874
1503044728782462976
1503044731919548418
1503044737300774913
1503044741499285506
1503044747673231361
1503044749518848004
1503044750236037123
1503044759186776073
1503044765755060228
1503044768401698816
1503044768527441921
1503044772453400578
1503044777897508864
1503044780699402246
1503044784096645122
1503044787733209094
1503044789356269569
1503044794955747330
1503044795077476356
1503044796134432774
1503044802459234307
1503044804258811912
1503044805869416453
1503044810088853512
1503044812492075009
1503044812710293504
1503044815298179074
1503044815281442821
1503044815491317760
1503044816237645824
1503044820721360896
1503044822172590092
1503044823112167424
1503044824634728449
1503044828573040640
1503044833191108613
1503044840283676677
1503044844381372416
1503044847321726987
1503044851817930752
1503044851646058498
1503044855987163138
1503044864400789515
1503044867034951684
1503044869404643332
1503044876643971074
1503044877235462145
1503044882860056576
1503044883153657860
1503044887603777538
1503044917093814272
1503044919736340485
1503044923104407557
1503044925419495427
1503044929630650376
1503044930846945283
1503044933246234624
1503044935108415493
1503044937310425090
1503044946864922626
1503044956251987971
1503044960098009089
1503044963898114062
1503044971263373323
1503044974627143680
1503044974899830784
1503044978943135755
1503044979848998913
1503044979870027777
1503044984420806657
1503044986652307459
1503044991278538752
1503044994864758787
1503044995854573568
1503045005359083521
1503045011126034436
1503045016771571726
1503045017765617669
1503045023658561544
1503045030549860360
1503045030654664707
1503045037910892545
1503045046337216523
1503045048014843907
1503045048170078214
1503045052825837573
1503045062787272710
1503045063651209222
1503045065064603651
1503045066759282690
1503045077865840647
1503045081892327434
1503045084576727045
1503045087114276868
1503045089001680906
1503045108509249538
1503045112561123335
1503045114603659265
1503045122807808004
1503045131439681547
1503045131506753539
1503045137894502412
1503045137932427269
1503045139211640834
1503045140595687425
1503045153107415041
1503045162506731520
1503045166369697792
1503045166839611400
1503045171205783555
1503045176796880902
1503045184715640832
1503045190793117701
1503045197147652102
1503045199039193094
1503045201803177986
1503045214184824840
1503045218081259521
1503045223982809089
1503045227543683072
1503045230156816391
1503045231591104516
1503045242970333193
1503045248490029056
1503045254223736839
1503045261202915328
1503045274985545733
1503045275061002248
1503045276306653185
1503045276457594880
1503045278659657731
1503045280060657673
1503045280391966720
1503045280903618566
1503045282652729348
1503045286263930887
1503045290114396161
1503045296821047296
1503045297022328832
1503045299052298240
1503045300113485828
1503045302101684225
1503045303615766539
1503045311606018048
1503045312826396676
1503045323064852482
1503045326336319495
1503045327477088261
1503045331017252866
1503045339699617794
1503045339665899526
1503045341981065225
1503045346150297605
1503045353175597057
1503045354375184385
1503045357269577730
1503045360221974531
1503045379658555392
1503045383198580736
1503045383697567748
1503045390257508352
1503045395731173383
1503045400919523331
1503045406472777731
1503045406787317764
1503045407034728450
1503045413850468354
1503045419609341962
1503045420745998342
1503045422834720773
1503045424160018432
1503045424617242629
1503045426538168322
1503045432372510733
1503045432703922179
1503045443730624513
1503045445966172165
1503045458268237830
1503045465331449859
1503045467457925126
1503045469898948615
1503045471341850630
1503045475636760583
1503045477230645250
1503045478447042564
1503045480904859649
1503045491621257228
1503045495354179594
1503045499233857536
1503045505013764098
1503045514383794188
1503045515436601344
1503045518150283264
1503045523141533696
1503045530687049736
1503045531861454855
1503045531861454857
1503045538001797121
1503045543634759685
1503045545824301069
1503045547275468809
1503045556649746433
1503045563629064202
1503045564400865288
1503045569689927684
1503045572265189377
1503045572420419584
1503045574580387846
1503045576149057537
1503045598471147543
1503045599662329866
1503045602019528714
1503045608919207938
1503045610882187268
1503045619967045632
1503045621388914688
1503045622869463044
1503045632638042112
1503045634068262912
1503045637444673536
1503045663793332229
1503045670961352704
1503045685217796111
1503045688896065539
1503045699524460544
1503045699465887759
1503045706889768964
1503045707174920193
1503045708752035840
1503045712648413188
1503045717576884226
1503045731959164933
1503045734173749253
1503045736333676544
1503045738208636932
1503045741127774213
1503045745573834764
1503045748136554505
1503045748870557701
1503045752754520069
1503045757955284994
1503045758244864005
1503045760052445184
1503045761273106434
1503045763106062340
1503045764603383818
1503045768185364487
1503045769535934466
1503045771456917509
1503045773507932163
1503045778750808067
1503045786388549637
1503045791665070080
1503045795313971202
1503045795473285125
1503045798501695490
1503045799957127176
1503045804528910338
1503045804721786882
1503045809780232204
1503045811218882561
1503045824879730689
1503045834077872132
1503045842248388611
1503045842688786436
1503045845792575493
1503045846308294659
1503045856383189000
1503045857129766917
1503045864373248000
1503045870060814342
1503045871293939716
1503045872501895170
1503045874053697543
1503045876096323594
1503045899991277577
1503045902671527945
1503045906051989504
1503045905846616070
1503045906756743178
1503045917234143233
1503045926230929412
1503045928302923777
1503045928676052995
1503045929284390926
1503045938172071948
1503045939149381637
1503045944400568320
1503045944828313600
1503045947609124866
1503045948649328646
1503045955364528130
1503045962507317249
1503045968404615175
1503045969155264520
1503045977015726080
1503045985571905544
1503045986465296388
1503045987945762823
1503045992488357889
1503045995948560384
1503045999400472580
1503046000302346241
1503046000482521091
1503046000558186499
1503046000931491841
1503046003049611268
1503046005922562049
1503046023568138244
1503046028072792072
1503046029481971727
1503046034943062022
1503046038147448836
1503046045080731649
1503046049165893639
1503046065456660486
1503046072217788418
1503046076357611527
1503046082917371904
1503046087803867145
1503046097849176067
1503046098323132420
1503046102311915521
1503046104031580164
1503046105457737738
1503046107772993542
1503046108829917187
1503046122201358350
1503046123526795273
1503046133798645761
1503046134251536387
1503046137116250120
1503046140438413312
1503046156254945288
1503046165285244931
1503046168716132354
1503046172629356544
1503046173489258501
1503046173350936579
1503046177658449920
1503046186122428417
1503046186672001029
1503046195555577869
1503046198327918594
1503046199078703110
1503046201578561539
1503046203793199110
1503046206578216963
1503046209468088321
1503046215730188291
1503046220419416074
1503046223820906507
1503046236089294851
1503046239025307655
1503046239327330308
1503046243911716869
1503046244066807826
1503046248940511234
1503046251264233474
1503046251947847683
1503046255324405766
1503046272353193985
1503046278082535425
1503046289126133763
1503046306184503303
1503046312001998852
1503046315076460557
1503046320235372556
1503046320344477696
1503046324383494146
1503046324991709185
1503046327634169861
1503046333216980994
1503046339394899968
1503046343283126280
1503046346072281089
1503046347523559426
1503046347599003653
1503046356407046148
1503046358281986050
1503046359548530691
1503046371678560262
1503046383040962563
1503046387906322444
1503046397989371904
1503046397838434319
1503046412954656773
1503046413256740867
1503046417111302156
1503046417245421571
1503046418994503686
1503046419493576704
1503046420667973635
1503046424317112324
1503046450409844738
1503046453379440641
1503046455233155073
1503046466079756288
1503046468403351552
1503046471968452611
1503046471909879816
1503046472056586247
1503046472790650896
1503046474803859459
1503046475244257289
1503046477920325635
1503046479631499270
1503046481959391233
1503046484031377416
1503046487709831169
1503046488787759111
1503046492180856837
1503046492394819596
1503046506017964032
1503046514771324931
1503046523122163715
1503046526603517967
1503046529610887174
1503046530298789888
1503046530470760452
1503046530768375810
1503046533771579413
1503046543359758337
1503046544173375495
1503046544987205634
1503046550036963331
1503046550162841602
1503046552138534912
1503046558178181120
1503046561428918279
1503046575475593224
1503046578076008451
1503046578852012034
1503046583079821312
1503046587630686211
1503046587727159301
1503046591229353995
1503046593615904769
1503046594140471296
1503046600956026887
1503046601991983107
1503046610200104967
1503046610770710529
1503046620572643328
1503046620698587141
1503046620837027843
1503046620778270720
1503046623894679555
1503046626113626113
1503046630039302152
1503046632920666117
1503046633499598852
1503046635605090313
1503046637517746179
1503046637790322694
1503046639136739333
1503046644069150724
1503046647487471619
1503046650092163074
1503046650234814469
1503046652839538692
1503046657214234625
1503046659684507648
1503046664650690564
1503046670149246979
1503046672963670022
1503046678630129668
1503046690034487298
1503046691666206721
1503046697148108804
1503046701816459268
1503046705398308871
1503046706597928965
1503046706497208320
1503046707181154315
1503046712562274308
1503046719403143179
1503046720674009090
1503046726067785731
1503046728622170114
1503046732996825088
1503046737316958209
1503046738944225282
1503046746372460549
1503046750097092614
1503046751414104065
1503046755373309963
1503046755843289088
1503046761463660544
1503046762356948992
1503046765779599380
1503046768782630913
1503046773803081729
1503046779843104772
1503046783869489152
1503046785576669184
1503046786981646338
1503046787019517955
1503046790676979725
1503046791612223501
1503046794388803584
1503046795701547008
1503046795940794370
1503046802722983946
1503046803238928389
1503046805747027976
1503046816907948036
1503046817377751045
1503046822515953668
1503046824243961865
1503046826831736832
1503046827054022659
1503046829511888900
1503046833542774795
1503046837246349325
1503046842245947401
1503046844858961927
1503046847467720711
1503046856594661380
1503046861145395200
1503046864291217410
1503046865507528707
1503046871216189440
1503046876131696641
1503046877117304833
1503046884398706697
1503046897757474827
1503046901591126025
1503046902094389249
1503046907828047879
1503046912072724490
1503046918221357057
1503046919723094024
1503046920222162959
1503046925762928643
1503046927348346880
1503046933677412352
1503046935371993090
1503046946348572677
1503046955873845264
1503046956691558402
1503046958155542528
1503046966594392074
1503046977923166208
1503046980250963969
1503046980649508864
1503046990489399297
1503046999251238912
1503047008474603531
1503047014996750343
1503047016653467654
1503047030083567618
1503047032562454529
1503047034516893699
1503047037893238794
1503047043979247616
1503047045606748165
1503047050161651716
1503047051675844609
1503047058374148097
1503047071003258886
1503047074476175360
1503047075319136256
1503047076384542720
1503047081275105281
1503047092410880001
1503047092750721024
1503047095258959879
1503047097549000710
1503047097657954305
1503047098278756359
1503047106105389060
1503047109205016578
1503047110735929356
1503047111264325637
1503047115122958340
1503047119590113283
1503047125323628547
1503047128767254536
1503047133469224964
1503047144432930819
1503047152544600067
1503047152729264128
1503047154436300801
1503047156994768896
1503047158680981506
1503047162732683264
1503047171523887104
1503047171800711180
1503047172048273415
1503047175269490693
1503047183188344833
1503047184433909760
1503047184769552384
1503047185193127942
1503047187218907137
1503047188078804994
1503047189811109892
1503047192625434634
1503047197268582403
1503047197788721154
1503047198740992002
1503047212443611139
1503047216176549898
1503047216063258631
1503047222274899968
1503047229443133442
1503047234853683208
1503047235616968708
1503047242898452484
1503047244907433991
1503047247331827716
1503047248787259407
1503047252176158723
1503047254764105743
1503047256848560129
1503047261344915468
1503047261558874112
1503047262158696466
1503047266344574984
1503047268810690560
1503047270073253895
1503047272103247881
1503047276201095168
1503047281137754119
1503047281775464460
1503047282618372098
1503047289283112966
1503047293121056770
1503047311429099521
1503047319029264387
1503047325648044037
1503047337391833093
1503047337295421443
1503047354215186434
1503047357230891013
1503047361752453124
1503047365959245828
1503047366202605574
1503047376600113154
1503047387262160898
1503047390911250433
1503047392324640769
1503047396292538370
1503047398792253450
1503047400121946116
1503047405297623046
1503047408829317122
1503047412516065282
1503047413757403136
1503047421391249416
1503047425241530369
1503047431264653317
1503047441653764101
1503047442903752705
1503047450365509637
1503047452097658883
1503047453901135879
1503047455520210948
1503047456686280705
1503047464668078083
1503047475451543553
1503047475283869697
1503047477552943109
1503047478005936134
1503047478031138818
1503047484083523589
1503047488378339335
1503047490467033089
1503047495487680512
1503047507932172289
1503047512239874049
1503047512487337997
1503047527385518082
1503047528677261316
1503047533358198792
1503047537569132552
1503047544292745224
1503047547316670465
1503047549602648069
1503047549715988486
1503047551326502915
1503047555567005701
1503047562718322691
1503047569458581513
1503047570452582406
1503047573380206592
1503047578962780163
1503047579336118282
1503047579767959552
1503047583031250944
1503047584297926671
1503047584159518721
1503047587355582465
1503047588458778643
1503047601712738305
1503047616971649032
1503047617235898373
1503047619291009029
1503047619718918164
1503047620415139840
1503047622915149825
1503047624722636803
1503047629411954688
1503047642561003523
1503047645077676039
1503047650408636419
1503047656880459776
1503047661754228738
1503047664887230464
1503047676706930695
1503047677826711554
1503047687574155265
1503047690216783875
1503047701054869513
1503047702401196041
1503047709263081472
1503047712832466949
1503047713281265665
1503047715483049990
1503047723494354948
1503047731379589132
1503047733233565701
1503047736496517122
1503047737532719106
1503047747485769728
1503047753143881735
1503047755857600522
1503047757766008840
1503047763042385928
1503047764946608133
1503047772773261323
1503047778955575300
1503047782961057795
1503047790460608514
1503047796659826688
1503047802343067652
1503047803718750220
1503047812614926344
1503047817064972289
1503047817081892869
1503047819623600139
1503047822798643211
1503047830214266885
1503047830155501570
1503047830751129612
1503047854654312454
1503047856608841728
1503047859351998467
1503047859679072256
1503047871377125380
1503047889127366663
1503047890419294210
1503047891723632642
1503047901840297994
1503047907603365889
1503047908492341248
1503047919674425346
1503047921981435907
1503047924820762627
1503047926997831681
1503047931993198598
1503047936334503936
1503047936317476870
1503047940285386765
1503047943586201601
1503047948552220673
1503047958459129861
1503047958606057473
1503047960388685825
1503047965509836808
1503047968315875334
1503047969032925185
1503047972673798144
1503047972883361792
1503047984723988484
1503047994504974337
1503048001299927048
1503048013169795075
1503048014268616712
1503048027082149888
1503048033646399492
1503048034002915329
1503048041032519680
1503048045050707971
1503048060502429700
1503048071160160260
1503048075643871237
1503048085567590402
1503048087404613633
1503048088323510272
1503048104265850881
1503048115120705550
1503048118157328396
1503048119981854734
1503048120736886791
1503048122301403138
1503048125023502344
1503048128370462724
1503048131734384648
1503048137262436354
1503048141884514305
1503048147991293954
1503048154127679488
1503048154291191811
1503048155952300032
1503048159571947524
1503048162486931458
1503048166240923649
1503048182015660034
1503048185048141833
1503048191192752136
1503048194808324102
1503048197123543042
1503048197958246407
1503048202064261122
1503048203381673984
1503048203674914819
1503048204299997188
1503048228744437760
1503048231848235012
1503048232775163912
1503048236873007112
1503048237569118208
1503048240454770693
1503048240706564096
1503048245257326611
1503048247862046720
1503048256661688330
1503048260767956993
1503048270528102407
1503048271421337602
1503048273103405060
1503048275699634179
1503048279407448072
1503048299242086401
1503048305533612035
1503048306120802305
1503048308784254977
1503048309576900612
1503048319932764162
1503048324189933576
1503048337762791426
1503048344599416832
1503048352937689091
1503048355223592964
1503048359484874757
1503048373536010247
1503048374655848450
1503048375050162179
1503048375150604288
1503048375608004616
1503048382570536960
1503048385447833601
1503048386085195776
1503048390157996037
1503048401063133186
1503048402619314187
1503048406159310855
1503048408533139459
1503048411490230272
1503048416825331719
1503048430674923521
1503048431069278212
1503048438497353730
1503048438975500288
1503048443408879624
1503048446059589634
1503048451701059584
1503048455945654274
1503048456494981121
1503048466926387203
1503048467639324682
1503048475222716417
1503048482113867778
1503048482311057427
1503048482847965195
1503048484236279813
1503048487394447361
1503048497528020992
1503048499646144513
1503048501441310722
1503048508064030737
1503048514338648068
1503048515735408648
1503048515974574088
1503048526674149384
1503048542868279296
1503048554213957632
1503048564347265024
1503048565249224707
1503048567069491204
1503048574694838277
1503048583779856387
1503048584454889484
1503048586912833543
1503048587311079428
1503048588577828865
1503048588884168707
1503048590683357185
1503048594521088008
1503048600481406982
1503048606504431618
1503048610040229897
1503048612200296450
1503048625248784386
1503048633213726723
1503048637030481933
1503048640901885961
1503048640721477634
1503048641610670086
1503048645494640641
1503048650531909632
1503048653027495936
1503048658316677135
1503048660577398789
1503048664096382983
1503048666168414209
1503048671633592323
1503048672942202885
1503048673953030145
1503048684757471233
1503048688112791552
1503048688553369604
1503048692680769537
1503048693443870720
1503048700330917890
1503048703166267400
1503048704110088203
1503048717326295044
1503048717859008513
1503048718894968837
1503048731326758914
1503048738734022659
1503048740382421003
1503048742773182472
1503048746602577920
1503048762356551681
1503048764931592192
1503048767020449799
1503048768509390849
1503048771709517824
1503048777216757760
1503048783801860104
1503048787714981888
1503048793788497923
1503048797596762112
1503048799773728774
1503048808518852613
1503048813878996992
1503048813916958727
1503048816395796487
1503048816232378368
1503048831751049224
1503048833391026182
1503048834821222400
1503048836696129547
1503048841997737987
1503048853364297736
1503048860381368328
1503048870003195906
1503048872813371395
1503048874948239360
1503048879591153664
1503048880216231940
1503048893159727106
1503048894208516105
1503048897379414017
1503048897723203588
1503048904010575872
1503048922230665222
1503048922360598529
1503048923803537415
1503048928295624709
1503048943646748676
1503048944733065217
1503048947614601219
1503048950298906630
1503048952135966722
1503048955029954560
1503048958322438146
1503048962734972939
1503048967734829057
1503048971127828480
1503048978719547392
1503048985124261890
1503048987032576001
1503048991130353669
1503048993563099138
1503048996247543808
1503049011225190400
1503049012013764609
1503049014362533893
1503049015788810244
1503049017697087488
1503049030334619653
1503049034478411777
1503049035066011649
1503049037473366024
1503049037791989762
1503049040291897347
1503049045811507204
1503049054716141573
1503049064740491274
1503049079793897474
1503049082088079365
1503049083694448646
1503049088341712898
1503049090149478401
1503049093656064002
1503049098412257280
1503049103344910344
1503049104892608517
1503049105278386179
1503049107811807239
1503049110189871107
1503049115395051526
1503049118440206345
1503049121770323973
1503049123758489600
1503049131169886215
1503049142880329728
1503049144847376386
1503049148794347522
1503049151604535309
1503049155987619842
1503049164384612359
1503049166158807042
1503049167664553991
1503049172810838016
1503049179958026247
1503049186522009602
1503049190858842112
1503049192314478592
1503049193228849159
1503049198438162434
1503049198639321093
1503049199071469570
1503049201906855940
1503049206357016580
1503049215219585025
1503049216611930112
1503049226153988100
1503049229014601729
1503049231107452932
1503049232323956738
1503049232613187584
1503049234303827968
1503049235352387584
1503049237222809603
1503049255996506116
1503049258194243587
1503049261881176068
1503049262619189248
1503049263877566464
1503049265706258433
1503049265647550466
1503049266054451205
1503049269179297794
1503049271247085571
1503049296916238336
1503049298258190337
1503049298442919940
1503049303127953410
1503049306542153728
1503049312854548489
1503049315463294977
1503049320735551489
1503049326574161920
1503049328021188610
1503049328750854144
1503049330722234369
1503049352520024072
1503049352985681923
1503049359943888897
1503049363865710609
1503049372082311171
1503049376411037698
1503049379170721802
1503049381460774920
1503049383553781764
1503049384925310984
1503049420283162625
1503049426146840587
1503049427052806144
1503049432132046850
1503049432614555649
1503049441372258310
1503049447651131392
1503049455385423876
1503049456706473987
1503049457138610177
1503049458975653888
1503049459508387840
1503049465376223235
1503049471931912195
1503049485848559621
1503049486142255108
1503049490248384512
1503049494740537345
1503049496162443269
1503049500574638084
1503049509600956427
1503049512406986752
1503049516500541447
1503049528710213637
1503049541158846467
1503049545768308740
1503049558057644035
1503049572121079811
1503049572997910530
1503049579616428046
1503049583487815694
1503049586474164230
1503049591620612104
1503049594673905664
1503049609232453639
1503049612122337289
1503049612327723009
1503049613011529733
1503049614748008457
1503049615637024773
1503049615876239360
1503049620959735809
1503049631806144514
1503049632422653963
1503049643571228673
1503049645383032836
1503049648386109447
1503049656942706695
1503049659060695041
1503049664958017541
1503049668267155459
1503049669731307522
1503049672155439107
1503049676005720064
1503049679784787975
1503049681370292229
1503049686881648642
1503049686877609990
1503049688743825411
1503049690610343937
1503049698764111875
1503049699569373185
1503049704715735045
1503049711128702979
1503049715570528258
1503049716254523397
1503049717089021959
1503049719102115842
1503049733526360069
1503049738140200961
1503049739436269571
1503049740442750978
1503049746683990018
1503049750035243016
1503049754258907141
1503049760252567553
1503049760881758215
1503049761468919808
1503049765256368138
1503049769043832832
1503049773573623808
1503049774920081410
1503049774982860804
1503049778866925572
1503049779462524932
1503049779823067137
1503049789658779650
1503049793370832899
1503049796080209921
1503049799972823042
1503049802463993856
1503049802669563910
1503049805517402116
1503049826673598468
1503049831769640962
1503049834911223814
1503049855324798976
1503049862098702337
1503049865194004485
1503049871380697090
1503049872877961217
1503049878389329926
1503049889479069696
1503049906159714305
1503049908638597124
1503049912275111939
1503049918474297346
1503049926682591235
1503049926980341761
1503049929974898689
1503049933410217988
1503049941803057162
1503049941891129349
1503049944374067200
1503049945582034947
1503049951793885185
1503049954335600647
1503049956004806659
1503049962485133312
1503049964120907780
1503049967505752072
1503049967392501762
1503049972987547649
1503049979107106825
1503049979371290628
1503049981070131209
1503049981288071175
1503050005585747979
1503050014033158147
1503050014880370692
1503050017300434952
1503050019905146884
1503050029149433860
1503050030877401094
1503050033423437830
1503050034442612740
1503050041946251267
1503050045909880838
1503050048099131394
1503050052272463876
1503050055875379200
1503050066742980608
1503050073948966913
1503050077522198531
1503050080303079432
1503050080324136969
1503050084736507908
1503050085730594822
1503050086489726984
1503050104634228746
1503050110355197953
1503050114948112392
1503050119402377216
1503050120861990913
1503050125714857986
1503050128327860232
1503050136229883910
1503050143418961927
1503050148255092746
1503050152126427143
1503050154487730185
1503050156266049541
1503050156207448068
1503050160938655745
1503050171122434048
1503050171269058561
1503050177816449031
1503050183151607810
1503050186834296837
1503050186838454279
1503050192366432260
1503050192714715141
1503050192999747584
1503050194648150018
1503050202806112263
1503050210414514181
1503050214608879623
1503050214642528257
1503050215657410569
1503050222276165639
1503050222380982276
1503050229687328776
1503050235420971008
1503050242161319940
1503050248796741633
1503050250239586311
1503050251325698048
1503050253892829184
1503050257474764808
1503050261258022915
1503050262570840064
1503050268010856449
1503050269873086474
1503050273283096584
1503050274813796353
1503050282313342979
1503050286310608896
1503050286688051200
1503050290743984132
1503050304081870853
1503050303918284808
1503050315746131971
1503050318493503499
1503050324919132168
1503050331403407363
1503050333781520384
1503050341213954048
1503050344561254400
1503050346112897033
1503050346943369218
1503050355780771856
1503050362118279174
1503050362877587461
1503050363330564109
1503050369877774338
1503050372323192834
1503050375846404108
1503050384230785027
1503050387888259074
1503050396629188608
1503050403428065285
1503050403814023172
1503050405168746496
1503050407492431875
1503050408255647744
1503050413062320130
1503050421127946246
1503050431525761028
1503050434939957257
1503050437640916993
1503050440069431300
1503050453008982022
1503050452988051460
1503050460256772098
1503050462148263937
1503050470180462595
1503050470830526468
1503050476736106497
1503050486710247426
1503050501251817480
1503050506763087872
1503050508113793031
1503050528514879489
1503050535485652994
1503050546319695875
1503050548228108288
1503050548681060359
1503050549373149185
1503050549498941446
1503050554444075012
1503050558185390084
1503050559686955011
1503050565332475915
1503050571019825158
1503050581421613057
1503050582382329858
1503050585284743175
1503050586421272578
1503050588090687493
1503050589298642947
1503050589856575488
1503050593476218881
1503050600354824198
1503050602200371207
1503050613692772355
1503050615806640138
1503050616934907909
1503050620651069448
1503050621745836039
1503050629278621700
1503050629438128131
1503050630402879489
1503050636824301568
1503050641073217538
1503050642469924866
1503050642142765069
1503050645993148418
1503050647737880581
1503050651525431297
1503050653341347845
1503050657019924482
1503050658815094789
1503050662871019524
1503050667417554951
1503050669732868097
1503050679258075147
1503050681522876421
1503050682030514177
1503050693061586957
1503050698522599427
1503050703199252494
1503050718151786496
1503050718877569025
1503050739391754241
1503050739521830914
1503050744890593280
1503050747486822401
1503050748078305281
1503050748447236099
1503050749109960708
1503050758073159683
1503050759998386178
1503050763798462464
1503050767015596042
1503050767128739844
1503050783159422983
1503050789991985154
1503050790784622593
1503050791602450433
1503050809000574976
1503050809763893248
1503050816525148163
1503050819234516993
1503050823743516675
1503050834191568901
1503050835860901890
1503050842429141002
1503050843888631808
1503050845411110912
1503050846115930115
1503050849559322629
1503050864503758854
1503050876633554944
1503050877409673222
1503050882283458566
1503050884552527875
1503050886708400129
1503050889237516291
1503050893486346240
1503050900444794890
1503050900415340559
1503050901011025927
1503050906811650050
1503050911760986115
1503050931365101572
1503050936419295233
1503050942786191360
1503050943423729673
1503050946389106691
1503050952953274369
1503050956723965955
1503050959752212487
1503050960041660417
1503050969931829249
1503050985404518403
1503050986042105860
1503051004425629699
1503051007307259918
1503051009060483072
1503051012197826566
1503051016547311626
1503051019042930693
1503051027364421633
1503051029046255626
1503051049103409156
1503051058146385924
1503051064714616840
1503051066857955335
1503051067700875264
1503051069009575941
1503051071689838593
1503051084817997829
1503051097639858181
1503051098734706691
1503051108863954945
1503051117281771524
1503051117994790912
1503051123866939396
1503051129206165506
1503051131009867779
1503051136789622789
1503051154606858242
1503051158792949765
1503051162026758147
1503051162781691910
1503051163763191813
1503051172743159813
1503051179344941063
1503051181479931906
1503051182373314562
1503051186341093377
1503051193433702400
1503051196902170627
1503051200857612289
1503051201927172098
1503051203193749505
1503051205337038849
1503051218691756032
1503051220977606664
1503051227076169735
1503051230469410817
1503051237524090881
1503051238405021699
1503051246239772672
1503051249813364738
1503051250379669508
1503051262992039938
1503051275642056705
1503051281719762950
1503051282554236934
1503051285960052748
1503051286132015115
1503051300249907201
1503051307984240640
1503051311633211393
1503051313210396681
1503051316431495171
1503051320449712128
1503051326078562316
1503051327064186884
1503051327915499527
1503051337147174915
1503051343300374530
1503051345082920967
1503051351210835973
1503051352850812932
1503051367966859266
1503051374866866178
1503051377592860672
1503051380214231042
1503051380516339717
1503051382450003977
1503051385784479745
1503051394001088517
1503051397713080326
1503051399776641024
1503051403777884160
1503051407888314369
1503051414775476228
1503051418940416004
1503051421461143568
1503051428952260612
1503051431762399242
1503051433138081798
1503051442201976839
1503051442575212546
1503051443049181184
1503051449084743682
1503051449722445834
1503051450368229376
1503051454810107904
1503051459725873153
1503051465363009540
1503051469506990088
1503051470597500939
1503051475324448769
1503051475941003265
1503051481066323969
1503051483960516619
1503051486045036546
1503051488196714499
1503051495520018435
1503051498606891016
1503051499945013250
1503051502272753666
1503051505389084672
1503051506106392578
1503051507129794562
1503051513920372747
1503051516982161415
1503051520610377730
1503051528784994315
1503051529330343938
1503051534250164227
1503051535202271233
1503051541472817152
1503051545646186500
1503051550196846596
1503051550545039367
1503051556924579850
1503051561437921280
1503051561798410241
1503051565279633412
1503051568756707331
1503051570061189124
1503051575257972743
1503051577124429825
1503051579389272070
1503051581650046981
1503051588713295876
1503051589040447494
1503051591783526404
1503051592240615425
1503051594698534919
1503051605939216389
1503051615498035204
1503051618262073344
1503051622171172864
1503051623211352074
1503051627166584832
1503051628173312000
1503051628580122643
1503051631792906251
1503051635332771843
1503051635899179014
1503051646556938245
1503051647114698754
1503051647559385092
1503051655994036232
1503051656816214018
1503051657038413834
1503051665838161923
1503051674461507585
1503051677980577804
1503051681747062790
1503051692253716480
1503051693667147778
1503051698201190400
1503051711031693316
1503051717696401411
1503051721593008131
1503051724378021894
1503051728773873665
1503051731667763200
1503051735983702026
1503051736977743873
1503051737426501635
1503051738760171522
1503051739393511424
1503051740442243075
1503051746012278790
1503051763720626186
1503051772113346568
1503051775074517004
1503051776924307456
1503051781848416261
1503051785308717059
1503051791147089929
1503051797119729666
1503051802325008389
1503051806355693579
1503051808347893761
1503051809585205254
1503051809719570436
1503051810386370571
1503051816619102208
1503051817231556608
1503051826010247171
1503051827549552643
1503051828941844480
1503051829550198785
1503051831395733505
1503051832381349893
1503051840354725898
1503051843609448449
1503051847837364228
1503051850760822786
1503051851129925637
1503051861892468739
1503051863670747136
1503051874643189764
1503051882226495490
1503051887150616579
1503051894356602882
1503051894754889730
1503051898458292225
1503051898626138119
1503051900433973250
1503051902086430726
1503051906490331138
1503051916582035457
1503051917479579652
1503051918611996676
1503051919643881477
1503051926186999809
1503051945832902659
1503051946265034758
1503051949385654279
1503051953110102016
1503051955949936640
1503051956398571523
1503051964678090752
1503051970483036168
1503051971158331394
1503051971649024002
1503051997632933889
1503052000459575298
1503052001755623425
1503052007153700866
1503052011822096389
1503052037830840320
1503052038288158721
1503052041173708800
1503052045884039175
1503052061121777666
1503052062556246018
1503052064078897157
1503052068407640067
1503052076275884035
1503052076544319493
1503052082592555015
1503052096081305604
1503052103547297798
1503052115182178304
1503052118395322372
1503052118697066499
1503052122388148224
1503052133356163092
1503052143724478466
1503052149730783232
1503052160258433031
1503052169733451780
1503052182408638467
1503052191300472842
1503052198921396229
1503052218634805252
1503052218655772673
1503052231603634182
1503052232987758592
1503052256001904647
1503052256144506880
1503052257905954817
1503052259881496577
1503052263673237509
1503052263769706501
1503052267989217286
1503052271965421571
1503052275970981900
1503052279129149440
1503052283776581637
1503052284435079173
1503052284661534726
1503052285068419076
1503052293020823552
1503052299337453568
1503052312930967560
1503052321483378701
1503052342370787328
1503052343805362177
1503052344350720006
1503052347408220163
1503052348066701313
1503052349811531781
1503052351871098884
1503052352940617745
1503052366890815488
1503052368136613900
1503052369055072260
1503052373769564160
1503052384980942852
1503052387686260740
1503052390982901762
1503052393507868676
1503052395525332997
1503052401506410496
1503052403544834055
1503052406078132230
1503052413896376325
1503052423128133633
1503052424680034304
1503052446184132612
1503052450198130697
1503052452047826954
1503052453943537665
1503052454849613829
1503052460750868480
1503052471345766410
1503052472016949248
1503052474713784330
1503052483672920075
1503052488655745025
1503052494036889600
1503052496423501826
1503052503398637571
1503052504182890500
1503052504875032576
1503052514639425539
1503052515230769154
1503052518854578176
1503052526471593990
1503052539364732930
1503052550177759232
1503052562995593222
1503052570188787716
1503052570171887617
1503052581601525766
1503052581622456322
1503052584000573444
1503052584097095680
1503052587926491143
1503052592858820609
1503052603927711745
1503052606264029185
1503052606599577600
1503052612966359040
1503052614644031488
1503052615055253504
1503052616762281989
1503052617576030209
1503052631010209795
1503052632906211335
1503052636295208961
1503052636811051009
1503052640556662789
1503052644432109574
1503052644922785793
1503052648747921413
1503052649087840263
1503052652871143432
1503052659594608651
1503052661331050500
1503052666271940611
1503052670042521605
1503052673104314374
1503052693895626752
1503052694428209154
1503052695418150918
1503052699096420352
1503052722437861378
1503052724933332994
1503052725675732995
1503052733582090243
1503052737923059714
1503052743086419968
1503052745019850756
1503052751529521158
1503052756474544128
1503052765492297731
1503052769183285254
1503052774736605188
1503052774946320390
1503052787139051521
1503052791463432195
1503052796475674628
1503052824237658118
1503052826070728709
1503052846308249603
1503052848141111300
1503052852499042316
1503052869368393729
1503052878612602884
1503052896539136010
1503052907410694146
1503052917468708866
1503052925337284611
1503052926578827297
1503052933545480193
1503052942668185611
1503052945830592516
1503052952675799044
1503052958862389255
1503052960133267459
1503052960019849216
1503052970107150339
1503052975996129293
1503052984535719937
1503052994077773827
1503052996644638725
1503052997412196357
1503053004970278912
1503053007239360513
1503053011102441472
1503053012327190530
1503053012583034883
1503053018236866566
1503053031142838276
1503053034447937540
1503053045470539785
1503053049761198081
1503053052521201666
1503053067444387840
1503053075350708228
1503053079469772800
1503053083269648387
1503053083982581763
1503053084230139904
1503053086696390660
1503053090903179272
1503053098188783617
1503053105994387458
1503053107559018498
1503053115813089283
1503053119311151104
1503053123639783430
1503053125468528643
1503053127871827977
1503053129708969986
1503053138168852497
1503053138743500802
1503053138714107907
1503053143474688000
1503053159341694977
1503053162650947591
1503053170628612099
1503053176609468416
1503053179721863174
1503053188248834053
1503053191251836929
1503053200961679361
1503053201339138050
1503053204698898436
1503053208041791491
1503053209539166211
1503053212592529414
1503053215062888449
1503053222008786949
1503053224793714688
1503053228560199683
1503053231320190982
1503053232565743619
1503053237393494017
1503053238781702145
1503053241944526853
1503053247090724867
1503053248772538369
