1508700469341745157
1508700469878788097
1508700487666728963
1508700487931076609
1508700489982091270
1508700495925420032
1508700503366160386
1508700549851529224
1508700553815400450
1508700557556555777
1508700577743659009
1508700584098267139
1508700625571397634
1508700640272609281
1508700653333495809
1508700670236540928
1508700674011418628
1508700675030540292
1508700702876614656
1508700715950436354
1508700720614285314
1508700752188956676
1508700763996192771
1508700767674322945
1508700768211111937
1508700777165955073
1508700812234850304
1508700813719482368
1508700817096081410
1508700834321743873
1508700840453976067
1508700840843952130
1508700855457001473
1508700864587911171
1508700880618536969
1508700887199281154
1508700899631599621
1508700920724406272
1508700927531835393
1508700946435837956
1508701007370465282
1508701060231151619
1508701106985385986
1508701125133877252
1508701142334963714
1508701144935276545
1508701148965969922
1508701170801467392
1508701173733560320
1508701201512034304
1508701216825495553
1508701232789135362
1508701233326006277
1508701267035672576
1508701388586782721
1508701401622491142
1508701408383672320
1508701409524404228
1508701414440243206
1508701478327828480
1508701484803895299
1508701517611642882
1508701518786084866
1508701632099352577
1508701649681977347
1508701673346109443
1508701677787955206
1508701698851749890
1508701732997513216
1508701748319379456
1508701751310188551
1508701753688141826
1508701785157951489
1508701820931162113
1508701841835573251
1508701849469267971
1508701870340067334
1508701876014878720
1508701898987257857
1508701909477113856
1508701952506568707
1508701964166746115
1508701980813840384
1508701997805228032
1508702001441361920
1508702006328066051
1508702023373389827
1508702030634033153
1508702040184299521
1508702050410016773
1508702060027469827
1508702083200913408
1508702092197875712
1508702126876377089
1508702128113598464
1508702131968446468
1508702143716286466
1508702183646064640
1508702188746514438
1508702198141698049
1508702212977197062
1508702229653557249
1508702231742275589
1508702241074847744
1508702280866009092
1508702292639457284
1508702294069547010
1508702298851229700
1508702303649509380
1508702321315880960
1508702350067871748
1508702380808114180
1508702406388895746
1508702416459513861
1508702438181814273
1508702439184101384
1508702441147179008
1508702453398585345
1508702455835815941
1508702457034993668
1508702460734496769
1508702490040180737
1508702501687607297
1508702505596772358
1508702515717619712
1508702517173317633
1508702519148560388
1508702537628663813
1508702580633108487
1508702581706665984
1508702587821899776
1508702659917893633
1508702704603967490
1508702745565732866
1508702779782889474
1508702807020478464
1508702860023930880
1508702883344179202
1508702890013167617
1508702901459615750
1508702903338418179
1508702920262524928
1508702980333355013
1508702982430343169
1508702986444414977
1508702992517718019
1508702997085245442
1508703005109112832
1508703014844092420
1508703016538591244
1508703020447862790
1508703032191733760
1508703051389059073
1508703056715661314
1508703072943489025
1508703084322697216
1508703084679426048
1508703118258851845
1508703133253652483
1508703149384925185
1508703171643944966
1508703189159362560
1508703215998705665
1508703281131966464
1508703284768477187
1508703325478342658
1508703333913088000
1508703339835723782
1508703357476773888
1508703358370074629
1508703381824884739
1508703382726496256
1508703407137243138
1508703410106744832
1508703422102609924
1508703429476384774
1508703431296716803
1508703434626764801
1508703452091674626
1508703452121255939
1508703457536094212
1508703489211650056
1508703502872293384
1508703504663289858
1508703512208760832
1508703527341858820
1508703540411310082
1508703562230022145
1508703600536694786
1508703611127316483
1508703611714375687
1508703620388122624
1508703622644834306
1508703662066991106
1508703672586305536
1508703676571037703
1508703678609301506
1508703727473119235
1508703736994181124
1508703757286182913
1508703770842365953
1508703807139590144
1508703837816766464
1508703841948033027
1508703916627800065
1508703936790040580
1508703949288873985
1508703950144684032
1508703971711811584
1508703990908743682
1508704025637699587
1508704046567231489
1508704072081317895
1508704090854879234
1508704107946983430
1508704126695362562
1508704129149181954
1508704173038227457
1508704209226637315
1508704212263219201
1508704215237275648
1508704219141922821
1508704224946884611
1508704237282160641
1508704252838916097
1508704254676062210
1508704256349679628
1508704262016147456
1508704269133918212
1508704301107249153
1508704301337968640
1508704309101592576
1508704334938316805
1508704343737843712
1508704345566552066
1508704352281710592
1508704369637826560
1508704377770442752
1508704423618527233
1508704435119218689
1508704437476462593
1508704492996505602
1508704497069043716
1508704508859207681
1508704518204055555
1508704530380333060
1508704532242776067
1508704536336158724
1508704536654983170
1508704575708143618
1508704579566796801
1508704589142450183
1508704610663419910
1508704613297528837
1508704626987704322
1508704658914783232
1508704671199866883
1508704681580670979
1508704696898228225
1508704712996298753
1508704723222040576
1508704738476367874
1508704755220357121
1508704758940729347
1508704766557360130
1508704770143535104
1508704775726157827
1508704797809123331
1508704826301026305
1508704836182691842
1508704889467252737
1508704916050751491
1508704921822318600
1508704936300666884
1508704945930919937
1508704974334672897
1508704990239539208
1508704995058802688
1508705014822600706
1508705018802704385
1508705030718865409
1508705048066502660
1508705094875123715
1508705108070219780
1508705125174583298
1508705131378130948
1508705152127184899
1508705186520444929
1508705190077100035
1508705212847964166
1508705250001231873
1508705303197478912
1508705307068825601
1508705315788935168
1508705330464800772
1508705342980562945
1508705358579212288
1508705360864964609
1508705475822768134
1508705495179223042
1508705503110701061
1508705529761525762
1508705556671913986
1508705610409328644
1508705632597295104
1508705636716060674
1508705684975759361
1508705685394972674
1508705700658221067
1508705712905539584
1508705723919716354
1508705761848872964
1508705764621312000
1508705778643116032
1508705792865845250
1508705804890869760
1508705827020054531
1508705830392242178
1508705846997434369
1508705857663606787
1508705870573715457
1508705907802513415
1508705961204240387
1508705976794456066
1508705989968736258
1508706081349980167
1508706090892021760
1508706100245323782
1508706106121814020
1508706133879316487
1508706158965665803
1508706169023610881
1508706194562682881
1508706212216332288
1508706221150425093
1508706223977205760
1508706224958705665
1508706226452025346
1508706239064199172
1508706239747870725
1508706243875000323
1508706249264836608
1508706255732613120
1508706274258857984
1508706281435328514
1508706315601956865
1508706355741401088
1508706364696129542
1508706371138732032
1508706372023582721
1508706374657748995
1508706376641622019
1508706421185163268
1508706427619082240
1508706427606646787
1508706429682991109
1508706434648838149
1508706450251542529
1508706466223509504
1508706467976728587
1508706478521298946
1508706492916064262
1508706543314812932
1508706545135149059
1508706559781711876
1508706608670715907
1508706635509764097
1508706672809811969
1508706673841434629
1508706681773236229
1508706720066940928
1508706773351469060
1508706792649416708
1508706831933313025
1508706896932392960
1508706905572536321
1508706961763745792
1508706967778652160
1508706982139682821
1508706989748146179
1508707006663647234
1508707044156604424
1508707059134615552
1508707066831060992
1508707085504192512
1508707087370661894
1508707098561060864
1508707149433778177
1508707164747141122
1508707170686156800
1508707175148969984
1508707255193059330
1508707275489304584
1508707282355429376
1508707286809780226
1508707291507433472
1508707325309341696
1508707325317509126
1508707349036691456
1508707398944542722
1508707401410752514
1508707408302206976
1508707411393236999
1508707425985212420
1508707446050623489
1508707453843783691
1508707461397872643
1508707464308477953
1508707475041697796
1508707476413333505
1508707486429331458
1508707497598611461
1508707500123901952
1508707502354931715
1508707518087901187
1508707519165837312
1508707524018688007
1508707525822234626
1508707533132689411
1508707556864425985
1508707595208568832
1508707606789038081
1508707665530134530
1508707684064792578
1508707692759556097
1508707708731547651
1508707718542069764
1508707732974616581
1508707745712975872
1508707748267110401
1508707766529101824
1508707767653085186
1508707769188515840
1508707800914051072
1508707801182449666
1508707810154102784
1508707815225008128
1508707815283912709
1508707817640931330
1508707824221757440
1508707840546029570
1508707844392353792
1508707846128607242
1508707856790573064
1508707864780623876
1508707881863983104
1508707892270366720
1508707985236926477
1508707989233889280
1508707991247335431
1508707997651910656
1508708037103656961
1508708058347749378
1508708067692752900
1508708067935850501
1508708092791324672
1508708107853365252
1508708206251581440
1508708222890561542
1508708255127973888
1508708266007740416
1508708273368834055
1508708289235890178
1508708312614854658
1508708318520479754
1508708319178895362
1508708319589855232
1508708346781528066
1508708357028388864
1508708376733171712
1508708384727576580
1508708385859899396
1508708392558383107
1508708396219965445
1508708396454797313
1508708404587646983
1508708406533804037
1508708419099934726
1508708439748493312
1508708448296337410
1508708460044730369
1508708464595554313
1508708469355995141
1508708478508011522
1508708493846622209
1508708512632815621
1508708515052990471
1508708537223974912
1508708545327468546
1508708588541423620
1508708607843610624
1508708622787911684
1508708643855818754
1508708659983175680
1508708689737400323
1508708723727941633
1508708755508273153
1508708793114247168
1508708803252047879
1508708807530188800
1508708821224538113
1508708833836908547
1508708863377346563
1508708876581060610
1508708891239976961
1508708955803258883
1508708976463994883
1508708991169404929
1508708992171843584
1508709058395746308
1508709091434283008
1508709101932466179
1508709116872912899
1508709123201904646
1508709127278968836
1508709149080698883
1508709151307964418
1508709184367439875
1508709195461402628
1508709236141969413
1508709242953478148
1508709247093194754
1508709247689048071
1508709265158066183
1508709274347708416
1508709349417492486
1508709369998983169
1508709373144702980
1508709411820290048
1508709464236515329
1508709472251924480
1508709498495520768
1508709516556181507
1508709528686116865
1508709542678433797
1508709549288538114
1508709549943189505
1508709554858692610
1508709556825825283
1508709565625475078
1508709594108936193
1508709597435285505
1508709610684915713
1508709617731256320
1508709633015545856
1508709637196947457
1508709698685521920
1508709768436846593
1508709780407435268
1508709863001575425
1508709895138332672
1508709915375779840
1508709928076206082
1508709948804542468
1508709949332852736
1508709978449743872
1508709992534261760
1508710002520961025
1508710003397570564
1508710013388439553
1508710018903912448
1508710064059990019
1508710064605040640
1508710074394492928
1508710099711401986
1508710150303014917
1508710162533601281
1508710163540324358
1508710165196857344
1508710179478585345
1508710189339488262
1508710196335591424
1508710211133054977
1508710219693510662
1508710222516346880
1508710222671794177
1508710244578381832
1508710263763177472
1508710270407155712
1508710290786959364
1508710300832436224
1508710352120598529
1508710361523961865
1508710363923378177
1508710376900558855
1508710407120293894
1508710416335216645
1508710428074921984
1508710428469510148
1508710432592306178
1508710436258123776
1508710440683155456
1508710456432951297
1508710457959460869
1508710462485061634
1508710466339500040
1508710475579674625
1508710490234621952
1508710491115376641
1508710521943441413
1508710540738244610
1508710541094801408
1508710541480628224
1508710545960189953
1508710554294267908
1508710630928580609
1508710676881158148
1508710681943711745
1508710686909677570
1508710691485716483
1508710773605994498
1508710791150768132
1508710824591863814
1508710828337360898
1508710837078396929
1508710838307155968
1508710849988362240
1508710871874383875
1508710874411945989
1508710892480843778
1508710902014619648
1508710905487319042
1508710907945398274
1508710918695305218
1508710924093431809
1508710925783732230
1508710931190239238
1508710942342885377
1508710958998425600
1508710968406253571
1508711003378401283
1508711043022954496
1508711064543936514
1508711096030425093
1508711101478834177
1508711138112020486
1508711148220305409
1508711164582457350
1508711176812773376
1508711193866760194
1508711212376240128
1508711257515376643
1508711263114706946
1508711264159412228
1508711276146479104
1508711288150499329
1508711292214956036
1508711312112513024
1508711384422359040
1508711401140985858
1508711405951733760
1508711429150552064
1508711439283990529
1508711481688297477
1508711500336316425
1508711506774401028
1508711521819451395
1508711534750539777
1508711559702491136
1508711594762842113
1508711599304896514
1508711602241036294
1508711608754786306
1508711639171936257
1508711642284056577
1508711682918400004
1508711691810316289
1508711710672273409
1508711746462273537
1508711801889955840
1508711820126822400
1508711847171702787
1508711863818797056
1508711920899080194
1508711921582854147
1508711922350309376
1508711939882561544
1508711944391467015
1508711964792479744
1508711981989208066
1508711988238692359
1508711989589078017
1508711991921283073
1508712009310736386
1508712013551357954
1508712018840375297
1508712064474394626
1508712064541507585
1508712083722240004
1508712106929000452
1508712118685937674
1508712169445146629
1508712175774412802
1508712223547756546
1508712240467390466
1508712286030028802
1508712288475361284
1508712294817185792
1508712300307689477
1508712358587375616
1508712360659152901
1508712395816022022
1508712406234824704
1508712420386168834
1508712427361292291
1508712428141527044
1508712431190691840
1508712442016243713
1508712486727417857
1508712489546133505
1508712524769730562
1508712526430752777
1508712544529104900
1508712562891837448
1508712587235450884
1508712594621800448
1508712649701445638
1508712660820541440
1508712674837811200
1508712692164730880
1508712707356307461
1508712725609820162
1508712729699405824
1508712731469299712
1508712739975348232
1508712741472768001
1508712773441757191
1508712806325133318
1508712825123790851
1508712858800238592
1508712880363151360
1508712893029572612
1508712899870662656
1508712907235905542
1508712922972921859
1508712937447469062
1508712944573444097
1508712951330799625
1508712955357057024
1508712959295557638
1508712968951046146
1508712995655933955
1508713016531038211
1508713020213829633
1508713040686219267
1508713065231048707
1508713083925315585
1508713087607660545
1508713091105980422
1508713095425892353
1508713109145366528
1508713115256786946
1508713134038691845
1508713150790750211
1508713174845247488
1508713233750069248
1508713234647375875
1508713238321582085
1508713241869959168
1508713270932393984
1508713327345680385
1508713342373965827
1508713347226939397
1508713361445654530
1508713363278282752
1508713379241902082
1508713386615480329
1508713420111347712
1508713440029941760
1508713446791122946
1508713449832034308
1508713475362721792
1508713476860297219
1508713490051121159
1508713497252741122
1508713508342542339
1508713526554238978
1508713530668814341
1508713545571086337
1508713567293300743
1508713584129282054
1508713622561771524
1508713638558937094
1508713648419659777
1508713669949014022
1508713713120866304
1508713721375375362
1508713721983553547
1508713772478865412
1508713782071156743
1508713796776480773
1508713800463171586
1508713803105681417
1508713807702417413
1508713823095734277
1508713826153558019
1508713826790916102
1508713828183384068
1508713839717928966
1508713849985376257
1508713882981965826
1508713898538586116
1508713906734252033
1508713915470925825
1508713923717242890
1508713958974586880
1508713959603552257
1508713966045827075
1508714004197355523
1508714086330032131
1508714103803629568
1508714114612449285
1508714116088844290
1508714118454333446
1508714173483651080
1508714178403577857
1508714178441265158
1508714199194734594
1508714222049533953
1508714258690945026
1508714267322814467
1508714277888147458
1508714299967295489
1508714310029127683
1508714318103126019
1508714326152122368
1508714345412268034
1508714351774994432
1508714351951167493
1508714371891220482
1508714395538386946
1508714403784531968
1508714413397786626
1508714423661203460
1508714469668495364
1508714472218644486
1508714489541459972
1508714493496410116
1508714552841564164
1508714570545774597
1508714583439011841
1508714586740076546
1508714586547306499
1508714609825492995
1508714641513500676
1508714664779210753
1508714682407964674
1508714687638220800
1508714714527842309
1508714717640015875
1508714717845536768
1508714720643194880
1508714721989570560
1508714722111242240
1508714737877626885
1508714750242222080
1508714787554877444
1508714799936507906
1508714801941336064
1508714801870127106
1508714835814625285
1508714843456561158
1508714847810248708
1508714849689567232
1508714850276585472
1508714894312587264
1508714932744900608
1508714939153801218
1508714943008411648
1508714977804308482
1508715053138288641
1508715060965027843
1508715072566304774
1508715100181757955
1508715110918934530
1508715116107382793
1508715139444330498
1508715141055250432
1508715141436747782
1508715145987772419
1508715149997199360
1508715173259132930
1508715177084080137
1508715186173227011
1508715187175522307
1508715198240235520
1508715206771412999
1508715222470696965
1508715231106772997
1508715237079502849
1508715244146905090
1508715249230299143
1508715253302906880
1508715291244736515
1508715340792045578
1508715358793969666
1508715392440676355
1508715415626661892
1508715469557149696
1508715499508887553
1508715500901367808
1508715522866700292
1508715528743194626
1508715538956103687
1508715550020550658
1508715552734294018
1508715552998830084
