1509697054851080195
1509697066548740104
1509697073415073792
1509697082986172469
1509697084231933953
1509697086924623889
1509697098060501043
1509697114686767107
1509697120873463816
1509697134341550080
1509697159389913088
1509697162967355398
1509697169984532481
1509697182567436294
1509697187940532231
1509697204675821570
1509697218613284872
1509697220605480969
1509697229980061698
1509697235562369042
1509697275014090756
1509697290881179651
1509697303417966592
1509697323118518273
1509697339954503692
1509697370279219216
1509697373655633929
1509697380110721024
1509697393042006020
1509697397080821784
1509697409517076484
1509697410851045376
1509697447429345281
1509697458015662083
1509697462935691267
1509697463791329283
1509697471227772930
1509697492027424768
1509697507802165249
1509697547027288068
1509697548046458883
1509697572797132801
1509697578048262163
1509697593059721220
1509697593823358976
1509697594808848385
1509697616736829446
1509697655592554516
1509697667357720579
1509697669048016896
1509697669031206913
1509697671275057222
1509697691089096704
1509697693068795907
1509697693454675972
1509697694159282186
1509697698705940484
1509697704976424966
1509697708176592897
1509697712450682883
1509697729223561220
1509697739822706688
1509697739877195776
1509697746877386768
1509697785171529730
1509697797104480256
1509697809938800640
1509697812887396360
1509697823037612034
1509697836652318720
1509697840615886868
1509697843002580997
1509697859574280195
1509697873839116293
1509697876083060744
1509697881439100937
1509697902075326466
1509697906164576261
1509697923180863491
1509697939190525954
1509697943217094663
1509697952167739399
1509697964574482443
1509697971356680197
1509697989463445505
1509698009411440642
1509698012536266752
1509698026159321094
1509698032308301826
1509698063748800519
1509698068316315649
1509698095780560897
1509698096699224065
1509698098813100038
1509698106069336072
1509698117389668353
1509698120623562753
1509698127707918337
1509698138776383511
1509698150285590530
1509698150944018435
1509698215935082496
1509698220850651148
1509698235333595137
1509698237464477701
1509698241717276672
1509698244690907143
1509698255797448704
1509698282712358919
1509698287397351433
1509698307878055936
1509698311569444869
1509698323082448896
1509698323644563457
1509698327037849600
1509698332444221450
1509698332456796169
1509698332444217345
1509698338240741376
1509698349166903306
1509698349280243716
1509698349225725954
1509698349401845763
1509698349510893569
1509698349481480201
1509698349586423818
1509698349833887755
1509698351998160902
1509698352031703042
1509698369224069124
1509698369534496768
1509698376371159041
1509698393396084737
1509698426803527682
1509698444969254912
1509698449628753921
1509698453122666497
1509698463235256320
1509698513675902979
1509698564007546886
1509698569078419469
1509698584555720706
1509698585553608706
1509698602863579139
1509698617178796038
1509698666776334336
1509698692277805059
1509698704667820038
1509698709658890241
1509698712636837889
1509698719729401856
1509698732371202049
1509698732652072960
1509698748422627331
1509698751824334851
1509698755104284682
1509698765300543489
1509698766768549901
1509698768979083264
1509698770216267779
1509698791468904453
1509698800625065986
1509698809990893572
1509698875552153606
1509698877074550789
1509698879087792133
1509698883844202503
1509698927112687622
1509698931520901120
1509698947870183424
1509698963615715328
1509698978312761345
1509698982531911683
1509698992082661381
1509699010168299520
1509699026731646981
1509699048789446660
1509699102447185923
1509699144331689986
1509699148697767939
1509699159687053315
1509699170013257735
1509699179169595392
1509699189801902085
1509699193656422407
1509699199788621829
1509699208214982659
1509699225709387780
1509699249440948224
1509699267769774085
1509699270789804037
1509699275604721664
1509699304503533570
1509699305602523136
1509699331540287489
1509699338662039558
1509699386959593473
1509699414817878018
1509699432744304641
1509699432887029765
1509699445369327616
1509699446300323842
1509699457088118784
1509699464122060802
1509699470677716995
1509699488025395200
1509699494123913227
1509699511123333123
1509699514365530121
1509699526226898951
1509699526105337857
1509699528974565376
1509699548435951619
1509699552630038528
1509699560683327492
1509699612378030082
1509699612470235140
1509699615037091841
1509699619252420614
1509699627280347154
1509699636365172737
1509699651343200263
1509699660298203136
1509699665880489984
1509699669106081792
1509699669772976143
1509699673539416064
1509699688328536070
1509699705655250946
1509699708323000325
1509699710151450624
1509699710688317440
1509699725007622145
1509699735476658177
1509699744272166921
1509699744360239106
1509699747245924355
1509699756196450305
1509699763973033985
1509699765092728832
1509699770000023553
1509699780498366464
1509699805941235713
1509699808197582848
1509699817102102533
1509699821342539782
1509699834957213698
1509699849792368641
1509699862505394177
1509699873733369859
1509699919770054660
1509699925709312000
1509699931795341312
1509699939403771907
1509699958056058882
1509699998358900738
1509700020592803841
1509700056030621704
1509700055955083267
1509700061143629826
1509700106894954508
1509700107305951237
1509700121470115847
1509700126595559428
1509700195658870784
1509700210561368070
1509700211601731584
1509700225681698826
1509700246909362176
1509700255801131008
1509700262398730243
1509700275350958084
1509700278979022848
1509700333504708609
1509700338525351936
1509700368153944073
1509700371865903108
1509700387061776386
1509700404677951490
1509700428573077506
1509700457895448579
1509700468171284487
1509700473820876800
1509700485023891457
1509700505269907458
1509700518788026372
1509700536244781061
1509700538073591810
1509700541504716803
1509700552141447175
1509700552598335490
1509700562916450314
1509700564912947203
1509700565093449730
1509700572579958785
1509700575134330883
1509700582323412994
1509700599574511617
1509700605324918787
1509700613139058694
1509700637965139971
1509700650933755905
1509700662803763204
1509700675395018752
1509700680008806400
1509700694017814529
1509700701127159815
1509700749978087425
1509700751580409858
1509700752641789952
1509700759595761666
1509700767904579586
1509700805565337603
1509700808383901703
1509700831112687616
1509700831016361985
1509700832194834441
1509700916706000901
1509700919935393800
1509700943889276931
1509700947496349700
1509700979402448898
1509701008988901378
1509701009257361412
1509701030795042821
1509701030765899784
1509701041654493184
1509701041608044549
1509701046054051848
1509701046091845642
1509701062399303691
1509701142049132544
1509701148231577601
1509701150869803010
1509701164740268037
1509701170402578432
1509701171388112896
1509701175217692672
1509701179324104704
1509701206465294338
1509701209896144899
1509701240938147842
1509701251692646402
1509701260164874245
1509701264245932032
1509701269040267269
1509701273406255112
1509701276312952844
1509701300140748812
1509701314040766471
1509701322739785729
1509701322693558273
1509701396475568129
1509701405522620419
1509701410954248194
1509701414515200000
1509701417707401217
1509701442869035009
1509701456395644928
1509701503275122689
1509701519360331785
1509701536393351177
1509701545323073536
1509701609751728131
1509701625153265665
1509701656002371592
1509701657986277389
1509701670002864141
1509701671059963910
1509701677594644490
1509701695915315206
1509701693986033666
1509701714898997249
1509701794758217728
1509701809576677376
1509701845098418180
1509701874513027077
1509701884570861573
1509701888912023554
1509701899490328581
1509701937083543554
1509701949482020864
1509701962912178182
1509701988312883201
1509702047326785538
1509702069208461317
1509702088816746503
1509702110237011976
1509702115232428033
1509702116041846785
1509702121377173508
1509702149458046980
1509702155392983040
1509702163445940228
1509702167933775877
1509702171750809600
1509702177425666048
1509702191489163270
1509702213563781120
1509702257700339713
1509702259466293254
1509702282895671296
1509702288910266372
1509702295440687105
1509702322192252931
1509702327216721920
1509702339778646017
1509702346611245057
1509702350725865479
1509702364244062214
1509702369310822402
1509702372855107591
1509702374134366208
1509702388961185798
1509702419059396611
1509702438529425409
1509702453914087432
1509702478325035011
1509702510239535110
1509702517449498629
1509702523367702529
1509702531957501956
1509702535837323274
1509702536521031688
1509702564962570249
1509702574466744320
1509702577176420353
1509702577449238528
1509702593387237379
1509702595924832259
1509702606603530256
1509702636328603657
1509702681559908355
1509702682625380358
1509702709607165953
1509702712136454149
1509702719891668996
1509702739290427395
1509702746911432704
1509702755354566656
1509702764099940354
1509702764838146048
1509702776229572617
1509702785113403392
1509702789722693635
1509702808550862857
1509702824833212420
1509702835671248904
1509702843929972738
1509702871306014721
1509702874833465351
1509702882874036229
1509702910677905410
1509702927572733963
1509702947051089928
1509702958195560449
1509702977086717954
1509702990638297090
1509702991158382596
1509703017431502850
1509703018312347648
1509710376191275010
1509710396533493763
1509710428187811850
1509710433288175621
1509710464527306752
1509710475977666572
1509710491664363544
1509710502775115782
1509710520131244033
1509710525982158850
1509710538141577220
1509710546811170826
1509710549554237445
1509710554633363458
1509710581447770119
1509710584966938628
1509710602209730560
1509710606626140164
1509710612426862596
1509710627077468169
1509710672107827205
1509710673063915522
1509710674791841792
1509710707998265344
1509710722808397826
1509710737551204355
1509710747877912577
1509710766789832706
1509710787014705153
1509710791477506050
1509710796980371457
1509710804014317575
1509710827212922881
1509710839816761362
1509710845336563712
1509710852160573441
1509710864680734722
1509710876060045312
1509710879331430402
1509710880556347395
1509710916635574275
1509710934725509125
1509710961522855936
1509710979143151635
1509710991453749249
1509710995106811907
1509711029223268352
1509711038693978112
1509711062668611589
