1502554968418623491
1502554995132186624
1502555013247168513
1502555019161313284
1502555022185627651
1502555024890679298
1502555072567595008
1502555085167271940
1502555087390052359
1502555116041347073
1502555139248427008
1502555155564216320
1502555159452344329
1502555178175799296
1502555186824458240
1502555216109084675
1502555217191223301
1502555223671570432
1502555247151042562
1502555251408347141
1502555253207891970
1502555285751308292
1502555287097536512
1502555292231507972
1502555305934159872
1502555313416794118
1502555314654224384
1502555322367549441
1502555324464705538
1502555348737175554
1502555397168709637
1502555407025422336
1502555411173593088
1502555423051681794
1502555423827660800
1502555427791421443
1502555431331323906
1502555431541133313
1502555433696866306
1502555445768163333
1502555474188660738
1502555475472175107
1502555488214466563
1502555512889651203
1502555523081805824
1502555523174084608
1502555586633732096
1502555592254459906
1502555593982107649
1502555604916834304
1502555627213651973
1502555651347660802
1502555665168052229
1502555703118073859
1502555704380784641
1502555704242147334
1502555720700424192
1502555744285171714
1502555748978593793
1502555752615059457
1502555753470648320
1502555785523773440
1502555825000394752
1502555832390717446
1502555846177402881
1502555857917255683
1502555909318275073
1502555915240845319
1502555930675884033
1502555937613447168
1502555939152478208
1502555952767152130
1502555992244068353
1502555999630155776
1502556001211490306
1502556001744179200
1502556007037165571
1502556038385573894
1502556046958673928
1502556054412013568
1502556060283904005
1502556067255173120
1502556087245209600
1502556087702020097
1502556090197856257
1502556096497537026
1502556102558420996
1502556114365431809
1502556123114598405
1502556138457366532
1502556138583347206
1502556155176194051
1502556155503067137
1502556160372744192
1502556169528819714
1502556173660270594
1502556177527312394
1502556208343187464
1502556210826182656
1502556244573257734
1502556255516303361
1502556259517669377
1502556283320209411
1502556290891100161
1502556305143304198
1502556307798253574
1502556311044583426
1502556332247097346
1502556413821964288
1502556423548542981
1502556423582097412
1502556439306506242
1502556467659952132
1502556509380784137
1502556512467705861
1502556524455112706
1502556524975165441
1502556528674541568
1502556550577201155
1502556551214686214
1502556570793787394
1502556586019102726
1502556590985076739
1502556600292290562
1502556619066028037
1502556631644659712
1502556636602318853
1502556637739073537
1502556683700166656
1502556688158711808
1502556691673477124
1502556697558237186
1502556713496444928
1502556720077451270
1502556729959071753
1502556739039805441
1502556755514978304
1502556769327132672
1502556843977191428
1502556859282386949
1502556888986099715
1502556891058216961
1502556891586641920
1502556891544956928
1502556905763655681
1502556914638790658
1502556946699759624
1502556953536614400
1502556961291874305
1502556980132601863
1502556983547031552
1502557008918163459
1502557027775959040
1502557038899253248
1502557039494586369
1502557050013990912
1502557062819155975
1502557091319349248
1502557100030967809
1502557104971911171
1502557113805017090
1502557126425677826
1502557127285657601
1502557150379397122
1502557158868717569
1502557162689675264
1502557168230633474
1502557193756942341
1502557213482799104
1502557236484349956
1502557244226953220
1502557263499718657
1502557270185496578
1502557285234716672
1502557286258126852
1502557338468724736
1502557375101739011
1502557375181504515
1502557378985746434
1502557389022810114
1502557414624833538
1502557428994478089
1502557435269369862
1502557452893532162
1502557461215072260
1502557474280333314
1502557486640820227
1502557488037568514
1502557491871186945
1502557507771842563
1502557519876665345
1502557535647248384
1502557547491901440
1502557558908678146
1502557612918906884
1502557630199480320
1502557679633707010
1502557689720631299
1502557699724427266
1502557701041270787
1502557713703735297
1502557730707546113
1502557749363752966
1502557757957881858
1502557763016273920
1502557765667110917
1502557789947940864
1502557820029444101
1502557833581187074
1502557845098745861
1502557884529451011
1502557904410451970
1502557923251453956
1502557941475549185
1502557959376809984
1502557976393003012
1502557989269614594
1502558028154953733
1502558034475708417
1502558041396363265
1502558055204106243
1502558106550685701
1502558111013359616
1502558129908764673
1502558147025960972
1502558178147332099
1502558186716696580
1502558187467132931
1502558199936958465
1502558213413249024
1502558237895589889
1502558285681025026
1502558287086166021
1502558313472573440
1502558323039735808
1502558374369513472
1502558403259949059
1502558404874629125
1502558474596716544
1502558489939480579
1502558505533849602
1502558506012098569
1502558514698350594
1502558569186705410
1502558588618878977
1502558589608624130
1502558592624312320
1502558629240709120
1502558665865322501
1502558686572597254
1502558691790397443
1502558693187108864
1502558707166908416
1502558707359510529
1502558725785202692
1502558726598787073
1502558741304029184
1502558746618511365
1502558782362206209
1502558791480623109
1502558800557056000
1502558804340269056
1502558810056974344
1502558811265150976
1502558811353145345
1502558878546145282
1502558880320135172
1502558887924228100
1502558909265068035
1502558929926164480
1502558938881007620
1502558966630404102
1502558987757178884
1502559007978188800
1502559018522447876
1502559022557569025
1502559028899201027
1502559043876884484
1502559049317031938
1502559056183152646
1502559073421697029
1502559103943598085
1502559131592695808
1502559147295916034
1502559149317816320
1502559161556426752
1502559174818816000
1502559214769778691
1502559222420185088
1502559228418048003
1502559241114046472
1502559287876456449
1502559289789005825
1502559303865098240
1502559318746415106
1502559358588264450
1502559368109510656
1502559371737415684
1502559372538519554
1502559376598769666
1502559380268621829
1502559416268247040
1502559418621247491
1502559418608721921
1502559439039176705
1502559442717470720
1502559461172514818
1502559466688073737
1502559472174084097
1502559485365260288
1502559487441387521
1502559507578331140
1502559508664664064
1502559508631072771
1502559558954225664
1502559566466359297
1502559572271067138
1502559582396481537
1502559596161994754
1502559610577772546
1502559637693997059
1502559646548389889
1502559652403462146
1502559705935269889
1502559711123496965
1502559730971160577
1502559761312751618
1502559778874216449
1502559831324041216
1502559844728983557
1502559859367198721
1502559872340086785
1502559878929592321
1502559879063502848
1502559893609496576
1502559897283702788
1502559931416735749
1502559967085314049
1502560004980752384
1502560006310408193
1502560006696325120
1502560022697373698
1502560043316690944
1502560057636143108
1502560060849147907
1502560093128511488
1502560117849751556
1502560154235154433
1502560160883085312
1502560174938083330
1502560188498427907
1502560196379480064
1502560202385670145
1502560226712727552
1502560232387584005
1502560273994903552
1502560276788482049
1502560282010431488
1502560328592338947
1502560333235466247
1502560334212648962
1502560346455818241
1502560347055607808
1502560350683922433
1502560378215346183
1502560416131690498
1502560420737036294
1502560423471636481
1502560456346517505
1502560458217299968
1502560474981937153
1502560524042657794
1502560525674242053
1502560535128248326
1502560543713992704
1502560545030955011
1502560552492617733
1502560588194582528
1502560591398858759
1502560596239294466
1502560605953212418
1502560606645325827
1502560607291256833
1502560607492521986
1502560610751377409
1502560625586810887
1502560636026466305
1502560661422940164
1502560662001700864
1502560675213688837
1502560703923646466
1502560750572904452
1502560752556720129
1502560757535461376
1502560763583545345
1502560769858326531
1502560780910268418
1502560800468348932
1502560839425204225
1502560863366090754
1502560871574241282
1502560878444613633
1502560885847781379
1502560892730368001
1502560900515041280
1502560902356234240
1502560908798738432
1502560940188856320
1502560944882397186
1502560949332586496
1502560983092703234
1502560986045243393
1502561003673894913
1502561027824758786
1502561028491681798
1502561040600604677
1502561062473940992
1502561072066318344
1502561093343973376
1502561103712337921
1502561111891136513
1502561115850616839
1502561131881238531
1502561139191738371
1502561145827344385
1502561147802816512
1502561174956740608
1502561207005458433
1502561216010461186
1502561230380175365
1502561283945775112
1502561287527559168
1502561295740067844
1502561307912175617
1502561332377399296
1502561351322898438
1502561356611997696
1502561367194230784
1502561455299780608
1502561461838753797
1502561463428579331
1502561485914087426
1502561498660491270
1502561507015593984
1502561508743696386
1502561514833649673
1502561531778715648
1502561546395922434
1502561560749051904
1502561583423176708
1502561602112995329
1502561604159750147
1502561648279797760
1502561649252835331
1502561649588326403
1502561694077394952
1502561702981746690
1502561714163924993
1502561715061411840
1502561720987914240
1502561744945774593
1502561748674441216
1502561767846600707
1502561815909343234
1502561818497228809
1502561842102681603
1502561863036461057
1502561877523513346
1502561890282749956
1502561892472139778
1502561897366892546
1502561903272505344
1502561928798953472
1502561934176305159
1502561960663134216
1502561966283317251
1502561974261104643
1502561985497550850
1502561988395814912
1502562040040337409
1502562042225434626
1502562067487903744
1502562073879920641
1502562085204602882
1502562089981861888
1502562102438944774
1502562123301367809
1502562135984988163
1502562143257907201
1502562143509659650
1502562168088285184
1502562190460604418
1502562210467438593
1502562212426268673
1502562224929337345
1502562236862111751
1502562240565710849
1502562250011275266
1502562270265626624
1502562279182716935
1502562280957001729
1502562288942735370
1502562350196576259
1502562396677750785
1502562410963603459
1502562420262383616
1502562428025860099
1502562440915128325
1502562449996001281
1502562453451939841
1502562474465316868
1502562482467995648
1502562492060512258
1502562492622512128
1502562493801115650
1502562501443137538
1502562505251598336
1502562523735752706
1502562530333544453
1502562533978566656
1502562591553454080
1502562594451828738
1502562612697088003
1502562625766445064
1502562629570777089
1502562629717737475
1502562647853572100
1502562682775666692
1502562683371016193
1502562695693938689
1502562717374488576
1502562732721291268
1502562736852529155
1502562774928564225
1502562784248221698
1502562786404335621
1502562801499389953
1502562803638546433
1502562804469235718
1502562807316951041
1502562833359577092
1502562835121197058
1502562840305356802
1502562841013989377
1502562869380014081
1502562879383523329
1502562903509319683
1502562904167620608
1502562918499602438
1502562921821323269
1502562926779064323
1502562945984831490
1502562977412972548
1502563004008869892
1502563068533895171
1502563075806932993
1502563080143872004
1502563080630329350
1502563089446805506
1502563096648466434
1502563144069271554
1502563167020462083
1502563167322267652
1502563194363068417
1502563200004501505
1502563220065763328
1502563225266651140
1502563235509190663
1502563239397371907
1502563256870719488
1502563272700178432
1502563274218422273
1502563294191702019
1502563300407660548
1502563346423365638
1502563357328814085
1502563363208896514
1502563363682988042
1502563366639964161
1502563377847189505
1502563379348709381
1502563398201999360
1502563433803300867
1502563467337027585
1502563472558915585
1502563478778830853
1502563499586818054
1502563511439921158
1502563552887914499
1502563565303402499
1502563589890220032
1502563594403164163
1502563606877159426
1502563647788392448
1502563649830989826
1502563719208861696
1502563719334793219
1502563733930979329
1502563735592108033
1502563737764610050
1502563738360102919
1502563740780314626
1502563741887516672
1502563752704561155
1502563757922336771
1502563773047005186
1502563783859916803
1502563803372068864
1502563805477232641
1502563807767445506
1502563811177418752
1502563822883725316
1502563834917265412
1502563835009503238
1502563835043008513
1502563836951416835
1502563844190879747
1502563856715063296
1502563859806183428
1502563861861437441
1502563867775606784
1502563888361005056
1502563895902277634
1502563896875536393
1502563902064054274
1502563913669435393
1502563930333458434
1502563981927583746
1502563982850285571
1502563925233217538
1502564009626812420
1502564014161031169
1502564019835752449
1502563925233217538
1502564040207663104
1502564043256647683
1502564047673348096
1502564093118795778
1502564099649015811
1502564093164670977
1502564080099508226
1502564101322641414
1502564140782604292
1502564186206916608
1502564203256815621
1502563930333458434
1502564209040666624
1502564218024955908
1502564231090122757
1502564247632596994
1502564249633271809
1502564253785600000
1502564293547814917
1502564301370007553
1502564309251104768
1502564335763214341
1502564342146949121
1502564385356713990
1502564401383100419
1502564406189867011
1502564413198553090
1502564420635004929
1502564420664586240
1502564447600189444
1502564449823215623
1502564453728108544
1502564471918583808
1502564482635161601
1502564514205687809
1502564530789957633
1502564533273042945
1502564575811670019
1502564580609953797
1502564583604731904
1502564615460376578
1502564630664785921
1502564668828794882
1502564684507013122
1502564697371033600
1502564712822845443
1502564720498384896
1502564723920982018
1502564752525959180
1502564766652547074
1502564772885192705
1502564797220491265
1502564844222005251
1502564850802827266
1502564885351206916
1502564886341206018
1502564897971965953
1502564898563411968
1502564912840773633
1502564943090135047
1502564970537619460
1502564997108580354
1502565014405668867
1502565014732951555
1502565015244591109
1502565020953051137
1502565030134521856
1502565040741761024
1502565071200956416
1502565076691210245
1502565078813622272
1502565101513187330
1502565105757696000
1502565120999837698
1502565139240923137
1502565157196771330
1502565167443316736
1502565175979024386
1502565184707072002
1502565198514769922
1502565201530351623
1502565225379377163
1502565288264437761
1502565303544266753
1502565339674120192
1502565353892761600
1502565367197143041
1502565370753736707
1502565374021169153
1502565381260525568
1502565390114828290
1502565405512060938
1502565409681293312
1502565432259080193
1502565449900478470
1502565451812933636
1502565490136436744
1502565500181745675
1502565507702079493
1502565509858004995
1502565528254447616
1502565547799683078
1502565577839185920
1502565583073824771
1502565587188342786
1502565623800291329
1502565627017453569
1502565661297553409
1502565670810124289
1502565695506288640
1502565699171995648
1502565708206649344
1502565710232530945
1502565727320125442
1502565774032093188
1502565778708738053
1502565786799407105
1502565823143104517
1502565840360673280
1502565857179967491
1502565873684520960
1502565876360429578
1502565886317715458
1502565891275382786
1502565892441493506
1502565893078888454
1502565911382867968
1502565937559621632
1502565943477686272
1502565967976669187
1502565975593525254
1502565977099501568
1502565982631608327
1502566015774908417
1502566038218584068
1502566049945899012
1502566057319534594
1502566094413963264
1502566103398113281
1502566117742718978
1502566137879531526
1502566139376939009
1502566151913717767
1502566158079340545
1502566174118322181
1502566179289939973
1502566207643213825
1502566272730607620
1502566289767903233
1502566291298832386
1502566298965921796
1502566317328637955
1502566323490021377
1502566330502979588
1502566338216275970
1502566354519474177
1502566365101756417
1502566389248593921
1502566403337240585
1502566405555818496
1502566423645859841
1502566439982710786
1502566449965338632
1502566455862337539
1502566459721105412
1502566473969065986
1502566549894311940
1502566565706932226
1502566571423813632
1502566572979798017
1502566575924256773
1502566584082071553
1502566594173898754
1502566610309206021
1502566646967422978
1502566663060918273
1502566674087952387
1502566675920855042
1502566680593334273
1502566712666959875
1502566730396483588
1502566737367244802
1502566747890601984
1502566758254878720
1502566763954900994
1502566776999190528
1502566790286782465
1502566791222284300
1502566823753039873
1502566843189383168
1502566849535348739
1502566853691990019
1502566902392008704
1502566907769077763
1502566907689549826
1502566924282216450
1502566961850560513
1502566982398488579
1502567017144102915
1502567034474881024
1502567045799546887
1502567054242635781
1502567083246186498
1502567083514773507
1502567110475669504
1502567133657579523
1502567149101068294
1502567158760771584
1502567175760281604
1502567178280779779
1502567184891269122
1502567185490886661
1502567199512403977
1502567199361404929
1502567207045570568
1502567213966020608
1502567222036021254
1502567243766509570
1502567245951631361
1502567269775421441
1502567277086007297
1502567277211836416
1502567302369546245
1502567329275777025
1502567347034468358
1502567354118684675
1502567355385270273
1502567367037317121
1502567381293580289
1502567385584218112
1502567412289335296
1502567423727316994
1502567426508177413
1502567426617131014
1502567432975794179
1502567441112645634
1502567448809291778
1502567468048474116
1502567500248391682
1502567507152060418
1502567523774251012
1502567531193769984
1502567534150799365
1502567546846863366
1502567589771415552
1502567606540251138
1502567606859055106
1502567607844716547
1502567614895296514
1502567623329923073
1502567637196451840
1502567638173691906
1502567639931105285
1502567661632335873
1502567662177914884
1502567695086194691
1502567702011035655
1502567703441285121
1502567719627288578
1502567729483730945
1502567730826072065
1502567732881014785
1502567762308341761
1502567765034483713
1502567794730323968
1502567796265340929
1502567797683113987
1502567801810169859
1502567808370364418
1502567815013974016
1502567815303286784
1502567820755886082
1502567857896497153
1502567866398298117
1502567898740572163
1502567902846722051
1502567932714487809
1502567966331842562
1502567969133514754
1502568012079054852
1502568017284190208
1502568050033401856
1502568056500981760
1502568074951725057
1502568102537707520
1502568106774110209
1502568164680364033
1502568170783391748
1502568172213338112
1502568209735729156
1502568209915863041
1502568212676112385
1502568226286456832
1502568259920478208
1502568268313157633
1502568271786258433
1502568280611033089
1502568304363323394
1502568325011808256
1502568326903607298
1502568347967311872
1502568352895541249
1502568356024623108
1502568359803727875
1502568371702964226
1502568373842227212
1502568374781583365
1502568388098412546
1502568394050215936
1502568432587665410
1502568440141389824
1502568454087315458
1502568465663938562
1502568497217519616
1502568510173720579
1502568526967672833
1502568527865139203
1502568587089051650
1502568596769226755
1502568614695735297
1502568642424320007
1502568644873760768
1502568670031196163
1502568691270967301
1502568708748763141
1502568777644445699
1502568787735945216
1502568821642694660
1502568859102072835
1502568881210150912
1502568907848171521
1502568918296182788
1502568936965091328
1502568956183252995
1502568960310452225
1502568974206308352
1502568995051945988
1502569047338139648
1502569055915491330
1502569062366330880
1502569092884140037
1502569097564930049
1502569150652329984
1502569153126928387
1502569154175512576
1502569158181064704
1502569158533394438
1502569164850016257
1502569184416477191
1502569190196228098
1502569190032478211
1502569199994081280
1502569234064285697
1502569286862258179
1502569297947906052
1502569300749656067
1502569314683138049
1502569319892402179
1502569320479666179
1502569321482133504
1502569332051746818
1502569342315405312
1502569353069608961
1502569364700254212
1502569377375391748
1502569377643835400
1502569381787799552
1502569403921190914
1502569405359837185
1502569414985715715
1502569418781569026
1502569424947138562
1502569450385510402
1502569475169738754
1502569480622387201
1502569491372335115
1502569513342373891
1502569554748268546
1502569570858680323
1502569576164470784
1502569579947905026
1502569586377383944
1502569594225147909
1502569606468222978
1502569613611061250
1502569640777719808
1502569666518036482
1502569671786172418
1502569677955944455
1502569694825435137
1502569703197351937
1502569707269939204
1502569713724887042
1502569716493160457
1502569719383171072
1502569722591731712
1502569754162515973
1502569774546575361
1502569775062564864
1502569792523415552
1502569797145432075
1502569830217572356
1502569837226250241
1502569853726728196
1502569857124028417
1502569862807404546
1502569871145590791
1502569875654463488
1502569898236538885
1502569903425191936
1502569904746254336
1502569941169733632
1502569943745064964
1502569976779137025
1502569997800984579
1502570022949990400
1502570024757706754
1502570030822797315
1502570049940312068
1502570051764994055
