1509561132922507264
1509561138702426112
1509561165369720832
1509561169111040004
1509561186441826306
1509561192225910784
1509561222441578498
1509561259393441799
1509561260710502409
1509561265194258446
1509561276032176130
1509561278829760518
1509561287746875399
1509561301466497025
1509561321410510851
1509561323910316040
1509561334081507341
1509561351664021511
1509561357825421319
1509561373096914956
1509561375596679184
1509561386376077315
1509561394068291588
1509561406181416966
1509561429250113538
1509561455707783170
1509561464528416769
1509561466160140292
1509561476847214605
1509561482354298888
1509561495750909962
1509561496031879173
1509561500712767500
1509561508866379788
1509561509189685252
1509561510225276934
1509561514910314500
1509561518739771393
1509561522695065609
1509561525870157830
1509561555553337355
1509561558510276616
1509561563107278855
1509561566735187969
1509561571105771523
1509561572850647042
1509561581759184905
1509561588898050056
1509561589338361861
1509561594153664520
1509561608388894722
1509561612771860483
1509561613623328771
1509561655683796995
1509561667717324813
1509561674491125760
1509561680459612166
1509561694510583816
1509561699346571271
1509561700994850817
1509561700994981889
1509561705675730945
1509561705986244613
1509561712088805379
1509561713422737414
1509561714345492488
1509561715851149314
1509561716924993546
1509561726194356236
1509561735623020549
1509561742640222210
1509561745966309387
1509561750135488519
1509561750911430661
1509561751095894025
1509561758490447873
1509561762034688012
1509561763020353548
1509561774412029952
1509561777197047817
1509561783362719761
1509561794255372297
1509561797153640452
1509561819043614720
1509561821564387329
1509561827792809984
1509561840581419014
1509561848240218132
1509561848475099140
1509561860936421380
1509561863985500161
1509561869954170881
1509561874374873093
1509561878175010819
1509561881853415435
1509561888635600903
1509561893391900677
1509561901168173064
1509561922944917513
1509561939319566353
1509561943316742149
1509561952728666122
1509561960286748673
1509561968256237573
1509561969346596867
1509561974711111684
1509561976472625153
1509561995535826956
1509562030214332416
1509562030327484422
1509562039949148165
1509562040104349703
1509562040523935747
1509562040868032515
1509562043354910723
1509562048362991618
1509562063680638988
1509562066952237062
1509562078817927171
1509562112984686596
1509562122853773313
1509562126569979907
1509562141224976391
1509562141434597376
1509562144580423685
1509562170706640903
1509562178831011849
1509562181557403651
1509562192013627394
1509562197428490243
1509562214545559557
1509562227971567622
1509562248154419200
1509562249849229313
1509562257398718474
1509562263396565008
1509562265942515718
1509562269088333832
1509562270094962695
1509562271302782982
1509562289543917579
1509562300281331721
1509562301271187465
1509562315653451783
1509562316064378885
1509562321210953729
1509562330576666628
1509562344086683649
1509562346686988293
1509562346959958018
1509562357621665793
1509562398742650883
1509562407051538438
1509562417025622019
1509562418728476679
1509562424852103181
1509562425732915214
1509562440903704596
1509562451251105800
1509562452261888001
1509562453528616962
1509562454807920649
1509562473317240836
1509562480196001809
1509562481575792646
1509562494934667265
1509562496750952454
1509562502253752320
1509562504564912130
1509562515252203527
1509562531748069376
1509562537414737924
1509562547820642308
1509562549464936460
1509562582994194440
1509562584147636244
1509562584390852624
1509562590460092424
1509562592234192911
1509562601558007810
1509562630276624387
1509562662040088584
1509562672160796675
1509562724027674632
1509562724954488836
1509562727349600265
1509562730260226060
1509562734026932230
1509562741928824838
1509562744085020675
1509562745095479299
1509562752821391362
1509562771913990158
1509562794181595151
1509562816252067846
1509562819955486721
1509562832857227271
1509562835965259780
1509562849328341003
1509562859394637824
1509562864041971716
1509562869658046472
1509562872979931146
1509562877824356355
1509562879497932803
1509562882098405383
1509562914667175943
1509562928734814216
1509562961601437696
1509562970367422464
1509562972284329988
1509563023350026241
1509563044656934914
1509563071198638081
1509563072674947073
1509563079826227205
1509563093315170321
1509563094044880904
1509563103763222544
1509563119110041602
1509563124768288771
1509563136201805824
1509563138441547776
1509563141973282816
1509563159249670147
1509563173304602626
1509563175389302789
1509563178904027138
1509563183379488777
1509563183836672015
1509563189557866496
1509563220461338640
1509563225863512065
1509563233639833609
1509563235309133831
1509563237511184385
1509563241235582978
1509563241722269701
1509563248147935242
1509563261624418307
1509563262584729616
1509563269081706508
1509563298668240903
1509563307509919752
1509563312270417931
1509563319555743754
1509563320608727044
1509563328309436417
1509563332180811785
1509563334483402753
1509563354792304641
1509563370495643650
1509563373423403019
1509563375969349642
1509563379408535553
1509563393379901440
1509563406784811016
1509563413948731396
1509563423264235538
1509563428117127168
1509563433699758088
1509563468508065793
1509563473587765248
1509563484224299015
1509563492172541958
1509563495104266240
1509563496316481541
1509563499529265165
1509563499835396101
1509563506055598080
1509563510367399942
1509563536640548869
1509563540717330432
1509563543703756809
1509563555783352323
1509563565002350600
1509563573227298819
1509563573823025152
1509563582392016912
1509563585273503754
1509563599198380038
1509563601429966857
1509563616453963781
1509563616982229001
1509563620644073477
1509563622061715460
1509563626918612993
1509563633734500361
1509563634678059010
1509563651681886213
1509563675887161346
1509563691859165188
1509563692937011204
1509563695214391303
1509563701971410948
1509563703984750594
1509563711647854594
1509563712344104960
1509563721122816009
1509563726428798980
1509563728739639304
1509563736058732556
1509563742371168264
1509563752244412420
1509563771689357317
1509563776302940167
1509563792857845765
1509563797295489024
1509563798138589199
1509563799178674178
1509563818338394126
1509563841633525763
1509563843034370050
1509563859056484360
1509563885233352710
1509563889482145799
1509563930993217550
1509563939960590337
1509563950672728069
1509563964308480003
1509563969748430857
1509563972353200131
1509563975737872384
1509563978992824320
1509563984936157185
1509563990019502084
1509564007266627584
1509564009435041795
1509564011842572299
1509564019694256133
1509564028544118788
1509564032126111748
1509564050803462145
1509564061155045384
1509564075700748297
1509564098077511680
1509564108982603779
1509564145871458306
1509564148748890117
1509564149029904393
1509564158697742341
1509564166587437059
1509564171221966848
1509564179786706950
1509564189953699844
1509564205896278022
1509564208291143680
1509564220567810048
1509564224133083143
1509564227073282052
1509564229501681669
1509564231808659465
1509564239983357955
1509564272954773506
1509564277652393990
1509564278306529286
1509564293754273795
1509564294219792386
1509564299861270528
1509564301433991174
1509564306807050262
1509564308950245383
1509564318647476227
1509564321927512077
1509564322187386888
1509564327203938306
1509564338289496072
1509564345314910209
1509564357805580293
1509564362196889605
1509564363740483592
1509564364856213514
1509564371776774145
1509564372636426249
1509564382816227340
1509564384607182850
1509564389451517959
1509564391880278027
1509564397034905604
1509564399756857346
1509564405037547523
1509564408510484482
1509564478072971270
1509564486797119500
1509564507395346433
1509564509827915790
1509564516106911747
1509564530891935754
1509564537254543360
1509564560763613185
1509564569827479552
1509564570205052930
1509564581231878149
1509564589750558724
1509564620628967426
1509564623976116225
1509564626928906249
1509564629122490369
1509564645102792706
1509564653776609287
1509564657543045120
1509564657807376388
1509564665113845761
1509564674236456963
1509564680062312454
1509564688580943872
1509564700085964800
1509564701864308736
1509564707543281674
1509564706431848450
1509564710366195722
1509564710949048323
1509564717748129795
1509564755035496450
1509564759217258496
1509564774727696388
1509564780159422466
1509564783594553346
1509564787696545799
1509564789474820096
1509564803458740224
1509564825420058634
1509564847863865345
1509564850531360777
1509564860534714373
1509564877223911428
1509564895372660736
1509564895481761793
1509564901764833285
1509564905678000128
1509564923445071880
1509564930336374793
1509564930567155714
1509564936086827019
1509564938288779265
1509564971943792644
1509564976410857474
1509564995100712965
1509565005791997953
1509565015279476739
1509565022002892802
1509565028155936770
1509565054336786434
1509565066508742663
1509565067678949378
1509565069050458128
1509565073185902595
1509565079708213248
1509565086314151945
1509565090688864261
1509565095793229825
1509565097827606534
1509565097957548042
1509565110515286017
1509565114218860545
1509565115313659906
1509565118580809730
1509565125216284680
1509565127455956995
1509565168870572040
1509565182170730499
1509565187333971968
1509565191775821824
1509565195437461515
1509565202324467721
1509565215427514369
1509565219391123459
1509565221035257858
1509565222528368652
1509565226403958787
1509565228668891141
1509565228689858569
1509565256045056008
1509565261413683207
1509565264521830408
1509565267848089600
1509565278362890248
1509565298365673474
1509565329332051975
1509565340610711562
1509565357383569410
1509565363205324808
1509565363406741515
1509565365575208962
1509565366564917248
1509565370595786759
1509565379881881601
1509565417303552022
1509565422600744960
1509565424341594122
1509565440132931596
1509565445937909762
1509565449779892231
1509565450044116992
1509565453764595733
1509565456528642052
1509565456901881860
1509565472915828746
1509565480809472005
1509565493182611459
1509565516037373965
1509565518956490762
1509565521917739009
1509565542931308551
1509565566599761925
1509565566704848897
1509565572907888644
1509565578213687296
1509565597239099400
1509565630181257217
1509565631527628807
1509565645133795331
1509565661172977665
1509565661420343311
1509565668814995466
1509565669838405646
1509565673491472384
1509565673717915656
1509565679238021122
1509565681351733257
1509565681448198148
1509565691137073154
1509565696484728837
1509565710657150980
1509565726130118659
1509565728663515145
1509565738805248013
1509565742890594305
1509565750314512397
1509565750541008898
1509565753883779073
1509565755892903947
1509565772925911042
1509565786586722307
1509565790479171585
1509565797341016067
1509565801061302278
1509565803506679814
1509565809214910465
1509565816810921993
1509565820770439173
1509565822062239748
1509565829880299522
1509565830434021381
1509565834024394762
1509565856254099459
1509565862684119040
1509565868518170631
1509565874151182343
1509565876026032135
1509565884553207818
1509565887858286592
1509565893294141440
1509565898499133444
1509565918333992962
1509565919441436683
1509565925867016194
1509565953268400136
1509565979537383430
1509566003528749066
1509566021761437701
1509566049485733905
1509566053591912449
1509566057396473858
1509566069152882698
1509566084868976652
1509566084965449730
1509566094402543625
1509566095962816520
1509566097426636804
1509566100396249095
1509566107840966661
1509566111154585610
1509566113482518528
1509566117630652431
1509566119744618496
1509566123108454412
1509566134558724100
1509566134885965828
1509566134357573652
1509566136618209283
1509566141286522883
1509566157585530884
1509566157526867969
1509566160404111368
1509566173532364800
1509566201780965384
1509566215278243840
1509566230805594112
1509566231346655239
1509566235360600069
1509566235410935809
1509566236212047873
1509566247150751744
1509566255497367561
1509566268751290369
1509566269950935046
1509566271779741700
1509566273331548160
1509566287428608003
1509566295758491653
1509566301521563655
1509566305892020232
1509566309389856770
1509566329413591048
1509566335365246983
1509566378541342720
1509566384904187908
1509566385373995021
1509566394249228289
1509566401232752653
1509566411470827523
1509566421784743946
1509566422120382477
1509566422309126148
1509566433973264388
1509566434967437322
1509566439832707074
1509566441053466624
1509566445142876164
1509566455632826381
1509566459088887810
1509566472020017161
1509566483944378370
1509566488377704458
1509566489266958336
1509566490764271623
1509566494912520201
1509566495872929792
1509566500927123458
1509566510997540870
1509566515837812738
1509566516085284864
1509566539065749508
1509566539984478213
1509566544099123219
1509566550767923202
1509566555876691972
1509566561606066180
1509566579561873412
1509566580786667520
1509566588621533184
1509566597219774469
1509566600067915789
1509566601225551881
1509566620565446660
1509566624956928005
1509566627230093313
1509566629302185992
1509566636344360963
1509566639511113730
1509566647958265859
1509566667193466886
1509566675183616002
1509566685824626688
1509566686705319940
1509566693525311493
1509566693701521410
1509566696645873665
1509566701821702144
1509566707827986434
1509566709832859650
1509566715943919626
1509566718254862340
1509566719878119430
1509566722436526080
1509566739943546889
1509566742741323778
1509566747279597570
1509566748927963153
1509566755408166924
1509566760181280770
1509566760856416262
1509566775825993737
1509566782046183430
1509566791126687744
1509566808260493314
1509566811980943378
1509566813931196425
1509566828741369856
1509566837662572550
1509566859686854659
1509566888182919171
1509566892901642240
1509566924828692481
1509566931132690442
1509566942667067397
1509566950711586818
1509566951030411274
1509566953370931201
1509566982731018249
1509566991627010055
1509566991803113482
1509566997591470087
1509567005405364228
1509567020312023042
1509567026410438666
1509567041170128900
1509567052402544641
1509567053841240064
1509567062523486216
1509567070001901575
1509567071293685770
1509567080865095684
1509567083813683212
1509567091090755588
1509567110502047754
1509567118101999620
1509567123529646085
1509567127367213059
1509567128365838338
1509567136645226497
1509567140143120385
1509567156748529674
1509567157868191749
1509567162872041474
1509567164088401920
1509567173127254017
1509567175115382785
1509567176298176521
1509567177376026635
1509567177837330432
1509567178575650816
1509567199203237905
1509567207231086593
1509567208955039756
1509567209676365827
1509567244090712066
1509567251682312196
1509567253951492098
1509567259987128324
1509567271408226307
1509567280320958464
1509567289628184579
1509567289540198401
1509567296200757260
1509567312675880966
1509567335283236868
1509567344703680528
1509567371496890378
1509567374353379330
1509567376538288133
1509567382427107331
1509567383194722316
1509567402627018767
1509567402949984256
1509567434147045382
1509567455739453444
1509567476601925641
1509567490086555665
1509567518964580353
1509567525159329798
1509567527386435589
1509567531484332041
1509567533266972680
1509567532839354368
1509567535368134668
1509567540909035522
1509567541735264258
1509567565416345606
1509567570038308868
1509567585691394056
1509567597582626818
1509567625000632321
1509567627320041482
1509567635125678085
1509567646257369099
1509567651156316163
1509567657992937473
1509567675319689217
1509567707259232256
1509567716692217858
1509567717631795204
1509567725655445515
1509567731619749893
1509567731707875333
1509567744047566859
1509567748401242116
1509567751358230529
1509567752578736140
1509567757163106309
1509567759440613382
1509567769045516294
1509567777987870720
1509567780256944134
1509567784249745408
1509567795738124294
1509567801064923144
1509567803812200460
1509567807112957953
1509567813740277764
1509567825505046529
1509567827140829191
1509567836586487814
1509567849366441990
1509567853904928771
1509567870874918924
1509567871701168130
1509567885781385218
1509567890252566528
1509567897508720643
1509567898993319944
1509567915351105540
1509567927506321411
1509567927586017283
1509567929888563215
1509567937233014787
1509567955029405707
1509567967276802053
1509567992866222092
1509568009454567427
1509568033165086723
1509568043843735555
1509568052320428053
1509568060457320453
1509568066467901441
1509568070179704838
1509568083035365378
1509568091755270153
1509568095911911431
1509568114366636032
1509568118179471363
1509568129315258373
1509568130103791625
1509568135627784197
1509568151419297792
1509568157392019464
1509568161036836875
1509568169714728962
1509568175943344133
1509568179600867329
1509568181404319758
1509568188580724736
1509568194247368708
1509568201385988107
1509568217659891721
1509568220088438786
1509568220440715265
1509568224702177284
1509568232839172096
1509568239919144966
1509568293262270475
1509568304549085198
1509568305379618826
1509568307111804938
1509568321267519493
1509568323566157826
1509568345015824392
1509568346869714953
1509568349193261066
1509568358684848133
1509568358609567748
1509568360438190095
1509568363797880834
1509568377035051017
1509568378771496960
1509568379627184129
1509568387726426122
1509568389223796740
1509568403123896323
1509568408035086341
1509568419053682699
1509568422518026245
1509568422824361988
1509568423101149192
1509568427127672833
1509568427492532232
1509568458048122882
1509568460879282180
1509568481309700097
1509568495238922242
1509568498514624514
1509568502654459909
1509568512313991169
1509568523827224576
1509568529971904515
1509568539803492358
1509568543632678913
1509568550859689984
1509568572472893444
1509568573789937674
1509568574070829056
1509568579368325121
1509568588516151298
1509568603892424709
1509568611165343756
1509568615250599944
1509568615200215041
1509568620061499394
1509568624176021505
1509568630505279493
1509568632984059911
1509568637400588293
1509568638969430026
1509568658321854466
1509568682522935297
1509568684519350285
1509568692631138305
1509568696976646148
1509568715838431232
1509568727536349184
1509568729398587403
1509568736512155658
1509568737166311424
1509568761430433793
1509568767998709773
1509568784826314762
1509568787707838471
1509568804069597193
1509568838693756930
1509568847598309382
1509568853516460037
1509568858671267841
1509568863368753152
1509568876970979339
1509568883279028239
1509568889239359489
1509568890040426498
1509568897082613765
1509568902333972480
1509568906876358657
1509568911905275912
1509568915113795591
1509568917949145088
1509568926673428488
1509568935431135240
1509568939327512581
1509568939382169601
1509568953445720072
1509568956134305803
1509568963059101697
1509568967618306053
1509568984743657472
1509568990619734019
1509569007669727234
1509569025386311681
1509569029748404227
1509569030180454405
1509569032508395520
1509569035737997319
1509569052326440969
1509569052758269965
1509569058227867650
1509569067220361218
1509569068147294214
1509569084358225925
1509569086132473860
1509569090930806787
1509569092579123211
1509569093522927619
1509569099017474058
1509569100368039943
1509569103417253888
1509569105367638024
1509569107242409988
1509569112921579528
1509569120978841610
1509569154306633729
1509569159381856258
1509569174468587523
1509569178755346442
1509569185533218816
1509569201555578891
1509569204487393284
1509569210590146569
1509569224561381380
1509569230043332613
1509569235227484168
1509569276784439306
1509569278080659459
1509569286930681870
1509569288851623945
1509569293331095552
1509569298163015684
1509569315485499402
1509569318522175492
1509569332862464005
1509569343138455553
1509569352026185728
1509569353011900422
1509569365368311810
1509569381801488386
1509569397551091712
1509569398318645252
1509569415217623045
1509569422402502659
1509569429557944321
1509569440081399824
1509569457668165634
1509569459496931336
1509569475938422785
1509569486311014404
1509569489993711616
1509569495597264909
1509569520905736198
1509569521178263555
1509569524776976388
1509569529223041028
1509569538681020418
1509569539553599489
1509569552039833602
1509569552652378113
1509569561363943431
1509569571329650697
1509569571820384261
1509569584076107776
1509569590837264391
1509569596474507266
1509569598831611917
1509569604137455628
1509569606377259012
1509569608809914383
1509569609841537029
1509569611683008519
1509569617877946377
1509569643274506253
1509569645807816708
1509569652913016833
1509569663608532994
1509569668150972424
1509569678716416004
1509569689026011146
1509569691378978818
1509569692775575557
1509569708550508556
1509569715848597510
1509569722794360841
1509569727219310597
1509569730000171018
1509569731044560905
1509569734915682304
1509569741156925442
1509569744990613504
1509569755694477315
1509569764045332487
1509569777295056896
1509569778872164358
1509569782571421699
1509569794307153920
1509569797087846407
1509569802255228940
1509569834991898632
1509569837567254532
1509569840025112579
1509569842701123593
1509569843854561280
1509569852440256513
1509569856160645136
1509569857305649155
1509569880554545153
1509569880562941957
1509569885164261383
1509569892093112323
1509569907050094598
1509569907637116943
1509569912003391493
1509569912519462922
1509569931221815315
1509569943402131456
1509569946862379014
1509569949538336770
1509569964478550023
1509569990797639681
1509570006987771914
1509570009277812741
1509570010162728967
1509570012369104901
1509570033231478785
1509570032929439749
1509570039254507523
1509570046904844298
1509570050335731717
1509570067767476233
1509570073526247427
1509570077884137482
1509570084775280640
1509570090055909382
1509570093348446210
1509570095437303809
1509570097811177480
1509570098876583943
1509570099560259589
1509570105297887243
1509570105214128132
1509570111669161984
1509570112508117005
1509570128219942924
1509570142090534917
1509570143793434629
1509570153427611649
1509570160503541767
1509570165880627206
1509570167449083910
1509570173342265358
1509570185044258816
1509570184713056259
1509570193030320135
1509570195030876162
1509570203893608449
1509570209740435459
1509570225167122439
1509570236185513985
1509570238005891081
1509570240941895680
1509570242359529487
1509570247535169536
1509570254422396933
1509570264060809227
1509570277335830530
1509570278061330435
1509570284378071046
1509570300370952198
1509570300458852365
1509570310399475714
1509570320046653442
1509570324685373448
1509570326564323332
1509570328518971393
1509570334181179393
1509570337461133320
1509570348592746498
1509570356343885835
1509570358915080203
1509570367781625858
1509570373221638164
1509570401315209217
1509570401864671238
1509570421032693760
1509570440188026889
1509570450644365313
1509570456403288067
1509570458290638849
1509570458554753029
1509570506344783876
1509570510304202762
1509570510442700805
1509570512057475075
1509570515752652807
1509570525407940611
1509570532739411969
1509570561126674435
1509570563785768968
1509570570681139200
1509570575320113165
1509570593707995136
1509570606395805706
1509570620517978122
1509570627144986629
1509570646182965251
1509570646598197256
1509570654391181327
1509570654407999489
1509570662280667139
1509570664222449689
1509570666860879880
1509570670501539841
1509570681482010639
1509570703460339713
1509570704416849923
1509570712046026761
1509570712905859074
1509570718236696587
1509570727040540678
1509570739778826253
1509570746451836932
1509570752302833666
1509570756295991306
1509570760330952707
1509570767306072069
1509570769927426062
1509570779041521664
1509570782246096913
1509570783613390848
1509570786536955915
1509570790378938381
1509570798171791361
1509570803335155715
1509570805578944512
1509570830518431751
1509570832154218497
1509570835765469197
1509570840660267013
1509570842518294529
1509570845160714245
1509570846167384074
1509570845877981187
1509570855726112769
1509570896650027015
1509570902291365897
1509570912764502023
1509570914618388484
1509570915532689412
1509570931139747847
1509570945530445829
1509570946381737987
1509570947073785857
1509570958700560389
1509570970138390533
1509570974999535621
1509570975838449664
1509570984352706562
1509570988094423040
1509570990744825856
1509570992586166272
1509570993806667777
1509570995442573314
1509570997795667972
1509570997321674752
1509571006976999429
1509571008394637317
1509571015050940418
1509571020109144067
1509571023271874565
1509571023619899408
1509571046789242885
1509571053722419200
1509571053949005825
1509571064535339019
1509571072626241538
1509571074589143051
1509571078275883014
1509571078854746114
1509571102615519237
1509571110731456512
1509571125948600321
1509571132806078469
1509571169112018948
1509571172072972303
1509571175428636673
1509571180801396737
1509571200023814147
1509571204503388165
1509571207405969416
1509571223327498241
1509571227739959307
1509571231309312012
1509571233125392389
1509571239488200706
1509571243430883330
1509571253241319442
1509571265664884742
1509571277362806788
1509571282261749766
1509571288708308998
1509571299580215296
1509571305439469574
1509571312435572738
1509571313001656321
1509571318315892742
1509571319297363976
1509571326058668040
1509571327061016584
1509571346203873292
1509571347088826376
1509571348808765445
1509571354185580547
1509571365623549961
1509571367083163660
1509571371227131910
1509571392240562176
1509571396350976007
1509571426575163400
1509571427896217603
1509571433046982662
1509571441133559813
1509571464504221708
1509571488281726990
1509571491200864258
1509571501070159882
1509571515997696011
1509571529905881097
1509571530543534095
1509571540173664260
1509571542908346376
1509571554031587331
1509571558490132487
1509571563149938688
1509571563313676303
1509571582133374977
1509571583836368904
1509571587309146118
1509571595643363336
1509571604883599365
1509571607374794754
1509571616971317248
1509571617856315395
1509571619517255685
1509571632322465796
1509571634314678272
1509571634440593409
1509571655655378957
1509571668385087502
1509571684772323332
1509571685183213568
1509571696923226132
1509571719803117571
1509571726547595265
1509571731417178115
1509571737914003458
1509571744155246595
1509571746470547465
1509571746638180352
1509571747598712836
1509571748714455043
1509571755274293251
1509571761339310081
1509571762140463105
1509571771800109064
1509571793740173316
1509571807585701888
1509571815722700811
1509571823943532551
1509571829819756547
1509571835926614027
1509571839927930888
1509571863260938249
1509571874069569540
1509571880486723591
1509571886291820550
1509571895812886548
1509571904226709506
1509571916667002888
1509571921222029325
1509571925953048578
1509571928943521797
1509571929811955714
1509571931049271305
1509571932970229767
1509571933528014850
1509571934446571529
1509571940373217292
1509571946362523650
1509571952276643841
1509571957951508480
1509571970110836736
1509571972468027395
1509571982764826631
1509572025123287046
1509572035692793857
1509572037983055890
1509572042873614344
1509572057851469825
1509572062561636360
1509572063224291337
1509572068911636489
1509572076759224320
1509572077665370115
1509572103678398477
1509572107323146242
1509572114935914497
1509572135169183746
1509572165452115968
1509572176290086917
1509572195407867906
1509572206090764297
1509572220095537156
1509572236709187591
1509572240681148427
1509572251842187271
1509572258150428677
1509572258943148037
1509572259794587659
1509572262529323011
1509572262671753217
1509572269986783236
1509572273065365513
1509572274243858437
1509572290542981128
1509572300336558081
1509572300483354627
1509572304543666182
1509572307790053382
1509572317697003526
1509572335929540618
1509572340794990597
1509572351913984003
1509572356875997198
1509572378371801095
1509572378556186625
1509572383966957580
1509572388660338688
1509572393181798414
1509572410315612161
1509572424253116417
1509572425335422988
1509572426337853444
1509572434445234176
1509572436018311168
1509572453311336452
1509572463541301261
1509572475155324931
1509572477621616640
1509572487155269646
1509572501642354700
1509572506625138696
1509572509443710986
1509572510848897030
1509572511184429060
1509572535238766603
1509572535784030208
1509572537189076995
1509572544512278532
1509572550963179523
1509572571871674369
1509572582605049870
1509572595867299842
1509572596093706248
1509572596987273225
1509572598698500106
1509572599822663691
1509572602452455437
1509572610987855874
1509572640893153284
1509572650787434498
1509572656797999104
1509572717237919749
1509572727987965953
1509572733197340681
1509572736162713600
1509572738322685959
1509572768995500049
1509572774968246275
1509572778692947974
1509572783734284314
1509572787312148492
1509572798284705794
1509572800503173123
1509572806048157702
1509572839673896961
1509572844325425156
1509572846321688591
1509572849480073220
1509572855016661001
1509572871361859590
1509572872389505024
1509572881017192448
1509572884535992335
1509572889883914246
1509572893595914240
1509572898666680323
1509572899908333582
1509572901091131397
1509572935782182920
1509572952911761409
1509572953964482567
1509572969047207944
1509572972725649417
1509572976093671428
1509572976307548161
1509572982212943897
1509572984381521927
1509572988525441026
1509572990094102530
1509572999023714305
1509573008402309121
1509573022902013960
1509573023342366724
1509573026064392195
1509573028849590274
1509573035069739018
1509573038785843206
1509573039972708354
1509573061342756866
1509573062517211137
1509573063309815809
1509573082846879745
1509573085325893632
1509573086261219332
1509573100572094466
1509573108499369992
1509573117760389132
1509573122814627843
1509573161884520467
1509573162660466693
1509573165185392646
1509573166456541185
1509573170931638273
1509573185473232907
1509573187297755137
1509573189889839111
1509573193031467014
1509573195661201412
1509573201764003840
1509573210249048065
1509573211104722956
1509573211628974083
1509573213570875395
1509573223645646848
1509573232512286720
1509573234160635907
1509573236102774786
1509573261591343105
1509573262627454978
1509573264691109893
1509573267258068997
1509573268537327618
1509573268763824133
1509573273171881985
1509573279098494981
1509573280683810824
1509573287679983623
1509573303102488577
1509573313294651395
1509573322002075652
1509573329983877123
1509573337818746881
1509573338921725955
1509573339148337157
1509573345355964418
1509573347495059471
1509573351202775055
1509573366465773569
1509573371058700292
1509573397700821001
1509573402151071744
1509573403811856390
1509573420928970753
1509573428059070478
1509573428872892418
1509573435667607552
1509573445511749636
1509573448149913612
1509573450234486784
1509573463044128768
1509573484833386496
1509573487492747269
1509573493490257926
1509573497797943296
1509573498733461507
1509573514864607239
1509573518144507914
1509573525891334151
1509573532765806596
1509573535936753680
1509573542270349318
1509573551484854284
1509573553636618242
1509573559164846091
1509573564474826762
1509573572330676237
1509573575682015235
1509573583093129222
1509573584364081153
1509573614961451031
1509573625086717967
1509573628085645318
1509573628140085254
1509573628228247564
1509573634838257669
1509573636910469125
1509573639070486531
1509573655881265158
1509573657676374021
1509573662076248065
1509573673081921545
1509573676978479104
1509573688475242508
1509573697606197255
1509573702739902472
1509573704828989443
1509573704925077508
1509573707055996935
1509573709283176455
1509573709954228226
1509573718200229891
1509573720540545026
1509573727951937550
1509573728170090496
1509573729159815172
1509573729218711552
1509573740073566212
1509573745853317134
1509573748885651456
1509573756599025677
1509573764853477382
1509573768649351175
1509573769467240452
1509573778153553930
1509573781857218566
1509573784180715520
1509573784268853253
1509573784356806677
1509573790254120971
1509573807283085312
1509573819828252674
1509573835930152967
1509573839180730382
1509573840061542404
1509573851809984513
1509573853395173377
1509573871585931265
1509573879454261256
1509573891777347592
1509573893127819272
1509573894067433477
1509573898194591753
1509573925436633096
1509573925717561346
1509573929404407814
1509573943635501069
1509573948324777988
1509573957443325962
1509573961063018496
1509573973310332936
1509573980629262355
1509573984752443393
1509573985293504512
1509573990410379271
1509573998027415556
1509574005447172097
1509574010564190211
1509574023625297926
1509574027492405257
1509574028192890895
1509574029765718022
1509574039391637507
1509574053186703361
1509574070962208772
1509574092944465924
1509574099344973831
1509574106403983364
1509574111848247304
1509574124045316108
1509574138939076609
1509574148217098247
1509574160791572488
1509574174750040064
1509574185793855491
1509574187693887493
1509574187870007307
1509574200188669955
1509574211425210371
1509574222426906633
1509574235500466188
1509574240193765389
1509574259345088519
1509574263640141837
1509574278345338881
1509574287962742787
1509574297249103872
1509574302789734400
1509574310360457220
1509574320393113604
1509574324969218058
1509574332984475653
1509574335983505411
1509574337837211648
1509574340047773711
1509574342182584330
1509574352102371328
1509574354014814214
1509574358322229254
1509574368598261767
1509574372117340164
1509574377372884993
1509574383249076227
1509574386042343424
1509574389683085312
1509574400756142092
1509574406024019970
1509574410595966987
1509574427050225664
1509574428459479051
1509574438878003208
1509574439771516929
1509574447530979340
1509574449183354880
1509574450739507203
1509574462471036931
1509574465826525187
1509574468812906506
1509574472021463043
1509574486470926337
1509574498542043137
1509574498907037696
1509574515050885122
1509574516699238405
1509574519656046615
1509574526551568385
1509574533514211336
1509574542292930564
1509574560949096450
1509574575151095809
1509574596579704841
1509574601680031755
1509574606390059015
1509574610378842112
1509574612379746306
1509574631551688704
1509574636241141777
1509574686123962370
1509574691236638724
1509574692331470861
1509574693916921869
1509574694290173956
1509574695724720133
1509574740943548419
1509574744915517450
1509574754759499782
1509574758018555911
1509574758383378434
1509574760472010757
1509574763701747713
1509574774967611395
1509574783599587333
1509574797788913667
1509574809780469764
1509574811034570752
1509574812070461445
1509574814255751169
1509574825584599044
1509574826658344962
1509574841988382720
1509574875551129604
1509574875169669122
1509574877229064199
1509574878294421523
1509574905116778525
1509574931733831687
1509574948335108107
1509574949198913548
1509574951124275206
1509574969361055745
1509574987946078219
1509574992400375821
1509574996775124995
1509575003448266763
1509575006099025920
1509575014932176905
1509575047639302147
1509575051259125764
1509575057793818627
1509575058397835273
1509575058561409029
1509575078597566475
1509575085451091969
1509575085731897351
1509575094162575361
1509575097727819782
1509575104086384641
1509575108372930564
1509575113330597892
1509575113632583682
1509575125909356544
1509575130648743938
1509575150852665348
1509575164513689610
1509575171077820429
1509575188630880265
1509575195920457735
1509575199204773892
1509575212303409165
1509575223171035142
1509575223758274573
1509575228523008001
1509575231215648777
1509575238668931072
1509575240392667137
1509575240808022022
1509575257740517378
1509575260059967489
1509575267030687761
1509575272349282310
1509575284932026371
1509575290594373635
1509575295556210691
1509575306616659972
1509575307493322764
1509575315735162886
1509575319644082179
1509575321892306956
1509575326829056004
1509575330050330633
1509575348270383104
1509575356998688777
1509575357111975946
1509575360366751753
1509575361767563271
1509575365840322562
1509575368285425664
1509575375315247107
1509575379425636353
1509575389991084040
1509575392335699977
1509575400690757646
1509575402846572546
1509575402850639893
1509575412665311253
1509575413714284545
1509575435239100418
1509575437055266819
1509575437005078531
1509575448631595013
1509575449478840320
1509575465933103117
1509575469502550025
1509575477379411969
1509575481967972358
1509575488284549120
1509575488922136582
1509575500456464384
1509575500536205319
1509575511449690117
1509575511873232900
1509575526293200920
1509575529241972742
1509575529350979593
1509575532551319552
1509575558052651017
1509575561139478555
1509575564880928778
1509575567871336458
1509575576012554241
1509575580899065857
1509575585277874177
1509575587127562248
1509575593498931204
1509575598292844551
1509575607440625678
1509575610359853058
1509575616986767363
1509575618597425160
1509575625786408968
1509575628588208131
1509575631087886338
1509575634707570702
1509575647143907335
1509575650088210440
1509575652051017751
1509575652126646272
1509575653430943773
1509575663816216583
1509575669952528386
1509575692341579776
1509575692475719688
1509575707873009675
1509575709387198471
1509575709383184394
1509575720535789570
1509575736096698370
1509575741821751303
1509575747593293826
1509575759928737804
1509575765037309960
1509575772587106306
1509575772918407174
1509575773606326274
1509575795131490308
1509575796750434304
1509575799824797699
1509575806208589834
1509575809605853205
1509575813062176776
1509575821845057553
1509575825393344512
1509575829692592134
1509575832645222401
1509575838999597060
1509575848436805633
1509575854774444038
1509575868972154882
1509575895635447811
1509575907001962499
1509575916632031239
1509575921128386563
1509575923724533761
1509575924143964161
1509575926551511040
1509575933094764550
1509575946575269904
1509575949897064462
1509575952682176515
1509575959195889668
1509575966917541899
1509575967806795777
1509575973066444817
1509575991441514500
1509575993564045323
1509575995254353924
1509576022341169158
1509576042733658131
1509576044084224000
1509576052179279874
1509576060991590407
1509576068394790915
1509576069577420802
1509576080688046086
1509576091274461188
1509576095351382019
1509576108076945414
1509576111751147531
1509576112300609542
1509576119988756486
1509576120928284682
1509576123490971649
1509576138363920396
1509576143187296257
1509576147511693316
1509576148333780997
1509576150510669825
1509576151018229769
1509576160681902084
1509576164930727948
1509576188041351175
1509576212628262919
1509576218009649167
1509576225743810565
