1507492503850827782
1507492507193651202
1507492508233728002
1507492508053348352
1507492510582468608
1507492513032159234
1507492513057226752
1507492515351519234
1507492520527339526
1507492521554894850
1507492524935421952
1507492528672555010
1507492529692110850
1507492536264257539
1507492536763371520
1507492538185240580
1507492540370415618
1507492540412534785
1507492542950084609
1507492549350641667
1507492562877177860
1507492563233775617
1507492564290576384
1507492566786363398
1507492567067340800
1507492566954135558
1507492567235108868
1507492570443792391
1507492574721884176
1507492576445796364
1507492583760531460
1507492584041717763
1507492587057422341
1507492589490274305
1507492592866377729
1507492593688403975
1507492601175416833
1507492614437756937
1507492615859621891
1507492618573283332
1507492621031440384
1507492622050365440
1507492622797000736
1507492622943887361
1507492632204828681
1507492643143446532
1507492650508861447
1507492652975075331
1507492653629251584
1507492660046544900
1507492661271293955
1507492664882741256
1507492667449610256
1507492675766824962
1507492677016772613
1507492679432781831
1507492680372269061
1507492684910383106
1507492693546467329
1507492704179003392
1507492713251356678
1507492720020967428
1507492720679530507
1507492726098612229
1507492728376016900
1507492728338362375
1507492733853880320
1507492738798870531
1507492741130985482
1507492750089990150
1507492753055301637
1507492754301067268
1507492756440199171
1507492756729450501
1507492757300031492
1507492759250571264
1507492763096522766
1507492765415972870
1507492780100177928
1507492781077499909
1507492781895258114
1507492784458063873
1507492785250873360
1507492787897438211
1507492788769857542
1507492791324389377
1507492790355337217
1507492792859193347
1507492794214068227
1507492803458252805
1507492805945421826
1507492807484841984
1507492810731110400
1507492813285511168
1507492828229906440
1507492840280051712
1507492840456265733
1507492840552677379
1507492843966894080
1507492847645171719
1507492848567926784
1507492849214005251
1507492849524350979
1507492849759174670
1507492855622766601
1507492855450849280
1507492864858730507
1507492867480059904
1507492871343124483
1507492872370724865
1507492876615393282
1507492878158860297
1507492885490397185
1507492887923154960
1507492888346693634
1507492892927004678
1507492897913982984
1507492898136330245
1507492904218025988
1507492907246366722
1507492913441239041
1507492916629024777
1507492920470999042
1507492921108578304
1507492921766989827
1507492925738954753
1507492926271623168
1507492926825250818
1507492933074931718
1507492933645307908
1507492936824418304
1507492937650868233
1507492938816757762
1507492943871057924
1507492947750662146
1507492948212129795
1507492952117022720
1507492960195252225
1507492963546705921
1507492967493341194
1507492967908622347
1507492968403374083
1507492970924109824
1507492979593863172
1507492982190190595
1507492984756989954
1507492986757816330
1507492990369116178
1507492990931152896
1507492998849912836
1507493004256419846
1507493006638735368
1507493006596788225
1507493006915604490
1507493008983265283
1507493019775389703
1507493020517732354
1507493022996602881
1507493024665845768
1507493026599477256
1507493026679111683
1507493028868493317
1507493032882495494
1507493048183398403
1507493049353580548
1507493054881566720
1507493055888306184
1507493058069229580
1507493066323636227
1507493070568407042
1507493078504030208
1507493086968127490
1507493087882457095
1507493092512960521
1507493094014414850
1507493095495114757
1507493104772960259
1507493109759946754
1507493116663713793
1507493129166876672
1507493129678516225
1507493132140785672
1507493144455262209
1507493144761352199
1507493150969016324
1507493155616272387
1507493155817500672
1507493155712770054
1507493157965029380
1507493168404905984
1507493179158892544
1507493182082269186
1507493188923236363
1507493189476929548
1507493193549418496
1507493204031070208
1507493205046185986
1507493208153989122
1507493209773154318
1507493214093201412
1507493214814543874
1507493226114355200
1507493234225954821
1507493249392459780
1507493250525020161
1507493256174739458
1507493256673865733
1507493272175927309
1507493275279802378
1507493277431472130
1507493285534777354
1507493292371554307
1507493297094373383
1507493299371888646
1507493306825166850
1507493313598865408
1507493314332790786
1507493315779837953
1507493316358778895
1507493322083897345
1507493328497123339
1507493331357499393
1507493336520736772
1507493336982204425
1507493344095600641
1507493344775073805
1507493353834921988
1507493355210645512
1507493358381404160
1507493360243683328
1507493361652944899
1507493369378914309
1507493369664126987
1507493372268851208
1507493382456631301
1507493385833172993
1507493396918816768
1507493397430476807
1507493399867555842
1507493406066413571
1507493410378162177
1507493411229777928
1507493414681546755
1507493415088365568
1507493415788949509
1507493418976653316
1507493430372438020
1507493435430912007
1507493437288980480
1507493443651649546
1507493447145385984
1507493448156430341
1507493450203152391
1507493450752700432
1507493459724316683
1507493464795070465
1507493467043291139
1507493467693494275
1507493473456377860
1507493482977443842
1507493484353126405
1507493484802064390
1507493493115011072
1507493497456062469
1507493497993142275
1507493510437560322
1507493511200968705
1507493517794459653
1507493518159319040
1507493518981595138
1507493530096259079
1507493530490613763
1507493534592647168
1507493534227648513
1507493541781585921
1507493553622159366
1507493555513663488
1507493556054855692
1507493577865187329
1507493580344111108
1507493582965379072
1507493584882352130
1507493585951752193
1507493595842027535
1507493602200412170
1507493609121091585
1507493612099031042
1507493613642694664
1507493615680974849
1507493622241013762
1507493626099773454
1507493629090168836
1507493629262065664
1507493630092718083
1507493633401888768
1507493634198974479
1507493634198974465
1507493637587832832
1507493641383727109
1507493641295736840
1507493642579152901
1507493649101197315
1507493654981603328
1507493663206625280
1507493664767221760
1507493664934662145
1507493670525845513
1507493673591746562
1507493677492576257
1507493679518334978
1507493688443867139
1507493689651650560
1507493691149242372
1507493695922360325
1507493696538828801
1507493696941572096
1507493699927695361
1507493712951185415
1507493718445547521
1507493720672796680
1507493723705380866
1507493724904779781
1507493728415535116
1507493731863310336
1507493745918300160
1507493746480500741
1507493750762704897
1507493751123582981
1507493752230846469
1507493754659225602
1507493763106553859
1507493763597303809
1507493765161779206
1507493769578393600
1507493770933252103
1507493770929090571
1507493788104634368
1507493793339170816
1507493799232094208
1507493799995473922
1507493800289214476
1507493800909807616
1507493800838635531
1507493805758504961
1507493813526441991
1507493819004211205
1507493821189435401
1507493824410505218
1507493831566057482
1507493842337116162
1507493846594338817
1507493855825907712
1507493863887409154
1507493868060692482
1507493869750956032
1507493871785287680
1507493875413307396
1507493882090725385
1507493890621952011
1507493897760501761
1507493900151316484
1507493901719986180
1507493906975531010
1507493907612930052
1507493915624022018
1507493917838569476
1507493920468398084
1507493923215749120
1507493925879169026
1507493927913496582
1507493928555139079
1507493941725257733
1507493945110016005
1507493947316318209
1507493947756658694
1507493948163514373
1507493953238716423
1507493958234120205
1507493967042158592
1507493968484909057
1507493973463646216
1507493974046564359
1507493980988186634
1507493982468775939
1507493990928723978
1507494006456037382
1507494007299088394
1507494027846774784
1507494044410208263
1507494044649152513
1507494055751561217
1507494055999123465
1507494059992092673
1507494060822609920
1507494061208440835
1507494067424407556
1507494068720484354
1507494074932244482
1507494085212483587
1507494088135872514
1507494091449421824
1507494094100070405
1507494097409482752
1507494099359711233
1507494099569496066
1507494102450982921
1507494103784824836
1507494110671749122
1507494118485725184
1507494129386897408
1507494133811671042
1507494134533165058
1507494135543971841
1507494139214147586
1507494144096280582
1507494146805678080
1507494155987128332
1507494156582940673
1507494159275511825
1507494163981422603
1507494166036688906
1507494166586175491
1507494167919751170
1507494172202262528
1507494172789510153
1507494180452454400
1507494182222450689
1507494186118955010
1507494196537700356
1507494200266305537
1507494207816040450
1507494208453505025
1507494208533278726
1507494215512637443
1507494225557934080
1507494226766045185
1507494227894226945
1507494230490595342
1507494230930960386
1507494230897442828
1507494233103605767
1507494237012897792
1507494240603021314
1507494244369375233
1507494248182349825
1507494249843073024
1507494250619056130
1507494251097202689
1507494253265625095
1507494255366967306
1507494263818539024
1507494276158013440
1507494276531335170
1507494282600628229
1507494283213000708
1507494286253694978
1507494285973012480
1507494286169939976
1507494287814057985
1507494291051986944
1507494291530465283
1507494303764951040
1507494307019702276
1507494309381165059
1507494311633596425
1507494313248407559
1507494316326854660
1507494330621116417
1507494340284887040
1507494342243540992
1507494348342145026
1507494352636952576
1507494356311486470
1507494359347908613
1507494364485877762
1507494370936868878
1507494372492955652
1507494375793860619
1507494378000035850
1507494381955260426
1507494386128588800
1507494389026852870
1507494398690537473
1507494400229793802
1507494401718820868
1507494401936822276
1507494402150780931
1507494403186774016
1507494406160478208
1507494406739628037
1507494409134354438
1507494413345337344
1507494425102110720
1507494426205163520
1507494427194892288
1507494430869176321
1507494433062797312
1507494436284084230
1507494439337410567
1507494441619460096
1507494442734813184
1507494442747539462
1507494445347868672
1507494447268868096
1507494450209116172
1507494452268797954
1507494463832313861
1507494473219002368
1507494475530051588
1507494475483992064
1507494476188512256
1507494476553633792
1507494477828657152
1507494482119303168
1507494486687035393
1507494486968086528
1507494488293482498
1507494500926513156
1507494503921426435
1507494504210866176
1507494504730959886
1507494505762725889
1507494508329684998
1507494508564471813
1507494510514909190
1507494516260966400
1507494518458920976
1507494523944939525
1507494526369234948
1507494527636025347
1507494528286089222
1507494531306041352
1507494533994586112
1507494537404502019
1507494538218287105
1507494540227321856
1507494542882353169
1507494542953623554
1507494543662350337
1507494546405412865
1507494553346973696
1507494554743844874
1507494555461079048
1507494558116065284
1507494558212493325
1507494564977729537
1507494566982733832
1507494567343448095
1507494580438114305
1507494593679732736
1507494611165790211
1507494617150808078
1507494619046727689
1507494620355309570
1507494620414062594
1507494625363185667
1507494629200912387
1507494631789019141
1507494633382756358
1507494633647087629
1507494634422943745
1507494637606424579
1507494638021754887
1507494649035821057
1507494649908314125
1507494651951038465
1507494652655673349
1507494653376942085
1507494653511323656
1507494657508339712
1507494662004785154
1507494672490536961
1507494673060880385
1507494677028782087
1507494676961632258
1507494677548871692
1507494678332989440
1507494679226445824
1507494688298778632
1507494695492112389
1507494698352619524
1507494698663002116
1507494710725775370
1507494715276820481
1507494720569847818
1507494720854900738
1507494722197200911
1507494726303330304
1507494731864936454
1507494732204855296
1507494741625110528
1507494758221897730
1507494761455779840
1507494774412095498
1507494779235577861
1507494780187590660
1507494787041083399
1507494787435405312
1507494790262407175
1507494791403081733
1507494797468221444
1507494803310891008
1507494803646386176
1507494806204858374
1507494817126789123
1507494818498465798
1507494821379940371
1507494824538251268
1507494825309966340
1507494826522165250
1507494830208917506
1507494831123480581
1507494832113127429
1507494835791536144
1507494835565080585
1507494837490094082
1507494839046361091
1507494844188483594
1507494847640485894
1507494847942385668
1507494855970238468
1507494869228417024
1507494874727202826
1507494877981937667
1507494880121135104
1507494880406216711
1507494881194823684
1507494884734914574
1507494888526557194
1507494890275741698
1507494890678140936
1507494892376760321
1507494896868990979
1507494902141235200
1507494904854990854
1507494910395621380
1507494917584703491
1507494921103572992
1507494921288097796
1507494922236174343
1507494925478342659
1507494926401032196
1507494926233346054
1507494931362889728
1507494931669127169
1507494933401272321
1507494940783243264
1507494941898944515
1507494948496883713
1507494954976755717
1507494961733849092
1507494969346510848
1507494987990282240
1507494992931028994
1507494997674930181
1507495000367837185
1507495001147777024
1507495006264721411
1507495010433966081
1507495012476489728
1507495019921428491
1507495036077973504
1507495038028197895
1507495039177568260
1507495041006252038
1507495052821643276
1507495053907877891
1507495059784052737
1507495062686498816
1507495066406993923
1507495066901704710
1507495068537610248
1507495073012924428
1507495077417005061
1507495078213959682
1507495078738153472
1507495082504642563
1507495092537466887
1507495097172217862
1507495101819457537
1507495102566043660
1507495106173145103
1507495109319077891
1507495112850522115
1507495128730021888
1507495129161994245
1507495132177715200
1507495132274520064
1507495132433584130
1507495134803361795
1507495136296534020
1507495138905493509
1507495140922904580
1507495141329698819
1507495141677969415
1507495145968586753
1507495148833460231
1507495150125150209
1507495151178067973
1507495154902392836
1507495158685872139
1507495160405532688
1507495160887709700
1507495164373258256
1507495174892630017
1507495176096428036
1507495180374450176
1507495181821562881
1507495184656834569
1507495190671466497
1507495192709976070
1507495193280450567
1507495201824288773
1507495211257147400
1507495217045270530
1507495222523023362
1507495228701388800
1507495230878195717
1507495239468130308
1507495241242185731
1507495247118536704
1507495247470903303
1507495250117464068
1507495256220180487
1507495264004849664
1507495264419987460
1507495264558497795
1507495268039954433
1507495270090637312
1507495271223238658
1507495274641559560
1507495275887214593
1507495279913848843
1507495280106606594
1507495281998409728
1507495284724674567
1507495285584400384
1507495286859464705
1507495289082417157
1507495297244549122
1507495301568995328
1507495305704402945
1507495308388880392
1507495319780663297
1507495322934976512
1507495323249299467
1507495323886927878
1507495325606555652
1507495327246417927
1507495333596594176
1507495334339035136
1507495335240900609
1507495336255770626
1507495337560141831
1507495341205368832
1507495341339385862
1507495341771264004
1507495347819581443
1507495349161656323
1507495354509500425
1507495358498279430
1507495359550943234
1507495368531001346
1507495373748772864
1507495374721888263
1507495375476830208
1507495377808752641
1507495384381153283
1507495392732143623
1507495393176821763
1507495393445269511
1507495397052366850
1507495405566808076
1507495415935086592
1507495424390680576
1507495425317945345
1507495432435515393
1507495445605539841
1507495446280822791
1507495448105435139
1507495449816702977
1507495449858617349
1507495453486690313
1507495454015115272
1507495462630162432
1507495466908323840
1507495467327770624
1507495472860213253
1507495477146624005
1507495484071587844
1507495487758376970
1507495487825457158
1507495490132189184
1507495490258096136
1507495491826765831
1507495492061593603
1507495493336719360
1507495496046239752
1507495496931192835
1507495501679276034
1507495521124065283
1507495523808382976
1507495527268687881
1507495527411335169
1507495529709715459
1507495531370713098
1507495533887295489
1507495535497809932
1507495539469783043
1507495550823849993
1507495551822041093
1507495555148173315
1507495555651584003
1507495559946547202
1507495568003715074
1507495573750005770
1507495578443341831
1507495578451668997
1507495583111692304
1507495584202117137
1507495585196253194
1507495596692631552
1507495597808312322
1507495598593024004
1507495599284711429
1507495601235275779
1507495604922032137
1507495606599634945
1507495614875160585
1507495614967271428
1507495619463581697
1507495622269579269
1507495622718357504
1507495623486054410
1507495630087802887
1507495635586465792
1507495638098927618
1507495638736461829
1507495644532985860
1507495651533533187
1507495657652699139
1507495658609123335
1507495675155648512
1507495675583508489
1507495680234999819
1507495680847319043
1507495681338060806
1507495682655064070
1507495683225391106
1507495684324397060
1507495686643802113
1507495686907961347
1507495688883490822
1507495693140824067
1507495694155730945
1507495695619698689
1507495696462667776
1507495697708425237
1507495700116176896
1507495702980661248
1507495705455341569
1507495707976126470
1507495710928736256
1507495713290158080
1507495720089051138
1507495731208376333
1507495732114243589
1507495747448672258
1507495749185122307
1507495749373861890
1507495754998370313
1507495762170634252
1507495763235942403
1507495763751878664
1507495765765025792
1507495767979839489
1507495768629911566
1507495780067778565
1507495781783142402
1507495782383067140
1507495782961799168
1507495783762960385
1507495784731750402
1507495792709447681
1507495794420875269
1507495795402194948
1507495796308021248
1507495801693503490
1507495801089671172
1507495802863865856
1507495803002130434
1507495804675801092
1507495808186335235
1507495808903507968
1507495811814342657
1507495829233614853
1507495833020899330
1507495835097079816
1507495839001985037
1507495842701324291
1507495861114261514
1507495872732573697
1507495878738812936
1507495887744172032
1507495888373043202
1507495889581252612
1507495891535597569
1507495892760342531
1507495896614944775
1507495896761573378
1507495905552789507
1507495907922780172
1507495908199518218
1507495910602907653
1507495911395663879
1507495911617871874
1507495915346530304
1507495919658442753
1507495922867052549
1507495927224979457
1507495933042466819
1507495941083136000
1507495942223769601
1507495950469808133
1507495958338105344
1507495958703005697
1507495961324658688
1507495966533894144
1507495966928261120
1507495972062048258
1507495971877376001
1507495982820478980
1507495988038180864
1507495994753179656
1507495995420065796
1507495995654955016
1507495995747323914
1507496000679821319
1507496001438949376
1507496006904127491
1507496018350428160
1507496018513997824
1507496021265317888
1507496023396081666
1507496024138518535
1507496025308614658
1507496029767278593
1507496037409337352
1507496039162413058
1507496041670918146
1507496046867349511
1507496047542779904
1507496048129974278
1507496051577692160
1507496053934809088
1507496055969091587
1507496060553420802
1507496064273641474
1507496066463248391
1507496067226648583
1507496069034352645
1507496070137405449
1507496070741438470
1507496081487245317
1507496081420009474
1507496085908037633
1507496091817680897
1507496095521325058
1507496097656176644
1507496098071465986
1507496098402869259
1507496112416083970
1507496116471824384
1507496116769677315
1507496119575715849
1507496122574585864
1507496123799425027
1507496124990504964
1507496135601971200
1507496142078103555
1507496142778494978
1507496145781760001
1507496150861066242
1507496152303902724
1507496153268453376
1507496153906036748
1507496156909158401
1507496159777996803
1507496160717676546
1507496161476677633
1507496169148198915
1507496170171645954
1507496172965048333
1507496178103033856
1507496180548317189
1507496180842115073
1507496184402747394
1507496184268611588
1507496188282605568
1507496192581812228
1507496201108795392
1507496201003970574
1507496203847712775
1507496215008604166
1507496215314776066
1507496215880953856
1507496220650098688
1507496221702868994
1507496221992235009
1507496228916973574
1507496232733847555
1507496238756683778
1507496243026571268
1507496243177705473
1507496255429173261
1507496264258174977
1507496267726966787
1507496273074659329
1507496284709662727
1507496303214833668
1507496303806361604
1507496309837774849
1507496312555507712
1507496316749946883
1507496324672929795
1507496331211902984
1507496336446431241
1507496337645912078
1507496343018917889
1507496345128611844
1507496345715810304
1507496349087924228
1507496349964685314
1507496351244111872
1507496354875994115
1507496356859965444
1507496360718835717
1507496378922119177
1507496382826881024
1507496392155144195
1507496393140805639
1507496397750210565
1507496399142723585
1507496401768435718
1507496407162359809
1507496415374852109
1507496416293396490
1507496422819733515
1507496422949588992
1507496424719609857
1507496430461763585
1507496435532681218
1507496442721669129
1507496443510247424
1507496446857293825
1507496450061647872
1507496456491610119
1507496463047315468
1507496465836388355
1507496468864712706
1507496472421437443
1507496475948949512
1507496477106442241
1507496485964943373
1507496488322191373
1507496489374949387
1507496502536548352
1507496509344002049
1507496512938516481
1507496517182971905
1507496519837966336
1507496520014258181
1507496532173627400
1507496547482808329
1507496548975972354
1507496558828290052
1507496562200563723
1507496566722080769
1507496580831760387
1507496583700656131
1507496587626430469
1507496591174750208
1507496592659685377
1507496595767529475
1507496597864726532
1507496599894872078
1507496602466152448
1507496603430531073
1507496604974018560
1507496605502480384
1507496608224608262
1507496608887459847
1507496619071184896
1507496618840494083
1507496619889070084
1507496621738766336
1507496622573424648
1507496627094765574
1507496631452676098
1507496631855312898
1507496632916578314
1507496633113710598
1507496635697451012
1507496636997685252
1507496641871609857
1507496644564201476
1507496648657629184
1507496649224032257
1507496661701984256
1507496662045913092
1507496666147999748
1507496667796307969
1507496670518337536
1507496669377564673
1507496682417758211
1507496683495690246
1507496691586453517
1507496696871374853
1507496696510619651
1507496698452459521
1507496700382007296
1507496703460446208
1507496701837266944
1507496705851211782
1507496706996277252
1507496710246998022
1507496710586703887
1507496714118201347
1507496715573727234
1507496715598893058
1507496719910674438
1507496723488428044
1507496723672875010
1507496729851187211
1507496730480328714
1507496731369431043
1507496742882877444
1507496744191512577
1507496747068628998
1507496748578603009
1507496752018259969
1507496752399613952
1507496759785787397
1507496767805587456
1507496768614944773
1507496780711178240
1507496782229655559
1507496786969399299
1507496793763942404
1507496797052186629
1507496799711338506
1507496799807983630
1507496804929060866
1507496805776252930
1507496808670449675
1507496812881620996
1507496816773935109
1507496819739312139
1507496820989206529
1507496825464446977
1507496839993561091
1507496850454196231
1507496856196112390
1507496870997811202
1507496876186161158
1507496883324923905
1507496887779307532
1507496888446111752
1507496891851935755
1507496894813065226
1507496895790436353
1507496898273361927
1507496899242344448
1507496900999753731
1507496901318434816
1507496903247896584
1507496904170610693
1507496908750680066
1507496909547896832
1507496912517316611
1507496914467672071
1507496921899753472
1507496925448134659
1507496931756584964
1507496940816248843
1507496953373986822
1507496962005762048
1507496963851358212
1507496964954468362
1507496966166618119
1507496966351171588
1507496966862819338
1507496968821501952
1507496980548931603
1507496982981578763
1507496983581405190
1507496983598014464
1507496984621596680
1507496990787072000
1507496991202418691
1507496997804199937
1507497006746546182
1507497009917308929
1507497033418133512
1507497039877349376
1507497045875068932
1507497045959102466
1507497046084919301
1507497047691128833
1507497056675500035
1507497062429908992
1507497066926329861
1507497073137967106
1507497080495165442
1507497086115364872
1507497090091569155
1507497094248030211
1507497098882678784
1507497117673304068
1507497120827277316
1507497138854449155
1507497141064790021
1507497142138638338
1507497143652663297
1507497147599572999
1507497169548365835
1507497170865336320
1507497183494479874
1507497185683730434
1507497191551684609
1507497198027780096
1507497199256616961
1507497205472501765
1507497208060559362
1507497208295395329
1507497208928780289
1507497210639921156
1507497213244620808
1507497213919907845
1507497214477750284
1507497220114993154
1507497220475539456
1507497222623174661
1507497223109627905
1507497225458360323
1507497225638715392
1507497225739505664
1507497229958885378
1507497237319876609
1507497255787372550
1507497258253791237
1507497259126120451
1507497261185449984
1507497268324147201
1507497272904454145
1507497275710394373
1507497280710004739
1507497285097242633
1507497285688700938
1507497285751504897
1507497287345397761
1507497292097544192
1507497294106484736
1507497298309402624
1507497299810951176
1507497304697323520
1507497308404994049
1507497313354223619
1507497314029649926
1507497316839825411
1507497316936130560
1507497317032673288
1507497325622534147
1507497326042132480
1507497326654496770
1507497333814022148
1507497334921474055
1507497347089154054
1507497348783480843
1507497358149492743
1507497358753349633
1507497359575560195
1507497366890319875
1507497381113253890
1507497381968896004
1507497382300246022
1507497392144326660
1507497394732208129
1507497395268907010
1507497396330278916
1507497397982797825
1507497402193784833
1507497408888033282
1507497409311817729
1507497417586855937
1507497423567921153
1507497428768866307
1507497445181489153
1507497447043571714
1507497457944571918
1507497462080348162
1507497462608637962
1507497464412229639
1507497470321991681
1507497474969292802
1507497483672326144
1507497489011724290
1507497499170201602
1507497501619855361
1507497506594304003
1507497507219116034
1507497513095290880
1507497520615804930
1507497524612980740
1507497546230415362
1507497547895480324
1507497552370814980
1507497565717204993
1507497570834206726
1507497572012859392
1507497575741628421
1507497579529093120
1507497585933643779
1507497586340421632
1507497587137470464
1507497588458676226
1507497590509944836
1507497590501392391
1507497602291359745
1507497604585775105
1507497609413419012
1507497623825092610
1507497624047341571
1507497636873469953
1507497643366305806
1507497647305035776
1507497656276422659
1507497657928929281
1507497674232242184
1507497684403474434
1507497687687393281
1507497691500134406
1507497696554332162
1507497696931692547
1507497697804263433
1507497701113430016
1507497707677618190
1507497718578569218
1507497724127633411
1507497729999532035
1507497738115592193
1507497737792671749
1507497741127143432
1507497742188224513
1507497746311397380
1507497760274227205
1507497772374704130
1507497773108805642
1507497774421446656
1507497783649083392
1507497784567468032
1507497789487403009
1507497798027157504
1507497801647030273
1507497805513854977
1507497805870370823
1507497809901068290
1507497813751574529
1507497815362228234
1507497816150757376
1507497819619446784
1507497822039384066
1507497831342428164
1507497833091551238
1507497836325355524
1507497844583788552
1507497852687298570
1507497860039913480
1507497869258985479
1507497871372869636
1507497872991924229
1507497884526198799
1507497886950608902
1507497888271638529
1507497891161522178
1507497895146180615
1507497897515958274
1507497909423689739
1507497919875739651
1507497923944189952
1507497926637289473
1507497939614240772
1507497947147214861
1507497947541372932
1507497953400922117
1507497955573575682
1507497966281580552
1507497974527668225
1507497975152529408
1507497975312007172
1507497978445152264
1507497982048022533
1507497982660431876
1507497986321903618
1507497986615480329
1507497999102054406
1507498001799204870
1507498002121904132
1507498002168041475
1507498005313773572
1507498011126992901
1507498016130965508
1507498020085985284
1507498023093518339
1507498030227984396
1507498031536553990
1507498035923894275
1507498039983935490
1507498042844344321
1507498048108310539
1507498051115655173
1507498052076122113
1507498052847812610
1507498056488468483
1507498055838625792
1507498057289580562
1507498060456382479
1507498066802323459
1507498068706574341
1507498081335406593
1507498089657122820
1507498092211412993
1507498092492656642
1507498095990423556
1507498103057825799
1507498105180205056
1507498105050177538
1507498105700294656
1507498116735385601
1507498120120254466
1507498124704686081
1507498128177569796
1507498138835300352
1507498141829906433
1507498143079751682
1507498142580842498
1507498146108043268
1507498150012993543
1507498150138990598
1507498150650593289
1507498153066467328
1507498157999071232
1507498169025716228
1507498171139694592
1507498176730832898
1507498186466009089
1507498188617359361
1507498189066485760
1507498202639044615
1507498209781944327
1507498214601248773
1507498218887778312
1507498226433376258
1507498233953755137
1507498239414710275
1507498239615901697
1507498241071460353
1507498241851633667
1507498244380631040
1507498248948391940
1507498257005621254
1507498260914933763
1507498266916663297
1507498268925648899
1507498272457474059
1507498274651258881
1507498283215822849
1507498285019578371
1507498287330467841
1507498289582772232
1507498289939324933
1507498292594487296
1507498294196547587
1507498305223368706
1507498307139952644
1507498310990708736
1507498311770521603
1507498318347182081
1507498322163953665
1507498323342761987
1507498325116870658
1507498336781324290
1507498340375666688
1507498340635791366
1507498343777202178
1507498343924174851
1507498344108625923
1507498344867844104
1507498346096865288
1507498348554633231
1507498352610451457
1507498357543129088
1507498357928992779
1507498360034496515
1507498362345603079
1507498367412326408
1507498378132869127
1507498387452866560
1507498394008256513
1507498399230308361
1507498402380058626
1507498402858164225
1507498405869899783
1507498414086496268
1507498415319666689
1507498418582654981
1507498419723677710
1507498420789039108
1507498429357826048
1507498429437599745
1507498429836050437
1507498439604686853
1507498458009288707
1507498460542611463
1507498460693553162
1507498461389799431
1507498463478661130
1507498477139415043
1507498479098212360
1507498484571779076
1507498493585338370
1507498495426637828
1507498495548157956
1507498507548213250
1507498511260131331
1507498512321237000
1507498515127316490
1507498521859002368
1507498521930641409
1507498528536334337
1507498536295976966
1507498537923227649
1507498541534650374
1507498543677947904
1507498545250775050
1507498547507302405
1507498547847045123
1507498549482823691
1507498550321508352
1507498552448196617
1507498554385965057
1507498557418446854
1507498564481695750
1507498570278215681
1507498571825827843
1507498575684677635
1507498577077190669
1507498581560905728
1507498582659768320
1507498586459750402
1507498591853572097
1507498597511843854
1507498598249996290
1507498611436924935
1507498616608468993
1507498618269405185
1507498619531845637
1507498623512178688
1507498628243357698
1507498629740830723
1507498630349225985
1507498632253251589
1507498633901531144
1507498638762823686
1507498639710642177
1507498641165991938
1507498644022255629
1507498648900444166
1507498652322906112
1507498657377103879
1507498662850711556
1507498669146181633
1507498670706495488
1507498676708642816
1507498678243659778
1507498691413880837
1507498695234887684
1507498695838904333
1507498705611464704
1507498708841205760
1507498713354231810
1507498714029568006
1507498722908950529
1507498730647347206
1507498734346723332
1507498738545270788
1507498748179537924
1507498755922272263
1507498769025220609
1507498770677776388
1507498779288559620
1507498781260066826
1507498785391398916
1507498795319259136
1507498795193540609
1507498795705192455
1507498805616431107
1507498813417734154
1507498815770677250
1507498817540669442
1507498820237606916
1507498828655644687
1507498834280202247
1507498835089637376
1507498839225376775
1507498844812046343
1507498845889957888
1507498846275833856
1507498846296936454
1507498852970074124
1507498862721875971
1507498863200026634
1507498865179602946
1507498871966027782
1507498874671403008
1507498875552108545
1507498877464719360
1507498882497978368
1507498887564648449
1507498891758895107
1507498894569189381
1507498911434522628
1507498924407504898
1507498925921497094
1507498934641606656
1507498935052500994
1507498935799234570
1507498938173169670
1507498943239929861
1507498944179417091
1507498944506613763
1507498947337674757
1507498949955014656
1507498953566208004
1507498955046805512
1507498957085483010
1507498957785776131
1507498958075146244
1507498958121324545
1507498967092932614
1507498972176289795
1507498973749288962
1507498978669178885
1507498981626355712
1507498981722578944
1507498982150270976
1507498982347788293
1507498989456875521
1507498989670776840
1507498991272927233
1507498997308887043
1507498999653146627
1507498999993012233
1507499000202674178
1507499004669612038
1507499006393720834
1507499009576943629
1507499010713657348
1507499021895622660
1507499023669862408
1507499026186481664
1507499026593325061
1507499027289411585
1507499029055381505
1507499031576166405
1507499031936839690
1507499032184197120
1507499043571830789
1507499044767244291
1507499047694786560
1507499054116311040
1507499060814651395
1507499062580641794
1507499064803291138
1507499068175659022
1507499073070272512
1507499075326779392
1507499079185715203
1507499080305418240
1507499087700049920
1507499091277737990
1507499094943666176
1507499105928589322
1507499124563787784
1507499124467253250
1507499124882554890
1507499127525240833
1507499131903922182
1507499136857382915
1507499142662266885
1507499146126802951
1507499152447774722
1507499153034723329
1507499159959400455
1507499161750544393
1507499162006429699
1507499166431338503
1507499180054392834
1507499185171419136
1507499186572316672
1507499201118326796
1507499201952772100
1507499209762562056
1507499210425393160
1507499211012595712
1507499212472139778
1507499212879114249
1507499215777320967
1507499216364519436
1507499221871603712
1507499224082092033
1507499227865362435
1507499228779720713
1507499233695444992
1507499241551241220
1507499250774642703
1507499252951367684
1507499259050209280
1507499261226893314
1507499261105086467
1507499265521639436
1507499275500105728
1507499275751759879
1507499281258889217
1507499281594335240
1507499284446720001
1507499285427982344
1507499291945938957
1507499294064099349
1507499294152089618
1507499294181392385
1507499297595703299
1507499298547806212
1507499317166231558
1507499317388525585
1507499327500931075
1507499337479188481
1507499345846939661
1507499347885400070
1507499349017829383
1507499355095379977
1507499355632283655
1507499362460573705
1507499363056386050
1507499364091977731
1507499364742164482
1507499368626233350
1507499377740247046
1507499381251088390
1507499383134330883
1507499385139216394
1507499390562414597
1507499392730746881
1507499395381665794
1507499396941979657
1507499399995297793
1507499414302035968
1507499423038910466
1507499427165966339
1507499431909863427
1507499431674875905
1507499442252877824
1507499443041583114
1507499452239687680
1507499452646543362
1507499454399664130
1507499462201073668
1507499464692572168
1507499471260712963
1507499478982565896
1507499479649333250
1507499485064220677
1507499492337192961
1507499495688450051
1507499504949514249
1507499508128956416
1507499515934175236
1507499519612792834
1507499526613090306
1507499527963561995
1507499530824081416
1507499530811768833
1507499537149091846
1507499539934191616
1507499546888257539
1507499554542862336
1507499555117580293
1507499563640254466
1507499564768665602
1507499571311652864
1507499578740076544
1507499579960295429
1507499580660846603
1507499584213377024
1507499584423084048
1507499592417517576
1507499597903523843
1507499604589400064
1507499611568627716
1507499617163747332
1507499619621683208
1507499620351414276
1507499621395750915
1507499624290041857
1507499630132711426
1507499630971478024
1507499631491829761
1507499631906897920
1507499636612812807
1507499642291896325
1507499642728103948
1507499644993081354
1507499645534154757
1507499648889638914
1507499656577650689
1507499660352573448
1507499660663001088
1507499671656308742
1507499690027196418
1507499693865111556
1507499697665187845
1507499699095416832
1507499710789013509
1507499713116864514
1507499713523695621
1507499717290524677
1507499718540152832
1507499721392283649
1507499737812938759
1507499741021544449
1507499741566832641
1507499742523113472
1507499747409633289
1507499747757764608
1507499751167733762
1507499753185161221
1507499760223145998
1507499767240269824
1507499778145341440
1507499780628377601
1507499781656125449
1507499781974896654
1507499785678430217
1507499791508545543
1507499794960424960
1507499796579430403
1507499802505801728
1507499805550919684
1507499812844982283
1507499817030852618
1507499818670870534
1507499824786161672
1507499826732101640
1507499827969601548
1507499830830149641
1507499833342545922
1507499846353174541
1507499847041040385
1507499848110682118
1507499850136391680
1507499855060643845
1507499860852809731
1507499861712596992
1507499864355135490
1507499868834705414
1507499872085327880
1507499882570924032
1507499886576558092
1507499889625817090
1507499910547099652
1507499915705872385
1507499922211450882
1507499923285381126
1507499929610059777
1507499930021240835
1507499932432879617
1507499933317976065
1507499941064753167
1507499946802487299
1507499957166641157
1507499958278098950
1507499958978719759
1507499964997378051
1507499966780088329
1507499969229504514
1507499970550771720
1507499977974882306
1507499981074313228
1507499982731059205
1507499984152788994
1507499991497121795
1507499999885762575
1507500001034969094
1507500002935025664
1507500017560432644
1507500018470690864
1507500020227997697
1507500029401083916
1507500030101377025
1507500034920755203
1507500036095381505
1507500040654307333
1507500046358511616
1507500049873440770
1507500053434445834
1507500057204977664
1507500057528082439
1507500058295828480
1507500059826405376
1507500061084864514
1507500064045821952
1507500070471671808
1507500072359108612
1507500072723955716
1507500075890577411
1507500084837060614
1507500087311839247
1507500089408995336
1507500097168297984
1507500104407789579
1507500106291249153
1507500108476297220
1507500113727524864
1507500125530198022
1507500139572862981
1507500152038121478
1507500152663252994
1507500159336394757
1507500162373013506
1507500173785800709
1507500177019445250
1507500178479140873
1507500188000452610
1507500190823071753
1507500201010888705
1507500201652666369
1507500201627500548
1507500202973962249
1507500209634349058
1507500211865899008
1507500215581958155
1507500217263923210
1507500218102730752
1507500222477307905
1507500224792694790
1507500229658136589
1507500233902673929
1507500233948741634
1507500236209598465
1507500237019131905
1507500238327721990
1507500238541570049
1507500240143794182
1507500241880182786
1507500243117608966
1507500244690685952
1507500250608644098
1507500256640053252
1507500263782891520
1507500267029164032
1507500274294099975
1507500278978953216
1507500278953746437
1507500280971395075
1507500288806166529
1507500290018189314
1507500296746024965
1507500300940324872
1507500306262863874
1507500307152093192
1507500308372631787
1507500310218035204
1507500311333715969
1507500311740571656
1507500321299439618
1507500321500717058
1507500329885130757
1507500331344744448
1507500339800379392
1507500355680194565
1507500366178488325
1507500366987939853
1507500376962052102
1507500377188487168
1507500377133912067
1507500389670998019
1507500395999989762
1507500396377427969
1507500396503351296
1507500398843731970
1507500402668756994
1507500406804467720
1507500411510476806
1507500412303249413
1507500422554079241
1507500425200635907
1507500425523732493
1507500430481317895
1507500430934355971
1507500439486541834
1507500442007314435
1507500442447716354
1507500450223955973
1507500452140789762
1507500453281640452
1507500459208187910
1507500467936391174
1507500471841292293
1507500474215325702
1507500487108706307
1507500490929627141
1507500505278435336
1507500508902268941
1507500513218203652
1507500515588022274
1507500519442755584
1507500521300664327
1507500527545950212
1507500531639455747
1507500534021906438
1507500535565357058
1507500540472827911
1507500544037994497
1507500544134467587
1507500545480830982
1507500546550374400
1507500547229851648
1507500547523371009
1507500548270051333
1507500549436059652
1507500559926022152
1507500561049870341
1507500567408660489
1507500568994013194
1507500571409858561
1507500574371164160
1507500581446983689
1507500589160280077
1507500590242443267
1507500594642268163
1507500595569065984
1507500598127591427
1507500599604088832
1507500603429240833
1507500610546913286
1507500613441048586
1507500614976114688
1507500619296247808
1507500630557937666
1507500636216205323
1507500646160809985
1507500646349606923
1507500648002170891
1507500654369062913
1507500656550047746
1507500664993189889
1507500668671733762
1507500672840740864
1507500676108021760
1507500683930771459
1507500690599522304
1507500691606020096
1507500702070763520
1507500702511374344
1507500704344158212
1507500704977543172
1507500708970602504
1507500709561856001
1507500709666861056
1507500710467805196
1507500712275890177
1507500714754457601
1507500719623970818
1507500729468026880
1507500732022345729
1507500732618051589
1507500737181364229
1507500738682900480
1507500743158378497
1507500746991939599
1507500747381911553
1507500753547677702
1507500758400446469
1507500762665947137
1507500762779246592
1507500772828884999
1507500781238374404
1507500782270046210
1507500783704559621
1507500788653957133
1507500799512915973
1507500805024190471
1507500808820121610
1507500809076019205
1507500810841722881
1507500818366357520
1507500819171713033
1507500822535409665
1507500828592013313
1507500833381961729
1507500833990193152
1507500834900176896
1507500838679371780
1507500838838800385
1507500839509929993
1507500842030710788
1507500850377367554
1507500854009606153
1507500855125233668
1507500860452089861
1507500864939958279
1507500867213221890
1507500867502567427
1507500872942735368
1507500873592672261
1507500874549104646
1507500875685707781
1507500887870251019
1507500895893827588
1507500896896225284
1507500900860010507
1507500901031890944
1507500906656542730
1507500912889446401
1507500935018270722
1507500942878334979
1507500946951065607
1507500947966029827
1507500955977326600
1507500959055851522
1507500962243559431
1507500967398453254
1507500985127776263
1507500989783240706
1507500994078326786
1507501008410267649
1507501010889199622
1507501012206108676
1507501014886363136
1507501030069649412
1507501031671963652
1507501032133255179
1507501045420810245
1507501054664994821
1507501070540578816
1507501073371746304
1507501074436935686
1507501076211290116
1507501092791324678
1507501097568587804
1507501100332883968
1507501106070364170
1507501106175356930
1507501118934319105
1507501123833319425
1507501126320463876
1507501126270300160
1507501129470513153
1507501133522161667
1507501136315625475
1507501139658362883
1507501149414465551
1507501159669452807
1507501169903558662
1507501173707784195
1507501182184525836
1507501184038354951
1507501185166630920
1507501188060696583
1507501189427970051
1507501205756563458
1507501206071308289
1507501212702232584
1507501213650231298
1507501217328500737
1507501219035631620
1507501223184060416
1507501223506857990
1507501231383666695
1507501232851718145
1507501242993500160
1507501246877663232
1507501248211161091
1507501248286765057
1507501252309135369
1507501254120988680
1507501261981167625
1507501269220356100
1507501275918778373
1507501284789682176
1507501287096651780
1507501295527202821
1507501295447556100
1507501298056265729
1507501298748428289
1507501300828753928
1507501302779064322
1507501305597763587
1507501308303101957
1507501312157663237
1507501323226259457
1507501325311000576
1507501326166503426
1507501329903611909
1507501330625011713
1507501339584000001
1507501355090518016
1507501358177402883
1507501364238163975
1507501382181527554
1507501383016099840
1507501417203965954
1507501427563900929
1507501431724466178
1507501434534825984
1507501437814808580
1507501444160704516
1507501447465820163
1507501451228196867
1507501455313362948
1507501457829859328
1507501458736005131
1507501467065896961
1507501467565019144
1507501471369248769
1507501476108812291
1507501479015456777
1507501482765127682
1507501483524501504
1507501485273362433
1507501491707392011
1507501494244974592
1507501499953434632
1507501501090041856
1507501509793222664
1507501519624720395
1507501530236157954
1507501537551167494
1507501551245565961
1507501566081003521
1507501572544253956
1507501573684940802
1507501577627701250
1507501577640333319
1507501583684280329
1507501584451878916
1507501586918092806
1507501587878535169
1507501590818672640
1507501590848147458
1507501591925977088
1507501595898130439
1507501606295715845
1507501618224316423
1507501622859124740
1507501624079618052
1507501629737775109
1507501630190764035
1507501630324977679
1507501633550401539
1507501634968068110
1507501635697713156
1507501636255682571
1507501637811777543
1507501641767034902
1507501646796013582
1507501651602685962
1507501660926476288
1507501663883563008
1507501669726453764
1507501671923994624
1507501673228419081
1507501676227399688
1507501687061286913
1507501688361476109
1507501707164536838
1507501723476185088
1507501725090992135
1507501746502909962
1507501747035586580
1507501747295686657
1507501751666044929
1507501762596454403
1507501767797493769
1507501768296759296
1507501773539401728
1507501775003488257
1507501784012570628
1507501785191231493
1507501787007397892
1507501791726153731
1507501798189408265
1507501800701796352
1507501801947348993
1507501811305000964
1507501817634074624
1507501818724638722
1507501820951867397
1507501827842969602
1507501832293302274
1507501834814083075
1507501835900399625
1507501836105887749
1507501843613720576
1507501848558772225
1507501849947082757
1507501850374782977
1507501852140707841
1507501857169711106
1507501857261993985
1507501861938421766
1507501870138331140
1507501871346470919
1507501874223538178
1507501875448352769
1507501879009464329
1507501880464838660
1507501887247065094
1507501895048257542
1507501903873249283
1507501908621201412
1507501912031174667
1507501913536974850
1507501914551992321
1507501919127879684
1507501920843616258
1507501921661300741
1507501923108212740
1507501929517117440
1507501931538829318
1507501933510238210
1507501937679208452
1507501940535607296
1507501942397886464
1507501945388380163
1507501949544980487
1507501952753614855
1507501960785711112
1507501964493475847
1507501964896227335
1507501989655162887
1507501992285032450
1507501996701495297
1507502007615385604
1507502007782821892
1507502011226501127
1507502011905978370
1507502014002974723
1507502019954761730
1507502024946032643
1507502032076247043
1507502034471522307
1507502035242926082
1507502038065758218
1507502038485110786
1507502041509335043
1507502046060195848
1507502051336597511
1507502050971639811
1507502051684601856
1507502054172139524
1507502058567397378
1507502059398090752
1507502072006017024
1507502088363790339
1507502088707846154
1507502094617559045
1507502100514848772
1507502109339627527
1507502116465750018
1507502119494078464
1507502125256900609
1507502129551974401
1507502130302644225
1507502130512420873
1507502131665944582
1507502132303314948
1507502139689652230
1507502140104794112
1507502149076496386
1507502153182633993
1507502158408736768
1507502171784462336
1507502172161949699
1507502172233101312
1507502178155511811
1507502181775298561
1507502183364792324
1507502184598237185
1507502185608798208
1507502194550984707
1507502195343650819
1507502197759782925
1507502198963507205
1507502205737218049
1507502224406036480
1507502230555049984
1507502232928935944
1507502236146053120
1507502248171126784
1507502257629274118
1507502258220675080
1507502262305832960
1507502264927363075
1507502273039114244
1507502278579789836
1507502283994533895
1507502292005982214
1507502293641404418
1507502294274912256
1507502297273843718
1507502299635236872
1507502316681052160
1507502318916292611
1507502321332224000
1507502322540285957
1507502323093835780
1507502326252195855
1507502346024243202
1507502351581597703
1507502372959911937
1507502380308480000
1507502380471898113
1507502399413436416
1507502403398082565
1507502407638564867
1507502408607354881
1507502412952649730
1507502420175179777
1507502420229713920
1507502421374750723
1507502424327606278
1507502428379303937
1507502430644187136
1507502431307022339
1507502431906766856
1507502440026845190
1507502442581315600
1507502445638955020
1507502447974969345
1507502448163794948
1507502449950666761
1507502451364093953
1507502458133696512
1507502468195704834
1507502469215145997
1507502470301372419
1507502473401012226
1507502477955907584
1507502478983680009
1507502479973371904
1507502480799813635
1507502481693188099
1507502482754183170
1507502483119095808
1507502491193290754
1507502494267682820
1507502495764869121
1507502501297373189
1507502503377653764
1507502510336245762
1507502514236665858
1507502526358503429
1507502533110951940
1507502534751105028
1507502537326448644
1507502540027404296
1507502540858007555
1507502548126625794
1507502555894411264
1507502570071240704
1507502578099232773
1507502579336552453
1507502583274897408
1507502585233788934
1507502604825288705
1507502612475789314
1507502619643764743
1507502622030409734
1507502631840894987
1507502634848169992
1507502636618203138
1507502640313167873
1507502641919979520
1507502643266023424
1507502648164950020
1507502649008173059
1507502661196652550
1507502667664433162
1507502668280958984
1507502668213735424
1507502671569330176
1507502676090789888
1507502679664308227
1507502681862008833
1507502683636174850
1507502684806410240
1507502688430219269
1507502689504022529
1507502694688337936
1507502703689101312
1507502710144253954
1507502720533635078
1507502724799074304
1507502728180019201
1507502730096435201
1507502735352115206
1507502740313804803
1507502743841255427
1507502744399069185
1507502748878753800
1507502754201100291
1507502755266629635
1507502777030828037
1507502778154897409
1507502782449917958
1507502787357253637
1507502802796392454
1507502810639716355
1507502811096879104
1507502811763859457
1507502815509286914
1507502819183636492
1507502820479553537
1507502825042894857
1507502832257097731
1507502832785625092
1507502834647982087
1507502837227565063
1507502838771064837
1507502839442071555
1507502851941371907
1507502856428998661
1507502857301471238
1507502860136767491
1507502861906853892
1507502862108045318
1507502864083656710
1507502870093971461
1507502873533374472
1507502876276367362
1507502877811560452
1507502882421104651
1507502883364872192
1507502889048350720
1507502891535376384
1507502893473140737
1507502910405595139
1507502911810686984
1507502913568006152
1507502921738452994
1507502921935642627
1507502924754128896
1507502928797761536
1507502931343548425
1507502931951693835
1507502934057226242
1507502935831314432
1507502937618239491
1507502938025046023
1507502941384630280
1507502953225195522
1507502957838934027
1507502966525337601
1507502972200230916
1507502973538037762
1507502977459929090
1507502979703717888
1507502988776124420
1507502989203943427
1507502989300350978
1507502992794259462
1507502999769255936
1507503000612397059
1507503000666972161
1507503013908393995
1507503019038064653
1507503021583962114
1507503022947057666
1507503025531031554
1507503027216797697
1507503041943068674
1507503042865754112
1507503045407653889
1507503045575381007
1507503046099668996
1507503050595790848
1507503055473823750
1507503062788628481
1507503084230090757
1507503089191895050
1507503091209449474
1507503092094406656
1507503103230291972
1507503108594802696
1507503112906366976
1507503123379613699
1507503123903909890
1507503138974089220
1507503140198916100
1507503141989740546
1507503143407570952
1507503149963218945
1507503156544032768
1507503160960892928
1507503161782816776
1507503164249026564
1507503173681831940
1507503173837246464
1507503174613151746
1507503175435231238
1507503190215827457
1507503193466544131
1507503227998294021
1507503238974775300
1507503248881729541
1507503252824277015
1507503253105397772
1507503253788971012
1507503257287016452
1507503262471184390
1507503297275392001
1507503301910171651
1507503310546292738
1507503316271607814
1507503317772951553
1507503320465739776
1507503320818020356
1507503321958866948
1507503322147831818
1507503326941880324
1507503335213043717
1507503335565373445
1507503341659590656
1507503341819023363
1507503345908527109
1507503360714362908
1507503366443876355
1507503368444395524
1507503381727744001
1507503386513526793
1507503396193857538
1507503396894527489
1507503403274014727
1507503409028603919
1507503410114879490
1507503411507326976
1507503411587133448
1507503416532254722
1507503420256800771
1507503420810592257
1507503425419980805
1507503427865169922
1507503428393594886
1507503428808847360
1507503430549475328
1507503433867149314
1507503434055966728
1507503439676325889
1507503440859127812
1507503442029264898
1507503450069909505
1507503458408366087
1507503472702328833
1507503481959157763
1507503482101710850
1507503488926097409
1507503492306546692
1507503493644443648
1507503502872002563
1507503504440512515
1507503512053338116
1507503515547181068
1507503516503449604
1507503521322749953
1507503527102459907
1507503537324019712
1507503538875899908
1507503539949830144
1507503546773565446
1507503556940599299
1507503580814708741
1507503590541254658
1507503593150058496
1507503599307350016
1507503609122017281
1507503611152113677
1507503612544626692
1507503615316955136
1507503626851393539
1507503627908395010
1507503628671598598
1507503629283958786
1507503634002571266
1507503637056139269
1507503655452553221
1507503672770584578
1507503675178205194
1507503683369586691
1507503686028869637
1507503688943869958
1507503690109833221
1507503696229376009
1507503696321654786
1507503697898713090
1507503698649432064
1507503714738737153
1507503715632132096
1507503716584366084
1507503727980134401
1507503730580725771
1507503733248122882
1507503734439706627
1507503737287454726
1507503738948407304
1507503746036781063
1507503752265224192
1507503758603096066
1507503759575826433
1507503762352484352
1507503766953762825
1507503768346464256
1507503773475913728
1507503777582043138
1507503781738516485
1507503783475040262
1507503794485178393
1507503800617422852
1507503814336729088
1507503816437952513
1507503817977483264
1507503821647400970
1507503825506402304
1507503828639309825
1507503833588641801
1507503844753870853
1507503855616991232
1507503860209762305
1507503868686774273
1507503876110311426
1507503881634340871
1507503884528455689
1507503898814296064
1507503903394328576
1507503905621491715
1507503911879385088
1507503917352976390
1507503922583379978
1507503922788843524
1507503926265860096
1507503929503977476
1507503930401558540
1507503933366972420
1507503936588066824
1507503940564393992
1507503949036892169
1507503956087697410
1507503958046167041
1507503958319054851
1507503959984177161
1507503960172736519
1507503974383067137
1507503976589062148
1507503978086604808
1507503980179558409
1507503984227102723
1507503991030177801
1507503998764523522
1507503999674683397
1507504004737212420
1507504004707717121
1507504006817632266
1507504011603329037
1507504013184483331
1507504042917908482
1507504061859389446
1507504073549004811
1507504075876683787
1507504083594354688
1507504086211792898
1507504095782916098
1507504096995123202
1507504098555404291
1507504100090413058
1507504102938456064
1507504104800612354
1507504106331512834
1507504106654605318
1507504109380907012
1507504129844776961
1507504130008436751
1507504130859798532
1507504131455418369
1507504135062507521
1507504140896796672
1507504148660441092
1507504149847498759
1507504152485711877
1507504155199475714
1507504157779009541
1507504159549169667
1507504161058791425
1507504162405244941
1507504164414308354
1507504166234636290
1507504168130555912
1507504168835166210
1507504169086861323
1507504174338039812
1507504181195681794
1507504196014198793
1507504199034150919
1507504208555429889
1507504217841356804
1507504221746339849
1507504223654760448
1507504224812208130
1507504228373127169
1507504239316447232
1507504240893255685
1507504242805944320
1507504247474049024
1507504261369790464
1507504262804385795
1507504276452618245
1507504281556951041
1507504286590287885
1507504287198621696
1507504290742501378
1507504291371577346
1507504291481030656
1507504292176941058
1507504295599431680
1507504295926812676
1507504300834054152
1507504302864039940
1507504305091366928
1507504312880181256
1507504324582293513
1507504325194502144
1507504326456983552
1507504329460264968
1507504352411455488
1507504352654675972
1507504352910622735
1507504353195671552
1507504356270260232
1507504357394182147
1507504358975545365
1507504359747117056
1507504360800108545
1507504365082349570
1507504365472518146
1507504365808099331
1507504366202376197
1507504366311251968
1507504368672776194
1507504374905700353
1507504380630601728
1507504387362590722
1507504392043384838
1507504396636246019
1507504402596175875
1507504412369072133
1507504414604640268
1507504419910430723
1507504439225114627
1507504440051482632
1507504440978427906
1507504442739933184
1507504444736372737
1507504450809700353
1507504452135129088
1507504453057974272
1507504456233099270
1507504462470033420
1507504463594020872
1507504465644965891
1507504483441553410
1507504484829700102
1507504496020054016
1507504501917470721
1507504503049928707
1507504510750535680
1507504518937948160
1507504520636428289
1507504521345478665
1507504535572344832
1507504540576149511
1507504543445229576
1507504543122309127
1507504547685613571
1507504550189670414
1507504561409380353
1507504565633134596
1507504566341828608
1507504566559858688
1507504568103448576
1507504569764483079
1507504575464591365
1507504583307890691
1507504584025165824
1507504584083787789
1507504586403336199
1507504590270443528
1507504590970839047
1507504597895577600
1507504603587391493
1507504605873291270
1507504608343904260
1507504609589350401
1507504614165258245
1507504614610018312
1507504618301018116
1507504622528774145
1507504625041223681
1507504633149026306
1507504634763616262
1507504641185046529
1507504645177942016
1507504656930459652
1507504658608123910
1507504674949193740
1507504682536607750
1507504683799257091
1507504689964851206
1507504693001560064
1507504695757004803
1507504703403405313
1507504710902636549
1507504725473775619
1507504726954463236
1507504732868382729
1507504748315897857
1507504750199255047
1507504752451411970
1507504754695577603
1507504759346905093
1507504762215874566
1507504788161937411
1507504793022988289
1507504796709920769
1507504800501481486
1507504809280217090
1507504810504904704
1507504810609635328
1507504814091116548
1507504819992420356
1507504821334466562
1507504834165063680
1507504834785726470
1507504835557396480
1507504849666994180
1507504853358104588
1507504852909408257
1507504854981296138
1507504864351461376
1507504864443744264
1507504866180096003
1507504868558360591
1507504878695948288
1507504879228661773
1507504890209357824
1507504897448570880
1507504900174848000
1507504907749761024
1507504908345434121
1507504908320137220
1507504909733740553
1507504924812201984
1507504927781888005
1507504928230621191
1507504930382225411
1507504932252893189
1507504933351747587
1507504933582827520
1507504934287294474
1507504938326368257
1507504944114450441
1507504945972535302
1507504949890068480
1507504954860359681
1507504960660914177
1507504964465315841
1507504966390497286
1507504971373330434
1507504972795023366
1507504982655918080
1507504985986277388
1507504990054539265
1507504996975198208
1507505000381038602
1507505000691351559
1507505004713754629
1507505004906700800
1507505019519741955
1507505027451170821
1507505030382948358
1507505031242604548
1507505037664206857
1507505038666567682
1507505042122674178
1507505044618452999
1507505055091638274
1507505077744902148
1507505077946392585
1507505079015952392
1507505079200460802
1507505097705725959
1507505098649264129
1507505099064721410
1507505101144875009
1507505102306877445
1507505108401147907
1507505111702151178
1507505115233669132
1507505116160667651
1507505121634263046
1507505135685091336
1507505139799629825
1507505140441534476
1507505140646952964
1507505142173769732
1507505143830519808
1507505146317590538
1507505147060101124
1507505153338978304
1507505155884867585
1507505155817811968
1507505157566701574
1507505162658721797
1507505163770085383
1507505166039195652
1507505171588255749
1507505179221921797
1507505182367752197
1507505185857359881
1507505186473979917
1507505190387208200
1507505194824867853
1507505211333558275
1507505218434465793
1507505221303480321
1507505222708604929
1507505228999921665
1507505230967156738
1507505234385375232
1507505235459293187
1507505241071267844
1507505244682735616
1507505245995241472
1507505250583777283
1507505258456518657
1507505261774258183
1507505261644238851
1507505265868144643
1507505267411337216
1507505272574853122
1507505275946909709
1507505279021170691
1507505282775236610
1507505286118055944
1507505286877118466
1507505287527292937
1507505292682137604
1507505300601188355
1507505303889211395
1507505310914818051
1507505314731642887
1507505321480183812
1507505324999204877
1507505330510512135
1507505334436478981
1507505338932674568
1507505339503194113
1507505341638090752
1507505342783107074
1507505343605133314
1507505348080332800
1507505350215352320
1507505353084178436
1507505353596059652
1507505356997476354
1507505358683586562
1507505373288169473
1507505374345187328
1507505378703163392
1507505391839506435
1507505398059835398
1507505398386933760
1507505401243254794
1507505412349861889
1507505414526619652
1507505428233662471
1507505428762091523
1507505449674985478
1507505451566391301
1507505453378392065
1507505462299660289
1507505466221416449
1507505467869863940
1507505477743263747
1507505478905090059
1507505484101607427
1507505493933236231
1507505494889357312
1507505496336523275
1507505499524194308
1507505501600456704
1507505501893906433
1507505505434050561
1507505506021109760
1507505516045606920
1507505520550510596
1507505521556963334
1507505526464126979
1507505536224448523
1507505543090343937
1507505543849525255
1507505543790972932
1507505547851051014
1507505548832432134
1507505551135371270
1507505551801995267
1507505555740536835
1507505566041755656
1507505573847351307
1507505575210500100
1507505576263225349
1507505577559220229
1507505583691231233
1507505590414843911
1507505592398712842
1507505594239836161
1507505597335277569
1507505602427166731
1507505603307978759
1507505606868930561
1507505608890662920
1507505609138229250
1507505610979483655
1507505611428278280
1507505618306965507
1507505618558541830
1507505618919243777
1507505621469642755
1507505626284494859
1507505637588152322
1507505642164137990
1507505643493724170
1507505645406228480
1507505650766548993
1507505652834484226
1507505656131203078
1507505656915451914
1507505659486502912
1507505687550521344
1507505695150813184
1507505708337704965
1507505720886972416
1507505724297031681
1507505736091594753
1507505737752317952
1507505745482293251
1507505758027493376
1507505758325387264
1507505762536464386
1507505764335816716
1507505765279576075
1507505767271780355
1507505774146244609
1507505776696471557
1507505777409466374
1507505780010143745
1507505788927066118
1507505790776754176
1507505795428200462
1507505803917418502
1507505807386152973
1507505810691272713
1507505812071419904
1507505817477595136
1507505822301306888
1507505824079486983
1507505834837823497
1507505843511586816
1507505849169760259
1507505854467162113
1507505861249404933
1507505861429633024
1507505863518560267
1507505868253900806
1507505870539735041
1507505877041008643
1507505882946486274
1507505883219120128
1507505885509304320
1507505887447027725
1507505888151707656
1507505889225412623
1507505897425285122
1507505897974779913
1507505903267852288
1507505904538865667
1507505916991750144
1507505920938590223
1507505922666606598
1507505924390408192
1507505929461379073
1507505931319332864
1507505932229558272
1507505935534616579
1507505937975812099
1507505938261057538
1507505958532091907
1507505959966437377
1507505970423136257
1507505972964696066
1507505977800597505
1507505981881831424
1507505984729583616
1507505984964599813
1507505986440941572
1507505987758010374
1507505992522612739
1507506012818870273
1507506012797894656
1507506014894977026
1507506015637577738
1507506024189550599
1507506025066381317
1507506028832866307
1507506041189277703
1507506042120245251
1507506042162368516
1507506045513572353
1507506048558637058
1507506051138129929
1507506052484411393
1507506059187036160
1507506065709150220
1507506066736750600
1507506069605597184
1507506072713515008
1507506072705126400
1507506077998407690
1507506084277534720
1507506084994506762
1507506085800079361
1507506086248603655
1507506094813454347
1507506099607400450
1507506100513370115
1507506108704907267
1507506125104635911
1507506132776013826
1507506134365655044
1507506136290840589
1507506138123685893
1507506146025906177
1507506153122504704
1507506164531040257
1507506165495775232
1507506169950228480
1507506173209190401
1507506176904372228
1507506177013428226
1507506182205935622
1507506187545321479
1507506190829375493
1507506193736126466
1507506198790213638
1507506203659710465
1507506203789725699
1507506204766978050
1507506208218877961
1507506209267539977
1507506210685083666
1507506214812491783
1507506219510116361
1507506221519097859
1507506222580355074
1507506245967572997
1507506246856974341
1507506251755778048
1507506257401462794
1507506258999451652
1507506268398768129
1507506286212100102
1507506286954434568
1507506289672302592
1507506293749301254
1507506296475447299
1507506303798808584
1507506305245880324
1507506305321381892
1507506311147180047
1507506314825670660
1507506319720210435
1507506319531544579
1507506320362016768
1507506327366610955
1507506330319343623
1507506331409915911
1507506332060065795
1507506343292383242
1507506348271218689
1507506349340385280
1507506361101438976
1507506362175139853
1507506362594443266
1507506381875781634
1507506386254516224
1507506388762779648
1507506393842012166
1507506401404411913
1507506410392895494
1507506416902451201
1507506421985730563
1507506422552182793
1507506433419464704
1507506440247803906
1507506450825850881
1507506454546288652
1507506455309598729
1507506456291340288
1507506457318760456
1507506456844775428
1507506461173174272
1507506467775164425
1507506472539676675
1507506487219953667
1507506490579591171
1507506492731277321
1507506493851009029
1507506499551055872
1507506503619858432
1507506504508784645
1507506507864510466
1507506509986643972
1507506510565457931
1507506517028876297
1507506532799369219
1507506533231378436
1507506533428449282
1507506534921781249
1507506535785811974
1507506537450852352
1507506561429606405
1507506563850063875
1507506575824539652
1507506585945317381
1507506587123924993
1507506602127020036
1507506603083264001
1507506603284738048
1507506607210446855
1507506614164721664
1507506624218476554
1507506624335945731
1507506626122723332
1507506637061251076
1507506652970369028
1507506654744563717
1507506661027590146
1507506663296622593
1507506667918929922
1507506668963131394
1507506673795182598
1507506677318303749
1507506686394732544
1507506689901096960
1507506693319507971
1507506701095751682
1507506705684320256
1507506707303264256
1507506712361594882
1507506715008409601
1507506718061780998
1507506721618595847
1507506727356612611
1507506730556538880
1507506740455165963
1507506754720083970
1507506754703134721
1507506760441110528
1507506761439358977
1507506762441764872
1507506769844748289
1507506772227108879
1507506775066832899
1507506786613567488
1507506786810699780
1507506787343347712
1507506799196479501
1507506801247342592
1507506805114654721
1507506808851775499
1507506815944306696
1507506817676496904
1507506818511421440
1507506818930544641
1507506820071534594
1507506825180041216
1507506827092643840
1507506833400999941
1507506838861922310
1507506840933908483
1507506841298915329
1507506841265352706
1507506841726513152
1507506850689921024
1507506859443630080
1507506860198621185
1507506862157144064
1507506866892550144
1507506868872171520
1507506870004690946
1507506901017276416
1507506901394681858
1507506905069068288
1507506909670223877
1507506917123493893
1507506920256593926
1507506920864763911
1507506921263144963
1507506922269913088
1507506922638950407
1507506923502940162
1507506924761231362
1507506929823887362
1507506930733891586
1507506936140423170
1507506936283287557
1507506937394388993
1507506939235913729
1507506940104093702
1507506941605601286
1507506942037561347
1507506945254727685
1507506946714353664
1507506954008158216
1507506953332928514
1507506961406906370
1507506967199293447
1507506967056551938
1507506970810589191
1507506973260107778
1507506973784354818
1507506980113502221
1507506981258543111
1507506982919548931
1507506985201291276
1507506995342942208
1507507003693932549
1507507006051082243
1507507036325662725
1507507040008040448
1507507042575130628
1507507043321667587
1507507043707625474
1507507051664007168
1507507052163342342
1507507053132193794
1507507055392923651
1507507056466530305
1507507057645211649
1507507060727975937
1507507060920909825
1507507077656289291
1507507088867663873
1507507090520109058
1507507092332109837
1507507095851073543
1507507096115417088
1507507099793862660
1507507100712321029
1507507102901805060
1507507103086223363
1507507121805565957
1507507139555864585
1507507146463887361
1507507156303507456
1507507166428553225
1507507168420904960
1507507170702929922
1507507170878795777
1507507171654832138
1507507173156429828
1507507176734138371
1507507177723899905
1507507183126253575
1507507186385268744
1507507196699029505
1507507202122305546
1507507211941122061
1507507218198896642
1507507220317192193
1507507221046992901
1507507229364305920
1507507230085718021
1507507237006491651
1507507239912886285
1507507243406688258
1507507244362985472
1507507248570204162
1507507253531725824
1507507253083058182
1507507258216914944
1507507260540416003
1507507262201335811
1507507269461811203
1507507269348515840
1507507277460168704
1507507280622743552
1507507283202383874
1507507286033453057
1507507286880796680
1507507290504585217
1507507291226054662
1507507296678649861
1507507300927516687
1507507306531065862
1507507306728022019
1507507308405964800
1507507311115341826
1507507315255255046
1507507317809434628
1507507330531094528
1507507334817501186
1507507336847540224
1507507347111002114
1507507350822961155
1507507353851416577
1507507359844904965
1507507367851798540
1507507367792898048
1507507368518631431
1507507370607345666
1507507377737809923
1507507380107440132
1507507380749168643
1507507387070136323
1507507387598610438
1507507403511808004
1507507405466353683
1507507411703275527
1507507412554723332
1507507414337130498
1507507416962850820
1507507421865938944
1507507437091364867
1507507439377264640
1507507441826775044
1507507446436311040
1507507473426497542
1507507483912257536
1507507489989931012
1507507490321219591
1507507490723962882
1507507496411349000
1507507503222849541
1507507507773779974
1507507510101565441
1507507515625459718
1507507519949783054
1507507528174911489
1507507539939774464
1507507546285821955
1507507548462944259
1507507549544800267
1507507558587645952
1507507561234374658
1507507565277679631
1507507567647416325
1507507571543842820
1507507578946867202
1507507579500449795
1507507592590811138
1507507593878683649
