1446037564591202305
1446037568471060480
1446037570131939333
1446037580051456006
1446037581943148549
1446037592710000641
1446037592965664769
1446037594605711363
1446037596107378693
1446037600662261767
1446037601908137988
1446037603627700225
1446037607826083849
1446037615409385473
1446037620522303489
1446037630609604615
1446037636603281409
1446037637408690176
1446037641644883974
1446037643830063108
1446037645839249412
1446037649509261317
1446037650595516420
1446037652378169349
1446037661697859588
1446037664646537219
1446037665598558209
1446037670984101898
1446037671499886598
1446037679200632834
1446037680974811138
1446037681750773762
1446037687907934210
1446037689313157121
1446037691506704392
1446037697781452801
1446037698276376576
1446037699039662082
1446037702399311879
1446037707126452229
1446037708736921605
1446037719101157378
1446037723207413772
1446037724905934856
1446037726478938113
1446037727657422850
1446037729045667843
1446037730291449858
1446037738025795584
1446037739321774081
1446037742350045192
1446037749878956035
1446037750491320322
1446037753003757568
1446037753741860865
1446037758829547521
1446037762638073858
1446037765175586816
1446037769793441797
1446037771550924803
1446037774382125057
1446037776642846728
1446037777351598084
1446037780778262537
1446037784364466176
1446037785907851264
1446037786549698560
1446037790098087938
1446037791314366472
1446037792673255425
1446037797010345986
1446037801842192387
1446037804136415233
1446037810453037060
1446037811317116929
1446037816857792513
1446037827683332100
1446037831801978885
1446037834868133889
1446037837606907907
1446037838760349698
1446037841398534144
1446037842707222529
1446037845936852993
1446037853780070400
1446037857416581122
1446037864727252995
1446037868984639493
1446037869089329155
1446037870532202502
1446037877545218057
1446037877855440899
1446037881353555973
1446037884734222338
1446037892577517571
1446037897547763719
1446037905445691394
1446037905928069124
1446037907689689088
1446037914765254656
1446037919102222344
1446037921375608834
1446037925741879297
1446037930393354240
1446037941927694336
1446037947963170824
1446037950588882948
1446037950710665218
1446037951926972417
1446037953977933825
1446037960026165255
1446037970700492801
1446037973372342272
1446037974420840451
1446037978216869889
1446037981777862659
1446037983531081730
1446037984348762115
1446037987549138947
1446037987561652226
1446037988408889346
1446037991521148930
1446037994494902278
1446037994641797123
1446037995501596674
1446037996936040453
1446038001482665990
1446038002371805189
1446038006884757508
1446038007186956289
1446038011334959104
1446038013830696962
1446038016288600068
1446038019191058443
1446038023582457857
1446038027650932739
1446038029852938240
1446038038107365382
1446038041030795269
1446038042402304001
1446038044335910913
1446038056193167363
1446038057631715332
1446038061893160961
1446038063931707393
1446038066121093121
1446038072030867464
1446038072592896005
1446038073842802692
1446038074518081539
1446038075545640962
1446038077110112257
1446038083049242627
1446038092591235073
1446038092918493186
1446038101776867337
1446038103198740480
1446038107216883713
1446038108202430466
1446038108454199296
1446038110949806086
1446038122374983680
1446038125759848450
1446038126422544386
1446038130037956618
1446038131132694529
1446038133808812032
1446038140586639363
1446038145632460801
1446038147393941504
1446038152704049155
1446038164817080323
1446038166499041280
1446038166989856768
1446038167644033025
1446038168323727361
1446038179862257668
1446038181191819265
1446038183637028868
1446038185759367170
1446038188867325956
1446038195498635264
1446038198224924678
1446038199051161602
1446038202024816640
1446038203752931330
1446038203966754816
1446038208379301890
1446038210153439235
1446038209780019205
1446038217602519041
1446038221784190982
1446038227060592640
1446038232802734082
1446038235231232003
1446038236896313345
1446038245914071041
1446038249500135429
1446038251475701763
1446038253904269322
1446038253765894144
1446038255263096838
1446038256420732934
1446038267594428416
1446038269876080640
1446038281162919941
1446038282383548417
1446038284459642880
1446038285047017478
1446038286980448257
1446038287383150595
1446038293628477449
1446038303300636681
1446038306786004993
1446038321222746114
1446038322661494795
1446038328160235528
1446038328340631552
1446038331217874945
1446038334355099649
1446038342928322564
1446038344304152581
1446038360909361155
1446038371852300289
1446038372858933249
1446038381603934209
1446038385714466816
1446038395218694149
1446038398603612164
1446038405335355392
1446038406216228866
1446038406534815747
1446038408594432002
1446038412021182467
1446038412348252163
1446038413824516101
1446038417628934147
1446038418614407174
1446038420602724352
1446038422951497730
1446038425648381959
1446038427451990027
1446038430593413124
1446038435899248644
1446038436704620547
1446038438130688001
1446038457525100544
1446038458435129345
1446038460540743684
1446038461392343041
1446038465288736768
1446038466811285507
1446038474973319174
1446038489150205955
1446038497362694145
1446038499447115784
1446038506292355075
1446038506548105223
1446038508846600199
1446038510704775174
1446038512697057280
1446038517876813827
1446038522402689024
1446038529910493189
1446038540043886594
1446038541729996800
1446038542250090497
1446038542350696450
1446038546058407939
1446038546658127875
1446038566811881474
1446038568481161222
1446038578325295109
1446038599292571652
1446038603230896135
1446038618678734850
1446038620188643331
1446038620796768257
1446038632851181569
1446038633778012172
1446038638848995337
1446038639771885569
1446038642116337665
1446038648068222976
1446038649280163843
1446038663037526016
1446038671275266049
1446038676954247170
1446038686257369089
1446038687142264838
1446038693404413953
1446038693811216386
1446038703827214339
1446038708097069056
1446038711771279360
1446038713809752064
1446038714883264514
1446038719602040832
1446038724924657667
1446038731228655626
1446038739055091713
1446038743308279808
1446038750459580416
1446038759976300544
1446038765542285322
1446038766792101890
1446038767056277505
1446038767102414851
1446038773104586754
1446038774639517702
1446038776032202756
1446038776657027077
1446038784366325760
1446038789609205765
1446038793962733577
1446038796982697984
1446038806503825408
1446038813688700930
1446038816888872962
1446038831757660160
1446038839072542722
1446038859347906561
1446038860102873088
1446038865538605057
1446038870290796544
1446038873855995910
1446038874636136449
1446038874669690886
1446038876036943873
1446038882085134337
1446038885885222923
1446038888737218560
1446038891920773129
1446038892960960514
1446038898459566093
1446038899692867584
1446038900368105478
1446038900737142785
1446038903358697474
1446038904839106560
1446038925269782528
1446038926402088960
1446038940255985665
1446038941359091717
1446038941925249024
1446038946731888640
1446038957016354820
1446038957339316226
1446038959348350982
1446038960036360196
1446038969267810307
1446038974468919298
1446038975349596160
1446038975391612931
1446038976368836612
1446038982157025283
1446038987953606661
1446038993116618753
1446039001043984384
1446039003212492800
1446039010703515648
1446039026276835335
1446039037312126977
1446039039031709696
1446039039144972292
1446039043834269698
1446039045159727106
1446039048313843714
1446039055536324614
1446039058577195013
1446039059583967235
1446039059940397064
1446039062167629827
1446039072904994819
1446039074440036352
1446039080995901444
1446039083910901761
1446039084493836290
1446039088407080965
1446039092635095040
1446039096330178563
1446039097995194369
1446039098209316871
1446039101669625858
1446039102403616773
1446039113539403776
1446039113702907907
1446039114265022464
1446039121940545543
1446039127363833861
1446039128831840256
1446039137744654342
1446039152651292672
1446039156635934726
1446039159500533770
1446039159970299910
1446039161299996675
1446039170783318021
1446039173727760385
1446039174826524677
1446039180908261389
1446039183328301058
1446039189578031106
1446039198528462850
1446039198633533445
1446039199849844739
1446039204723630081
1446039211044397056
1446039215892926466
1446039222905802757
1446039225749606401
1446039236369690625
1446039237770432515
1446039240865980419
1446039246205173765
1446039247195148289
1446039249644568579
1446039260348485635
1446039262336458752
1446039272587292677
1446039275099852802
1446039275800248324
1446039279143198721
1446039280216903683
1446039285287858178
1446039285866459143
1446039287389097986
1446039293386899458
1446039293907116032
1446039296524259332
1446039297778454533
1446039298524995588
1446039305932222474
1446039306401894403
1446039307614052352
1446039308356530180
1446039309266554880
1446039315197292545
1446039337402048515
1446039341290201092
1446039342883950594
1446039354179264516
1446039356985151490
1446039358583226368
1446039363645808641
1446039368280461315
1446039373062066178
1446039376182587392
1446039387351957511
1446039389394677765
1446039391726555139
1446039394243153921
1446039396709457923
1446039398563282949
1446039401914568705
1446039415651016707
1446039416007503872
1446039423582302208
1446039428519051270
1446039429920002050
1446039430951809029
1446039435116748807
1446039436194615297
1446039436639232003
1446039443496857603
1446039443580669954
1446039445455740932
1446039447829721091
1446039465051373571
1446039466271907846
1446039474492911618
1446039475486875648
1446039481081950210
1446039482780708867
1446039484273934340
1446039487105146882
1446039490447953922
1446039491475542016
1446039498307997698
1446039507044691971
1446039510064590849
1446039518541320195
1446039523188789248
1446039524736393241
1446039524656566273
1446039534882328576
1446039539156410368
1446039542117507078
1446039542432243714
1446039544671834115
1446039545842176012
1446039546219483138
1446039550858563586
1446039553232420866
1446039555627388936
1446039557535932420
1446039562937978883
1446039571192557570
1446039581061754887
1446039582630416386
1446039587927871491
1446039588623896581
1446039590037561345
1446039592184991747
1446039595691429891
1446039596022878214
1446039600699305984
1446039601282355203
1446039605292191746
1446039605770326018
1446039619741659140
1446039620894953479
1446039626863550466
1446039640876662788
1446039655309324288
1446039675022479360
1446039676360474625
1446039678117875713
1446039680244457476
1446039680416370688
1446039680764370953
1446039685164412933
1446039686510678020
1446039687156613121
1446039695268331524
1446039708648103939
1446039708782444550
1446039725865844741
1446039728583688193
1446039730009911299
1446039729955344385
1446039730374811648
1446039733268668420
1446039738238976001
1446039738557816832
1446039739266707456
1446039740927684609
1446039744308072451
1446039753099468801
1446039754936520709
1446039774641287168
1446039776394506241
1446039778546307078
1446039778693206017
1446039799144534017
1446039801413529605
1446039805423390720
1446039805729640451
1446039807071817730
1446039807822417924
1446039814285975552
1446039817830109186
1446039827783299072
1446039831742595073
1446039832032129033
1446039832434724867
1446039837253849089
1446039839284109314
1446039843084120070
1446039845135081474
1446039846917656583
1446039850159837189
1446039861073428482
1446039861392146434
1446039867348094977
1446039869218861056
1446039870686875654
1446039874671366146
1446039875036200962
1446039875648507908
1446039879297687552
1446039888973889536
1446039889255010308
1446039913716195335
1446039914076835841
1446039917587480580
1446039921999990785
1446039924961169411
1446039925149872130
1446039928249335810
1446039936294014982
1446039937158164482
1446039938391216132
1446039943105630210
1446039948688334848
1446039949220872199
1446039955575173122
1446039961879334913
1446039964697907201
1446039985396781063
1446040003537248259
1446040003851825158
1446040012689051654
1446040017667772419
1446040021841104898
1446040025775366146
1446040025481756673
1446040026211491845
1446040033601855488
1446040036177170432
1446040040338075649
1446040048839897091
1446040052023250947
1446040053101342726
1446040053482991622
1446040067370278921
1446040067840020483
1446040072042725377
1446040075561807872
1446040082574684162
1446040083363254275
1446040085355327488
1446040088383836160
1446040090359173121
1446040100182249475
1446040105722859521
1446040108143194113
1446040111938867200
1446040114409394186
1446040121866866691
1446040125411057666
1446040132008570883
1446040138266472456
1446040142913753090
1446040143895408640
1446040148236439554
1446040148370677760
1446040152606920710
1446040152770433035
1446040152762109954
1446040153902837764
1446040158365704194
1446040165261131779
1446040165265276933
1446040169107243010
1446040174228480008
1446040179697876992
1446040182512291844
1446040183611158533
1446040188422172672
1446040194793160704
1446040200224940039
1446040201386733572
1446040203752316929
1446040203949391878
1446040207623659522
1446040210526060547
1446040213768245252
1446040222752518144
1446040222987440128
1446040225382219780
1446040230335709185
1446040236014845957
1446040239663890435
1446040250489450498
1446040253135998977
1446040253509296129
1446040254914306048
1446040254776061956
1446040260488613890
1446040262371799040
1446040264812814340
1446040265018380297
1446040270642974720
1446040273658785795
1446040292218474499
1446040293065822211
1446040298132434948
1446040317334016005
1446040320031010816
1446040321897349134
1446040322425901057
1446040326628528132
1446040327396134913
1446040329950478343
1446040330567135233
1446040333092106240
1446040340809592834
1446040341686194177
1446040343741349888
1446040347004608520
1446040346891276296
1446040355800068096
1446040373650993153
1446040375076995073
1446040379753644033
1446040380462362627
1446040393527799808
1446040395134259202
1446040398229655553
1446040398200147972
1446040399064158208
1446040399982710784
1446040403283628032
1446040409877225472
1446040410191712257
1446040414168002560
1446040419414982661
1446040422204289025
1446040424469069828
1446040433805512708
1446040442303254532
1446040442760466436
1446040445314760710
1446040448141770753
1446040460607242240
1446040465929695242
1446040467104153602
1446040474884653056
1446040476184940546
1446040478198247426
1446040480437850116
1446040483982200834
1446040483789115392
1446040488541364229
1446040490252636162
1446040490718089225
1446040495608803332
1446040498020388868
1446040499903631361
1446040502906888200
1446040506270638085
1446040507352821768
1446040510498369539
1446040510704066562
1446040511123533826
1446040512167829504
1446040513509986304
1446040519679922181
1446040520858406921
1446040523630788609
1446040534087254016
1446040535261605896
1446040536977076225
1446040539300761601
1446040541054095364
1446040543293698050
1446040543897825283
1446040544765956097
1446040550197575681
1446040554660302850
1446040559060230148
1446040559852965890
1446040560385466370
1446040568686170113
1446040569768255489
1446040569986306050
1446040570653249537
1446040573077385216
1446040591884857347
1446040595722641408
1446040607302897664
1446040623367081985
1446040625556692996
1446040626235990024
1446040637887893507
1446040638709972997
1446040643281772544
1446040644657373185
1446040646859513857
1446040649145503747
1446040649778843649
1446040650961637380
1446040652286922757
1446040655994687489
1446040665654136837
1446040668015579141
1446040671710760963
1446040673744994311
1446040677486415872
1446040686026006531
1446040692996939777
1446040705713852416
1446040706590511109
1446040707987349504
1446040710021529603
1446040711346929664
1446040714710749192
1446040718007586817
1446040726501007364
1446040732414865409
1446040735803924484
1446040735883595781
1446040736034529280
1446040738387562497
1446040738890858497
1446040740522565638
1446040753906540544
1446040760533471241
1446040760701308936
1446040765239595009
1446040769383440387
1446040770402783236
1446040773384835077
1446040775532417027
1446040777767936000
1446040784982224898
1446040786945073165
1446040790787100672
1446040792359964676
1446040792649420803
1446040793572003844
1446040797653217289
1446040803911028738
1446040806729605120
1446040809128738816
1446040814862360578
1446040818167336962
1446040819350351873
1446040821405474822
1446040828963692548
1446040829898870787
1446040831958208512
1446040836731514882
1446040837381627909
1446040838962810883
1446040839914983425
1446040841634471938
1446040842502696962
1446040843790561280
1446040849201057795
1446040859061927943
1446040860383141888
1446040864237793282
1446040865621819392
1446040870860451843
1446040870730485760
1446040881358938113
1446040898555432961
1446040898954006531
1446040901499957248
1446040903915737095
1446040905551544324
1446040911260135424
1446040916310077440
1446040918981632005
1446040936237076486
1446040936606322690
1446040939038867465
1446040939684761601
1446040951714091009
1446040951697207296
1446040953278578689
1446040957871296517
1446040960719327234
1446040969724538885
1446040970953383936
1446040977269997568
1446040977521717248
1446040988741406725
1446040994504343557
1446040996525985797
1446040997616570370
1446041009939484684
1446041014419050497
1446041023591944195
1446041034736164864
1446041036107620357
1446041045272256515
1446041045373001728
1446041045473501190
1446041049864998912
1446041054801768450
1446041067757912068
1446041069943201794
1446041077849284608
1446041088213540864
1446041090126225410
1446041092432953348
1446041098456117251
1446041098581946376
1446041100297379844
1446041130139672581
1446041132790595588
1446041134602592258
1446041146258558983
1446041148791926784
1446041149928529920
1446041151077642241
1446041161936748552
1446041164382187522
1446041165162291203
1446041166877765636
1446041167116832774
1446041167292928002
1446041169209741312
1446041173529743360
1446041177120256000
1446041180563705858
1446041184971939843
1446041193561747469
1446041194388144137
1446041203817000962
1446041212826312707
1446041215753981953
1446041218832556033
1446041234460401664
1446041237451120643
1446041245177073666
1446041245634138121
1446041252839841793
1446041256526757890
1446041260851138566
1446041265535995915
1446041267486527495
1446041283554861061
1446041286742528003
1446041288097378310
1446041292748689411
1446041292924981249
1446041294535630854
1446041295676448769
1446041300017483777
1446041305776263172
1446041322142322695
1446041323639820288
1446041335174078464
1446041339121053699
1446041343495741442
1446041345911623688
1446041351460622338
1446041351942901767
1446041355902390276
1446041358062571521
1446041361942188032
1446041364399939588
1446041365452935172
1446041366404894723
1446041368418263043
1446041369496150016
1446041372910313473
1446041379117879301
1446041385975664643
1446041390761271296
1446041396553691137
1446041407433625600
1446041408599642112
1446041412374568960
1446041415398551555
1446041416401047553
1446041420968587265
1446041422600101891
1446041427985805315
1446041438261637128
1446041438391840777
1446041441457696768
1446041450018377738
1446041461481295874
1446041463721103361
1446041472759832578
1446041477197484034
1446041477986099203
1446041478321614849
1446041479722508289
1446041480355848193
1446041486785646598
1446041487880380420
1446041491416047617
1446041515768299520
1446041518947536909
1446041519815892993
1446041527441055752
1446041530129473537
1446041530964267011
1446041531429711877
1446041537360576512
1446041541001154564
1446041544843153411
1446041545589858305
1446041546181300226
1446041558239825922
1446041574958325760
1446041585083355137
1446041598232436742
1446041601252335618
1446041608965836801
1446041609137803267
1446041609892622337
1446041616842641408
1446041619392700416
1446041623507443713
1446041624497119236
1446041634316165122
1446041635649830914
1446041641828044802
1446041655040253954
1446041655056945158
1446041657481199618
1446041659750371331
1446041659788173315
1446041664561156103
1446041677207154690
1446041678721306627
1446041679555874816
1446041679409127427
1446041687038611460
1446041688867287042
1446041689647288324
1446041690066857991
1446041694445600777
1446041701567455241
1446041707670212615
1446041710912577538
1446041711105486850
1446041723277246467
1446041723495276546
1446041722841145344
1446041726548787205
1446041730093142020
1446041730449510404
1446041734757093380
1446041743254859784
1446041744433299460
1446041756269637632
1446041758257745924
1446041775018291202
1446041775160897538
1446041778730246146
1446041786921766912
1446041792701472768
1446041794014294019
1446041797667471368
1446041813605761024
1446041814813880320
1446041818446106626
1446041826390159365
1446041826629091330
1446041828239708164
1446041828264800258
1446041830106312704
1446041835047096320
1446041845713231872
1446041852596080640
1446041857100763139
1446041866495926276
1446041877514539009
1446041886519668737
1446041887010328577
1446041887140372485
1446041888499318784
1446041888633540608
1446041909747765250
1446041911362408451
1446041912645808133
1446041916454354948
1446041925195337728
1446041929167237126
1446041930249408513
1446041931809705991
1446041932157837314
1446041937782317065
1446041937887252480
1446041942094073857
1446041942240817158
1446041943818047490
1446041944644362241
1446041947827625984
1446041947836231682
1446041949941665796
1446041952818892804
1446041965108269057
1446041970665734146
1446041976177037313
1446041981470248960
1446041989913399299
1446041992073469955
1446041992312459270
1446041992954142720
1446041993986154502
1446041997555298310
1446041998822150150
1446042003691741184
1446042008687202304
1446042013267267585
1446042013170810880
1446042015301619714
1446042023086149634
1446042023878873090
1446042025816518656
1446042040475787273
1446042046012219393
1446042046037467136
1446042046549016577
1446042047606046721
1446042052941205506
1446042054170140673
1446042055667445760
1446042057148088321
1446042059555627009
1446042060595683332
1446042063074586625
1446042072226492419
1446042073111547907
1446042088164904965
1446042096339664901
1446042097736421379
1446042098566766599
1446042101645398022
1446042101980880896
1446042103365177344
1446042103356739588
1446042103658647558
1446042106179489794
1446042110126395393
1446042112596733953
1446042121186824196
1446042122289823745
1446042128057085952
1446042134344314882
1446042136449888261
1446042137422925824
1446042138366693379
1446042140832935944
1446042142946717696
1446042152816062468
1446042156951605253
1446042159317065730
1446042162458767363
1446042163624779777
1446042177931337736
1446042182075486211
1446042188748632068
1446042217164926978
1446042221153824774
1446042223577944065
1446042225536749570
1446042231119433730
1446042232084123648
1446042232314732546
1446042237687713793
1446042254284664841
1446042255828131845
1446042256712998915
1446042256927076355
1446042261913931779
1446042267282780164
1446042268364910597
1446042276002623496
1446042283674005509
1446042289038499841
1446042290334613508
1446042294952546306
1446042301986394116
1446042304268152839
1446042305597685760
1446042308042887173
1446042311226429441
1446042314414120963
1446042317329141765
1446042319719907328
1446042321070530565
1446042324186718208
1446042325113720835
1446042329459085314
1446042330633539587
1446042340280487938
1446042345980325889
1446042351953190912
1446042353479798788
1446042354733838336
1446042356147494915
1446042359095959553
1446042361654562818
1446042369913147398
1446042371418959872
1446042379098730498
1446042384253571072
1446042384295469059
1446042384643641348
1446042389534101504
1446042391115407365
1446042392830820354
1446042393590091777
1446042395083112452
1446042396525940737
1446042398535000065
1446042399436857348
1446042399839383555
1446042401634721793
1446042402117062657
1446042403044003841
1446042405820534792
1446042408794263557
1446042414897111047
1446042418026106880
1446042424204316673
1446042433037418497
1446042434190913538
1446042440180191233
1446042441946177537
1446042442067816450
1446042449009418245
1446042460539473920
1446042462934343682
1446042466994429957
1446042471918616579
1446042475282329604
1446042480579956739
1446042480575750144
1446042481951379459
1446042494173650947
1446042495985532929
1446042496694464516
1446042506156814336
1446042507352150020
1446042508459454469
1446042515514093568
1446042516353167362
1446042517724491778
1446042519180091393
1446042520459177986
1446042522837475329
1446042524397752322
1446042530458570754
1446042530731081730
1446042531288989698
1446042536141799426
1446042539518214147
1446042548850630658
1446042553455874050
1446042553854218240
1446042555708215299
1446042559684415490
1446042560519102465
1446042561693487106
1446042565762027520
1446042569390002179
1446042576096829440
1446042581566201858
1446042581587091460
1446042582275039236
1446042587551334407
1446042594111152132
1446042595201794049
1446042595667423235
1446042595977797633
1446042599110762500
1446042600386056194
1446042602441224193
1446042605301686274
1446042607772045317
1446042614881456131
1446042625061101571
1446042628047482880
1446042630849273860
1446042633374154755
1446042642941296642
1446042645411807234
1446042652395331588
1446042653058125826
1446042654744088578
1446042655255793668
1446042672133595136
1446042679482019844
1446042683135258624
1446042686893420544
1446042695735017472
1446042702236110852
1446042702756286466
1446042704929042435
1446042708439552003
1446042716488364034
1446042720682741763
1446042732695281664
1446042733228003331
1446042736872804358
1446042737631977475
1446042737736921088
1446042742581309450
1446042742963032069
1446042755180871681
1446042765935120386
1446042771383586820
1446042772704612354
1446042774839521283
1446042774990508032
1446042796847026179
1446042799674171397
1446042805088948227
1446042814295547904
1446042819064381445
1446042825590779906
1446042833652097025
1446042836676251652
1446042842724450305
1446042844389466115
1446042850546888704
1446042853352919040
1446042855445831687
1446042855684722689
1446042857454768128
1446042860755824640
1446042866107568132
1446042866757816320
1446042877570662403
1446042879311364101
1446042880380858371
1446042882163499012
1446042888144490506
1446042889201623047
1446042894595289119
1446042897946644488
1446042901713244162
1446042902564511747
1446042902640177153
1446042904972177413
1446042912429596677
1446042916024115200
1446042919480086535
1446042925473800194
1446042929894764547
1446042933073874946
1446042939000438784
1446042943425482752
1446042944901877763
1446042956738215936
1446042956822159362
1446042956922826754
1446042956692000774
1446042957384228864
1446042970445189124
1446042985226018817
1446042993127997445
1446042994335903747
1446042998953811969
1446043000384233472
1446043005471928324
1446043007866720258
1446043013826940928
1446043017199198211
1446043019115966464
1446043022332993540
1446043026665660416
1446043042851418115
1446043048186626053
1446043060983447558
1446043070705848321
1446043075961294849
1446043076783452164
1446043083410452496
1446043083716677640
1446043085406806019
1446043091987742726
1446043095041122306
1446043098237263874
1446043098526715907
1446043101320073217
1446043102561587202
1446043104457355266
1446043113210974208
1446043116381822977
1446043119091388416
1446043119271694336
1446043119162515457
1446043119858880514
1446043120987213824
1446043124694913024
1446043131733069825
1446043135612686336
1446043139878305792
1446043143217029122
1446043143267393536
1446043145662353409
1446043148912840709
1446043150703808514
1446043163223674890
1446043172589772801
1446043186506477568
1446043195398189058
1446043197671677954
1446043199068262408
1446043200439799814
1446043201815687170
1446043202755121153
1446043209570816000
1446043221855965185
1446043240667312134
1446043241133060096
1446043246883479552
1446043251627028480
1446043261118959622
1446043263811608577
1446043274351894529
1446043281121480705
1446043291741417478
1446043294304178178
1446043300801224704
1446043305339494408
1446043306035720194
1446043321596530690
1446043323400065025
1446043323798630400
1446043327510441989
1446043329452511237
1446043330559700996
1446043338688319496
1446043342525984779
1446043349694230532
1446043356027555846
1446043357327728643
1446043358472847360
1446043358770593793
1446043361333288962
1446043366114750465
1446043367482220545
1446043367670833152
1446043368383926279
1446043368744787971
1446043370409713670
1446043378748116992
1446043382770323459
1446043390244790274
1446043390521511937
1446043397861429250
1446043399241420806
1446043407558725633
1446043407936200705
1446043409840590848
1446043422964473860
1446043425061572609
1446043426235895810
1446043427322335232
1446043428186251269
1446043431558516745
1446043438994976769
1446043449199931393
1446043453691863042
1446043458473496581
1446043465352204292
1446043473300307969
1446043479151366146
1446043485765701633
1446043494166978561
1446043499153952773
1446043502819819520
1446043507219578883
1446043508180234246
1446043514320662530
1446043515406979072
1446043520712822787
1446043522704949251
1446043528107339779
1446043530170875907
1446043530846093313
1446043535405367297
1446043537871618048
1446043537838157827
1446043539197071366
1446043541633843200
1446043541961154562
1446043546574893060
1446043555806523396
1446043564400525312
1446043567923814404
1446043580800327686
1446043587158806530
1446043591588126725
1446043592393326596
1446043595346259971
1446043597812420610
1446043598097633286
1446043599867715584
1446043612647624704
1446043613734051843
1446043617831780357
1446043622856486914
1446043624341491714
1446043626786721795
1446043630322393094
1446043635884208133
1446043646386741248
1446043647187853319
1446043652078383104
1446043672613568514
1446043679248945163
1446043681606311937
1446043683107786753
1446043693148893186
1446043694423937026
1446043710093938688
1446043717672980483
1446043721733181447
1446043722349645826
1446043722764931072
1446043723628875777
1446043733665804288
1446043735624617984
1446043742159323136
1446043745464553474
1446043749872590850
1446043755669192706
1446043756613017600
1446043756977917956
1446043759125229573
1446043759603433478
1446043760270315520
1446043777920114690
1446043780105318402
1446043782621794307
1446043789081067520
1446043790553206788
1446043796026789890
1446043798597890050
1446043799285682183
1446043799512248321
1446043804654526465
1446043805103243266
1446043807775182851
1446043812023914499
1446043821863735306
1446043824795516928
1446043824980172802
1446043836229300226
1446043838494224385
1446043843342839808
1446043849730756608
1446043850045370374
1446043851215474690
1446043851542695936
1446043855304859655
1446043855258853376
1446043862598832128
1446043876129714177
1446043876586921986
1446043883364917248
1446043896161574913
1446043901786312705
1446043901865992197
1446043905145856000
1446043906496290817
1446043906886488070
1446043907104645123
1446043912267702274
1446043918794100738
1446043932614299651
1446043932786401283
1446043937827872769
1446043940084502528
1446043946828828675
1446043948712005635
1446043950310174720
1446043970694483970
1446043972426600451
1446043978684567553
1446043979833909249
1446043979930169346
1446043988939661312
1446043989615038465
1446043998674735112
1446044003653271556
1446044006803283973
1446044013941833728
1446044015846170630
1446044017985089538
1446044019163734019
1446044023886594048
1446044042165297152
1446044045957124100
1446044047957659655
1446044047534002182
1446044057831186432
1446044060104409099
1446044063799595016
1446044064638402561
1446044074767642632
1446044077473116162
1446044080077746178
1446044085677084675
1446044087308546048
1446044092161400833
1446044096200597507
1446044098541072384
1446044107596603394
1446044110507417605
1446044120242434052
1446044139485741059
1446044159681306629
1446044159706607620
1446044162130780179
1446044162617450500
1446044162705575939
1446044162898288643
1446044182829752321
1446044192657088515
1446044194653491202
1446044197438607360
1446044197392420865
1446044202878570497
1446044208847073283
1446044214916177932
1446044216254160900
1446044216543432704
1446044220498882563
1446044225255063552
1446044228904161287
1446044247321296906
1446044257425448961
1446044260277661696
1446044260319498240
1446044262487965696
1446044263083560960
1446044264031477760
1446044264324952064
1446044269303709698
1446044283958607874
1446044286219345922
1446044288698097672
1446044293244747778
1446044294251532291
1446044298726846471
1446044298953121792
1446044305475481604
1446044305882157068
1446044318511210498
1446044322613370883
1446044327839416320
1446044333912862721
1446044342825758721
1446044347888140290
1446044353454039047
1446044354791936000
1446044362509471744
1446044368452866048
1446044377638387712
1446044378024267778
1446044378267414531
1446044380188524544
1446044384235909120
1446044391714410497
1446044412476329985
1446044413201952769
1446044418096697347
1446044419535384582
1446044427852541952
1446044428628545537
1446044434550960130
1446044438011256834
1446044441307877377
1446044445200293888
1446044450841579522
1446044453811089412
1446044459901198342
1446044463281983488
1446044463273545736
1446044471284670466
1446044472446386176
1446044472916250625
1446044475386576897
1446044476963688450
1446044481967513604
1446044489877970945
1446044493900357633
1446044495934590980
1446044497536749570
1446044498384105475
1446044501097730049
1446044520940986370
1446044531238051846
1446044532538236933
1446044532953452545
1446044548342374403
1446044551928434693
1446044551819497475
1446044553002192898
1446044562728828929
1446044572891717637
1446044575689228290
1446044584396664834
1446044587638857728
1446044597537345539
1446044597973655555
1446044604562907139
1446044605913333764
1446044607473590273
1446044610841751556
1446044612750192640
1446044625299464195
1446044626293440513
1446044633612656642
1446044642391195652
1446044645763391492
1446044647592108032
1446044651400671232
1446044651539075072
1446044658266693638
1446044659273375745
1446044663408889859
1446044671881486340
1446044676373598209
1446044680467091461
1446044681893146628
1446044685798199297
1446044690181246979
1446044693330948102
1446044694996131843
1446044701153382404
1446044708350869505
1446044708971687938
1446044722053713920
1446044749861998595
1446044756237176840
1446044756748824577
1446044760280604677
1446044760767090689
1446044767469645828
1446044774016847873
1446044779029147649
1446044793990230020
1446044800474562562
1446044802856935425
1446044804605878272
1446044812528996352
1446044813548269573
1446044814764560384
1446044814890258435
1446044831734718465
1446044832124784640
1446044834180079619
1446044845999411201
1446044850193780738
1446044851548602369
1446044854081912833
1446044858498666497
1446044869126987776
1446044872121671682
1446044876383129601
1446044877943345154
1446044882934640645
1446044884431896579
1446044891189063686
1446044904132579329
1446044906280030210
1446044922373619712
1446044924651188226
1446044928220426243
1446044935334109187
1446044936328159233
1446044936613281798
1446044942535696386
1446044945039646722
1446044950664122370
1446044953168203778
1446044953935691776
1446044959732375552
1446044961770721280
1446044963125465092
1446044966099329024
1446044974118686721
1446044986420596743
1446044986487701506
1446044988694011906
1446044996809883653
1446045000354054149
1446045002665189376
1446045004644950016
1446045005181853699
1446045009397141505
1446045011368423428
1446045016430891008
1446045020285542403
1446045020700626956
1446045026178449410
1446045028271501313
1446045055651704832
1446045061884493826
1446045069061021697
1446045071816658952
1446045097188016128
1446045099096412169
1446045100686053380
1446045106566467585
1446045112346324993
1446045113608720384
1446045114766446593
1446045116804833282
1446045126611058692
1446045128930598914
1446045131912712192
1446045135679090688
1446045150371844098
1446045159922098180
1446045161130053634
1446045166897352707
1446045167329349633
1446045169753759748
1446045169946484739
1446045178637295616
1446045189525622785
1446045195477340161
1446045212225200134
1446045212627800065
1446045214414565379
1446045217841467396
1446045219229687808
1446045220366340096
1446045222090133504
1446045223008804871
1446045224308969472
1446045234509631491
1446045237651116038
1446045238473134084
1446045240247394306
1446045243804094473
1446045243804196868
1446045245163048961
1446045249676136450
1446045250485637120
1446045252754698244
1446045257003569157
1446045263320125442
1446045265056571394
1446045274451988482
1446045293779116033
1446045293481533442
1446045295528316935
1446045297130545160
1446045301282725892
1446045302939480065
1446045303589666820
1446045304910983168
1446045305988857856
1446045305791782915
1446045313769295879
1446045335084683267
1446045335785181185
1446045337441865731
1446045341925593092
1446045344211484672
1446045346061295623
1446045346036072453
1446045350293172232
1446045352847626243
1446045361097818117
1446045361542471684
1446045362637127683
1446045368110645249
1446045369448730626
1446045372024037380
1446045373764710401
1446045377606524929
1446045377648644096
1446045379498151936
1446045383260581895
1446045383432413185
1446045388721557508
1446045389900156928
1446045393146376194
1446045395461672969
1446045401040228356
1446045401576992769
1446045403103780870
1446045415393140737
1446045416064229388
1446045417653821442
1446045422355554309
1446045426654883842
1446045435504832518
1446045438008651777
1446045439254429702
1446045439527055361
1446045442677030913
1446045454446350336
1446045461379432449
1446045464067862529
1446045467855491079
1446045468098809857
1446045473245106176
1446045479796711431
1446045489510686726
1446045491657990147
1446045503129534472
1446045506015318019
1446045508049514500
1446045513573273602
1446045519890063361
1446045525397147651
1446045527599108098
1446045532267417602
1446045533190164480
1446045534129725442
1446045540693778433
1446045542707089408
1446045547924582404
1446045549090721793
1446045576890621956
1446045577016270849
1446045582783614977
1446045594254991361
1446045594473095169
1446045594816958464
1446045597459488774
1446045600240205826
1446045600554749959
1446045613376696321
1446045625422843904
1446045625812979716
1446045633538924547
1446045637594714113
1446045638869803011
1446045640329338885
1446045642116059136
1446045646075703304
1446045656909500419
1446045657299619848
1446045659698769921
1446045662894772225
1446045667055570944
1446045669991591939
1446045670402453505
1446045678040408073
1446045681962168326
1446045687418736647
1446045691076386816
1446045691793510401
1446045694909767689
1446045696046534657
1446045700777598978
1446045706771472384
1446045708621131776
1446045708977647623
1446045717374582791
1446045719899475970
1446045719719198721
1446045725876531203
1446045727591784449
1446045731442286592
1446045741521244166
1446045741772902403
1446045742695653376
1446045746457944065
1446045746747281411
1446045750064992258
1446045753961431047
1446045757564403713
1446045761913769990
1446045763335700485
1446045766695411718
1446045769123966977
1446045769241399297
1446045773251100677
1446045776858259460
1446045788853972996
1446045792062476289
1446045792498708484
1446045793639600130
1446045794558038017
1446045800656629760
1446045800920977409
1446045801311055873
1446045803378839554
1446045803659792388
1446045807082450947
1446045811825987584
1446045815189868544
1446045817014403078
1446045818339921920
1446045822626455563
1446045823247257600
1446045826753732617
1446045828586430466
1446045831308582913
1446045832411746304
1446045836412997632
1446045836522180608
1446045837054914561
1446045839583969286
1446045840045445121
1446045842608214020
1446045846890496004
1446045862770225154
1446045864196194306
1446045871427174402
1446045872740044803
1446045873394393089
1446045873776074752
1446045885960531968
1446045886426009603
1446045889706012677
1446045890188222464
1446045893959032832
1446045905778446339
1446045909939277824
1446045914846711811
1446045921154904067
1446045922366918669
1446045922622951426
1446045924900343816
1446045932190150658
1446045938267549700
1446045942436667395
1446045944060030978
1446045947318910980
1446045949520920578
1446045951945285632
1446045964305723392
1446045966457581575
1446045977564139523
1446045977551454212
1446045983771660297
1446045984128131074
1446045985969516544
1446045990763384833
1446046011370221570
1446046018106052609
1446046018529808385
1446046020853436416
1446046026180096001
1446046027409022978
1446046028034199554
1446046034208034822
1446046039740407817
1446046044450480129
1446046045205639171
1446046050821623810
1446046051362873353
1446046058446946310
1446046060334419968
1446046061760552964
1446046067171074051
1446046070111354880
1446046073106096133
1446046080500600834
1446046085219160070
1446046085819080705
1446046096053129219
1446046101761667074
1446046103242166273
1446046103510691840
1446046106111070212
1446046112935145473
1446046115514753024
1446046121525227524
1446046123429347329
1446046130404478987
1446046135362232320
1446046136410726401
1446046137367007232
1446046139401310211
1446046139900252162
1446046141292896256
1446046153045327875
1446046153632518147
1446046153875902465
1446046154538590212
1446046157587681285
1446046156836978689
1446046158162378756
1446046158879612933
1446046159991099394
1446046160221872130
1446046169487089665
1446046178748030976
1446046179356254209
1446046183206522885
1446046184976551940
1446046186419466250
1446046190290620417
1446046192429936640
1446046193625219075
1446046197924483072
1446046199685865475
1446046200189181952
1446046200864591882
1446046201531363328
1446046209509150720
1446046210486374406
1446046219403472897
1446046224159690759
1446046230816116739
1446046241800982529
1446046246297292806
1446046253515636737
1446046262214725633
1446046263766622210
1446046264416616448
1446046265213587468
1446046267323392000
1446046274277593091
1446046290320629762
1446046291394539525
1446046299179077633
1446046305986490368
1446046309165719552
1446046309404794880
1446046311762046978
1446046312231841794
1446046322134601731
1446046327419383810
1446046330347008003
1446046343127052291
1446046344339132416
1446046356511109121
1446046359052771329
1446046365079859206
1446046369223938052
1446046376228528128
1446046376505143302
1446046385011400709
1446046389314543622
1446046390396796928
1446046390333943810
1446046390598213638
1446046395945914370
1446046398651248640
1446046398810632198
1446046399766876164
1446046408235180032
1446046415264833538
1446046418268049410
1446046422839828483
1446046423691182082
1446046434445434888
1446046438639636484
1446046440682188800
1446046446470385670
1446046456834625538
1446046459514834945
1446046460022333440
1446046462312333314
1446046469962620930
1446046473532157962
1446046475624976388
1446046484315705344
1446046487947976705
1446046489776730115
1446046494319128580
1446046494679838720
1446046499926953988
1446046506025459713
1446046520663547905
1446046527831511047
1446046528263671811
1446046533015810049
1446046541102321665
1446046544042602496
1446046547817517058
1446046553509011460
1446046566553378821
1446046573088157697
1446046576137293825
1446046579329097729
1446046582126874624
1446046582382546949
1446046583661817861
1446046584320380935
1446046586866384897
1446046587403350018
1446046589177393154
1446046592910385155
1446046593543671809
1446046597620535296
1446046598002212864
1446046601550647296
1446046602494242817
1446046608886468608
1446046609666494467
1446046610174058508
1446046611860197385
1446046625059655681
1446046628100538371
1446046628759146497
1446046629660876806
1446046629992157186
1446046632311619596
1446046634362634243
1446046635851751426
1446046638485684227
1446046641509834754
1446046642902286341
1446046645481873409
1446046647348203531
1446046652767350784
1446046653413302272
1446046654751256577
1446046659675312128
1446046660296155136
1446046663739678723
1446046665132019716
1446046677480079361
1446046678872576010
1446046679212314624
1446046679464042497
1446046679937994752
1446046680156151815
1446046680869187585
1446046682098118662
1446046689899413505
1446046693078749185
1446046696455163905
1446046714742415365
1446046717137272836
1446046721457414146
1446046722652844032
1446046727354474501
1446046728017301506
1446046732807196674
1446046740457541635
1446046742999412737
1446046746069585922
1446046747537510405
1446046757331345410
1446046771877007362
1446046781159129091
1446046782929129474
1446046783746936842
1446046785517101058
1446046794702475268
1446046795843477508
1446046797219069954
1446046802424303617
1446046804437606404
1446046805171572737
1446046805712637953
1446046808950587394
1446046809361719297
1446046820946358273
1446046842198925314
1446046848284823557
1446046852563017733
1446046853544415233
1446046857579409409
1446046861756809216
1446046862180589575
1446046863241531394
1446046864562819078
1446046869482835969
1446046871508684803
1446046876432846848
1446046885098237963
1446046886650077186
1446046888227184642
1446046893474304000
1446046898951835650
1446046901388840967
1446046905813938180
1446046908615585799
1446046913208401922
1446046916261912576
1446046921982836741
1446046924339957760
1446046926911295488
1446046939917717506
1446046943059271682
1446046949833154562
1446046950617489412
1446046959198998528
1446046959635152896
1446046960880799745
1446046962449625089
1446046966920749057
1446046969953243136
1446046970947198977
1446046973593800707
1446046974873059329
1446046989188313088
1446046990543040514
1446046991440568323
1446046994187833352
1446046995332964354
1446047005445398532
1446047005554397189
1446047009396469761
1446047013951266818
1446047014928756737
1446047023891894276
1446047024726507527
1446047031210889223
1446047034293854211
1446047042766262275
1446047043001196549
1446047044645359617
1446047057500774404
1446047057920339969
1446047061493780487
1446047063188414464
1446047065876934656
1446047067781038080
1446047075725193220
1446047076022894600
1446047082230517762
1446047086584139779
1446047090396876801
1446047094536560643
1446047094498684931
1446047094834221061
1446047097397018626
1446047100085538816
1446047104107962369
1446047104678387712
1446047105546661893
1446047106574307328
1446047106708480002
1446047107694141441
1446047110072356872
1446047111167029253
1446047113561870337
1446047121770258432
1446047122843844609
1446047123951267845
1446047131547193344
1446047133879132162
1446047142104248320
1446047143953829891
1446047156406730757
1446047157199376389
1446047157325340675
1446047160630321162
1446047166078734339
1446047167827697675
1446047170835013636
1446047172751867910
1446047174362492931
1446047181358649345
1446047188912533517
1446047191835955202
1446047198286909442
1446047202963456001
1446047213906534404
1446047216443875328
1446047222077005824
1446047226229309440
1446047226229362692
1446047230419423235
1446047232092827648
1446047243753172994
1446047248190746630
1446047250619113479
1446047257690836994
1446047263160209410
1446047271548645383
1446047274015105030
1446047276334559232
1446047280746930179
1446047281480863744
1446047284182102016
1446047287109726211
1446047289953316865
1446047290939019264
1446047300686532611
1446047302418829314
1446047309628776451
1446047312812380163
1446047317707169792
1446047322614476802
1446047326771023874
1446047329862172674
1446047333322481674
1446047336938065923
1446047337068089347
1446047340121444355
1446047341207691266
1446047342809997314
1446047345548931072
1446047356135280643
1446047357464842240
1446047359759171586
1446047367669551108
1446047376511098882
1446047377878552579
1446047390440566786
1446047390998294534
1446047407083511809
1446047410619310083
1446047414025027584
1446047414830329859
1446047416726302723
1446047416931823616
1446047418269765636
1446047421461581830
1446047424196190214
1446047442550472706
1446047444589072384
1446047465250205699
1446047468156719108
1446047470945923073
1446047474079072262
1446047476453150720
1446047476402642949
1446047478701199360
1446047490185203717
1446047493444276227
1446047506979250176
1446047508170514435
1446047514394865666
1446047523232043013
1446047525925003269
1446047530882514947
1446047534217039872
1446047535592886276
1446047543985643529
1446047547576004611
1446047548829880326
1446047552198094850
1446047552701403140
1446047554869899269
1446047560372678656
1446047566001491969
1446047568786513920
1446047575430385670
1446047581306511362
1446047587241537538
1446047588990406668
1446047593813970944
1446047596305395712
1446047597551095808
1446047602697379841
1446047611870449665
1446047624734314497
1446047626755919875
1446047631105531909
1446047636406947843
1446047639011737600
1446047641184489474
1446047644128849921
1446047653226323969
1446047655394689030
1446047657215111168
1446047672457170944
1446047673300267018
1446047673619042306
1446047683408384005
1446047689620160519
1446047704577105925
1446047705889865731
1446047709224308740
1446047709421580291
1446047712147906562
1446047720431669249
1446047721123688448
1446047722914689032
1446047723669450761
1446047724701241344
1446047727536717826
1446047728367247362
1446047732657963009
1446047733014540288
1446047740354600960
1446047756762730497
1446047764303937541
1446047768838090754
1446047771656609793
1446047772520562690
1446047789222440960
1446047790900076546
1446047794024812546
1446047795610374155
1446047802652385283
1446047808314826754
1446047813238808579
1446047813842972675
1446047816929869824
1446047820499374081
1446047825511555072
1446047828816584706
1446047834151682048
1446047835238060032
1446047849058340864
1446047850538876930
1446047853957234689
1446047856650072067
1446047857212002308
1446047858986213376
1446047859883839489
1446047864367587331
1446047867253104640
1446047867215523844
1446047867576229890
1446047871535624192
1446047871489482756
1446047876686176258
1446047877432692741
1446047884982603777
1446047885452353538
1446047891315961858
1446047893111164928
1446047899050299395
1446047902942515201
1446047908323893252
1446047913885454337
1446047919363084288
1446047920726450185
1446047921020018695
1446047930775851010
1446047931660918784
1446047937444794370
1446047939554680843
1446047941492412416
1446047942671015942
1446047950308741124
1446047952791822343
1446047970005237767
1446047973071151108
1446047986555965441
1446047988279693313
1446047991551471617
1446047991723401218
1446048003995885569
1446048012346724362
1446048023860162562
1446048037705592839
1446048045448118275
1446048048547868674
1446048054071762946
1446048060774260736
1446048069020172289
1446048073910820866
1446048076549050371
1446048077912096772
1446048081867378690
1446048081234087937
1446048095037493251
1446048094941032451
1446048102721409028
1446048103618985985
1446048104461922304
1446048109079977986
1446048113983111172
1446048114087915526
1446048122744999937
1446048131917893636
1446048133507543041
1446048134656790529
1446048138561822720
1446048145071353860
1446048149458456578
1446048151748579335
1446048159713562625
1446048171180838919
1446048179934334977
1446048182753021955
1446048185948913665
1446048188780015626
1446048189375651845
1446048205356027906
1446048206329159681
1446048206828224514
1446048209919348741
1446048210309554177
1446048215183380484
1446048215049121793
1446048215325978627
1446048226386198529
1446048229582376960
1446048235903234049
1446048242643480579
1446048246397214721
1446048248892821508
1446048250348412933
1446048251585695745
1446048255171825664
1446048258149605376
1446048265024192514
1446048268153245703
1446048280312356868
1446048284326383616
1446048289556553729
1446048308946997251
1446048310452576256
1446048312017227779
1446048316056379395
1446048318099005440
1446048337510141956
1446048347433816069
1446048349539373056
1446048350277623811
1446048369625817088
1446048377943298053
1446048383660175363
1446048385337675778
1446048388667961346
1446048390257721347
1446048393147469826
1446048393277710338
1446048396637245441
1446048398273138689
1446048402043641856
1446048411665506308
1446048412802207745
1446048412986707969
1446048415268356096
1446048419571585029
1446048433958178820
1446048435673653251
1446048436395053056
1446048446582968327
1446048452895412227
1446048455017836548
1446048455634337794
1446048455944773632
1446048460290015234
1446048463330758662
1446048471665029121
1446048489473855490
1446048491030003716
1446048500622446592
1446048505659895811
1446048510537785347
1446048512836243463
1446048517210865664
1446048517181612033
1446048521824636929
1446048524676870147
1446048525603811332
1446048533770031104
1446048538438238210
1446048539973464064
1446048539608432651
1446048541571387393
1446048544121450499
1446048548168953862
1446048550635376643
1446048551528714240
1446048566234042368
1446048579307642881
1446048588136521728
1446048590078545920
1446048598223953920
1446048601730424833
1446048604611743744
1446048606574845952
1446048608466259971
1446048611280818178
1446048611364651011
1446048616326606849
1446048616762814464
1446048620281831426
1446048621871390720
1446048624417333250
1446048625184935936
1446048626308943874
1446048627055603713
1446048627193892865
1446048630729687044
1446048635251150850
1446048652871544837
1446048652976394244
1446048653978873860
1446048655132270593
1446048660337225731
1446048661020942336
1446048661247508482
1446048663722205184
1446048663923527683
1446048670382657541
1446048672370896896
1446048672811159552
1446048674014892032
1446048679010443267
1446048682898563075
1446048688334376960
1446048689034862592
1446048689105948676
1446048692503396354
1446048700711591940
1446048703458934787
1446048708164993028
1446048711545659394
1446048715597361154
1446048718667517953
1446048723742576643
1446048741895536641
1446048744458358785
1446048750552551425
1446048752196743171
1446048757284474880
1446048761713676290
1446048775550689289
1446048775915642884
1446048777458962435
1446048778042159105
1446048779933782017
1446048782098079747
1446048784765628417
1446048797226934272
1446048800812912640
1446048801379307520
1446048806903156737
1446048822472310784
1446048823437107200
1446048828407304192
1446048840214192129
1446048843800449032
1446048843825500161
1446048854063960065
1446048855766749185
1446048861236170755
1446048863446454272
1446048866005045248
1446048870119743492
1446048876457340933
1446048878810312704
1446048889564504064
1446048899911847941
1446048901967065088
1446048908321329153
1446048908556132362
1446048911232221184
1446048921457942530
1446048923248963588
1446048928684666880
1446048929947193349
1446048931595624448
1446048931855667200
1446048936670728196
1446048953183637509
1446048954567720967
1446048960817373184
1446048962209845252
1446048963249934338
1446048964881551360
1446048969822556164
1446048971487596544
1446048972640976900
1446048974474031109
1446048980203450370
1446048981642063872
1446048987732234242
1446048988457619461
1446048988722044936
1446048994262536192
1446048997270040578
1446048998515675138
1446049003569750017
1446049004987506690
1446049008141549570
1446049013959122947
1446049020980441093
1446049031407476737
1446049032854376453
1446049042597883906
1446049052123086848
1446049054539100160
1446049055298265088
1446049056359272448
1446049059102408705
1446049059479957504
1446049061719748612
1446049070972289027
1446049075766480898
1446049088781238276
1446049089410326533
1446049092392603653
1446049094128988166
1446049112172883971
1446049117151666177
1446049121585012737
1446049126605459458
1446049130598502406
1446049135656833024
1446049143055605767
1446049144380985344
1446049144481665024
1446049151196745733
1446049152329261058
1446049157010055168
1446049161435127811
1446049161795842050
1446049164480110592
1446049167025999877
1446049169760784384
1446049169660076033
1446049175431520257
1446049179927777280
1446049180720435203
1446049182318538759
1446049186718404612
1446049193349435392
1446049204628070402
1446049206217621512
1446049206498627585
1446049214237081601
1446049217751957508
1446049217957568512
1446049219140194304
1446049224018128898
1446049224643198981
1446049227595927555
1446049228569157632
1446049227751116807
1446049237020680199
1446049238874349570
1446049242011914244
1446049244759183364
1446049245988065281
1446049247493754881
1446049248265474048
1446049248772902918
1446049252568809474
1446049263637745665
1446049277818572807
1446049280729440258
1446049294092365824
1446049295438958598
1446049304670580741
1446049307539423234
1446049307703009285
1446049328745828355
1446049332818444291
1446049339269267458
1446049339265011716
1446049340137615362
1446049351533465605
1446049352552783872
1446049353546752003
1446049363474751490
1446049364716232707
1446049364846206978
1446049364686761984
1446049365768998923
1446049372500684801
1446049376359497728
1446049387604426771
1446049394894286850
1446049403341611009
1446049409901400071
1446049410429988868
1446049410580983811
1446049410870218756
1446049416847167491
1446049428213800969
1446049431187595267
1446049431560802309
1446049432017977349
1446049433267884032
1446049446416900096
1446049450414198786
1446049451412389889
1446049458693844994
1446049464653918208
1446049465530568704
1446049465975152641
1446049467346608130
1446049470064386048
1446049488062324740
1446049496509603847
1446049507133861888
1446049519624413184
1446049519997624322
1446049523613122563
1446049536602869763
1446049536967909381
1446049539186647041
1446049540033978370
1446049540625342466
1446049546786770946
1446049547352887300
1446049549844426753
1446049549911425024
1446049556207177735
1446049560598650883
1446049564436348932
1446049570245554182
1446049574385238019
1446049592835989505
1446049594677215235
1446049594815750144
1446049597214769154
1446049599597199364
1446049600477941763
1446049603875397638
1446049609642561536
1446049611383287813
1446049611571884032
1446049619495034890
1446049619872387074
1446049623500525576
1446049626524508166
1446049627334131714
1446049633298534403
1446049634657439747
1446049640290344968
1446049651665289218
1446049655175909377
1446049656388165633
1446049659688980485
1446049663199686657
1446049673823801344
1446049677942607874
1446049684418699264
1446049685261717505
1446049696263249922
1446049697441927171
1446049703720747009
1446049705578876929
1446049705809612803
1446049707021807618
1446049708049317893
1446049708141580289
1446049709341110277
1446049714634436608
1446049720900759555
1446049728265871370
1446049732015575043
1446049735568240643
1446049737023574019
1446049751464620035
1446049753440075778
1446049763816771584
1446049768120242182
1446049772452777989
1446049783446216704
1446049787254607875
1446049787841818629
1446049788546322432
1446049790471688195
1446049790136041475
1446049794061848579
1446049796461051906
1446049800760217603
1446049805889720323
1446049808876199940
1446049810163933185
1446049812982423552
1446049816069373955
1446049819282350081
1446049820859322374
1446049823543599109
1446049828593709060
1446049842497720320
1446049854497689604
1446049863465058309
1446049863574200322
1446049863834251264
1446049865201590273
1446049892808413187
1446049893995384834
1446049894347780096
1446049895685636102
1446049901432000513
1446049904179101698
1446049905009692673
1446049910885785604
1446049926329159685
1446049927180738561
1446049929739194373
1446049960479313921
1446049962626719746
1446049968071061506
1446049985380982784
1446049985754279936
1446049985729073155
1446049996026040321
1446049998127435779
1446050005572366342
1446050014975909889
1446050016922058752
1446050018062966785
1446050024048234496
1446050031199571974
1446050031694274563
1446050034575941634
1446050036350132225
1446050051680313345
1446050061776035842
1446050064988663813
1446050065504616449
1446050078934933516
1446050079194898438
1446050080386076673
1446050082919485445
1446050084391567368
1446050104373358595
1446050105795043333
1446050105904271363
1446050115945385987
1446050135545311232
1446050141274877954
1446050144227663872
1446050148681850885
1446050151181819904
1446050154038140935
1446050157657616390
1446050179535327232
1446050180638273539
1446050180902555650
1446050183918211075
1446050186199928833
1446050189974786052
1446050192009187330
1446050193485484033
1446050198107602945
1446050202926915589
1446050204252262400
1446050212917678082
1446050214431842306
1446050224481320973
1446050229099368450
1446050231049613312
1446050235676073990
1446050239996174344
1446050240256258049
1446050252973346817
1446050258241392641
1446050284782985222
1446050284782997509
1446050286909497345
1446050289702739983
1446050297965686788
1446050306463309826
1446050308728266754
1446050313253830658
1446050321650929669
1446050323445940228
1446050325886955522
1446050326856019968
1446050330844745732
1446050334049177600
1446050334456045569
1446050336884486148
1446050339120103424
1446050341838069765
1446050345914978309
1446050347533877252
1446050348771123200
1446050356929220608
1446050359693152256
1446050365355577349
1446050366404038656
1446050371185430529
1446050375618863106
1446050375904251912
1446050385001549827
1446050385701998600
1446050387824365571
1446050394002632711
1446050398788374531
1446050399312482306
1446050401069846530
1446050402068221953
1446050411396227073
1446050412507897858
1446050417821958149
1446050421475262464
1446050421383081984
1446050425376067584
1446050433403863045
1446050434532130819
1446050437153673216
1446050438168600576
1446050441175908352
1446050443486957569
1446050448914386946
1446050449631625217
1446050453804965893
1446050456480976896
1446050460301856774
1446050463338704898
1446050464802525185
1446050468770238465
1446050472322871297
1446050472268218369
1446050480476540931
1446050488085094401
1446050488718401537
1446050502806966274
1446050504933625858
1446050511690547203
1446050512751714305
1446050516514054146
1446050516837048323
1446050527616323585
1446050532557209606
1446050532825522176
1446050535056953353
1446050540169859073
1446050552450887680
1446050564828278785
1446050567164416001
1446050567864954885
1446050568787664897
1446050570998059012
1446050575657816064
1446050580107956226
1446050599548637185
1446050601792675846
1446050602136576003
1446050604179079181
1446050604627886082
1446050606909636608
1446050611221442560
1446050614027464706
1446050622990606343
1446050631714803712
1446050638937432064
1446050648454307844
1446050657589469190
1446050662425370628
1446050668033216519
1446050670386221056
1446050676954603526
1446050678250508293
1446050682151260164
1446050682080047108
1446050688392368129
1446050695946379267
1446050697968029698
1446050702367727616
1446050702762074112
1446050705366790151
1446050713499545606
1446050725033877513
1446050731296010244
1446050745795612676
1446050747670351873
1446050752070406144
1446050756856012811
1446050758399516675
1446050758894374915
1446050759921995782
1446050768453259265
1446050768595918854
1446050768734277633
1446050770940567552
1446050773368913920
1446050780486770690
1446050780688142338
1446050786077708292
1446050787654873092
1446050790070579205
1446050790158880768
1446050791165464576
1446050795208814593
1446050796441853955
1446050806663352324
1446050811205804035
1446050812623343625
1446050813957246979
1446050817283342343
1446050818109620225
1446050829727850497
1446050835369271299
1446050836988059651
1446050837789388802
1446050841727692804
1446050848459542532
1446050850057691143
1446050850976190465
1446050851659960328
1446050860212137986
1446050861361283073
1446050868718145541
1446050878461411328
1446050888217473029
1446050892856406018
1446050896731906048
1446050898988331010
1446050900431179778
1446050904583573506
1446050912921817094
1446050920203182081
1446050921386020868
1446050935206252547
1446050943393406978
1446050944442114049
1446050950557442048
1446050954755784705
1446050955338911749
1446050957750636547
1446050963232411651
1446050964553834496
1446050976511631363
1446050976771846148
1446050986766835717
1446050990365478913
1446050993213362186
1446050994903818242
1446050994870046724
1446051001308491778
1446051002323402755
1446051003296407557
1446051003665637376
1446051006056484873
1446051011395682312
1446051012435918861
1446051016600788992
1446051016768561153
1446051017137733635
1446051020321214467
1446051035722784768
1446051043393998849
1446051057818226689
1446051058900475907
1446051071030403079
1446051081767858180
1446051088856059904
1446051097676849155
1446051101338374149
1446051118375583745
1446051118912622592
1446051119206182913
1446051122926469122
1446051123153051648
1446051124792922117
1446051125422182403
1446051132527181824
1446051134687285250
1446051135048015875
1446051135891116033
1446051141570101249
1446051141616226306
1446051145043124224
1446051146586415107
1446051149992247297
1446051162931740672
1446051164815036418
1446051166190669826
1446051168677875714
1446051175749595139
1446051178878484488
1446051181214658563
1446051183001493509
1446051186621091845
1446051189599178753
1446051203947900931
1446051214035021825
1446051216472039429
1446051222646046726
1446051233912008704
1446051240400588800
1446051240845225986
1446051244083134465
1446051249305042946
1446051260348600320
1446051261095333888
1446051263502856194
1446051280271511553
1446051280904986628
1446051281810956290
1446051282419163137
1446051283941662721
1446051286596546568
1446051291193659393
1446051291575164930
1446051298328158209
1446051302300078082
1446051304967528451
1446051307681419265
1446051307853393920
1446051309426204674
1446051315042426889
1446051316292362245
1446051324206870528
1446051331316330496
1446051340958961668
1446051350349946884
1446051350891073545
1446051353755848706
1446051356696096769
1446051357107138567
1446051357287456770
1446051359896260608
1446051360315695105
1446051360613490692
1446051371887775746
1446051375587241987
1446051376237367297
1446051382423957508
1446051384189722624
1446051385292824577
1446051386643337219
1446051387771691013
1446051391731085313
1446051393442402305
1446051394696458243
1446051395501654023
1446051397145858055
1446051398081257474
1446051402216787969
1446051405060579331
1446051406226538500
1446051410185838592
1446051417811214337
1446051419673411587
1446051419967135746
1446051422320005122
1446051425021304833
1446051431308476416
1446051436656148481
1446051444461907968
1446051444969414657
1446051447964012545
1446051450371592192
1446051464602869761
1446051469044617218
1446051482692898821
1446051492570484743
1446051495649202179
1446051498715136002
1446051502930358276
1446051509360340994
1446051514636767233
1446051517455347713
1446051517132419077
1446051519363682308
1446051520873652227
1446051523218313216
1446051534995918848
1446051536711323658
1446051545959784450
1446051553048096768
1446051558546984962
1446051559918419968
1446051568890093569
1446051572517990404
1446051581741338625
1446051582651641858
1446051596765442048
1446051603996295171
1446051617153953793
1446051618336608258
1446051623688540160
1446051623797764101
1446051625852882944
1446051629803851777
1446051630173020164
1446051634866425858
1446051636753752071
1446051637441679367
1446051639815704576
1446051643414364164
1446051645733879811
1446051650800656389
1446051681670737920
1446051687181938691
1446051695759220834
1446051699278417922
1446051703371939842
1446051708023582720
1446051708581433345
1446051708833042434
1446051714256318470
1446051717754368004
1446051721529069573
1446051721818607616
1446051724398141440
1446051736867667975
1446051737857581059
1446051738725732356
1446051754110603265
1446051754366455814
1446051759407964163
1446051767385575428
1446051769423855616
1446051776189198336
1446051778055839748
1446051780610035715
1446051788663271432
1446051790911426562
1446051791813201922
1446051795709558790
1446051795890065408
1446051800658763783
1446051801195851776
1446051809261506564
1446051814483234817
1446051820745330690
1446051823534624768
1446051825111769093
1446051827477274625
1446051828467216385
1446051831042428931
1446051834892746753
1446051840609632257
1446051844690792449
1446051844946477056
1446051845927997445
1446051859773460486
1446051864345145348
1446051864420573184
1446051866895339520
1446051874436751361
1446051882506481665
1446051887309107200
1446051890035236864
1446051894334525440
1446051895840174081
1446051896649715715
1446051897325105154
1446051898759524363
1446051901951279108
1446051920225968130
1446051920670457859
1446051925561073667
1446051938194255872
1446051943030349828
1446051946423590923
1446051947631583233
1446051957374795776
1446051961665589249
1446051966036033538
1446051975544573962
1446051976844820481
1446051983102824452
1446051983413039104
1446051983538982914
1446051983618621440
1446051988207124484
1446051989952081920
1446051993890566145
1446052000915931136
1446052010432741379
1446052012513243136
1446052014983634946
1446052020440477699
1446052021300248579
1446052021501509635
1446052024982773760
1446052035472809986
1446052038467538949
1446052039700615168
1446052048424800257
1446052049079070722
1446052052895997958
1446052055148220420
1446052061607432195
1446052065843757059
1446052075025141760
1446052075251638272
1446052076425940993
1446052079550689283
1446052080293142529
1446052086597226498
1446052087125745665
1446052089424142337
1446052090619449344
1446052096424378371
1446052097171070976
1446052097959546882
1446052102527197186
1446052104620052488
1446052106310496257
1446052107476369413
1446052110131347456
1446052119585382401
1446052119736315904
1446052127256760323
1446052140288516096
1446052149608255495
1446052154796650498
1446052155262185476
1446052158101729281
1446052160563777537
1446052163776651266
1446052165521330182
1446052169317326856
1446052171255099393
1446052179412860928
1446052181241565189
1446052181409509378
1446052184232132609
1446052191362502656
1446052207330275331
1446052210085822465
1446052211495219200
1446052212203995138
1446052218411622405
1446052224363282433
1446052227542511618
1446052227659931658
1446052235935420422
1446052237118251009
1446052239123132420
1446052249180983301
1446052251986976770
1446052256609148934
1446052264020414465
1446052265005969412
1446052266016870405
1446052273142988800
1446052273935638533
1446052299881783298
1446052301924446211
1446052302842785792
1446052303488815106
1446052303656554501
1446052308387827716
1446052315606261761
1446052315497213955
1446052319829929984
1446052321088126977
1446052321188884482
1446052323344719877
1446052328319094786
1446052332144263169
1446052333918560260
1446052344186036228
1446052350528000004
1446052354843893766
1446052373802127362
1446052375320485888
1446052382903767041
1446052387865579520
1446052388092055554
1446052394157187074
1446052399806812160
1446052400851259394
1446052400847065088
1446052403032301571
1446052407897739266
1446052412243030025
1446052416084975620
1446052427778637824
1446052428365844484
1446052431918518274
1446052436943200259
1446052442731425792
1446052448620236805
1446052457415647233
1446052460322332673
1446052462490701826
1446052465359654915
1446052471487483907
1446052472812941318
1446052493067227139
1446052496175099915
1446052496468807681
1446052498326835201
1446052500885360640
1446052501900480513
1446052502592495616
1446052514105856001
1446052514302873601
1446052531864543241
1446052535333277697
1446052537312976897
1446052540504813575
1446052541356199940
1446052545999212544
1446052546632724482
1446052550185267204
1446052553066745859
1446052558582190082
1446052560947892229
1446052562126389252
1446052562529042433
1446052569231593474
1446052576768712713
1446052577322299403
1446052580216512518
1446052582045147136
1446052586042187784
1446052590228226050
1446052593097187330
1446052596951789573
1446052597799002113
1446052604648230914
1446052609853247492
1446052611040362497
1446052611346481152
1446052611564523531
1446052613603037184
1446052623229009921
1446052623681994754
1446052631328272389
1446052635145035777
1446052639720894470
1446052640270557184
1446052649900683266
1446052650131365891
1446052650844409861
1446052653289590785
