1447774001044942854
1447774001456111616
1447774003221958664
1447774005222526976
1447774008540340225
1447774010868125698
1447774011165917184
1447774014127198208
1447774014324109314
1447774018115981314
1447774018724040712
1447774021525782531
1447774022243008512
1447774023312674818
1447774023933468676
1447774025934114817
1447774027607597058
1447774032728834056
1447774042400952320
1447774050508550147
1447774054975344650
1447774055155867648
1447774056846090244
1447774059849297920
1447774060088160262
1447774060046426115
1447774061174476803
1447774064819380227
1447774065805217796
1447774065201238018
1447774066597847055
1447774069827514372
1447774070670602246
1447774070087589890
1447774072906072069
1447774077092089856
1447774077452791810
1447774083165429761
1447774092216586243
1447774099334328323
1447774099669872648
1447774102035460098
1447774103465771012
1447774104317222920
1447774104443133962
1447774105772584965
1447774107026788359
1447774108129845250
1447774108817711106
1447774109790842884
1447774113246887939
1447774116338094083
1447774117218828296
1447774117445337088
1447774119974486026
1447774129445244937
1447774129768173574
1447774135849938945
1447774140992159753
1447774143114629124
1447774143517114368
1447774144825757703
1447774149431152646
1447774149854777348
1447774152622960640
1447774156443975684
1447774162945253376
1447774163024769027
1447774163515494411
1447774171396657156
1447774172772507651
1447774172914991114
1447774174521577476
1447774174693388293
1447774174613749760
1447774181614043141
1447774183224758272
1447774186416578565
1447774188287242240
1447774188283088899
1447774189742608392
1447774190249996296
1447774190216560643
1447774191034511360
1447774191743340548
1447774192552792067
1447774194989768706
1447774204426797059
1447774208147197955
1447774209459908609
1447774213197246466
1447774213968855042
1447774215353114624
1447774217932521474
1447774218326659074
1447774219140571137
1447774220973494273
1447774221841600512
1447774229038960646
1447774229483507716
1447774231241150464
1447774243966439424
1447774254032986112
1447774254360059912
1447774258533330951
1447774266548572160
1447774268381487111
1447774269644046340
1447774270969495553
1447774276925280261
1447774277936160769
1447774279269957632
1447774281002205184
1447774281157386246
1447774281165799432
1447774283007070211
1447774286731567104
1447774291299381249
1447774291492163589
1447774296672137216
1447774298802954241
1447774299230666756
1447774301571194881
1447774302363918338
1447774303647420416
1447774305249468417
1447774306122018829
1447774308256915462
1447774309360054273
1447774309963890689
1447774311914295298
1447774312023277576
1447774312107163650
1447774314766471169
1447774315538157572
1447774318050484224
1447774318604296192
1447774318574723073
1447774318960594947
1447774320969883652
1447774322131673093
1447774322500636673
1447774324505468930
1447774326309203968
1447774330079772677
1447774332294422530
1447774332600688642
1447774334051782662
1447774334274060291
1447774336673255430
1447774346081042439
1447774354129965056
1447774358051737602
1447774361793011724
1447774365173510145
1447774370546417665
1447774370793852930
1447774377660006400
1447774378163257345
1447774378519932929
1447774378436042753
1447774385352368129
1447774390851194882
1447774396769181698
1447774400464363522
1447774402930675717
1447774403538870274
1447774403500994565
1447774408513187846
1447774417283604482
1447774432676745216
1447774435692449792
1447774440419328004
1447774440968892418
1447774441446862848
1447774457662263300
1447774457867776006
1447774462397624321
1447774463177728001
1447774468382904322
1447774471738171396
1447774473361498113
1447774485344522255
1447774485638094851
1447774487861071875
1447774492969799681
1447774500616085505
1447774501266018310
1447774502881042434
1447774503568879617
1447774507993690114
1447774509516394500
1447774513928626182
1447774524691394566
1447774528868913155
1447774529846185984
1447774530211037188
1447774533121937412
1447774534539653124
1447774540201857027
1447774542168944643
1447774543641075714
1447774544224296960
1447774544970887172
1447774547558629377
1447774547768332299
1447774553162256386
1447774560560967682
1447774561395564555
1447774565170507777
1447774566806294528
1447774570044276740
1447774572825116680
1447774578281902090
1447774582048448519
1447774584153989127
1447774584477036544
1447774587245240321
1447774589212413958
1447774591858851844
1447774598704025608
1447774598808829955
1447774605989588996
1447774610053758985
1447774610007547905
1447774612360683520
1447774612578652167
1447774617624453122
1447774618090045442
1447774622372536322
1447774635098001408
1447774639531315207
1447774642328858629
1447774642819698689
1447774643507503105
1447774647186042880
1447774647982780428
1447774650398875651
1447774652940668930
1447774653708005382
1447774656430227458
1447774664336412676
1447774666815381505
1447774680673398791
1447774681012920324
1447774682124406784
1447774683928072192
1447774687392673793
1447774691607949313
1447774698931036166
1447774700046741513
1447774703867867141
1447774703955832836
1447774709593034756
1447774718350839809
1447774722935169024
1447774726261194760
1447774728836505603
1447774733009707011
1447774736688160774
1447774739527766021
1447774742065336324
1447774743587803143
1447774745508732931
1447774747052453892
1447774747337576448
1447774751531757570
1447774756883869701
1447774758565675008
1447774772528570368
1447774773392678912
1447774774155902976
1447774784318754816
1447774785442885634
1447774786051006467
1447774789603454978
1447774790270402566
1447774791801376769
1447774791935483907
1447774794007601155
1447774795253362692
1447774795764928519
1447774797299994627
1447774801599291394
1447774803117498372
1447774804472307720
1447774806007431169
1447774807169409025
1447774811741212673
1447774813846650881
1447774818846138368
1447774819689267204
1447774825985056770
1447774828191260672
1447774831139823617
1447774832129568769
1447774834914594822
1447774837393399810
1447774837821280256
1447774839951876097
1447774845605908482
1447774848868962306
1447774849414221824
1447774849812688896
1447774852006436866
1447774859967172615
1447774860516732928
1447774863037501446
1447774866199961600
1447774870109048840
1447774875079352321
1447774875075088386
1447774884038336515
1447774886525431809
1447774892103909380
1447774890442964993
1447774893194551301
1447774898479407107
1447774905752174595
1447774908436684801
1447774909099302912
1447774908818227202
1447774910906990595
1447774916586004487
1447774917504770049
1447774920725999618
1447774922365755416
1447774922726539264
1447774924307898369
1447774928741220354
1447774933195526152
1447774935066107905
1447774939046580226
1447774942443892744
1447774945161908229
1447774945375817728
1447774945803530251
1447774949670744068
1447774950522175491
1447774951809994756
1447774952346685458
1447774955584819206
1447774964333961225
1447774973750386690
1447774973871984643
1447774974480105479
1447774980863844358
1447774980926754819
1447774981388062720
1447774982939897857
1447774993266274304
1447774997158588422
1447775002393255937
1447775009297027072
1447775010190336003
1447775011540926468
1447775014418321411
1447775016746033153
1447775021682757634
1447775024786644992
1447775026648915971
1447775027777134594
1447775028704018443
1447775030880915461
1447775033351282688
1447775034626347008
1447775038745157660
1447775039529488386
1447775046496292869
1447775048513826817
1447775056285863941
1447775059221774337
1447775063051161600
1447775063965638657
1447775064796008448
1447775067329474566
1447775068038303751
1447775072501092354
1447775086090543106
1447775086761574401
1447775088011526144
1447775096303755268
1447775098161803270
1447775100678270979
1447775101357723648
1447775107901009923
1447775109280829441
1447775110430019587
1447775115903737869
1447775115790405636
1447775116910268418
1447775122664869892
1447775124753502208
1447775128209608706
1447775129640001537
1447775131518976004
1447775135394578432
1447775135579222018
1447775141673385984
1447775142361374720
1447775146337574913
1447775148124291072
1447775149181181953
1447775151148437506
1447775151441932292
1447775162993102848
1447775166801408000
1447775168609271811
1447775171717259272
1447775173042606084
1447775174657462274
1447775179736862722
1447775181984854020
1447775185373831175
1447775190889517063
1447775191669555200
1447775196425883651
1447775204638298113
1447775207436034052
1447775208836829190
1447775210585923585
1447775215342215169
1447775215556063233
1447775221113516035
1447775226826211330
1447775228117979140
1447775231351799808
1447775232140496896
1447775238377275393
1447775246661079049
1447775249529966592
1447775250557685763
1447775255968108545
1447775256396009477
1447775256777687043
1447775261399916552
1447775262012100610
1447775264159805443
1447775265350897664
1447775265661210625
1447775270186983426
1447775270568480774
1447775272334397450
1447775278995058695
1447775281536770056
1447775286255308801
1447775290403344397
1447775292064337927
1447775292513132545
1447775294861897732
1447775300536844290
1447775309990744065
1447775311093850114
1447775312901808135
1447775316072599556
1447775317997735938
1447775322657677313
1447775323089555460
1447775324025016320
1447775332438659072
1447775332459704321
1447775332900106241
1447775341557211136
1447775343973183495
1447775346896490501
1447775350432337925
1447775352353263623
1447775355847258112
1447775356249731074
1447775358909038593
1447775363518672899
1447775365510877186
1447775376646811648
1447775380358660103
1447775391540731904
1447775394719928322
1447775396120965121
1447775398813634561
1447775400000638978
1447775400248020999
1447775400415797249
1447775404614463490
1447775405436387335
1447775408531771393
1447775411761516544
1447775417356673027
1447775419722190855
1447775422725476352
1447775427284533252
1447775429121613826
1447775429423550468
1447775431143280648
1447775432028291078
1447775436080046083
1447775438164488193
1447775438890209280
1447775442535174148
1447775443952836610
1447775448839200772
1447775450189623301
1447775454203564034
1447775460000079872
1447775465624662017
1447775467533078532
1447775470343258114
1447775478962483205
1447775481013620738
1447775485585395715
1447775485728067584
1447775488299044866
1447775494259236868
1447775494603083782
1447775500051566599
1447775504153649154
1447775505365753858
1447775505957195780
1447775511703265282
1447775514433703941
1447775515016900609
1447775516300398594
1447775521681678338
1447775525586493443
1447775530892214276
1447775531001389059
1447775531588542472
1447775533907939337
1447775535271067651
1447775536403542016
1447775538039250950
1447775545584926724
1447775549305278469
1447775551305945091
1447775552622895109
1447775554489495552
1447775557773524995
1447775568368308226
1447775573128843272
1447775574034829312
1447775583916773377
1447775584684163078
1447775587746058244
1447775589222518786
1447775589805412353
1447775594612133889
1447775595421708288
1447775595773923328
1447775597862821888
1447775599586652164
1447775602551963651
1447775604175167492
1447775605517344768
1447775606385618948
1447775611049725963
1447775611766857732
1447775617752182789
1447775623682969606
1447775624865587206
1447775631178190849
1447775632893546498
1447775634030170112
1447775643748372481
1447775645979774978
1447775647779016710
1447775648651509763
1447775651633770505
1447775652426313732
1447775653483491329
1447775654263537665
1447775654393651201
1447775654657753093
1447775655198867459
1447775660445818882
1447775661746229252
1447775664619196418
1447775668855525377
1447775672403853326
1447775673880231945
1447775677927788547
1447775677621563392
1447775678548545540
1447775682587619331
1447775691911491589
1447775700228853760
1447775701629865985
1447775702770757633
1447775704225968129
1447775706008768515
1447775707170549763
1447775711838687233
1447775712107106308
1447775719950635013
1447775722479570946
1447775725633814531
1447775732571140100
1447775734068662276
1447775736593403909
1447775738359283714
1447775741995855874
1447775742784249857
1447775746294902789
1447775746672398338
1447775747976749062
1447775754880749571
1447775762526965764
1447775766909841412
1447775767459414016
1447775768956735492
1447775770999508993
1447775776951132160
1447775781644496905
1447775785725480960
1447775790683152385
1447775795305271297
1447775804067299331
1447775804687982593
1447775806814662656
1447775808592904197
1447775809737945088
1447775809784082438
1447775814162866177
1447775817673572356
1447775821226151939
1447775822052421634
1447775822803312642
1447775823478493185
1447775824699142146
1447775825978437633
1447775827656019980
1447775828624949249
1447775829589639168
1447775830420168706
1447775834413076480
1447775835407011842
1447775835620982785
1447775843795681291
1447775845087465472
1447775845515333635
1447775846857650179
1447775847021174788
1447775858958209026
1447775858966634498
1447775859750936583
1447775861076381697
1447775865320869888
1447775870467383298
1447775873071910916
1447775875995295746
1447775876142157826
1447775876775481348
1447775877190897665
1447775877643780101
1447775880810532872
1447775886812401666
1447775888423235585
1447775889983356929
1447775891015155712
1447775891132649475
1447775891875008513
1447775894672609283
1447775899558891522
1447775908408999942
1447775909553983495
1447775912213291014
1447775914016772096
1447775917086937095
1447775922153738242
1447775922505932802
1447775925517443075
1447775926280855552
1447775931314032640
1447775933490814976
1447775939283210242
1447775939216109568
1447775941439090692
1447775946665349120
1447775947210559494
1447775953296322568
1447775956303761409
1447775960879747073
1447775963652272131
1447775965128499201
1447775969083809797
1447775972951003138
1447775974855168001
1447775979275960329
1447775979150086148
1447775986926465026
1447775990466297864
1447775990642475009
1447775998687207424
1447776007671492608
1447776011332907013
1447776016278097920
1447776017553178628
1447776021277777925
1447776021315424257
1447776022171062273
1447776040080736258
1447776042370875399
1447776043620872192
1447776046808403969
1447776048611946499
1447776049593556996
1447776049597722628
1447776056224722945
1447776056274993154
1447776060704239623
1447776061232754692
1447776065007415300
1447776071609430021
1447776071680606210
1447776073740132353
1447776078244847616
1447776080677330948
1447776084955701248
1447776088210518022
1447776095521103873
1447776104358371328
1447776108506595337
1447776109299335174
1447776112688308230
1447776112789102595
1447776114005446666
1447776118690435075
1447776119843921926
1447776119843868672
1447776120401629186
1447776126626054144
1447776130270892032
1447776130925096962
1447776132347011072
1447776132359544838
1447776137363423240
1447776150424539137
1447776164844503040
1447776166945902592
1447776168938250243
1447776173925281798
1447776178165616645
1447776179306438662
1447776184041881603
1447776186612936711
1447776187342807042
1447776190819749890
1447776191058874372
1447776193466486785
1447776193848266753
1447776194129276928
1447776201444052995
1447776202794614789
1447776205965463554
1447776213859065859
1447776219286626304
1447776222344187909
1447776223980032003
1447776227486572544
1447776227708727305
1447776234860158978
1447776241386459137
1447776248420188161
1447776250836226055
1447776251758796805
1447776252614565891
1447776258318757890
1447776262055870468
1447776265558269963
1447776265411260417
1447776268968095744
1447776273313452032
1447776273707769856
1447776276618493957
1447776289981550597
1447776290442907660
1447776291009097735
1447776294096314369
1447776295790645250
1447776301138407425
1447776300404445186
1447776302337904641
1447776302778494976
1447776306012196867
1447776306398179330
1447776310726578177
1447776315155779589
1447776315831115779
1447776317601198081
1447776323171074048
1447776325196976133
1447776329001156608
1447776329076813826
1447776343886815239
1447776350895579139
1447776357170221064
1447776359833554949
1447776370709475328
1447776371061579780
1447776372580048902
1447776380758806531
1447776380704497666
1447776388346302465
1447776390011445251
1447776391437692931
1447776396298817538
1447776397880008705
1447776399687708672
1447776400707043328
1447776403512954885
1447776404574199809
1447776407061504003
1447776407195725829
1447776409393541122
1447776410609750019
1447776411058520069
1447776411842928645
1447776413873053698
1447776426418188289
1447776427575762950
1447776432885743616
1447776434114777090
1447776434496311302
1447776444990382080
1447776446223732738
1447776449872678912
1447776452032692233
1447776454348091400
1447776454855565317
1447776456348782595
1447776459607711755
1447776460018757633
1447776460408823810
1447776462136922114
1447776464267481092
1447776464712212484
1447776467971035141
1447776469862653953
1447776473784348672
1447776476246335489
1447776481837559808
1447776490121154560
1447776494202146817
1447776494646796290
1447776495594840066
1447776495821283330
1447776496056102914
1447776497108848643
1447776497293570048
1447776499281678336
1447776507552677889
1447776512133025793
1447776512686493701
1447776520332775428
1447776521540837381
1447776522069184519
1447776522635399171
1447776523495170049
1447776524086640641
1447776526292819970
1447776532663980039
1447776536518610947
1447776540234637313
1447776540599672834
1447776543548264449
1447776548124254214
1447776555850031106
1447776568189857795
1447776571520061440
1447776572824596485
1447776573365555205
1447776575802384385
1447776577471799297
1447776578365267974
1447776578985811971
1447776579384332295
1447776580315533312
1447776581259173890
1447776582928588807
1447776583645794307
1447776586984562688
1447776587772878848
1447776589496799233
1447776591921123334
1447776593762344966
1447776595104591874
1447776598174969857
1447776598724333573
1447776598690828290
1447776603149307904
1447776605351337986
1447776607519719425
1447776609851752451
1447776610610913284
1447776620035514369
1447776621646151693
1447776623592239104
1447776624443809795
1447776628856311808
1447776631918141443
1447776638771597312
1447776639698440193
1447776640822480898
1447776641313243137
1447776642387124228
1447776642462593026
1447776645344018433
1447776645830508549
1447776648099598343
1447776661475373058
1447776662645399555
1447776663253577740
1447776672007208961
1447776672825032705
1447776674389577730
1447776676801175557
1447776676847357957
1447776681305989120
1447776682018889739
1447776688994242560
1447776702550065162
1447776704810815488
1447776705540759559
1447776720354885635
1447776726138953728
1447776728177385472
1447776732258480132
1447776737895485444
1447776740101685248
1447776742014218244
1447776749454966793
1447776750981746694
1447776761551405056
1447776762029494272
1447776767943618562
1447776776252362759
1447776777711935490
1447776781012914178
1447776782355210240
1447776784678854656
1447776786159263745
1447776787635728386
1447776794711453698
1447776794690654208
1447776797530238980
1447776825422192642
1447776829490692096
1447776831562817536
1447776832586240004
1447776838630080517
1447776840580534274
1447776847236898816
1447776847626788864
1447776847769579521
1447776851691073538
1447776854039937025
1447776856065802246
1447776858158817281
1447776858498600968
1447776860650229764
1447776860839063556
1447776861002469376
1447776861346406402
1447776864685236233
1447776865343655937
1447776867344281602
1447776873967230976
1447776874302787584
1447776875359744001
1447776875430891524
1447776878580932610
1447776878736068614
1447776884704505865
1447776887950897161
1447776891830554627
1447776893114093569
1447776901448146948
1447776904786948101
1447776906741358595
1447776907290812416
1447776913972350976
1447776916358893574
1447776918959394817
1447776927662628864
1447776938488119296
1447776939389882370
1447776940719370241
1447776941684051969
1447776942611070983
1447776946725740544
1447776947132530688
1447776951578480647
1447776955714002944
1447776956460646401
1447776971925032960
1447776972617265152
1447776976660533252
1447776979613208580
1447776980368121865
1447776981202915328
1447776983794913283
1447776985292312580
1447776985506324482
1447777000563826688
1447777007811510272
1447777008100921344
1447777013910020100
1447777015533215746
1447777016309223427
1447777017664049155
1447777018326753286
1447777020327256065
1447777028565053445
1447777029982621697
1447777032624951302
1447777033359020040
1447777036114841600
1447777037867958272
1447777038186663939
1447777041567428616
1447777048710242306
1447777059439271936
1447777069899739136
1447777074530430977
1447777078162571266
1447777079261466628
1447777079852998656
1447777084072415236
1447777086391861252
1447777090468786179
1447777091852902402
1447777091932475400
1447777095732670466
1447777098765062151
1447777104242872322
1447777104628649987
1447777107862560768
1447777113616969733
1447777116985061376
1447777124182528004
1447777125076029440
1447777133317668869
1447777139667832835
1447777139533631494
1447777141177737223
1447777142327087109
1447777147876089856
1447777163416162310
1447777164624121863
1447777167803289600
1447777169552379908
1447777178314104834
1447777185515937794
1447777187050840069
1447777190834147330
1447777197071081479
1447777197209624577
1447777198555992068
1447777198778327040
1447777203471720451
1447777207024189448
1447777207049281536
1447777211084386315
1447777213659615232
1447777216008527872
1447777219057651725
1447777221335126021
1447777222144704515
1447777222803091458
1447777224342401024
1447777225005166593
1447777226498379779
1447777227349770242
1447777238359973890
1447777239454605313
1447777239559389184
1447777240599642114
1447777249051172864
1447777253002207234
1447777255732781059
1447777256361758726
1447777258178027521
1447777259910217729
1447777262825259012
1447777262787518467
1447777265555628038
1447777268130992131
1447777272560173063
1447777275265519619
1447777275513081858
1447777297751236611
1447777299542286336
1447777300401950722
1447777301291175942
1447777301702365187
1447777311667916805
1447777311911206912
1447777313953824768
1447777327207702533
1447777331918090242
1447777334946189313
1447777339010519043
1447777346564493312
1447777351744503809
1447777352537214979
1447777354655404041
1447777358107197445
1447777363492704256
1447777363736023044
1447777367435321346
1447777371017211906
1447777374377025539
1447777376625041415
1447777377401163778
1447777377702985732
1447777379338838017
1447777383931596800
1447777387114942464
1447777389338152963
1447777390109863936
1447777393675063297
1447777397433061377
1447777399576223749
1447777400201359362
1447777403955302401
1447777406366801920
1447777415191748610
1447777419004465158
1447777421978181634
1447777422078738433
1447777423655768067
1447777427174969347
1447777427413995522
1447777435055902722
1447777435865415680
1447777436029050880
1447777438285639683
1447777441724862464
1447777445978025984
1447777445982048257
1447777447097872391
1447777460657917953
1447777461270302724
1447777466911641602
1447777467754860545
1447777470359425029
1447777472523739136
1447777473505251329
1447777473949798401
1447777476168536067
1447777480874479618
1447777482103353345
1447777482527100930
1447777483927920644
1447777485999915012
1447777488415907842
1447777489044967439
1447777495701467139
1447777495718121480
1447777497324478469
1447777497836261379
1447777498549211143
1447777500428324864
1447777501749600256
1447777504618557441
1447777504907857929
1447777506166284288
1447777509559480325
1447777510238814211
1447777511128055815
1447777510729687042
1447777512239497218
1447777513288003584
1447777514500378627
1447777514617724932
1447777526445531137
1447777532497989632
1447777532703428611
1447777542086213634
1447777543117946881
1447777544749596673
1447777545139671040
1447777548704813056
1447777549338173445
1447777549506027524
1447777550374084609
1447777551372337153
1447777553167486983
1447777553616306180
1447777555633750022
1447777557894492167
1447777559312171010
1447777561035956226
1447777563535892480
1447777563770642438
1447777564504719360
1447777571429625859
1447777573736439810
1447777575946756103
1447777577305837568
1447777578161475587
1447777579939860480
1447777588416557056
1447777589154783234
1447777589456744455
1447777590924623874
1447777597996232711
1447777603029327875
1447777608322666501
1447777609941540874
1447777610570817541
1447777612818911232
1447777614039560195
1447777621174018053
1447777624965763072
1447777629214412807
1447777638634901505
1447777639171702794
1447777643676545031
1447777645958139906
1447777646276919296
1447777646872510465
1447777650060242944
1447777654581702656
1447777659908415490
1447777668439621634
1447777668737511425
1447777670520086530
1447777674168979457
1447777674990997505
1447777679051268101
1447777681139908613
1447777681597030411
1447777685770579968
1447777686097563649
1447777689553747969
1447777692041060352
1447777693328678912
1447777699515322371
1447777704804294656
1447777707698409476
1447777709216735235
1447777709120163846
1447777713511702532
1447777716955197443
1447777717932503042
1447777723422846977
1447777724584456192
1447777727168274433
1447777728938143749
1447777729990959105
1447777730003709952
1447777730032975872
1447777731370840067
1447777732339798019
1447777734680367105
1447777743282884611
1447777744025227266
1447777748328476672
1447777756008361985
1447777759128813570
1447777760169103360
1447777760949145605
1447777764019478529
1447777764438908931
1447777765273399304
1447777771271327745
1447777773213339649
1447777777021857792
1447777781270474752
1447777784189833224
1447777785938853892
1447777786752499712
1447777786983223303
1447777793408913409
1447777796697178116
1447777797087318019
1447777798454644736
1447777799721431040
1447777801176817664
1447777802774880258
1447777803189981186
1447777804272164867
1447777814204358656
1447777821141524481
1447777821279981576
1447777821728796675
1447777822001487872
1447777827315671046
1447777829878390787
1447777840791961602
1447777842264256513
1447777843300163584
1447777843857944578
1447777844877152262
1447777847813165056
1447777848803082241
1447777850518474756
1447777851156074496
1447777853043585026
1447777855136583692
1447777856579411969
1447777858743685121
1447777861180424198
1447777862631706626
1447777866486276098
1447777871737409536
1447777875382321160
1447777878859345923
1447777880134590464
1447777880251924481
1447777881019518976
1447777886786756611
1447777887470374913
1447777891757039618
1447777891899555841
1447777892398731265
1447777893443006468
1447777893891837954
1447777894554427398
1447777896462946308
1447777896831991812
1447777898920755202
1447777903878369280
1447777904910348289
1447777912023883779
1447777913630302211
1447777916293685254
1447777919359668225
1447777923662893061
1447777924141096982
1447777924808069120
1447777933830066178
1447777936048754699
1447777936115965952
1447777936501661697
1447777937776791556
1447777940045905920
1447777942830997506
1447777945469161473
1447777948426072067
1447777953002266624
1447777953962725377
1447777961223102465
1447777969154318339
1447777970282799106
1447777975030534146
1447777975047438337
1447777982161035268
1447777988288946178
1447777989383577601
1447777990796976133
1447777992852348929
1447777998489407488
1447778002314596353
1447778005464408065
1447778005800083459
1447778006378844160
1447778009113628672
1447778014633279489
1447778014612307971
1447778020102602761
1447778020111044609
1447778022426218500
1447778026998087680
1447778030806573056
1447778031662026759
1447778032421257224
1447778039727734785
1447778040872726528
1447778041833398282
1447778042605187073
1447778043355799560
1447778049101942784
1447778053355147271
1447778053954760710
1447778054877552641
1447778056538673153
1447778059025883137
1447778059734720514
1447778062087581709
1447778062188220420
1447778064159571973
1447778064218398720
1447778065350811648
1447778066344906754
1447778067393306630
1447778069045936136
1447778069884719107
1447778070849597442
1447778072401432579
1447778074548965380
1447778076490756099
1447778079309500416
1447778080282628102
1447778082257924102
1447778084342489088
1447778086250901510
1447778086330720262
1447778088889192450
1447778090675965956
1447778096216567814
1447778096191574017
1447778100167602180
1447778100805128196
1447778104617750529
1447778104638853121
1447778106412994563
1447778106576551938
1447778106606071809
1447778112662507524
1447778120434606085
1447778122879938560
1447778123458613254
1447778125455052801
1447778125480345601
1447778128718356483
1447778132690407424
1447778136427483142
1447778136645509122
1447778137295654913
1447778138285481990
1447778141359906817
1447778141565382659
1447778148158902272
1447778156249821184
1447778163296112645
1447778164407562240
1447778165468848128
1447778165946916867
1447778169201774593
1447778169533173763
1447778170023800834
1447778170304962567
1447778173085622272
1447778175015075845
1447778176659230720
1447778176466182145
1447778189493821440
1447778190542376960
1447778192270536707
1447778199341973506
1447778203133751298
1447778203339087873
1447778211014709251
1447778211794931715
1447778214009401344
1447778215653777408
1447778216253566976
1447778221118812162
1447778222121226246
1447778228588875780
1447778229981491200
1447778236071612417
1447778238965633025
1447778239208820738
1447778240463085568
1447778245131132928
1447778253209587713
1447778253628850183
1447778257307377666
1447778257982693377
1447778261413531651
1447778263493971968
1447778267939938305
1447778269089181706
1447778272998211587
1447778274675937280
1447778276634767361
1447778277318352897
1447778280057319424
1447778280665493507
1447778280585801731
1447778283408531458
1447778285103026180
1447778288047296512
1447778290341761026
1447778291591499778
1447778291625050113
1447778292820582400
1447778294561050627
1447778296800825349
1447778300957544448
1447778303549575169
1447778304812068868
1447778305709682688
1447778306829344772
1447778309098463234
1447778312215056384
1447778313670438914
1447778315956195328
1447778322935545857
1447778342166429701
1447778343290556421
1447778343990939653
1447778349581996033
1447778354078359554
1447778355911270402
1447778356112633857
1447778359329673219
1447778363481813002
1447778364987781121
1447778367185383432
1447778370813575169
1447778373372100612
1447778373552508936
1447778377897742340
1447778378837381125
1447778379126562819
1447778382222020610
1447778385573203970
1447778388182142986
1447778388161277953
1447778389494956034
1447778392334643201
1447778393315889156
1447778397057396737
1447778399108411394
1447778402082062337
1447778404284076032
1447778405194289159
1447778407333306376
1447778411582132224
1447778416619630592
1447778417194176512
1447778417773006861
1447778425507352576
1447778425784213504
1447778426312552448
1447778426945822722
1447778427025559552
1447778427268833280
1447778428212559875
1447778430976622593
1447778433384304642
1447778434298568705
1447778436164902913
1447778446860447748
1447778451549786113
1447778454640934912
1447778459564994560
1447778460303298565
1447778460571635712
1447778460668239875
1447778467593003012
1447778467609649153
1447778475658518533
1447778482172334083
1447778483632021507
1447778486538555393
1447778489260642305
1447778491768840195
1447778492205125633
1447778495355043845
1447778498299396104
1447778500446851084
1447778502208630785
1447778504993480704
1447778512895713283
1447778518146891776
1447778524044070912
1447778525751259146
1447778530910093313
1447778531866415108
1447778532160016384
1447778533808422914
1447778535557509121
1447778537604321282
1447778539101511688
1447778541886754817
1447778544701124612
1447778544956829696
1447778548131958787
1447778549989974021
1447778553844617218
1447778553999855617
1447778555102998529
1447778558508781570
1447778559364407297
1447778561486585856
1447778563692720132
1447778564733116419
1447778564842078212
1447778567668916225
1447778570131152897
1447778572098105347
1447778574866468865
1447778579362762759
1447778582772678661
1447778583880077314
1447778586732089351
1447778588191707136
1447778591178215427
1447778594005008386
1447778594848133125
1447778595628331012
1447778596475400192
1447778597855383556
1447778599751221254
1447778602469187584
1447778603454840834
1447778604432035840
1447778604725805057
1447778606508294147
1447778608659918850
1447778612195864579
1447778614532055049
1447778615463079940
1447778618537431043
1447778620337008640
1447778621091897346
1447778621414952962
1447778624564727818
1447778625508495363
1447778633490190337
1447778633683062785
1447778637961318402
1447778638603202560
1447778639752351745
1447778643560828933
1447778649092935680
1447778650720403460
1447778651119013888
1447778653606195202
1447778656227561473
1447778659188686849
1447778660019101697
1447778660581187592
1447778660749037569
1447778664624517126
1447778665455050753
1447778667447341056
1447778667807981568
1447778674447634432
1447778676053987333
1447778677010305028
1447778681397473281
1447778683620667394
1447778684207702017
1447778686703259653
1447778687131131910
1447778690121682948
1447778692348870656
1447778698179055616
1447778699172978695
1447778705993093120
1447778706240327683
1447778708262043651
1447778708476080128
1447778708593446914
1447778712452165638
1447778712829640705
1447778712900935680
1447778713077051392
1447778713458728960
1447778715505594375
1447778717321744387
1447778720773668866
1447778727052517378
1447778728201830400
1447778731414724609
1447778732341710850
1447778736468897794
1447778743217426432
1447778747470467074
1447778747642363904
1447778747818643462
1447778757004066825
1447778757469683714
1447778758648156160
1447778759965294593
1447778767649353735
1447778770757341187
1447778771113676805
1447778772166615047
1447778775320567812
1447778780743880705
1447778781947580416
1447778784053129216
1447778784237785089
1447778791955255298
1447778797508444165
1447778798091505664
1447778799299481601
1447778800801026048
1447778803913166851
1447778805758767104
1447778807889367040
1447778808199798784
1447778808275378176
1447778814801625093
1447778817037123593
1447778818337296389
1447778819415232513
1447778820883300360
1447778821285965827
1447778822904893442
1447778823261638656
1447778824435814406
1447778836037476354
1447778836171657219
1447778836708528129
1447778840835620869
1447778840999186436
1447778844908294144
1447778844946010113
1447778845097037824
1447778849844961281
1447778860645294080
1447778864034238464
1447778868333473797
1447778869893902338
1447778870011256832
1447778872280424448
1447778877909127171
1447778882719928324
1447778883168837633
1447778886415093765
1447778890659868673
1447778895869140992
1447778896145829889
1447778896447823874
1447778896842145796
1447778897513226244
1447778898033487873
1447778898893279234
1447778909907423237
1447778914823200770
1447778918220587008
1447778919805902848
1447778920418267139
1447778924000280576
1447778925665570816
1447778927464919043
1447778928563720196
1447778930317041666
1447778931143217154
1447778936209948676
1447778946192273414
1447778946590904323
1447778950705401861
1447778952626327552
1447778967747010560
1447778982846509068
1447778983924273156
1447778984968609798
1447778989158780929
1447778991507709952
1447778997501403139
1447778998499438592
1447778997950197760
1447779002551205890
1447779007651528705
1447779008280674304
1447779010604371968
1447779012416196613
1447779013980733441
1447779018372091906
1447779018942697472
1447779028862128130
1447779034864099331
1447779034931232771
1447779036378271745
1447779037007413249
1447779040207650819
1447779042820771844
1447779044595048448
1447779046557773827
1447779048449531906
1447779062093541382
1447779066770116613
1447779068523339776
1447779069576294402
1447779071539261445
1447779076349984772
1447779078790995971
1447779080250793988
1447779081471369216
1447779084780539912
1447779091243941890
1447779091709509637
1447779097678004230
1447779100538593282
1447779102157647872
1447779104669900801
1447779112223870980
1447779113645785092
1447779114144841733
1447779115784826886
1447779119773765638
1447779124899110912
1447779128304799746
1447779128661266437
1447779129764368389
1447779138777993220
1447779139327516675
1447779148995313666
1447779149960019968
1447779150236774404
1447779150928875521
1447779153160331266
1447779157887184899
1447779157967089664
1447779160038969344
1447779167135678466
1447779167257260033
1447779173116747786
1447779178372165643
1447779180045762563
1447779180054134786
1447779183036403712
1447779189722079232
1447779190305173506
1447779191454420994
1447779192649785347
1447779195661078530
1447779202284072963
1447779202292355073
1447779207212318722
1447779208151719938
1447779210039218179
1447779219958910977
1447779233590243329
1447779234060120068
1447779241001558020
1447779241995685895
1447779252187766785
1447779254800896001
1447779256390483971
1447779258475196417
1447779260366610433
1447779263680335877
1447779265022513155
1447779265131335680
1447779265173278725
1447779268860198913
1447779269099282435
1447779273071161352
1447779275374047233
1447779278276399110
1447779280742600708
1447779281891958789
1447779283615813633
1447779284748099585
1447779285931020293
1447779286119698433
1447779289697378312
1447779293078061058
1447779294827012099
1447779295129182208
1447779303010099204
1447779308596961303
1447779309410607107
1447779309800894464
1447779316171935744
1447779317543473154
1447779320399745029
1447779328163463168
1447779332320108548
1447779333741809666
1447779336598261770
1447779340775657475
1447779342642188288
1447779343128829953
1447779343585923075
1447779344290484229
1447779344869384192
1447779347603939328
1447779347830501377
1447779348723929094
1447779348694536197
1447779353102716928
1447779353371168768
1447779353769746433
1447779355158106114
1447779360660992000
1447779365144629249
1447779369380950017
1447779370131603461
1447779368994967556
1447779371004030977
1447779374388809728
1447779374279938050
1447779383939190784
1447779385252073472
1447779387416272898
1447779391589605377
1447779398501892099
1447779400431198210
1447779401991479298
1447779405795893248
1447779408031404033
1447779412045283334
1447779413777469442
1447779418609315841
1447779422380101634
1447779423441276928
1447779425324388358
1447779427190902793
1447779428633825281
1447779431074779141
1447779430990970880
1447779435323617281
1447779444546949133
1447779444513460224
1447779444786032642
1447779451719225344
1447779459415920645
1447779460615479297
1447779461718478853
1447779461965955074
1447779463845003267
1447779464306257924
1447779465870909447
1447779466101489666
1447779467812765700
1447779468278263815
1447779475815636994
1447779476566388737
1447779478130860032
1447779488721522695
1447779492768911361
1447779493754458113
1447779494580862977
1447779498435485699
1447779498464882692
1447779499542786049
1447779498930237440
1447779501040193541
1447779502931730432
1447779508002643969
1447779511836164111
1447779512331038727
1447779513417359360
1447779513237000199
1447779514507874307
1447779520463859713
1447779521298513925
1447779523307597829
1447779523945132038
1447779538621108233
1447779539199795200
1447779539858309122
1447779542152761345
1447779546481283075
1447779549857697797
1447779550625140738
1447779551287947268
1447779552298557441
1447779554907414532
1447779560813207558
1447779567171690496
1447779568186658823
1447779570120204295
1447779574889209857
1447779575996379136
1447779580463308800
1447779582187343874
1447779583214882816
1447779590408130560
1447779591565709312
1447779592089968643
1447779595999236100
1447779599467876352
1447779600302477313
1447779602269544457
1447779606845538308
1447779607713763330
1447779608275734530
1447779611459276802
1447779612499525635
1447779612549738505
1447779613808209926
1447779615347384323
1447779616358240259
1447779618858143747
1447779622574190600
1447779634419060742
1447779635865927682
1447779641004077061
1447779645810565121
1447779654174081025
1447779655923109894
1447779656992690181
1447779658020184064
1447779658695680000
1447779660595597316
1447779661144944642
1447779661811896326
1447779661862346753
1447779664013893636
1447779666534797318
1447779673526743043
1447779676735344643
1447779676974247937
1447779678610202628
1447779680719974401
1447779688596885505
1447779691016830979
1447779691641851905
1447779693411778561
1447779695752200192
1447779697002102786
1447779697400717315
1447779702152835072
1447779710751150083
1447779719642968067
1447779721102520322
1447779722096566285
1447779724961501186
1447779726559416323
1447779726983143425
1447779731269578752
1447779732741894147
1447779736365633542
1447779736978030592
1447779737753952259
1447779739691675650
1447779740341784578
1447779740731920386
1447779741122154496
1447779751129608196
1447779757324750854
1447779761804099586
1447779767030325250
1447779768254943232
1447779772298268674
1447779773296435200
1447779775012036610
1447779776194744329
1447779780447784960
1447779781060149251
1447779785925709824
1447779790035906560
1447779794419060736
1447779796713361409
1447779797136920581
1447779805152358401
1447779806251298817
1447779806427365376
1447779806838341632
1447779810927915011
1447779819752656896
1447779820163764224
1447779820490821636
1447779821220777984
1447779821799489536
1447779822353227778
1447779827822612482
1447779830930440195
1447779832750755840
1447779835925995521
1447779839356899329
1447779841911238657
1447779852031913990
1447779856654110721
1447779865806004228
1447779866976337920
1447779871476887555
1447779872768659460
1447779883141173248
1447779884328095747
1447779887784374272
1447779888585400325
1447779889566806017
1447779889470377984
1447779891789791239
1447779891714289665
1447779896604962821
1447779897095696384
1447779898177867781
1447779900417527812
1447779903663968256
1447779906075734020
1447779912358764544
1447779913960857601
1447779913759531008
1447779917945446406
1447779927797886977
1447779933271429121
1447779934076866563
1447779943279120385
1447779947204923400
1447779948060680194
1447779948832301077
1447779948962271234
1447779949864263680
1447779954519797762
1447779958127013888
1447779968419700740
1447779968587423746
1447779970575597571
1447779973515780100
1447779979232645125
1447779980402847744
1447779980570767366
1447779985041727488
1447779992834699269
1447779997004009475
1447779998425772036
1447779999180673028
1447780005107286018
1447780005673672714
1447780008265662465
1447780008672571394
1447780012883681280
1447780013647056896
1447780015513419776
1447780016385708040
1447780016398295049
1447780016582918145
1447780017912500226
1447780018948489218
1447780024107487232
1447780026028494849
1447780026821197826
1447780029249716225
1447780037646819332
1447780039064391683
1447780039945191424
1447780041413185538
1447780044777078784
1447780048434434055
1447780048719818755
1447780058542845953
1447780069271822336
1447780070395944962
1447780073105412096
1447780075479318533
1447780075647090689
1447780079816355845
1447780080399257603
1447780081607213056
1447780082144010243
1447780086778716163
1447780090784337920
1447780093573488647
1447780093829345287
1447780094555140101
1447780102725455874
1447780103312793600
1447780103195344897
1447780105833615360
1447780106588626947
1447780106693316612
1447780109621006336
1447780109654581249
1447780110396846083
1447780114041741314
1447780115019096064
1447780121092366338
1447780128902324226
1447780129220988928
1447780130848264192
1447780134833033216
1447780141103452161
1447780142219153409
1447780145440382978
1447780148388843521
1447780148800073730
1447780149253091330
1447780152209915904
1447780158249869315
1447780161475072000
1447780164721541122
1447780167905001475
1447780172560744450
1447780181066743810
1447780181804978179
1447780191577780224
1447780195209990144
1447780197575573505
1447780203212808192
1447780203493683201
1447780212838596611
1447780224729587717
1447780226583388164
1447780229846556673
1447780231457148933
1447780234699239425
1447780245197701123
1447780245688422410
1447780247324266501
1447780252009123846
1447780253418463232
1447780253284323332
1447780253812756483
1447780254899220480
1447780256878772226
1447780258258698242
1447780261102383105
1447780262583029765
1447780266286587904
1447780269453418497
1447780271835815940
1447780284922056704
1447780288680050690
1447780293369384961
1447780296233926660
1447780301321785344
1447780303393619970
1447780305230729217
1447780307411816448
1447780311174049799
1447780316567916556
1447780317457227776
1447780319898202120
1447780326407749634
1447780327422717954
1447780333458391041
1447780336398573569
1447780341599506432
1447780348754944004
1447780351842013188
1447780352479531008
1447780352173359105
1447780357579816961
1447780358678790146
1447780360322830344
1447780364617846785
1447780366752915458
1447780368006795269
1447780371475619840
1447780386831020034
1447780386956881923
1447780386893819907
1447780387443200004
1447780392333762561
1447780393491603456
1447780405239746560
1447780408339410947
1447780409958297604
1447780410134605829
1447780416669175817
1447780417147478022
1447780419533873156
1447780419714174979
1447780420096086020
1447780425691123716
1447780425837936642
1447780435858132993
1447780438672482307
1447780440505556992
1447780448671784967
1447780455646961664
1447780464425455621
1447780465184624641
1447780471178506247
1447780476505178117
1447780476828143619
1447780481236279298
1447780482213576704
1447780484457582593
1447780486097612802
1447780490056921088
1447780491730374660
1447780491961110530
1447780492799983619
1447780497510133761
1447780498172899328
1447780499011768320
1447780500450516993
1447780503986352132
1447780504502104064
1447780507714981890
1447780511263326208
1447780512064491522
1447780527088435203
1447780527197626372
1447780529550467072
1447780530297061381
1447780539641962503
1447780546705190912
1447780547409944577
1447780552673677314
1447780562949718017
1447780563516014592
1447780566808547332
1447780576392400899
1447780577885581319
1447780579739516936
1447780579668230149
1447780581010407430
1447780584659451907
1447780585175281664
1447780592897036294
1447780594415452160
1447780595937857544
1447780601516331011
1447780604804669441
1447780609863024642
1447780614585860099
1447780616536264709
1447780630037733377
1447780629920190468
1447780631337783298
1447780632097173505
1447780632503930883
1447780632722092034
1447780642436026373
1447780644436602881
1447780648010256387
1447780649260097536
1447780650384297985
1447780652108165120
1447780657866936320
1447780660727500800
1447780661981372419
1447780662472175620
1447780663797719041
1447780669401219076
1447780670604906500
1447780670806368258
1447780674300121088
1447780674207948803
1447780679391932417
1447780684882489345
1447780685737959426
1447780687696723970
1447780689345015810
1447780692910354440
1447780698111184898
1447780703639199744
1447780707699363844
1447780709737779202
1447780729715412992
1447780731690766338
1447780733083283456
1447780736249970689
1447780736145240065
1447780738133233664
1447780739588763648
1447780740041633802
1447780750766530560
1447780755308826624
1447780759599828992
1447780761466286083
1447780762464436229
1447780762699407360
1447780763991089152
1447780766780469251
1447780774393044996
1447780775781302273
1447780780202151939
1447780784367099904
1447780795414810626
1447780795515424768
1447780799080800256
1447780800129236997
1447780800599056385
1447780802889011209
1447780804344619011
1447780804440981505
1447780812447956992
1447780827257966595
1447780827278962689
1447780829074239488
1447780830059786245
1447780830898761728
1447780834661044228
1447780838939054086
1447780848967712768
1447780850624512002
1447780859252199427
1447780860854374410
1447780861420740611
1447780875349995520
1447780883700850690
1447780894685728770
1447780895906156546
1447780900171747330
1447780900536668160
1447780903208439811
1447780903971803141
1447780904252809217
1447780907893641220
1447780909235773443
1447780917670395909
1447780921491345408
1447780928403775489
1447780934133104640
1447780937446604800
1447780938939650053
1447780943176024067
1447780943645724674
1447780949966528515
1447780953724575745
1447780955448647686
1447780957419880454
1447780957499518976
1447780972892721153
1447780984829607942
1447780986155061249
1447780987115655168
1447780989745434626
1447780996657475584
1447780998599618561
1447780999711137794
1447780999681789952
1447781003318251525
1447781010473508866
1447781011778007043
1447781013585862658
1447781014973992963
1447781023543083010
1447781030539063296
1447781031646359556
1447781039573770242
1447781046393585664
1447781048826224642
1447781057055666181
1447781057642647558
1447781058796265472
1447781061476294658
1447781061975490560
1447781063858786304
1447781064391462912
1447781069625774082
1447781077930577924
1447781083517308928
1447781084763238401
1447781086680031237
1447781086948249601
1447781092543565825
1447781093092966402
1447781095219421188
1447781098637996032
1447781106376265730
1447781108762832897
1447781111145406464
1447781115360686081
1447781116157562883
1447781118384623617
1447781120603566082
1447781120959991809
1447781122151104515
1447781122683793416
1447781128266338306
1447781132343431169
1447781135631597572
1447781136642371589
1447781136667529216
1447781138185932810
1447781139851235328
1447781145182044162
1447781152111071237
1447781152887123971
1447781153205723139
1447781158612176897
1447781162915610627
1447781164790468609
1447781167575429123
1447781167994793987
1447781170389913601
1447781175326609408
1447781183274815491
1447781183635349512
1447781187813056515
1447781190883184642
1447781191961120768
1447781195878748163
1447781200731443200
1447781207119302656
1447781207085776899
1447781208344211457
1447781208725852160
1447781209040359432
1447781215478550531
1447781218599190530
1447781218808778754
1447781219945664513
1447781223808389120
1447781223435313153
1447781231547015170
1447781235548311556
1447781240426356736
1447781242980560902
1447781243731562504
1447781249792286724
1447781250207412225
1447781252287901700
1447781258042363907
1447781258252140547
1447781258390609923
1447781265294327811
1447781266753982465
1447781267693518851
1447781270830809089
1447781273930375174
1447781274567933959
1447781275507462147
1447781280188411908
1447781282738491394
1447781282520391683
1447781283778674689
1447781295128522752
1447781295950639105
1447781310613819392
1447781314749292544
1447781315550580737
1447781316280213506
1447781319765811201
1447781319920865284
1447781324442398721
1447781324970815492
1447781325415477252
1447781332336009222
1447781334730952704
1447781334953328642
1447781335880192002
1447781344172552195
1447781346584240129
1447781347171340292
1447781352628232192
1447781357762060289
1447781358143623170
1447781359548657671
1447781362639851523
1447781367190720517
1447781372450328577
1447781380398751747
1447781382122455040
1447781382571413506
1447781382621597696
1447781384026722304
1447781387268857856
1447781387491102723
1447781393119973376
1447781396014006279
1447781396563611651
1447781396894920712
1447781409515573250
1447781410333364224
1447781412715773952
1447781414540234756
1447781418352799747
1447781424782721030
1447781428004102144
1447781434182094854
1447781434295394307
1447781436757614592
1447781439915843586
1447781441623019520
1447781443707424768
1447781450426818562
1447781452788027395
1447781457477341189
1447781471716999172
1447781471800987650
1447781472711200772
1447781473159979010
1447781474338414593
1447781474699079680
1447781476389564416
1447781477463191552
1447781477773504514
1447781478528655368
1447781479853879296
1447781483897409537
1447781485927337985
1447781491736383490
1447781492558635009
1447781494450126852
1447781501978886145
1447781504822566912
1447781510107602944
1447781512267530242
1447781514154893314
1447781514322669573
1447781515203653633
1447781518047432710
1447781522547757060
1447781524229668866
1447781528285626373
1447781529237733376
1447781530806337539
1447781535558496260
1447781536175099906
1447781536900820995
1447781538104430596
1447781538385514502
1447781541845819395
1447781545830273025
1447781547851935750
1447781550528122880
1447781552675491840
1447781555091374082
1447781563299778562
1447781565837185026
1447781570941571074
1447781577413496832
1447781580756250624
1447781581800685570
1447781581989367809
1447781583654584322
1447781588058578946
1447781591602847744
1447781592013803526
1447781592148193285
1447781598003449860
1447781598611525636
1447781602378063872
1447781609722232832
1447781617133662209
1447781620434538498
1447781626121895937
1447781627858350081
1447781631582953472
1447781643603873798
1447781651866652673
1447781657797345280
1447781662763458567
1447781662146838533
1447781668400422913
1447781669541273604
1447781677342736387
1447781681142722560
1447781681830760448
1447781683424415746
1447781683760037893
1447781684083138561
1447781684288516097
1447781685429370881
1447781686565957634
1447781689497899011
1447781691448307712
1447781695076265985
1447781696644861952
1447781696766623746
1447781700621291523
1447781703259361281
1447781708238032903
1447781719516401676
1447781720300957697
1447781720967684097
1447781725623488515
1447781726449717249
1447781731378028547
1447781732049108993
1447781735245119493
1447781735920324609
1447781735995953157
1447781752206860289
1447781752273969154
1447781756384468992
1447781759945363459
1447781760977100805
1447781761136709632
1447781766576570374
1447781767017029634
1447781769424502788
1447781773300092929
1447781775590125570
1447781775556718592
1447781777959837697
1447781778954010627
1447781785165774848
1447781787426594817
1447781790744207368
1447781791637585927
1447781795475435524
1447781795915657219
1447781797517934598
1447781801917751296
1447781802949685248
1447781810629275652
1447781812240101376
1447781812906905601
1447781817218650114
1447781818942599168
1447781821987491840
1447781823002591236
1447781828551581697
1447781828857892864
1447781830850072577
1447781832544727048
1447781833626750977
1447781840203522049
1447781847371554820
1447781867479085058
1447781877264355329
1447781880133156872
1447781883669057539
1447781885820608512
1447781886214955013
1447781893445935106
1447781894028816385
1447781904623685635
1447781918087520256
1447781920557895681
1447781926526455809
1447781928514596865
1447781931471433728
1447781942481588233
1447781949142183937
1447781950542934017
1447781951994171397
1447781955198541824
1447781958423961605
1447781958868733956
1447781965281824770
1447781967324319744
1447781968196870150
1447781968624693248
1447781970985906179
1447781974236610560
1447781974798704641
1447781979496321024
1447781984193945602
1447781985020121089
1447781989625458693
1447781990967697411
1447782007019384837
1447782007979786253
1447782009540055043
1447782010303520772
1447782017450582018
1447782017878278144
1447782018914258945
1447782021464473600
1447782023389753345
1447782032189366272
1447782032692572164
1447782036358324230
1447782041882271746
1447782045598552064
1447782051034255364
1447782051785048067
1447782059850747911
1447782062455410689
1447782067522072576
1447782075906641921
1447782083766669314
1447782088111915008
1447782088975998977
1447782091396161543
1447782091379326982
1447782096827678721
1447782098220118023
1447782101147787273
1447782103748210695
1447782105858011142
1447782108718637057
1447782110350041088
1447782115085467654
1447782115207168000
1447782117320970241
1447782118378000386
1447782118638211078
1447782123394330626
1447782128012333058
1447782131657154565
1447782133603258373
1447782137218748417
1447782139190145025
1447782141811646464
1447782142017253380
1447782141471952902
1447782142516334596
1447782144118382592
1447782147188826112
1447782157649252355
1447782164351918081
1447782166985797632
1447782168248274948
1447782168764174336
1447782170974633986
1447782181770866689
1447782183150706689
1447782183536451586
1447782188850679810
1447782191140769793
1447782191048675329
1447782198694842368
1447782207381250051
1447782209230827523
1447782211168702467
1447782212397580288
1447782218642853889
1447782225366376449
1447782226129604612
1447782233771757569
1447782234723868672
1447782247050854407
1447782252604059650
1447782254487343107
1447782265300336644
1447782268072693762
1447782268534067202
1447782270232928259
1447782273634508805
1447782278294245381
1447782281217593344
1447782284199796739
1447782289350356995
1447782290629615617
1447782299085443072
1447782301987848193
1447782303418093569
1447782304391196676
1447782307117555713
1447782307343974402
1447782309952901125
1447782312209305607
1447782314319122432
1447782318475599872
1447782320048533508
1447782320715415555
1447782320786788358
1447782321734635520
1447782332648333322
1447782332715487232
1447782344165756934
1447782347647053829
1447782348330778624
1447782350553763840
1447782355972894720
1447782382153572353
1447782389392891907
1447782389602607104
1447782392811376641
1447782393411162113
1447782396057640962
1447782406434533376
1447782410091855872
1447782412822487040
1447782413254365191
1447782413900271617
1447782419223007232
1447782419919159297
1447782420443373569
1447782421949128704
1447782423052181507
1447782424323166209
1447782426403491842
1447782432132849668
1447782434666340354
1447782438671769600
1447782440735490051
1447782442983690240
1447782443243745280
1447782445592449027
1447782448046034944
1447782448734117890
1447782448746532864
1447782449736474625
1447782452756238338
1447782453678993410
1447782457101664258
1447782458506702849
1447782460947718145
1447782465775431683
1447782467038023680
1447782471647449093
1447782475904782337
1447782487019622400
1447782489859178498
1447782491910144004
1447782500659433472
1447782511472521219
1447782511204048898
1447782514056118274
1447782516786712579
1447782517969408000
1447782518653132805
1447782521303797767
1447782529411411970
1447782533048020993
1447782537267273734
1447782538609500162
1447782538890469383
1447782538861219849
1447782541411422212
1447782541717610498
1447782543294533635
1447782544552841217
1447782545693691904
1447782547161694208
1447782547706953730
1447782549082759168
1447782559157342210
1447782561078386691
1447782562336739330
1447782574214897664
1447782575473414154
1447782581810909185
1447782590270918659
1447782590627209222
1447782592653238272
1447782592728633344
1447782596054716416
1447782596327268356
1447782596272865284
1447782596700786688
1447782611540054022
1447782616103542786
1447782616955068417
1447782618385117184
1447782630238347266
1447782632364806147
1447782642221346820
1447782642250883073
1447782647867088896
1447782653357330432
1447782656972767236
1447782661146267650
1447782663230615553
1447782672407810048
1447782680859398146
1447782684256841729
1447782686093819904
1447782686332911617
1447782686957920257
1447782686878093315
1447782692716572676
1447782693962461186
1447782694255874051
1447782695329693706
1447782695703035904
1447782699410673664
1447782699188375552
1447782702619316224
1447782712064897030
1447782712366878724
1447782713935728644
1447782723893043202
1447782725046476807
1447782725809807360
1447782726648705025
1447782729446166530
1447782731023220737
1447782731383861252
1447782738480697350
1447782743224381440
1447782748857323523
1447782760668618759
1447782761859850240
1447782763755491334
1447782764791705600
1447782766230360064
1447782767253540868
1447782769673662470
1447782770671906816
1447782771695362050
1447782774371340291
1447782775898189825
1447782778968420353
1447782785285074948
1447782785356345347
1447782795414171649
1447782796051763204
1447782800799637504
1447782802003476481
1447782803530137601
1447782816171888641
1447782818277253125
1447782819632140292
1447782819837718529
1447782821418782727
1447782821641089024
1447782822115254273
1447782823419473921
1447782823679590401
1447782828838690817
1447782829690138627
1447782830684135425
1447782834668666884
1447782839471149058
1447782843342536707
1447782843455717380
1447782847037718528
1447782846995832837
1447782847901626372
1447782848753135617
1447782849675943936
1447782852280549377
1447782858043580419
1447782860035874816
1447782866620932100
1447782868239986688
1447782869854736384
1447782872329461766
1447782874044841984
1447782877056274434
1447782877106634754
1447782880688607237
1447782886736744449
1447782888133562371
1447782890662596611
1447782891879116800
1447782897725886466
1447782899667722244
1447782905292500994
1447782907058089989
1447782907087446016
1447782910908669952
1447782917699260416
1447782918412197890
1447782926201065472
1447782929564901378
1447782942961438721
1447782949332598785
1447782955062120452
1447782960707497988
1447782961097547777
1447782962020368384
1447782963542781953
1447782969322528801
1447782970031497218
1447782970463510531
1447782978097143810
1447782978457726976
1447782979305152515
1447782983067385867
1447782983843422209
1447782990545756166
1447782991896322052
1447782997357383680
1447783009415991296
1447783011664089095
1447783015157944322
1447783019972943876
1447783022078615554
1447783026499358721
1447783033260679172
1447783033403228161
1447783034946613249
1447783035508822016
1447783036427415553
1447783038759309318
1447783041909334016
1447783044153229314
1447783046028017664
1447783048540344325
1447783052680200195
1447783053623906308
1447783059311505408
1447783061303664647
1447783062281068549
1447783064847880194
1447783066575929345
1447783066634698756
1447783068253646850
1447783069646209027
1447783075794931717
1447783098154848259
1447783100369543168
1447783102621765632
1447783104605736963
1447783107956936709
1447783111568330753
1447783120737128450
1447783127557054469
1447783132594245633
1447783138025951233
1447783138667556868
1447783138302824449
1447783138604642306
1447783145995005957
1447783148255809537
1447783151095492612
1447783155939696648
1447783158192115716
1447783159001600002
1447783163267362821
1447783164252852225
1447783177020325888
1447783179494969352
1447783193302626311
1447783193596207108
1447783196301484038
1447783203037581312
1447783204555935744
1447783204824309760
1447783207420633088
1447783207974445061
1447783210461454341
1447783217038127106
1447783219927998465
1447783223178809344
1447783225074466821
1447783228400541697
1447783229659000832
1447783238106222594
1447783249623670787
1447783249703489536
1447783254539526144
1447783258507206657
1447783260910723075
1447783271505580035
1447783271975165953
1447783273569169410
1447783284298043392
1447783291998937091
1447783293626191876
1447783297631887361
1447783299473031169
1447783299896782848
1447783300240580611
1447783302660714496
1447783312798322690
1447783312953511936
1447783314836783104
1447783315696615428
1447783318540349445
1447783321396776961
1447783326077661188
1447783337502724099
1447783338757009408
1447783339906113539
1447783342657523715
1447783349028798464
1447783349699825668
1447783356091961345
1447783357262278659
1447783357698297856
1447783361317982210
1447783365747347457
1447783368469458947
1447783374228103171
1447783376673509381
1447783379240243203
1447783382738477057
1447783383069696000
1447783383459840002
1447783387129950208
1447783392938901505
1447783393245106178
1447783395392638976
1447783396072202245
1447783397787537415
1447783398848618504
1447783404938825732
1447783407556206593
1447783409296842752
1447783412232642566
1447783413340119041
1447783417979015168
1447783422366138371
1447783425381785600
1447783432264683525
1447783433388707840
1447783436786167812
1447783439336448003
1447783447582359554
1447783455249534982
1447783458051330051
1447783458361593856
1447783461582868480
1447783461947727875
1447783465039056896
1447783469782745094
1447783470554566659
1447783472555245572
1447783475403231234
1447783475864485888
1447783485511389185
1447783487709200384
1447783489323995140
1447783489437409283
1447783492746502148
1447783515228102657
1447783518285746176
1447783520034717696
1447783525290291203
1447783527760625664
1447783528943529985
1447783529211830272
1447783535142588419
1447783535868317697
1447783536300199938
1447783539550924802
1447783539945050114
1447783542432284674
1447783544625905668
1447783548115509248
1447783556588220417
1447783558664253443
1447783564456574979
1447783567656820744
1447783569896714240
1447783570332811267
1447783573713473540
1447783580902608897
1447783587042918405
1447783593648877570
1447783597520392194
1447783598761840641
1447783599919419392
1447783600007442436
1447783600355639297
1447783603904131072
1447783606097567745
1447783617157996549
1447783635491434496
1447783636892151809
1447783637676699650
1447783640759427077
1447783640797167622
1447783643934601216
1447783646811799553
1447783650016235524
1447783652289564679
1447783664012734464
1447783664805302272
1447783667275755520
1447783669968551939
1447783672074149889
1447783675081359364
1447783676373176321
1447783677094612992
1447783680844435462
1447783681842688000
1447783683478392832
1447783693515329537
1447783694278828035
1447783696510054402
1447783707407011842
1447783709558591494
1447783710041026560
1447783716043071490
1447783721839566852
1447783723903057930
1447783725325066242
1447783727182999555
1447783727279509505
1447783729682735104
1447783731935207427
1447783731784159233
1447783734795816960
1447783738381848576
1447783745348530177
1447783746002845701
1447783748569755651
1447783755280650243
1447783757117734917
1447783758703173637
1447783759605030914
1447783760213196801
1447783762138443776
1447783762498965518
1447783762981445632
1447783764264771586
1447783765338726400
1447783766915620872
1447783768631115779
1447783793054584832
1447783795902476295
1447783803787776002
1447783813384376320
1447783816588718080
1447783820825141248
1447783823354183681
1447783826017554436
1447783833206722563
1447783833290428418
1447783843881181187
1447783845391212545
1447783850222968834
1447783866647957504
1447783867004465153
1447783884670881801
1447783890047930372
1447783892308557827
1447783894007177220
1447783896880488450
1447783897274601473
1447783903633321985
1447783903750668288
1447783905914884100
1447783909278707715
1447783910319009793
1447783910578921476
1447783914051825668
1447783918875275266
1447783928673226753
1447783931672137729
1447783931621691393
1447783937736994817
1447783942040420357
1447783943550480389
1447783944049549313
1447783946398408707
1447783947463757826
1447783953184657409
1447783956007448581
1447783957437763587
1447783960369577985
1447783961246121989
1447783970859585537
1447783972004577284
1447783976006045698
1447783978455351296
1447783983631245317
1447783986248433667
1447783989004017666
1447783989591244800
1447783991562604548
1447783994666504196
1447783995526238209
1447783996876808203
1447783997560426499
1447783999472951297
1447784002115440644
1447784003025739777
1447784004841844739
1447784005768826880
1447784007454887938
1447784013498753027
1447784020327092225
1447784020390125568
1447784021807624192
1447784023791702018
1447784025138114562
1447784027189092354
1447784032100519938
1447784033442742272
1447784040778506243
1447784040912748546
1447784048022020097
1447784048571686913
1447784052354736128
1447784053357359104
1447784056255549440
1447784068897144839
1447784069165502464
1447784085074571270
1447784091420659714
1447784095535308803
1447784097791700992
1447784098026586123
1447784099964284929
1447784102317395968
1447784113679699968
1447784120092790785
1447784123318349826
1447784123502837760
1447784124756881409
1447784127286038531
1447784129949577218
1447784131899715585
1447784131702575106
1447784133325836291
1447784133426483207
1447784139910963201
1447784140225404935
1447784141425098755
1447784143220322306
1447784147485814790
1447784149704708097
1447784151768125440
1447784154406469633
1447784155056467970
1447784155916300288
1447784156025561089
1447784161280937984
1447784165139746817
1447784167446437890
1447784170814459911
1447784174966886400
1447784175302373379
1447784176585957382
1447784182235738117
1447784183317864452
1447784193031823361
1447784197439967232
1447784198803050498
1447784199327559680
1447784200300425219
1447784200321470464
1447784202590584837
1447784204939444228
1447784208252821506
1447784208345100295
1447784209297420289
1447784215211171840
1447784220949159941
1447784222442328064
1447784238586155008
1447784248048504834
1447784249390632960
1447784253333417987
1447784254461530114
1447784255988269056
1447784257271721985
1447784258433597440
1447784259561799682
1447784263596773379
1447784265463123970
1447784273541541888
1447784277064646658
1447784278545293312
1447784285113569280
1447784290926858243
1447784295347605507
1447784300037001217
1447784299906752514
1447784300825485318
1447784303157460993
1447784304486981633
1447784309402836993
1447784312602972160
1447784317011128322
1447784320769269765
1447784324384890883
1447784333448663044
1447784334602252289
1447784344165179393
1447784348640583680
1447784351450624000
1447784352520212483
1447784353258344449
1447784357981265920
1447784359390584834
1447784361324015618
1447784363060568066
1447784363517616129
1447784368433360899
1447784371860160512
1447784375207161860
1447784383293820928
1447784386951143424
1447784393804697600
1447784393888645121
1447784393796304897
1447784399513296900
1447784402491109378
1447784403501912065
1447784412540653572
1447784412784041985
1447784417016025090
1447784419117256705
1447784421457793029
1447784421680156674
1447784423181537280
1447784425530425344
1447784432841150466
1447784433768181760
1447784435739410435
1447784441812824066
1447784442710224902
1447784442748092424
1447784447512829952
1447784451887480835
1447784452529147906
1447784456949927939
1447784457415528448
1447784464390791169
1447784466215227396
1447784467607719939
1447784470107475968
1447784472577986560
1447784474503168003
1447784480547213313
1447784482715709441
1447784487820144642
1447784488419815425
1447784489363574788
1447784490265296898
1447784490408058882
1447784492475822080
1447784506765688833
1447784511257915393
1447784513392812039
1447784520405585928
1447784520569131009
1447784521990950913
1447784528450260992
1447784529175855106
1447784529297612809
1447784529264054272
1447784538474618880
1447784539418284033
1447784539649032193
1447784539657420800
1447784541343686661
1447784547601448963
1447784548276842501
1447784550256500736
1447784552437530628
1447784552500318210
1447784553427320833
1447784553418878979
1447784554672971778
1447784556942307330
1447784558112296960
1447784559915896837
1447784560477888513
1447784562482978817
1447784563162427392
1447784568765943809
1447784570867224578
1447784579281014788
1447784590429589506
1447784594305073153
1447784596007841793
1447784599661137925
1447784600315457540
1447784601741500420
1447784602043621377
1447784602651791362
1447784605877030914
1447784619160473602
1447784635333705729
1447784636881510404
1447784637166653442
1447784642380120064
1447784643575443461
1447784645282516992
1447784649485324294
1447784651318308867
1447784651624308739
1447784656808591360
1447784666623356928
1447784669865394178
1447784670247202823
1447784679315148802
1447784681995374594
1447784685472522242
1447784683765387266
1447784688484036610
1447784689079521280
1447784689725440001
1447784692879667202
1447784692854448130
1447784693693394944
1447784698923548677
1447784704606883847
1447784704820723720
1447784706376802307
1447784708574617603
1447784710327836676
1447784716434821126
1447784717915394048
1447784720931119105
1447784724735401985
1447784725419003905
1447784729122537473
1447784731924385792
1447784739910393862
1447784744221958147
1447784750685376516
1447784751071260674
1447784754502328323
1447784758352752644
1447784758377857024
1447784759820705796
1447784760294748162
1447784762035298304
1447784767114694656
1447784772718239746
1447784775503257600
1447784776685981696
1447784779068305408
1447784783803736075
1447784786135707652
1447784787209441281
1447784788249640961
1447784788941705228
1447784799502942212
1447784800518017025
1447784805018390528
1447784806562021377
1447784807111536646
1447784812727742469
1447784826866569217
1447784829097963520
1447784829848748041
1447784835137748993
1447784835519451142
1447784839525150722
1447784839680196610
1447784842679160833
1447784848916107265
1447784849851535362
1447784850853822468
1447784860622327811
1447784862799171593
1447784867945648134
1447784869019492352
1447784877454082048
1447784877575884804
1447784880012546050
1447784880633376775
1447784889751728130
1447784889672101888
1447784893140795400
1447784895036669954
1447784899843395588
1447784900854108162
1447784903899189255
1447784906847780868
1447784909645430784
1447784910635347968
1447784910756974592
1447784914028478468
1447784916654063620
1447784918025527298
1447784919577600000
1447784919631941633
1447784919988518913
1447784920043061248
1447784925193592835
1447784926141579267
1447784926779113472
1447784931569065987
1447784932357595136
1447784937772306432
1447784938049257473
1447784949348720641
1447784950837567491
1447784954801311748
1447784959977013252
1447784961231052800
1447784968634179584
1447784973797261317
1447784976720691201
1447784981493796864
1447784988787707908
1447784995003592704
1447784996614258692
1447784996656320513
1447784996773711874
1447784996702457862
1447784997507715074
1447784997906042880
1447785002922512388
1447785004780568577
1447785006663966722
1447785007917854721
1447785014360477699
1447785020446420999
1447785020588920839
1447785020651761668
1447785022732242946
1447785024317702144
1447785027660509184
1447785029510254594
1447785038494371843
1447785043338932225
1447785045104594946
1447785047902150657
1447785048661377028
1447785050238488577
1447785052637589508
1447785067699449856
1447785071453216770
1447785073621798912
1447785080152330240
1447785081381163010
1447785084782710784
1447785084896129025
1447785085621751808
1447785091971878912
1447785093100183552
1447785096182845440
1447785096396910597
1447785096459784192
1447785100356173825
1447785101719449606
1447785102092734465
1447785105720692736
1447785115543769090
1447785121336102914
1447785123303153666
1447785123278036995
1447785123496218626
1447785124725022723
1447785125924777986
1447785127963025411
1447785127954853889
1447785128734777345
1447785133575114758
1447785136506884096
1447785136691499010
1447785140407595015
1447785144014622727
1447785145818308615
1447785148271890432
1447785149396029440
1447785157390262276
1447785157683859459
1447785161592954885
1447785163769876481
1447785163895685122
1447785164722032649
1447785166303371264
1447785169746743297
1447785178819018753
1447785189250252800
1447785190479122434
1447785193822064642
1447785194497314816
1447785198154825733
1447785204177793024
1447785206698496001
1447785209307426823
1447785211429720069
1447785211899506689
1447785214910951425
1447785218157551617
1447785225321209858
1447785229243011075
1447785229792407553
1447785232841654274
1447785239607054336
1447785239720312834
1447785240911495169
1447785243038076932
1447785248809369603
1447785251216842756
1447785253079330817
1447785258355548160
1447785268703113218
1447785274772127744
1447785277561339904
1447785278735720448
1447785279482253312
1447785285421441024
1447785295064272899
1447785299728293891
1447785306304905230
1447785313976340483
1447785314165014530
1447785315956109314
1447785320666189830
1447785322159300608
1447785325447852032
1447785328153092098
1447785331953184770
1447785337611329538
1447785337602727938
1447785340568285186
1447785348843638790
1447785350772973572
1447785354468151297
1447785361715994625
1447785369114611714
1447785371928985601
1447785372075786242
1447785372172394497
1447785374764322816
1447785382418911238
1447785397149335554
1447785399242403843
1447785399506587652
1447785411862990853
1447785416757678083
1447785418171191299
1447785424529805313
1447785426257911811
1447785427327492098
1447785427922931712
1447785430020096001
1447785429885882375
1447785431961985024
1447785434893803523
1447785436768718850
1447785441491492864
1447785451352326145
1447785452283564032
1447785458075901952
1447785460361744389
1447785461011857412
1447785470394523648
1447785475872284676
1447785477843554311
1447785480926470148
1447785488207826947
1447785489076002817
1447785502388666369
1447785503156281345
1447785510890455040
1447785511632969733
1447785535200583689
1447785539621425153
1447785550757330947
1447785553626218497
1447785561712848900
1447785563990499328
1447785571074461696
1447785578439880707
1447785585330950144
1447785590741688326
1447785593077997579
1447785600183013381
1447785602414481408
1447785617568399360
1447785617384001540
1447785625629835268
1447785627328598016
1447785631539601415
1447785633242562561
1447785633091514370
1447785638846205952
1447785646026788865
1447785649973596162
1447785654037876738
1447785655103201283
1447785655862317056
1447785658852982784
1447785666037878785
1447785668122316800
1447785669133209604
1447785673474314241
1447785675617488897
1447785682689306626
1447785685348503558
1447785691585265667
1447785701823729664
1447785703375474689
1447785714679119872
1447785715807498240
1447785718533668864
1447785718885978114
1447785721608040448
1447785721905889285
1447785723516514310
1447785730655207424
1447785732710432774
1447785732895084546
1447785735013154816
1447785736237768706
1447785747491082246
1447785749068271616
1447785749940617217
1447785750767050752
1447785751509229570
1447785759348432898
1447785761600847875
1447785771725832199
1447785772296200197
1447785773940547586
1447785774611501058
1447785777686106113
1447785785265201152
1447785793322422275
1447785801400602625
1447785806995755008
1447785813874520066
1447785814042177543
1447785815845715970
1447785822095384576
1447785827443019785
1447785828189622274
1447785828218916865
1447785828642705408
1447785830597206019
1447785831121358849
1447785833537458176
1447785839203786752
1447785840994779137
1447785844878856193
1447785847571554306
1447785861580410881
1447785862788489221
1447785863920951299
1447785864445235203
1447785865296613376
1447785870916993026
1447785875291529216
1447785876398899201
1447785878475231237
1447785882275229698
1447785883390943233
1447785884825358341
1447785886289174529
1447785894031863810
1447785899429744643
1447785907680157698
1447785907634032643
1447785911685636096
1447785912453058568
1447785923354103813
1447785928609734659
1447785928739770368
1447785929175879686
1447785929129660420
1447785933370118151
1447785941431554055
1447785945080778752
1447785945068093442
1447785949476409348
1447785951963455488
1447785957139234826
1447785960683540487
1447785962679963651
1447785964445728776
1447785966236680197
1447785968476512256
1447785969806106624
1447785970984620033
1447785971110584321
1447785973249683460
1447785973077716992
1447785973710868482
1447785981235585024
1447785985425780739
1447785992216264707
1447785993239674881
1447785994770534400
1447785996330881024
1447785996859359232
1447785998541369345
1447786003448565767
1447786005751234567
1447786005528993792
1447786007789703168
1447786008637059078
1447786018539724803
1447786020708093955
1447786030489210886
1447786031227363330
1447786045399961604
1447786047660716033
1447786049862717443
1447786059568271362
1447786075317956610
1447786077180268544
1447786078069530627
1447786078920798208
1447786080737103876
1447786081961877505
1447786082037157889
1447786082259582976
1447786085921144833
1447786089087832064
1447786091918942212
1447786093932421121
1447786107094056961
1447786111615451138
1447786112030740482
1447786116065726465
1447786121090457601
1447786126333337600
1447786126631047170
1447786127948017666
1447786128367521792
1447786134734577664
1447786141902680069
1447786145576722436
1447786149854920705
1447786153571192832
1447786155248795650
1447786157752733698
1447786164870520835
1447786171086553089
1447786172483178496
1447786175708680194
1447786178271350784
1447786178506285058
1447786179395530752
1447786179907096576
1447786181777842177
1447786182713118725
1447786185745698826
1447786188367089664
1447786189747015683
1447786192745893888
1447786192729251840
1447786194117533703
1447786194524246017
1447786198479646722
1447786202141167617
1447786206326972420
1447786207337795586
1447786208860459010
1447786210131390464
1447786210315812866
1447786210823340032
1447786213717397506
1447786230285021191
1447786231446728709
1447786231694249984
1447786239390781440
1447786248299556865
1447786262379868162
1447786270080503810
1447786276380360712
1447786277756153858
1447786280721559553
1447786285540773891
1447786290636800001
1447786292226387969
1447786294336098310
1447786300380221444
1447786300589817856
1447786304163434496
1447786308743598091
1447786326665965577
1447786326967812100
1447786329715003395
1447786336493076482
1447786339882110977
1447786342553817090
1447786342709071879
1447786346630705153
1447786349570838534
1447786354151079940
1447786360262250501
1447786371645648897
1447786372786360321
1447786375370080260
1447786384094232582
1447786388435267584
1447786392747130884
1447786397859860483
1447786398321364992
1447786399474720771
1447786401987182592
1447786402431766529
1447786406462459904
1447786409608220676
1447786411994714116
1447786412988780544
1447786412791590914
1447786413399937024
1447786413957828618
1447786418240212992
1447786419208929282
1447786422728073221
1447786424732827648
1447786425940905988
1447786426918080514
1447786432290963458
1447786432941084676
1447786442181136384
1447786443280056321
1447786448309030917
1447786452411060224
1447786458681470983
1447786464226447368
1447786475702009856
1447786476331094020
1447786476754718722
1447786479200059393
1447786484518506496
1447786488691757059
1447786489379688448
1447786491908747265
1447786496417619969
1447786499148337159
1447786511584399362
1447786512842584068
1447786514557980674
1447786515141054464
1447786519259860992
1447786519708774402
1447786528080646144
1447786528218906630
1447786529770909698
1447786532312543237
1447786532425797637
1447786541175115778
1447786542819266563
1447786543620313091
1447786546443309061
1447786554903105538
1447786568291262464
1447786569704767490
1447786571562819586
1447786572997332999
1447786573270069248
1447786576671559680
1447786576935723009
1447786577808162817
1447786578131226626
1447786578944925698
1447786580718997508
1447786583046844416
1447786585601175552
1447786587228606464
1447786593209790466
1447786595185307655
1447786598901313538
1447786599526375424
1447786612360835077
1447786613401014272
1447786613933699073
1447786620594311168
1447786620585906176
1447786621068189699
1447786623240966147
1447786634175516675
1447786635500789762
1447786640861274114
1447786649434394625
1447786654576652288
1447786660972929026
1447786661262340100
1447786663078350851
1447786672784084992
1447786673350135809
1447786680321253382
1447786683143917574
1447786686704979969
1447786692652544000
1447786692790923265
1447786695093411842
1447786695177367553
1447786697639538690
1447786697828311046
1447786698713313286
1447786698801233920
1447786698805583877
1447786701493977091
1447786703842791430
1447786706028179456
1447786712248295431
1447786712185204738
1447786713640685574
1447786715771461633
1447786718954852353
1447786719122792452
1447786722176110594
1447786725753987072
1447786736877125638
1447786736705146883
1447786738651475969
1447786740018712580
1447786746293407744
1447786750823129093
1447786752526127109
1447786753973178369
1447786760625434625
1447786762835619844
1447786764681179142
1447786767466344450
1447786776244867072
1447786777889148932
1447786778837110790
1447786782443982850
1447786791516397580
1447786798428590080
1447786800718749697
1447786802274734083
1447786803415584777
1447786805600870401
1447786808058826754
1447786814085890048
1447786815835058180
1447786816430657538
1447786817156042761
1447786823087009793
1447786823200256001
1447786826660565000
1447786827239157762
1447786828468084741
1447786828631789569
1447786828770291717
1447786831077011457
1447786832612241410
1447786846549733378
1447786850781777922
1447786852136726533
1447786853449576448
1447786854468624384
1447786858297978893
1447786863658344449
1447786870453125123
1447786880217583616
1447786895870676992
1447786896235638785
1447786898425057283
1447786901218398212
1447786903697252352
1447786905546805258
1447786907815997443
1447786911867686913
1447786913763667969
1447786914619199489
1447786914669604871
1447786919140679680
1447786924094234624
1447786926526787593
1447786928632369154
1447786930842734600
1447786936631021569
1447786939969572865
1447786940527304706
1447786940544126976
1447786941903106054
1447786944897986563
1447786946013638656
1447786947653537792
1447786947938701319
1447786950560149504
1447786952225280003
1447786953781415937
1447786957891903490
1447786957883547650
1447786958399279110
1447786958466560000
1447786960953749507
1447786962094596099
1447786967756775425
1447786970638336003
1447786972085293056
1447786973276499968
1447786977974112257
1447786983187648519
1447786985272365058
1447786985951662084
1447786992289333250
1447786992905990145
1447787007229325320
1447787008097538049
1447787015114608642
1447787021443948545
1447787021746024449
1447787031338254341
1447787031476715521
1447787032344875008
1447787034203107333
1447787035842912257
1447787038791503875
1447787041173868548
1447787044017786882
1447787044542029824
1447787045963829248
1447787050384510984
1447787052309774341
1447787064229961731
1447787068755615746
1447787071570001920
1447787085058904064
1447787088947159042
1447787090561802243
1447787090708770818
1447787092390682624
1447787095670591490
1447787097847484421
1447787099248234501
1447787100695408642
1447787100980580353
1447787103023104002
1447787111256494085
1447787111487139846
1447787112703528960
1447787113668358144
1447787117657133056
1447787122484596740
1447787124380549122
1447787124753793033
1447787127253598212
1447787131712147457
1447787138376880133
1447787138154704900
1447787138993451008
1447787139807125507
1447787141354991617
1447787157217759238
1447787162666258434
1447787164524294145
1447787165862170626
1447787172187213825
1447787173021880323
1447787176213712901
1447787182907875332
1447787202113593345
1447787203958956032
1447787204877639680
1447787207222255616
1447787216059748352
1447787217527652352
1447787222866935808
1447787228567068674
1447787234279759872
1447787235600842752
1447787239946162176
1447787244949938177
1447787251241476096
1447787255666384897
1447787261454598149
1447787265724493824
1447787265850175492
1447787267041419269
1447787268710625282
1447787269121843200
1447787273261563904
1447787273794195456
1447787277850071050
1447787285466869766
1447787295285915652
1447787298016346119
1447787299136327683
1447787300264370176
1447787300545466369
1447787300834918402
1447787301262610436
1447787303078871040
1447787309148028931
1447787315670228995
1447787317440040961
1447787323882496000
1447787324847263744
1447787328689348608
1447787337857986560
1447787342203441160
1447787347526000643
1447787351111974912
1447787354920476675
1447787356593950722
1447787362759544836
1447787373211750401
1447787374436569090
1447787376420417537
1447787379922640912
1447787382200156164
1447787382678310915
1447787399757500419
1447787400869015554
1447787401636548611
1447787403897303042
1447787406741188611
1447787408179728386
1447787410713034755
1447787411438596096
1447787412101287937
1447787417088376839
1447787417491197960
1447787428702343168
1447787429017051139
1447787438219300865
1447787438546452485
1447787438823198724
1447787446222032897
1447787447107129344
1447787447241297920
1447787447874727937
1447787453058715648
1447787453503393792
1447787453964713984
1447787464203161603
1447787469152260099
1447787469550800899
1447787471731757067
1447787471840890884
1447787472738406403
1447787476282576902
1447787477578756096
1447787478992269314
1447787483287076870
1447787490157334528
1447787490308341760
1447787491885387778
1447787496230711296
1447787497581383681
1447787498772434944
1447787501603618817
1447787502702448641
1447787514568142848
1447787516577333249
1447787517382647809
1447787518347382788
1447787519806820355
1447787521664970752
1447787522096959494
1447787523498024967
1447787535619567618
1447787535803957250
1447787543026561024
1447787555399901186
1447787556574138377
1447787558138781703
1447787558428098563
1447787558734237702
1447787560210739203
1447787562462973957
1447787565457674241
1447787583258333187
1447787588094345222
1447787594738176000
1447787595187081218
1447787600727605251
1447787600715059202
1447787601398624260
1447787602245943299
1447787603789598726
1447787603940417536
1447787604276088835
1447787610231881729
1447787610395475972
1447787613272920065
1447787613356625921
1447787614740779017
1447787620935761920
1447787624882708486
1447787628351434754
1447787630049914887
1447787631060955137
1447787632235147267
1447787638933557249
1447787639914971140
1447787641454346243
1447787642167255040
1447787655593353218
1447787657136721922
1447787661033361408
1447787664661311488
1447787665412132864
1447787666376957955
1447787672215474178
1447787677588279300
1447787682625724418
1447787684089393152
1447787686920663042
1447787689760071687
1447787692016775168
1447787693178384384
1447787697154711554
1447787697444212736
1447787702271631362
1447787704121393154
1447787710631104515
1447787714036703240
1447787714053480451
1447787718927212544
1447787718935732224
1447787722459033604
1447787723461312517
1447787724035874819
1447787726489546753
1447787728129691648
1447787733708115968
1447787734869835776
1447787735226503175
1447787738820841475
1447787748912422915
1447787754180562944
1447787756898422784
1447787758324535300
1447787759620567042
1447787761147150336
1447787771867721732
1447787772115357697
1447787775655231490
1447787780302536708
1447787793879494661
1447787797100654595
1447787800858931204
1447787806315585541
1447787809872519168
1447787825550692353
1447787826376966149
1447787829187186690
1447787830135115776
1447787830516670464
1447787832810950656
1447787835843653633
1447787837894455297
1447787840239177731
1447787844584583170
1447787846891311105
1447787860417925125
1447787862863269890
1447787872870756354
1447787876574400519
1447787877283205123
1447787877702803456
1447787880672227333
1447787883285389312
1447787885155979267
1447787886808547328
1447787887991222274
1447787891770417152
1447787892143575044
1447787896837128194
1447787896967139328
1447787902071566340
1447787903573118983
1447787909554311168
1447787909591932929
1447787916185407493
1447787917833695234
1447787920497131520
1447787925840621568
1447787929921855491
1447787935735103491
1447787936313925633
1447787937190617090
1447787938662678529
1447787940306956288
1447787943888756737
1447787946803859458
1447787956111134723
1447787959621545991
1447787963463585796
1447787964637929478
1447787966626209792
1447787967611764736
1447787970447216642
1447787971101478912
1447787973571907586
1447787977040613380
1447787984728715265
1447787998024646656
1447787998821576707
1447788002101575681
1447788007726084099
1447788010083262465
1447788015460356098
1447788023798800387
1447788024662839297
1447788028093624320
1447788032443158528
1447788032564813824
1447788032778768384
1447788036671123456
1447788040513101826
1447788052580081667
1447788057168695300
1447788058548527107
1447788060897337345
1447788061740335104
1447788064256892929
1447788067125932032
1447788068598124544
1447788072180064259
1447788072691699715
1447788075938091009
1447788081596100610
1447788090018328579
1447788101565300736
1447788106824904706
1447788116496900096
1447788117331750917
1447788128584953856
1447788129079939073
1447788134759116801
1447788134729715712
1447788135618949121
1447788139108388868
1447788139817447425
1447788154912600068
1447788157571776512
1447788159329136644
1447788160486887426
1447788162760204289
1447788162915487751
1447788165054582787
1447788165809381377
1447788167134728198
1447788168678367238
1447788171685675009
1447788172566478848
1447788175082999812
1447788177528279040
1447788183027163136
1447788185430347779
1447788187577946112
1447788188584513536
1447788192824975368
1447788199460417537
1447788206234251267
1447788206460702722
1447788208851341316
1447788209514024966
1447788211917361155
1447788220352274432
1447788225603387395
1447788226199031810
1447788227000209409
1447788229701234690
1447788231379017728
1447788232649973761
1447788233782345729
1447788233870364675
1447788235384446977
1447788237829902336
1447788241684467713
1447788258579021831
1447788260533563392
1447788261125107716
1447788262874099719
1447788267823325184
1447788281001742339
1447788285686792197
1447788286987149317
1447788291047182337
1447788293534388227
1447788295082045442
1447788296457781248
1447788298764636163
1447788306545192960
1447788313381904385
1447788314724077570
1447788320512253952
1447788320877006855
1447788325851512834
1447788326723936259
1447788326824546305
1447788327910903809
1447788328523378689
1447788332969172996
1447788334449893385
1447788335888584707
1447788335791939586
1447788335913635844
1447788336500838400
1447788340653166598
1447788344109264896
1447788348660072449
1447788349490597891
1447788350606299136
1447788355928956930
1447788361138180100
1447788362622849028
1447788366418882566
1447788366401916932
1447788375184924672
1447788376346746884
1447788377000996865
1447788377957408769
1447788377860943874
1447788382990393347
1447788387901992961
1447788398932987905
1447788399637708802
1447788400371773441
1447788410555469830
1447788411553677314
1447788415282409472
1447788418667368449
1447788421376790534
1447788427773194241
1447788427458482177
1447788430478303234
1447788434630840323
1447788435104747521
1447788436945915909
1447788438057533443
1447788440519692290
1447788442457231360
1447788444823040005
1447788447792386050
1447788448157356043
1447788448841011204
1447788452125179905
1447788455296049154
1447788462191513604
1447788467111481350
1447788468029911041
1447788468764033025
1447788469967806465
1447788474191384580
1447788478788292611
1447788478217949184
1447788482491912192
1447788488632459266
1447788490121519108
1447788492742926343
1447788493405503496
1447788494609256457
1447788495389462532
1447788496500969473
1447788499558563840
1447788500112138243
1447788501697646596
1447788503610249221
1447788504793051138
1447788506303111170
1447788511361323009
1447788513328500739
1447788519401803777
1447788529875132416
1447788539693916165
1447788539974803458
1447788543640625153
1447788548170604548
1447788549839880194
1447788560115982337
1447788563194650627
1447788565409239041
1447788574586245125
1447788577094619138
1447788583738171393
1447788584564666368
1447788588272291841
1447788588746395651
1447788589517971459
1447788591208230919
1447788595197079556
1447788598305206273
1447788602302164993
1447788612465135616
1447788614251728900
1447788619905658886
1447788622128861187
1447788623613530117
1447788626444701696
1447788628285984768
1447788637391757312
1447788643943284740
1447788648829685760
1447788649139953664
1447788649953861634
1447788651103113216
1447788652684136448
1447788658388578305
1447788663249641473
1447788668840812544
1447788669553741824
1447788669440380930
1447788671147544587
1447788672242360320
1447788678449930241
1447788682522529798
1447788683009015811
1447788683575320577
1447788683831119872
1447788686985289728
1447788690328150020
1447788690739138561
1447788692685279234
1447788693125799940
1447788693968891907
1447788694388154373
1447788695826800641
1447788697412329473
1447788700092534785
1447788702772641794
1447788703783473152
1447788708447543302
1447788710716526599
1447788721911123970
1447788726793482244
1447788727263244291
1447788728081059841
1447788728857022465
1447788734565343234
1447788745504210947
1447788750205964288
1447788754773549056
1447788755985764352
1447788759584428035
1447788760603643910
1447788764563128320
1447788764965785603
1447788766890844161
1447788772901281792
1447788775531294720
1447788777213104129
1447788782258769924
1447788783383031808
1447788784720826375
1447788794258808834
1447788804950016003
1447788806027894784
1447788807429017604
1447788811371495428
1447788816039772163
1447788817298063365
1447788818321469442
1447788819856564228
1447788825548185601
1447788839292997632
1447788839599321089
1447788842249973761
1447788845013950472
1447788848105377792
1447788849610907653
1447788865209749504
1447788867554271234
1447788868720230406
1447788868896440321
1447788870024654851
1447788871232602116
1447788871815614468
1447788873149337609
1447788874038530052
1447788876135899137
1447788880367816704
1447788880556539911
1447788880774717442
1447788883878588416
1447788883836551169
1447788884453064705
1447788888639016960
1447788889997934594
1447788894926348295
1447788895161225218
1447788900106309634
1447788909220401152
1447788909589581828
1447788910722027525
1447788915750887424
1447788925683068935
1447788926899531779
1447788932570091523
1447788934730113027
1447788935585746944
1447788939289501697
1447788939578724355
1447788946818310145
1447788958411214852
1447788958839185408
1447788961745842176
1447788963369000961
1447788963305951236
1447788965663285248
1447788973011582977
1447788986567573506
1447788988157214720
1447788988266336262
1447788989461762049
1447788991223377920
1447788994708660225
1447788995237187586
1447788995639791617
1447789004766814208
1447789005890859009
1447789006385827844
1447789010839957509
1447789016481349634
1447789019362836481
1447789021061521413
1447789026539417604
1447789028489584646
1447789030389665793
1447789031014772736
1447789035536064513
1447789036358176768
1447789038941900803
1447789042146463752
1447789048701980678
1447789052707606528
1447789054196477960
1447789055559618560
1447789057518411776
1447789061519941632
1447789063411576833
1447789072458551296
1447789079018360832
1447789081694453762
1447789083254738947
1447789090997428226
1447789093144838150
1447789097456750594
1447789100656955392
