1472114388853211141
1472114395593547776
1472114401931141123
1472114403176632322
1472114418909593600
1472114425351995392
1472114425427603456
1472114425901453312
1472114426031472643
1472114427969241088
1472114427944177669
1472114428103454720
1472114432905986050
1472114434462076928
1472114442145959937
1472114442460614657
1472114443400134659
1472114443597189120
1472114446042550281
1472114446914883588
1472114449268064256
1472114458193453060
1472114458109566977
1472114461288845312
1472114463813902339
1472114470327570432
1472114470793134080
1472114476556046337
1472114484357570563
1472114485544439810
1472114491160731651
1472114491689156608
1472114492871884801
1472114493102690305
1472114498618249217
1472114511075155969
1472114511717060613
1472114515949113353
1472114517656150016
1472114523800801280
1472114524845129729
1472114525285457922
1472114540359733249
1472114548819869698
1472114554557677570
1472114557665619976
1472114564691070976
1472114566595239944
1472114567803117568
1472114577491955713
1472114577601138690
1472114580293783552
1472114592105078788
1472114594688741382
1472114602762772482
1472114605199556610
1472114605908537353
1472114607623970819
1472114609066704897
1472114610492690435
1472114611847528448
1472114612153638914
1472114611969314816
1472114612850024451
1472114612900352002
1472114614125187074
1472114625206538245
1472114627907514368
1472114628348067843
1472114633846702083
1472114634152808451
1472114638967902209
1472114641320960007
1472114642683973633
1472114646941323270
1472114650691088386
1472114653857665026
1472114655556345858
1472114659503267840
1472114659981467652
1472114660841336832
1472114661944352768
1472114664247111681
1472114675760476168
1472114678255992832
1472114678411182080
1472114681363910656
1472114682026729472
1472114683901579266
1472114685365342210
1472114695251251203
1472114700368465922
1472114701748297729
1472114703438688266
1472114710745010176
1472114711764389890
1472114714519900166
1472114719418953733
1472114721151012865
1472114726431825927
1472114732832280577
1472114736305164291
1472114737102168065
1472114737378955270
1472114739408896000
1472114741057232896
1472114742982500352
1472114743792087044
1472114747243909122
1472114747835301893
1472114755259277318
1472114756496416769
1472114763886825477
1472114764402806790
1472114769276583936
1472114771977768960
1472114773034770437
1472114776780140546
1472114781238796291
1472114783654748161
1472114784258560002
1472114785265332225
1472114792835940356
1472114794895396869
1472114796669591553
1472114798162690053
1472114799303700481
1472114802248069125
1472114803334279169
1472114805410512898
1472114814197637123
1472114821080522754
1472114821718028289
1472114832451280899
1472114838570680320
1472114839006769153
1472114841376669700
1472114841972133888
1472114842190422017
1472114843465437187
1472114850113503239
1472114850646175748
1472114851799470081
1472114852609273859
1472114852638642179
1472114854844588033
1472114865745674243
1472114867607773185
1472114871751872521
1472114875119902722
1472114882455683075
1472114882615160833
1472114887161782272
1472114894036258817
1472114894963195905
1472114897244807175
1472114903020449792
1472114911396319232
1472114911320985604
1472114913648775169
1472114923044024320
1472114924679802885
1472114929348055042
1472114936881025034
1472114942727892995
1472114946385354756
1472114956304666626
1472114957202468866
1472114957848350725
1472114958313865216
1472114963300765697
1472114965129699333
1472114966564016129
1472114969827282947
1472114975002877954
1472114976298975232
1472114976399806468
1472114980573093892
1472114981370052613
1472114983723057154
1472114983664300033
1472114991000178690
1472114994103959563
1472114994242220032
1472114996054167552
1472114996700086275
1472115009291358214
1472115011061379079
1472115012118454274
1472115012273647618
1472115012726669312
1472115012785295368
1472115015637516291
1472115019605319684
1472115024504279044
1472115031026372611
1472115035300376582
1472115038345441284
1472115041444909059
1472115041801576451
1472115048491503621
1472115049778925569
1472115049862885377
1472115055328215049
1472115057500868608
1472115069454536712
1472115076135993346
1472115080003260420
1472115080905072645
1472115081081020416
1472115081617895425
1472115084986048516
1472115092082806786
1472115092862816260
1472115094498779136
1472115100907716613
1472115106066616321
1472115113083609089
1472115112563527680
1472115118641233926
1472115118993408000
1472115119769460739
1472115120289595397
1472115122311106563
1472115127990292483
1472115128304906241
1472115136538288129
1472115140443131906
1472115142351544320
1472115148550672384
1472115152459747328
1472115153932009474
1472115159447519235
1472115159875346433
1472115162438160386
1472115168675082240
1472115169958498314
1472115169711079426
1472115172269457411
1472115172776964096
1472115173364322310
1472115177168551944
1472115178581991424
1472115187230683145
1472115193413050373
1472115196118417408
1472115197972152320
1472115201776439301
1472115203009564674
1472115203374526465
1472115204104368128
1472115204523765763
1472115208847982592
1472115209623986176
1472115210097995778
1472115210550874117
1472115212362739714
1472115214233776132
1472115217895239680
1472115220982210567
1472115221187674115
1472115223947464705
1472115224220254213
1472115225893777411
1472115226929774597
1472115227701489669
1472115227789570048
1472115230805090309
1472115231501471751
1472115231853735936
1472115233670021121
1472115235863416832
1472115245497958405
1472115249574670341
1472115253563510784
1472115258537955334
1472115259032813571
1472115260249317381
1472115261474058241
1472115264208531457
1472115267534655497
1472115268960899074
1472115269472555008
1472115273134133252
1472115274610626560
1472115275332042758
1472115288137252868
1472115289370152960
1472115293673586688
1472115295405985803
1472115297918373888
1472115298606198786
1472115299017236481
1472115299361046533
1472115300275531776
1472115303484063748
1472115304209731586
1472115305950371844
1472115309477875717
1472115314821238784
1472115319619690498
1472115320529772546
1472115324451385344
1472115331548139520
1472115337051082762
1472115339747946497
1472115346802806786
1472115349088874504
1472115351303380993
1472115351303462914
1472115353140576259
1472115356303044609
1472115357724913666
1472115365085954054
1472115365673111553
1472115369850535939
1472115372618928133
1472115376301527042
1472115376582447106
1472115377614241792
1472115377639460868
1472115378256031744
1472115380810240001
1472115382324547592
1472115389253525505
1472115390478270468
1472115394013970432
1472115399852363776
1472115402738126850
1472115403031724036
1472115405149909000
1472115407586676736
1472115412326354944
1472115412376727552
1472115412729016323
1472115414645751816
1472115422250115074
1472115424435347459
1472115424867225600
1472115425764859908
1472115426805047296
1472115431884341251
1472115435227254786
1472115439572504576
1472115449844441092
1472115450360348677
1472115455204773891
1472115455720448006
1472115457285050374
1472115458157342725
1472115461508718595
1472115468110417920
1472115475014303745
1472115475568017408
1472115475559632903
1472115476851535874
1472115484627771394
1472115498880012289
1472115501409079298
1472115503531376642
1472115504018038784
1472115504034766850
1472115506073280513
1472115513744662533
1472115514621132800
1472115516579930112
1472115517582450690
1472115519255814146
1472115523760447489
1472115544438546437
1472115546648989702
1472115547424923649
1472115549211561986
1472115554597097472
1472115557457481728
1472115557986025474
1472115562377793537
1472115567930847234
1472115571923816451
1472115572443914240
1472115573748383750
1472115573798707201
1472115574100615169
1472115574771617793
1472115575082012673
1472115582355054596
1472115582493511686
1472115583743414273
1472115585592926211
1472115598800736256
1472115601715904520
1472115608456151042
1472115608749813764
1472115612713472002
1472115615364227076
1472115617872453632
1472115618728005632
1472115621399863299
1472115627959754760
1472115638638452737
1472115640022581249
1472115642430107650
1472115647463112704
1472115664638943232
1472115665687486464
1472115669105790976
1472115681793564677
1472115685493026819
1472115688726794243
1472115688898805760
1472115689452412928
1472115696440160257
1472115697350504448
1472115699678015491
1472115701317922816
1472115704971374594
1472115710138609665
1472115720347660291
1472115725070630914
1472115725326118919
1472115727846952960
1472115736264929282
1472115737212903424
1472115740056727561
1472115740744589320
1472115742216962048
1472115743277735938
1472115743294898180
1472115752324898818
1472115755529355264
1472115759102967809
1472115760323465216
1472115777591468036
1472115778820325382
1472115780565176321
1472115784604286982
1472115789364961283
1472115790879117316
1472115791713554441
1472115794007891968
1472115794167402496
1472115795673202690
1472115796415434752
1472115799469039621
1472115803805913092
1472115809661206529
1472115810734952453
1472115811221311489
1472115814904086529
1472115815336103938
1472115829340876803
1472115830691446790
1472115833912676357
1472115837628825601
1472115838887075844
1472115843555287041
1472115849096015876
1472115851356778496
1472115856494628865
1472115859262951426
1472115861703966720
1472115865344565248
1472115866649214979
1472115868356075521
1472115873964072961
1472115876111560711
1472115877105471488
1472115886156779521
1472115893840850947
1472115894423859201
1472115899351977984
1472115902355329026
1472115909019852800
1472115909670150144
1472115915768610818
1472115919723778048
1472115920172687361
1472115923834138626
1472115931044323329
1472115931077820418
1472115931774132224
1472115932084547586
1472115937457360898
1472115941198610434
1472115945304854533
1472115949213872128
1472115953815232512
1472115954364522496
1472115954725367808
1472115956927410180
1472115958877667331
1472115969556467718
1472115970756034570
1472115971422834690
1472115972760813576
1472115974497136641
1472115977785835521
1472115981027885056
1472115986585120771
1472115987822567436
1472115989471010823
1472115992289546242
1472115993447047171
1472115995636637696
1472115999767937029
1472116001730932737
1472116002859200515
1472116005979803648
1472116006629826567
1472116010190843905
1472116012501946370
1472116016813514754
1472116018214412289
1472116019443425280
1472116020080906240
1472116021574184961
1472116024073875457
1472116028482093059
1472116035469856772
1472116036619194372
1472116040297369601
1472116041375440896
1472116044659634180
1472116044806426627
1472116044886011907
1472116054193319938
1472116054323302404
1472116058085642248
1472116060451074050
1472116060560277504
1472116066289655813
1472116069385261062
1472116078482542597
1472116080969715714
1472116089773600776
1472116092193677315
1472116096010534916
1472116099084955649
1472116099625861120
1472116099764432896
1472116101509259268
1472116110367494145
1472116112615944195
1472116112569499648
1472116112619941890
1472116113362526209
1472116115249766401
1472116118605156353
1472116122463862785
1472116125660069888
1472116126222061571
1472116129992634368
1472116130496065541
1472116132756836352
1472116137706115078
1472116142512693248
1472116143376801794
1472116142969925632
1472116144702205954
1472116145490702336
1472116148120571906
1472116151933095942
1472116154902720513
1472116158266593281
1472116158388183041
1472116160036585472
1472116167632252928
1472116168668426249
1472116173642735618
1472116175958003712
1472116179212726274
1472116183105167361
1472116183927345152
1472116193481871367
1472116193767137287
1472116194262007821
1472116200125739011
1472116201421619200
1472116203149742087
1472116208522592257
1472116211253223426
1472116214570926091
1472116216231653378
1472116216416419844
1472116217322295299
1472116217171251205
1472116217687289861
1472116217876041731
1472116218525933570
1472116220656697348
1472116220744945664
1472116224104402944
1472116228542009344
1472116230685294595
1472116237840928768
1472116249408724996
1472116253624000516
1472116259940618240
1472116260070510594
1472116262608199681
1472116262901800965
1472116265099665409
1472116266051723268
1472116271848124419
1472116278383067139
1472116283059499009
1472116283122536448
1472116296607158272
1472116297249038337
1472116300436709379
1472116300835176450
1472116300998709251
1472116301283958784
1472116325233438720
1472116334557290499
1472116334876139520
1472116336151216131
1472116350462140417
1472116352064233477
1472116366920630276
1472116371081236480
1472116372155023362
1472116373069484032
1472116373174341637
1472116377804845063
1472116382934482946
1472116389888598017
1472116397731893250
1472116399472533504
1472116400747601924
1472116401598963714
1472116402429571076
1472116404673417218
1472116405520711684
1472116408918036481
1472116413594669058
1472116415448723457
1472116416161714176
1472116428828336131
1472116430455853061
1472116430908788741
1472116437506482179
1472116442409623555
1472116444842369028
1472116449179283466
1472116453201661952
1472116463695806470
1472116464098463746
1472116466405285891
1472116476815429634
1472116481496268803
1472116481794228224
1472116483115274245
1472116485212577793
1472116487502585857
1472116490048528394
1472116495991939072
1472116500261752832
1472116501067018246
1472116506473517057
1472116509325549572
1472116510466486273
1472116510986493956
1472116511149989892
1472116513700081667
1472116514639728643
1472116520570478594
1472116522759835650
1472116526962597888
1472116533740457985
1472116534881497088
1472116534973714435
1472116538098393089
1472116544125554690
1472116548223471616
1472116549762834440
1472116550404648962
1472116557799170050
1472116565764198405
1472116574039412741
1472116580024782856
1472116580678979586
1472116585196568580
1472116585993277446
1472116586345644032
1472116590015561732
1472116597649289218
1472116599817654275
1472116600493035525
1472116600950214658
1472116604846678019
1472116606356623361
1472116619056975876
1472116623989428226
1472116629224005635
1472116630037712898
1472116630687682560
1472116639252496393
1472116639655247875
1472116643677487111
1472116658366029831
1472116659083112452
1472116660039528448
1472116666276491271
1472116669589999623
1472116671494115330
1472116682021871617
1472116683036762114
1472116684467154946
1472116684798369798
1472116687558221831
1472116693350727684
1472116698488651784
1472116703597371395
1472116705946128390
1472116708341080066
1472116711902097412
1472116713625829376
1472116714754256899
1472116714900910084
1472116721716711424
1472116722354331648
1472116725537820674
1472116727731433477
1472116727915892739
1472116728998113283
1472116731674243075
1472116732592414720
1472116736266838022
1472116748128342017
1472116748350640135
1472116748706979846
1472116749533433859
1472116750636486659
1472116756701450243
1472116757431144448
1472116758119174150
1472116768550309892
1472116784543113219
1472116785713487872
1472116788167004164
1472116792927539204
1472116793493884933
1472116797331673088
1472116801437769729
1472116802083856387
1472116804571082753
1472116805879566338
1472116812191985665
1472116818408099840
1472116819582455811
1472116827471945732
1472116829317484544
1472116832219938825
1472116837265645573
1472116837387284486
1472116839857770496
1472116858249781250
1472116862519590914
1472116862548803587
1472116864318910467
1472116870501527555
1472116871235137538
1472116873395384322
1472116873647075333
1472116880747937793
1472116881788059653
1472116885105819656
1472116886745714693
1472116888171954179
1472116890176606208
1472116896837386243
1472116897227456513
1472116902948392966
1472116903405629440
1472116910586224646
1472116912519888899
1472116914893643784
1472116916902772737
1472116926390456322
1472116931406622730
1472116932367118336
1472116932589625344
1472116932895719427
1472116935538184201
1472116937224302592
1472116937576656909
1472116937832505347
1472116939904323584
1472116942311878658
1472116943243124736
1472116943742189571
1472116945935732736
1472116946959319042
1472116949421330435
1472116952940249091
1472116953896603648
1472116956211912708
1472116960242528261
1472116963480678404
1472116976596234240
1472116977099591681
1472116978282385408
1472116985739759617
1472116990030589957
1472116992610025472
1472117003645161474
1472117004018622464
1472117008862953472
1472117010884661248
1472117012881096704
1472117013585747968
1472117014571499524
1472117018409140231
1472117019004878853
1472117019549978625
1472117028857122816
1472117033101934594
1472117040056082436
1472117043868614667
1472117047781908483
1472117052752207878
1472117055407144967
1472117064756310020
1472117074365333506
1472117075518922753
1472117080166047745
1472117080656855043
1472117083588677632
1472117085094526976
1472117096171593730
1472117096326774784
1472117096935006209
1472117109291462656
1472117111115841537
1472117112462196736
1472117114156716032
1472117119731044359
1472117130719989768
1472117132213301248
1472117134599901184
1472117135040294915
1472117135841415171
1472117136004894730
1472117138211045378
1472117138471198721
1472117144305340419
1472117145559453696
1472117146922758149
1472117146956152836
1472117146889170944
1472117148071993345
1472117157173415936
1472117160780517377
1472117160893992964
1472117168393367554
1472117169215451139
1472117170645647360
1472117170993827851
1472117186785419268
1472117193047527424
1472117193743769602
1472117213146537985
1472117215478497280
1472117214463643648
1472117216115974145
1472117221891743744
1472117225326882817
1472117228455616512
1472117231639097344
1472117239595683841
1472117247665651715
1472117255152431104
1472117255592820740
1472117260273737729
1472117261557063680
1472117263008514052
1472117276308606978
1472117278816849926
1472117285573824512
1472117289717800975
1472117293534482435
1472117297112182789
1472117299112861696
1472117301252087808
1472117308055162880
1472117310102016000
1472117310018183171
1472117314665562114
1472117318578753541
1472117330293542919
1472117330909941763
1472117332789313536
1472117340149993473
1472117340472889352
1472117340804423680
1472117342020722691
1472117343782322184
1472117344461807618
1472117345225265157
1472117347884355584
1472117348828016642
1472117352707858433
1472117364397383688
1472117368050663425
1472117375692591106
1472117376938352640
1472117378125287430
1472117380973223937
1472117387889627136
1472117390473404417
1472117391731527682
1472117391802785792
1472117391895105537
1472117392645890048
1472117393581387778
1472117394961145857
1472117399801499649
1472117401357590532
1472117406986293248
1472117408693460995
1472117408940896257
1472117410404581376
1472117413890117638
1472117414414462976
1472117427345448960
1472117430767874049
1472117431757950976
1472117433578229760
1472117450745565186
1472117452968542210
1472117453354201090
1472117454042247171
1472117455527067648
1472117455963185156
1472117461038374914
1472117461285629954
1472117461386412035
1472117470966296576
1472117472232939526
1472117476058042368
1472117476993519617
1472117482563506184
1472117485780361217
1472117486027948034
1472117500028637186
1472117501362274307
1472117503925137412
1472117510568820736
1472117511646760970
1472117514461233152
1472117518399590403
1472117527278981121
1472117531695456261
1472117534505668608
1472117538549116929
1472117545700405254
1472117546887237635
1472117549626134529
1472117550368518144
1472117551475961856
1472117557691928576
1472117558786637826
1472117560883752964
1472117562200702977
1472117568429244417
1472117568605462534
1472117575018590208
1472117575651835905
1472117575953915906
1472117579422470147
1472117580114632705
1472117581893058562
1472117582538887168
1472117583998435332
1472117585630138373
1472117591296593926
1472117597185343488
1472117606790356995
1472117607805296644
1472117611324485632
1472117616713994241
1472117620828688384
1472117621478854657
1472117632023285760
1472117631826206723
1472117633046614017
1472117638440665093
1472117640088985601
1472117640063819781
1472117640407756801
1472117644887310336
1472117652495630337
1472117652860686339
1472117657252122625
1472117659936251908
1472117662910230532
1472117672972333064
1472117674499088395
1472117675207843841
1472117675971256321
1472117677485350915
1472117678244610056
1472117678894628873
1472117681612460033
1472117684301148168
1472117686683549701
1472117696233971713
1472117708288249858
1472117709194153984
1472117710943305731
1472117711085846528
1472117713371906050
1472117715569500161
1472117716060409856
1472117716538605572
1472117723136073729
1472117728823681028
1472117733126987779
1472117733416448002
1472117733739356166
1472117738088841217
1472117739657609217
1472117741574402048
1472117742689873920
1472117742996176903
1472117748150984705
1472117748582998016
1472117752664150017
1472117753549053952
1472117755826552833
1472117761832804353
1472117766106853376
1472117767994290179
1472117768191418368
1472117769491550211
1472117777569705987
1472117781462147077
1472117783110447109
1472117786000326657
1472117793873182720
1472117795076857856
1472117798625230850
1472117800101502979
1472117804925014016
1472117809140453376
1472117812311343106
1472117816316809218
1472117818200104960
1472117821324894213
1472117821643669506
1472117821681418242
1472117823585480705
1472117826504871936
1472117827238772738
1472117828585095171
1472117830455685126
1472117839662391302
1472117844368363524
1472117850777264133
1472117852631089155
1472117852618379264
1472117854212435969
1472117854220992512
1472117856984879107
1472117859312541696
1472117862286471168
1472117868720492545
1472117870494552064
1472117873388793857
1472117874189733890
1472117875649355777
1472117876232531970
1472117876681232390
1472117877490728965
1472117881903230978
1472117885376110594
1472117886340710404
1472117890019209220
1472117896075612162
1472117905932394498
1472117907039703047
1472117910202056708
1472117917030440963
1472117925670649856
1472117927281315850
1472117927579111424
1472117934126505986
1472117936815067141
1472117937469370369
1472117938874372101
1472117946973491202
1472117948991090692
1472117951490781186
1472117951767719945
1472117954888155138
1472117959262978053
1472117960290406403
1472117961334747138
1472117969702506498
1472117971543724032
1472117972206563331
1472117974119378946
1472117974467334157
1472117984122527747
1472117984437026817
1472117989109608456
1472117995556286464
1472117999037730819
1472118009527513088
1472118010903097344
1472118013877174273
1472118014313177094
1472118018046054403
1472118020659204098
1472118023918030850
1472118024710803459
1472118027718066178
1472118028213133312
1472118029043449856
1472118029458755589
1472118031987789826
1472118035238506496
1472118036236845061
1472118036362633216
1472118040842153986
1472118047095898118
1472118049146871808
1472118052032430081
1472118054658080769
1472118058000916484
1472118058667974656
1472118059620093953
1472118061658480646
1472118066486005763
1472118067547226112
1472118067996110849
1472118072349761541
1472118075390582787
1472118077055717378
1472118081153601541
1472118081623232513
1472118084186038275
1472118096550838276
1472118103840628744
1472118104209739782
1472118108508803079
1472118120529735684
1472118120584253440
1472118121930661889
1472118122333282305
1472118124346490881
1472118124786982918
1472118138187698181
1472118139127308288
1472118140561678336
1472118140637229057
1472118140452544513
1472118140628836353
1472118141006360578
1472118146693836804
1472118150137323521
1472118150246322180
1472118160119799808
1472118161038319618
1472118161168162816
1472118162443235331
1472118162774712321
1472118165387677696
1472118166180483072
1472118167854104583
1472118171834454020
1472118173780611073
1472118174514434051
1472118176406290432
1472118181326110725
1472118183825850373
1472118189869998087
1472118190851469316
1472118193137278976
1472118194949132288
1472118194970234882
1472118197579046913
1472118199470723073
1472118202650042369
1472118204818509827
1472118206345007106
1472118207540609027
1472118207574167554
1472118207821451266
1472118207981010944
1472118218403766275
1472118220328878080
1472118224997257216
1472118229938196483
1472118234077970432
1472118235243982852
1472118235789156359
1472118238054174721
1472118241950502912
1472118246405021700
1472118246241452032
1472118246828490755
1472118248376344579
1472118251849060352
1472118253128323073
1472118257054367745
1472118260434878464
1472118272460005379
1472118281532227585
1472118281909596160
1472118285369962497
1472118285625823236
1472118285906989059
1472118289631485957
1472118292559155201
1472118297592270848
1472118299345371138
1472118300243021827
1472118301908217861
1472118303950704640
1472118304798085128
1472118326457294851
1472118329599049730
1472118331624853508
1472118335034777604
1472118335756066819
1472118337052110849
1472118337106628610
1472118343725461508
1472118348670406660
1472118357948313601
1472118358179041280
1472118361580527616
1472118364449513477
1472118372435468288
1472118374331203586
1472118379993522178
1472118380085792769
1472118381662937092
1472118384380854277
1472118387102859265
1472118394212302854
1472118397093748739
1472118398758780929
1472118401879494657
1472118403632533506
1472118408430956544
1472118412059058176
1472118412189085698
1472118415129292805
1472118415586435076
1472118432409821188
1472118439271702530
1472118440374640644
1472118441708601346
1472118458422808580
1472118459286835201
1472118462075998210
1472118465473523713
1472118466517864451
1472118471215353856
1472118472696029201
1472118473916571655
1472118479213977604
1472118481344765952
1472118486230921216
1472118487535407104
1472118491201388546
1472118492874825728
1472118497077600259
1472118499938127875
1472118510151106560
1472118510864195589
1472118528346148865
1472118528375283716
1472118529373708288
1472118530048806915
1472118531248504838
1472118536034213889
1472118537778987008
1472118542971678720
1472118545139961858
1472118552907988995
1472118557748215812
1472118561527193602
1472118562416467969
1472118567361396739
1472118567902449665
1472118571459170306
1472118572973494273
1472118577536765953
1472118577507405824
1472118577297870849
1472118580506693632
1472118581710233600
1472118584642084873
1472118599091470342
1472118602836893696
1472118604443398144
1472118612450234368
1472118623967879168
1472118626882924545
1472118628736765955
1472118633757171714
1472118634336202752
1472118637628592129
1472118638320652292
1472118639176339457
1472118639658684417
1472118642955411459
1472118643324600325
1472118646457749505
1472118648324206600
1472118648739299328
1472118658184921091
1472118660978384896
1472118663104901130
1472118664786812931
1472118672605040643
1472118676262379521
1472118678200090624
1472118679609516032
1472118681475895303
1472118683413594113
1472118683552071682
1472118684143472646
1472118686785826817
1472118691298885634
1472118691705749505
1472118696000774148
1472118697489694720
1472118698756526084
1472118699280805896
1472118709762285573
1472118710467014663
1472118712786243585
1472118713503694848
1472118726711521281
1472118729387528193
1472118733271449604
1472118735255359488
1472118739793555458
1472118740632301569
1472118747129278470
1472118748341440514
1472118751839539202
1472118753655771140
1472118757396869120
1472118762933395459
1472118765332561921
1472118781849735175
1472118782625787906
1472118784328704002
1472118790490148871
1472118791853150209
1472118794063597568
1472118795204370434
1472118795296776193
1472118799222525955
1472118799990239242
1472118802930298881
1472118812464013314
1472118813307158528
1472118816238936068
1472118817127952384
1472118818973573124
1472118819611189248
1472118820626173955
1472118821494398980
1472118825994833924
1472118834219921414
1472118834563665922
1472118860996395010
1472118872199335936
1472118872954261512
1472118874514546689
1472118875735085056
1472118877601550337
1472118880445345794
1472118881254793218
1472118881669902338
1472118889865564161
1472118893573402626
1472118894022303747
1472118909109211138
1472118909134422016
1472118912024207361
1472118914888962048
1472118916277317638
1472118919489994756
1472118922744934400
1472118924133031937
1472118924204556289
1472118934367207426
1472118936426713090
1472118937613701126
1472118939505332231
1472118941342318593
1472118952759341059
1472118957561819140
1472118960195661825
1472118964239044609
1472118965388251141
1472118967489736705
1472118970597756933
1472118971461771267
1472118972803919873
1472118975064592392
1472118980693401604
1472118985743343620
1472118986498355207
1472118989627084801
1472118990474514432
1472118998951100416
1472119001094373379
1472119007079636994
1472119008384192516
1472119011043426305
1472119011970224133
1472119020321226752
1472119020790898692
1472119021348995072
1472119021583622145
1472119034619514880
1472119038482526208
1472119040344838146
1472119041003175939
1472119046426566657
1472119047361904640
1472119050943750147
1472119052520898560
1472119053460582402
1472119060003500033
1472119062796906498
1472119063186919427
1472119065292328961
1472119065930092548
1472119066345320450
1472119068006273026
1472119075077775362
1472119076625559552
1472119077103677443
1472119082736513024
1472119083353137156
1472119084330328064
1472119084494073857
1472119084502372354
1472119087115427841
1472119088885424128
1472119091175604225
1472119093197082626
1472119096716062721
1472119100918972419
1472119106832945158
1472119110095966211
1472119111098511361
1472119112381841413
1472119116005793795
1472119120019742725
1472119125841518594
1472119126097383425
1472119126420295684
1472119127770910723
1472119128337100800
1472119128693559296
1472119128894935045
1472119133760331782
1472119136465657856
1472119139057741834
1472119140467068930
1472119142614327296
1472119143037947907
1472119145018068992
1472119147475648512
1472119147869868033
1472119152324321288
1472119164202622977
1472119173878849540
1472119174981955586
1472119175380230145
1472119177653665793
1472119177720725504
1472119178626797569
1472119183718555652
1472119183727071236
1472119188730773504
1472119190475747331
1472119196087730179
1472119197232730114
1472119197698297859
1472119203767463937
1472119203880529924
1472119206644649984
1472119207970152448
1472119209635237888
1472119211946176513
1472119212084768769
1472119215683510274
1472119217504006144
1472119219617603585
1472119221270233092
1472119221542866950
1472119222918692864
1472119223220523014
1472119227549061121
1472119228727803913
1472119230023835650
1472119241956421635
1472119246456909824
1472119247094484992
1472119247816036353
1472119250458398726
1472119250991124484
1472119256456306689
1472119263955718145
1472119265700433921
1472119265864077315
1472119286940540928
1472119302107115520
1472119304539844608
1472119306473259010
1472119308075421696
1472119312156704769
1472119312412520449
1472119313301655553
1472119313343520768
1472119315151347724
1472119315948130305
1472119317869252615
1472119319295238147
1472119321954553858
1472119324294877185
1472119324421005315
1472119326316584962
1472119334977769473
1472119355370573825
1472119358130462720
1472119366271520768
1472119366732890115
1472119368133787652
1472119369790484480
1472119372403642374
1472119375700373512
1472119381299798019
1472119381714821120
1472119385464709122
1472119385900863490
1472119385976279042
1472119399473565696
1472119399230230528
1472119401822527488
1472119402489282560
1472119405064507394
1472119405932789761
1472119408797503488
1472119408516603904
1472119420063518726
1472119421661450241
1472119424530321410
1472119425486802947
1472119430813392897
1472119435414622210
1472119435611705344
1472119436576440322
1472119438485114881
1472119448882622470
1472119449176227846
1472119449201385472
1472119449029595137
1472119449029390339
1472119452632338437
1472119465357856772
1472119484035088385
1472119484374786048
1472119485943451651
1472119491970703367
1472119502750072834
1472119503299436544
1472119504943689729
1472119506591903747
1472119511289511937
1472119512912826368
1472119514087276544
1472119515861430277
1472119517648076800
1472119517920718849
1472119521095921664
1472119527156580353
1472119533364301832
1472119536451145730
1472119539521359872
1472119541241192450
1472119557682872320
1472119558391492610
1472119558538289156
1472119563911417861
1472119566813712385
1472119567010828290
1472119572518084611
1472119572266377228
1472119585008726016
1472119587022024707
1472119588351582218
1472119589924392962
1472119595825778692
1472119603304153088
1472119605783113735
1472119615354515465
1472119619213221891
1472119624456151042
1472119625177571331
1472119628797136897
1472119628746870785
1472119628939866119
1472119630646808579
1472119632161124355
1472119636556668928
1472119637894737922
1472119638414835717
1472119638800560128
1472119643938734084
1472119645096136704
1472119646010720259
1472119649387130880
1472119651542781952
1472119652193128449
1472119655816962052
1472119657435963393
1472119658140557313
1472119668605288452
1472119670903910401
1472119671872794624
1472119684673638401
1472119684728242176
1472119685877428230
1472119691581825027
1472119692340912132
1472119709063520257
1472119715179155458
1472119725895217152
1472119727904346113
1472119736435679232
1472119737249415169
1472119741045264388
1472119744786534400
1472119751971196928
1472119752105545736
1472119752944283650
1472119754408316931
1472119763526721542
1472119773261611008
1472119774012493827
1472119774196875266
1472119775535026179
1472119783172808704
1472119783806046208
1472119784502349832
1472119792597405700
1472119801715859464
1472119802168815617
1472119804484100097
1472119809307463680
1472119813174702083
1472119818132377600
1472119824671248386
1472119834187952130
1472119836696141831
1472119837036101636
1472119841343655936
1472119844048982022
1472119844518588416
1472119851686711299
1472119855029567494
1472119858498265092
1472119859668520964
1472119864378609668
1472119867193151489
1472119871345414144
1472119872159158274
1472119877838254082
1472119881575198722
1472119891150790656
1472119898755194881
1472119900739014656
1472119911224852482
1472119911728173067
1472119912189497345
1472119914592800769
1472119914039156736
1472119915544940546
1472119919785435136
1472119920272232454
1472119920389353473
1472119921631023106
1472119921970712583
1472119924243918848
1472119927683223555
1472119929629458438
1472119934885019648
1472119940438134785
1472119943269433347
1472119949237751810
1472119948960952321
1472119949988671489
1472119953314750466
1472119954069757957
1472119954493300736
1472119956791873541
1472119968296845315
1472119970490372099
1472119975410241536
1472119979113955331
1472119989498953731
1472119989071134720
1472119992665706498
1472119996352450561
1472120001196965889
1472120004577566721
1472120012521549828
1472120013553381379
1472120020406661122
1472120020268376067
1472120021061042177
1472120022260613120
1472120023359623170
1472120025364398081
1472120028304662529
1472120028975624196
1472120032675221506
1472120042238234628
1472120046839283712
1472120052560375812
1472120055022424065
1472120055660007430
1472120057044025349
1472120071367577602
1472120072814669824
1472120077730283527
1472120078418120704
1472120081329049600
1472120083464036356
1472120083455508481
1472120085259198473
1472120092263518208
1472120096390889476
1472120096529305604
1472120098290819075
1472120103281954817
1472120103370215427
1472120103894347780
1472120109141577732
1472120112790474753
1472120113700618240
1472120116745801732
1472120119174344706
1472120120331886593
1472120126409433089
1472120128103923714
1472120129165144064
1472120131786584068
1472120132201684993
1472120145078366212
1472120148337348611
1472120149117341697
1472120151659237381
1472120156373467137
1472120160098074626
1472120163478605824
1472120165039026178
1472120167228481536
1472120168079892482
1472120171053543424
1472120171716354050
1472120171817062404
1472120180440543238
1472120182160211971
1472120183477227520
1472120185968644099
1472120191861596160
1472120192016654338
1472120196458422272
1472120205551837191
1472120205769908224
1472120211679678467
1472120212220645377
1472120214338760706
1472120215337111554
1472120216834523136
1472120219384516609
1472120227391496199
1472120230797320192
1472120233410408449
1472120235809464320
1472120237969526785
1472120242511953922
1472120248111271937
1472120248325267459
1472120251944869889
1472120252561604619
1472120257556848641
1472120265303855105
1472120267103084550
1472120276313907201
1472120276678631427
1472120280638132224
1472120281019781122
1472120288976543749
1472120295528009733
1472120297327407110
1472120298266710016
1472120301974609928
1472120302184198144
1472120303337750531
1472120305254637571
1472120305766133760
1472120306210938882
1472120306919743494
1472120308253483016
1472120311231520774
1472120316575072256
1472120321104916490
1472120322228772865
1472120322812006405
1472120324955140097
1472120325991108608
1472120328176476164
1472120330684489728
1472120330718175233
1472120333381648393
1472120338645409792
1472120340889305091
1472120344601407491
1472120349491826688
1472120355485454337
1472120358123630592
1472120361856602116
1472120364645830656
1472120364956209152
1472120370610192388
1472120383088123904
1472120388087808000
1472120390168158213
1472120400503001090
1472120401467695104
1472120405158735873
1472120410019971076
1472120411622105097
1472120413429776389
1472120413425700871
1472120413467648007
1472120414214184965
1472120414356840454
1472120432610271233
1472120439585447936
1472120446564720642
1472120448272019461
1472120454835961858
1472120456178126848
1472120456740233221
1472120459437113344
1472120460414312514
1472120462704480257
1472120463618981889
1472120463744802821
1472120466328358912
1472120469126066179
1472120472326193153
1472120472619962370
1472120483948765186
1472120484254957571
1472120487295832067
1472120487924928515
1472120487979282436
1472120489552318469
1472120498150526977
1472120500897804294
1472120501204094976
1472120503586504705
1472120509756317699
1472120511333167106
1472120511740186625
1472120511807115264
1472120514479116288
1472120516538294274
1472120522460655618
1472120528932642819
1472120530597785602
1472120531252125696
1472120537761693701
1472120540940886025
1472120546775252993
1472120547370754051
1472120552487800832
1472120554253660164
1472120555289464833
1472120564445679616
1472120572511354880
1472120577842466816
1472120584989462531
1472120585861935105
1472120589204795392
1472120590110801920
1472120599506034691
1472120606305009668
1472120610473930754
1472120611573014530
1472120612084723720
1472120613527506950
1472120616979476480
1472120619604983810
1472120621085696001
1472120622704697344
1472120628568154115
1472120629629538310
1472120631856566272
1472120635371442176
1472120636688502786
1472120637636296705
1472120638273990657
1472120640358469633
1472120649678299137
1472120652698112005
1472120652874190848
1472120652987518978
1472120653717327879
1472120661007126530
1472120668280008709
1472120668699381760
1472120668628164608
1472120674479132675
1472120674667872256
1472120679394775042
1472120684906262530
1472120685120167937
1472120685321498629
1472120688815357953
1472120693231816708
1472120693626130437
1472120694226010113
1472120694389497856
1472120702639738881
1472120707840716801
1472120722688561152
1472120726979330052
1472120727071567876
1472120728459882497
1472120729294548994
1472120730158608384
1472120730821095425
1472120734516494339
1472120736722522112
1472120738161172481
1472120739327315974
1472120747191590918
1472120747183292417
1472120748726972418
1472120749141987328
1472120757937266691
1472120760743481344
1472120761297035266
1472120762316115968
1472120769769529350
1472120784235769857
1472120789721878531
1472120789973405697
1472120791009476609
1472120793173618694
1472120794113314816
1472120797804122113
1472120805882580992
1472120807123996674
1472120809799880707
1472120816901013506
1472120817756508162
1472120821304860675
1472120826489028608
1472120827537768451
1472120831593664517
1472120833330061313
1472120853655601154
1472120854356004866
1472120856285487106
1472120859045163011
1472120870667632640
1472120870814502913
1472120873112981504
1472120885486108672
1472120885804941318
1472120887059099653
1472120889374396423
1472120891441963008
1472120893161623554
1472120894097137667
1472120898014511108
1472120905513848833
1472120908600905730
1472120918122061827
1472120931120254978
1472120931166441477
1472120931606831108
1472120935687680000
1472120936119902212
1472120938766368768
1472120941526192131
1472120945909407750
1472120951613505536
1472120955996626947
1472120962799882240
1472120968143421450
1472120969657528322
1472120971351842816
1472120974812221440
1472120978343931907
1472120984622665728
1472120988598996995
1472120989559386112
1472120991388250113
1472120991664984069
1472120993376346114
1472120996094169091
1472120997809561601
1472120999332167681
1472121003832754178
1472121004558331904
1472121010849820672
1472121012602949632
1472121028964982788
1472121029480775684
1472121037496201216
1472121048929865731
1472121050343387140
1472121058337644547
1472121059792998402
1472121062976598019
1472121063790321671
1472121063861633024
1472121066583646213
1472121066709565440
1472121067455926274
1472121074246725637
1472121076905771012
1472121080747753472
1472121084208029696
1472121084296278019
1472121090315071490
1472121092286271490
1472121099496443904
1472121099676758018
1472121101836771328
1472121102273032198
1472121107109105668
1472121109214425090
1472121109294297090
1472121110376370178
1472121111852769280
1472121114553827330
1472121118295265288
1472121120585363458
1472121125928947718
1472121126092513283
1472121128499892225
1472121128772583424
1472121130794332163
1472121131050143748
1472121134284161024
1472121136813342724
1472121137119248388
1472121145377841154
1472121149660143616
1472121150431969283
1472121150733959173
1472121158191484934
1472121166374608899
1472121166575898628
1472121169574834178
1472121171692769284
1472121172477231108
1472121174415056898
1472121185781510145
1472121187325128704
1472121192165298176
1472121198704267270
1472121199153057798
1472121201287852032
1472121201879404544
1472121211962499076
1472121212084137985
1472121214814457859
1472121215099756549
1472121218530562054
1472121233789628417
1472121234649456643
1472121236167827461
1472121238260617218
1472121240970092545
1472121240659927045
1472121242593472515
1472121246557122561
1472121254505185283
1472121256568922119
1472121256942125057
1472121258242314243
1472121271034941440
1472121273790517248
1472121281235632128
1472121281759920129
1472121285618532355
1472121290450698245
1472121292115619846
1472121295030661120
1472121296402014208
1472121299354935305
1472121302236368899
1472121304262537217
1472121304786608131
1472121307085127682
1472121322994118658
1472121323140882434
1472121325481201666
1472121326089342976
1472121344166805504
1472121345479741445
1472121349611335680
1472121351049662464
1472121351725109249
1472121355407704067
1472121356162859014
1472121356581883908
1472121357806694402
1472121364954116104
1472121367747129345
1472121368875462656
1472121376110571521
1472121380422524930
1472121382133592066
1472121390644043778
1472121393282224129
1472121395614142467
1472121398495641602
1472121399506444291
1472121408230764544
1472121413825753090
1472121414694182914
1472121420230664193
1472121422382198785
1472121424223649793
1472121430011695105
1472121435292422144
1472121437485813762
1472121438588964867
1472121440312954880
1472121441667760133
1472121444385579015
1472121444830048259
1472121445211910144
1472121451926880256
1472121464073555969
1472121466921488384
1472121467538219009
1472121469148688387
1472121469752729604
1472121470948106240
1472121472772722688
1472121474475606018
1472121477789106183
1472121479802327041
1472121484210577408
1472121486676840449
1472121490963193856
1472121494377570310
1472121503936172033
1472121522387042305
1472121525553803265
1472121527097184256
1472121528342962180
1472121528510783493
1472121529513422851
1472121539852177413
1472121544772145159
1472121546307256324
1472121550841077760
1472121553236029440
1472121560945287168
1472121561368850437
1472121566200803330
1472121573410623488
1472121583393251331
1472121584018092035
1472121585700159492
1472121595577704448
1472121597666410500
1472121599608373249
1472121601705627655
1472121604176031749
1472121609083359232
1472121612078137345
1472121612895879169
1472121616398180356
1472121617333555209
1472121617929183233
1472121618218557441
1472121618549940226
1472121621129449476
1472121626741387267
1472121631199932422
1472121633179521024
1472121637222993920
1472121649306685440
1472121650753814530
1472121650787332097
1472121653299716098
1472121663303008261
1472121676070637569
1472121679363010560
1472121685826584576
1472121686900232194
1472121687944556547
1472121688850640900
1472121690775773187
1472121691321122819
1472121693648814085
1472121695360077828
1472121694760611841
1472121697075703810
1472121700535791623
1472121705493528576
1472121710778458114
1472121713097805825
1472121713601220616
1472121713790005250
1472121725290692611
1472121725752070145
1472121725877956610
1472121726481752067
1472121729661161484
1472121732093800448
1472121732941193219
1472121740595990530
1472121749743357952
1472121757129756675
1472121758064861184
1472121762955550721
1472121769658142722
1472121773453979651
1472121776050085890
1472121776960245762
1472121776985550848
1472121782459146241
1472121789148971012
1472121798036754438
1472121805242470402
1472121812691472384
1472121816705642501
1472121818664288256
1472121824230187008
1472121829351641088
1472121831100497920
1472121833034072066
1472121839497486338
1472121841380741129
1472121840856440835
1472121842059993091
1472121845344210947
1472121846610993153
1472121849811451906
1472121852067733505
1472121856656228356
1472121865678495748
1472121867016232964
1472121871298531328
1472121877615325187
1472121879448141832
1472121882191306753
1472121883613089792
1472121887568269312
1472121887832657926
1472121891175415813
1472121894262345734
1472121898062524417
1472121902604947459
1472121903460532224
1472121903963783168
1472121912717369344
1472121914168516608
1472121918308466691
1472121923400306691
1472121923626692608
1472121925321121793
1472121930056704004
1472121933198249987
1472121934062268428
1472121937283502085
1472121937065562112
1472121938189635585
1472121939435085825
1472121939783262210
1472121955578892289
1472121955755376641
1472121960108900352
1472121961769750528
1472121961111240705
1472121962444980226
1472121965800574980
1472121966769451008
1472121969663483909
1472121978744041472
1472121979096363015
1472121979616563200
1472121980312817669
1472121984347967491
1472121985027264515
1472121988726640642
1472121990408409092
1472121991998021634
1472121997048041474
1472121999308820482
1472122008301449216
1472122014726950913
1472122016505507840
1472122017738600448
1472122017801510912
1472122020930457601
1472122027632963584
1472122031349002240
1472122044657590272
1472122051947343872
1472122055801720834
1472122056502390790
1472122056867262466
1472122058033274886
1472122059635392512
1472122061489250312
1472122064249458689
1472122070771273732
1472122074625892358
1472122075385061376
1472122076551163905
1472122085329809412
1472122087683006471
1472122088051724288
1472122088706215937
1472122103872856068
1472122107345702912
1472122108461395975
1472122109015035909
1472122109799317508
1472122110478897152
1472122118397734913
1472122122231332865
1472122125075034115
1472122126299770880
1472122132909809667
1472122133803327493
1472122142665973761
1472122143332835330
1472122144897355778
1472122147778691073
1472122152476368901
1472122153755549696
1472122160562987010
1472122162567958533
1472122163440197632
1472122166036471808
1472122166607024134
1472122168834084864
1472122171996585988
1472122176136384512
1472122175318548486
1472122183052836864
1472122189419790339
1472122191168696323
1472122191881936898
1472122192783630340
1472122194067083268
1472122195979939842
1472122201872605187
1472122203328159744
1472122204066238467
1472122209619824642
1472122212043923456
1472122213918720000
1472122215067910144
1472122221850238981
1472122231782350860
1472122232898035714
1472122239139074049
1472122241332744194
1472122243908050944
1472122249238900738
1472122249368924161
1472122250560098307
1472122251164192769
1472122258042888192
1472122261435924485
1472122266070704132
1472122266716553217
1472122267513815043
1472122271372394497
1472122272114561027
1472122273167466496
1472122274480283654
1472122275809931265
1472122279295287301
1472122280293507072
1472122280222150657
1472122281405132804
1472122289869275140
1472122290464866307
1472122292226465793
1472122295888097287
1472122296609431555
1472122303525838848
1472122305736327169
1472122310979108867
1472122314468642820
1472122315152396294
1472122316293169153
1472122318579277828
1472122323348168708
1472122324199432199
1472122339080953858
1472122348224462848
1472122348316803075
1472122350074138626
1472122350602653698
1472122356269129728
1472122357292716032
1472122358265700359
1472122360086110209
1472122360379621379
1472122361625202695
1472122364280332291
1472122366381674497
1472122370357968899
1472122370534031360
1472122376737509376
1472122379233021956
1472122381992931330
1472122382181548037
1472122383180132353
1472122386480828416
1472122401781547010
1472122401899036674
1472122402012377092
1472122404273106947
1472122408190554115
1472122418860675072
1472122422430216193
1472122423268937734
1472122425017966595
1472122431150206977
1472122431368142850
1472122438502780932
1472122438544953346
1472122439954219010
1472122440629297152
1472122440797016064
1472122441031987200
1472122444592857093
1472122445914071042
1472122446144753668
1472122447805698053
1472122449693184008
1472122457008099329
1472122461663776769
1472122463656062978
1472122469372760067
1472122471386017794
1472122472346664964
1472122473319649284
1472122473563004928
1472122481024589827
1472122485298450432
1472122491439042563
1472122496652492802
1472122503367741440
1472122506198892544
1472122509206208519
1472122510619471878
1472122511823458308
1472122521172398088
1472122523139469314
1472122526247567363
1472122526583115780
1472122527270928385
1472122531016491014
1472122531817660417
1472122539467960320
1472122540063477760
1472122542232117256
1472122551635746820
1472122552474603522
1472122554206724101
1472122562381594631
1472122581625016322
1472122583134793730
1472122596023885829
1472122598700068865
1472122600042156032
1472122600188874764
1472122601346580481
1472122612285427714
1472122615556976640
1472122623324823554
1472122629259763714
1472122631163940865
1472122641670680577
1472122650101170179
1472122653821571078
1472122658095521796
1472122660717056001
1472122662587703298
1472122664609357826
1472122664957317121
1472122671731298305
1472122673622835206
1472122678307811330
1472122680157650947
1472122687413792769
1472122688021827591
1472122689804460037
1472122689989009408
1472122698918551558
1472122701078798344
1472122702810869761
1472122705029869571
1472122705428234244
1472122705872928769
1472122707877990404
1472122708938747907
1472122714991173636
1472122720494268421
1472122728761208836
1472122733257449474
1472122736449585152
1472122738332422144
1472122739477549057
1472122740027052035
1472122745009885188
1472122748591915010
1472122749351084032
1472122750428856322
1472122751431360516
1472122753436327937
1472122754711367684
1472122755977990146
1472122758985404419
1472122762491838464
1472122764098220038
1472122766329462785
1472122769785733120
1472122774563037188
1472122776991404033
1472122777683566592
1472122781999386626
1472122793777147904
1472122797564510213
1472122797904351235
1472122800257208322
1472122812533989378
1472122815465680901
1472122816292134912
1472122817219022848
1472122817969856514
1472122822059245568
1472122826970877952
1472122835221073923
1472122842414256133
1472122847422210052
1472122849246728194
1472122851079737346
1472122854384803843
1472122859145375746
1472122861087346694
1472122864665047048
1472122868859383813
1472122876207714304
1472122883069648902
1472122893211365378
1472122898009985031
1472122898588454912
1472122898391486465
1472122901847416834
1472122903349055489
1472122903839784962
1472122904980508673
1472122905370710019
1472122906960355330
1472122907681640449
1472122910622076934
1472122910982557697
1472122914522632195
1472122917005713409
1472122930494590979
1472122933669773316
1472122935636905986
1472122937348087815
1472122946642710528
1472122952900558848
1472122952980185090
1472122956771905538
1472122958269321217
1472122962736259079
1472122966125293569
1472122967161253888
1472122967614279682
1472122971707875332
1472122972248834048
1472122973461090304
1472122973528154117
1472122979878375426
1472122981304446977
1472122982025682945
1472122982428336132
1472122986039701508
1472122993644089345
1472122994637950978
1472122995313459203
1472122995757912069
1472123003492188162
1472123004939382784
1472123006868729858
1472123021800312833
1472123022047805440
1472123023411101697
1472123024434507780
1472123027622187009
1472123033385062404
1472123041937334275
1472123042889404418
1472123047272353792
1472123047146508288
1472123054587326467
1472123055598145540
1472123059226222592
1472123061738434563
1472123062304841729
1472123073184907269
1472123073881157633
1472123078280892420
1472123081946714114
1472123083301564425
1472123086614851585
1472123089987072001
1472123090310098945
1472123098442960903
1472123098627465224
1472123098765930497
1472123100607172610
1472123105074110464
1472123107725164554
1472123107859378182
1472123111537532933
1472123111935938561
1472123113034772481
1472123115157270530
1472123122060914695
1472123127454908418
1472123128537096195
1472123130923479040
1472123131817037827
1472123131821232139
1472123133499002882
1472123133935161347
1472123134321086465
1472123139010318342
1472123142017531906
1472123149164572673
1472123149026271232
1472123149713952769
1472123150565584900
1472123152536854530
1472123152918618115
1472123168164880386
1472123169708425217
1472123171222396934
1472123172044828678
1472123174477348867
1472123174934491141
1472123182798704641
1472123188507299847
1472123189358645249
1472123199387316227
1472123202109280259
1472123208728039424
1472123211135565827
1472123213668700160
1472123223680507904
1472123223613616130
1472123223772962816
1472123224720764928
1472123226369241091
1472123226448924673
1472123234090901505
1472123238956343300
1472123240252387335
1472123250616455168
1472123255515459587
1472123257151279104
1472123257541349381
1472123260221505538
1472123261718876163
1472123264612790274
1472123277770248192
1472123282879127554
1472123285106302976
1472123286884605957
1472123288155533312
1472123292962197508
1472123296791498754
1472123300281303045
1472123302370021380
1472123305863880710
1472123312356704258
1472123317855211520
1472123322406248451
1472123326038487044
1472123328903061507
1472123328928391170
1472123330580959234
1472123330887094274
1472123330891288579
1472123344170356738
1472123344443121664
1472123358150111237
1472123360775749634
1472123369386483713
1472123371487776772
1472123373991849984
1472123377301164033
1472123377456455681
1472123392581058565
1472123396271996929
1472123396016283651
1472123406921478145
1472123410499178496
1472123413967872005
1472123415486033925
1472123422427734019
1472123424206065664
1472123424923439104
1472123425888079874
1472123426361860098
1472123426513068032
1472123430203965444
1472123438261284864
1472123443583889410
1472123443747377154
1472123447559921670
1472123447723581446
1472123449279717377
1472123457177636867
1472123457886470147
1472123465285058561
1472123471735971845
1472123471941419012
1472123477826097152
1472123478446903297
1472123479256297474
1472123483626696705
1472123487225401344
1472123486378373122
1472123488060293120
1472123488374857730
1472123489322635266
1472123495844917255
1472123496708907009
1472123497740652547
1472123502358499328
1472123510973681665
1472123512936558592
1472123517604933632
1472123518062108676
1472123522411597829
1472123527373459457
1472123531467051016
1472123532893204486
1472123534361370626
1472123543282454532
1472123556817698816
1472123559615029248
1472123563213832195
1472123572764221442
1472123576232857604
1472123582817972228
1472123587125522433
1472123587700137989
1472123590216720384
1472123596843663360
1472123604976480259
1472123615130918915
1472123616036892685
1472123620977635334
1472123629185880065
1472123630641418243
1472123636370792448
1472123644574777344
1472123646370095105
1472123646739111943
1472123648161075201
1472123649213837314
1472123661184376832
1472123662660734979
1472123664489320448
1472123665093312512
1472123668843020289
1472123682373910528
1472123684521394184
1472123691270037505
1472123693895720961
1472123699952189443
1472123700984090627
1472123701126742016
1472123704557531137
1472123706713464832
1472123710631030784
1472123711545217028
1472123712019349506
1472123712954462209
1472123713575432193
1472123717455069187
1472123720688885765
1472123724417671170
1472123725596090436
1472123728540672003
1472123729471684609
1472123729941385218
1472123731497603074
1472123741144449031
1472123743195602946
1472123754234875904
1472123757821145088
1472123758857097218
1472123763185520641
1472123766662651904
1472123766973120514
1472123771028914180
1472123772601704450
1472123775588073475
1472123778243219458
1472123781376319489
1472123781825060868
1472123781678260234
1472123782747676673
1472123785155264514
1472123788514975745
1472123794982588420
1472123798887534592
1472123800624021507
1472123802368688129
1472123805128663042
1472123806802071555
1472123809394302977
1472123816142942215
1472123821389860868
1472123822149099530
1472123827601563649
1472123829413683200
1472123830625873925
1472123835365404674
1472123839962308609
1472123840239177732
1472123847776382985
1472123857779793924
1472123860271001601
1472123866369519618
1472123867254571016
1472123874481516544
1472123876071120897
1472123877178449920
1472123878067654658
1472123881616035840
1472123882937233413
1472123883822239744
1472123885038575618
1472123885390684160
1472123886913339398
1472123888956059651
1472123890604326912
1472123897092923398
1472123904705576960
1472123904969871361
1472123907616481286
1472123909201928192
1472123920333434881
1472123921172353026
1472123922850197506
1472123923475144704
1472123923508699137
1472123924150243329
1472123924922216450
1472123929401573376
1472123929686945794
1472123935194062850
1472123935642763264
1472123944069066753
1472123950775812097
1472123951363018754
1472123954659688448
1472123957704859653
1472123965770547200
1472123966282162179
1472123968811417607
1472123970002440196
1472123974238703616
1472123976403099649
1472123977409519619
1472123992156909570
1472123996204195840
1472124004383272960
1472124004152586244
1472124016714342402
1472124021344854016
1472124026579562500
1472124032078258176
1472124039296655364
1472124039950962688
1472124043142864901
1472124049182498820
1472124050763771905
1472124051422257152
1472124052932333580
1472124054077427715
1472124054001922052
1472124057357328392
1472124062742810638
1472124073719308294
1472124075937918985
1472124078194634752
1472124081415680001
1472124088168505347
1472124098977411076
1472124102991171585
1472124103373078530
1472124109492523015
1472124111501602818
1472124116148920322
1472124118313189383
1472124129708896262
1472124130321481728
1472124138173222915
1472124141847425029
1472124150680809473
1472124153708920832
1472124154937757700
1472124155596316675
1472124156535881728
1472124157450141697
1472124159375425544
1472124159647838209
1472124163989164035
1472124170075000832
1472124170544713730
1472124182506921987
1472124187737219072
1472124188257239044
1472124196549394433
1472124205579841542
1472124208578797569
1472124209228914691
1472124211011407872
1472124213829976067
1472124215717511168
1472124220779941893
1472124225888522241
1472124226723364865
1472124227075641345
1472124229483171841
1472124230011527169
1472124237456543744
1472124240526774272
1472124246679863298
1472124247795331077
1472124251931086855
1472124252354752514
1472124269077450755
1472124269861687298
1472124272177033217
1472124275628724225
1472124281161146373
1472124287377035264
1472124289428172809
1472124289377873924
1472124291814932483
1472124292112519168
1472124301797040129
1472124307304173570
1472124307564232705
1472124310328209410
1472124310848430080
1472124326534991872
1472124330096140289
1472124330784010240
1472124332122025985
1472124333220896770
1472124336744058885
1472124344855896065
1472124351495483395
1472124357933768709
1472124357896019969
1472124358478864385
1472124363340136454
1472124363570913285
1472124364313313280
1472124366171295744
1472124373871910912
1472124373956022275
1472124378900926470
1472124379844722691
1472124381736357889
1472124387281317893
1472124387042205697
1472124393480286210
1472124398043807744
1472124399105024001
1472124400208068611
1472124400841363457
1472124407430713345
1472124409729019904
1472124414946910208
1472124421636870150
1472124430172184582
1472124430155489285
1472124430356602884
1472124432470609920
1472124440758603776
1472124444109905922
1472124446697828353
1472124446966226944
1472124449704984578
1472124450015518725
1472124454012661766
1472124454348144640
1472124454901800966
1472124455166128129
1472124457246330882
1472124464037040130
1472124464909402118
1472124466943578113
1472124467723657216
1472124471620390921
1472124473063182337
1472124475596488704
1472124484698050560
1472124484857384962
1472124485306228742
1472124485964910596
1472124492138758145
1472124496022839299
1472124498262454273
1472124498686136327
1472124512313425924
1472124513231933442
1472124518676062210
1472124518919557121
1472124520316215299
1472124520391745539
1472124529094930434
1472124533549068293
1472124539362496512
1472124541979742211
1472124547109376000
1472124547851866112
1472124550766809089
1472124563567820804
1472124563937017859
1472124564121714691
1472124564620541953
1472124564578652167
1472124571469987844
1472124572585582601
1472124578000510981
1472124586716192772
1472124588716924928
1472124590872797190
1472124595511595008
1472124600901324803
1472124601895321600
1472124601861877764
1472124605116522496
1472124605292695555
1472124608211996684
1472124608920784897
1472124610011443200
1472124612121088004
1472124614914428928
1472124615170265090
1472124621486972932
1472124625844944902
1472124632048230400
1472124634636115969
1472124636586520576
1472124647185526784
1472124647537876992
1472124647604989954
1472124648410296323
1472124654856937475
1472124658581336065
1472124662155026434
1472124663975202820
1472124671399190532
1472124675295612928
1472124676885389314
1472124683965198336
1472124684049297410
1472124684262985730
1472124685835898881
1472124688012873730
1472124691032723460
1472124695034093575
1472124701728067589
1472124705742151680
1472124709160501253
1472124712490831875
1472124712574586884
1472124713019351042
1472124714906705925
1472124717272379400
1472124721470783490
1472124728504721415
1472124731684003844
1472124732040368128
1472124736817840131
1472124737593749518
1472124739590115328
1472124743641821185
1472124744384143362
1472124746326228994
1472124747685191680
1472124747987267584
1472124765477482496
1472124777129259011
1472124777657561089
1472124785748496386
1472124787975766018
1472124790328594432
1472124790450405378
1472124796074967041
1472124802144083969
1472124806036402176
1472124807525421061
1472124810096517121
1472124819621691392
1472124819521122309
1472124829826490368
1472124834347982852
1472124837401354244
1472124837816672256
1472124839020269570
1472124840337367043
1472124848277229570
1472124849606823940
1472124852140134400
1472124853490651137
1472124854568726529
1472124859463266305
1472124865352187906
1472124869219340295
1472124873560367107
1472124883685416961
1472124884620824577
1472124889490497536
1472124890102652930
1472124891595825154
1472124893252706304
1472124893483331584
1472124896448765958
1472124899044958208
1472124904417996802
1472124905307062273
1472124906876071936
1472124907937046535
1472124908884742153
1472124909128241153
1472124914601766913
1472124916086362112
1472124921232850944
1472124922206261249
1472124926110928898
1472124926354247682
1472124927536893955
1472124928119947265
1472124931500617728
1472124934394728453
1472124935485206538
1472124936932233218
1472124941302652930
1472124941692776449
1472124944586784776
1472124948240027650
1472124948730638337
1472124956989341696
1472124958499225601
1472124958860062721
1472124964715253762
1472124965432356864
1472124969370931206
1472124969387708419
1472124974731350020
1472124979374432258
1472124990044655620
1472124996117880833
1472124997598695427
1472124997875474432
1472125003315433475
1472125004326137859
1472125008327499777
1472125008684195842
1472125009984425985
1472125011121082374
1472125013314596864
1472125014778470402
1472125015097331718
1472125021766270983
1472125026929414149
1472125026853789696
1472125027734601729
1472125034994954242
1472125038312796164
1472125042964242434
1472125048685150208
1472125050690195457
1472125054485884935
1472125057715560452
1472125059561107460
1472125060672544770
1472125060827607042
1472125062421655558
1472125068348121089
1472125070063677440
1472125073112944646
1472125075256184832
1472125083216982021
1472125083367919620
1472125087742582784
1472125093241315330
1472125094524866563
1472125094831038473
1472125098769403908
1472125099507695621
1472125102250774529
1472125108496089101
1472125110161051649
1472125114397474816
1472125116301684743
1472125118620991488
1472125122895093763
1472125123637350401
1472125127815057408
1472125131925475331
1472125132638457861
1472125138950787074
1472125141908074497
1472125141723222016
1472125145032630273
1472125157451960324
1472125162174754817
1472125167434289153
1472125172970704896
1472125173411180551
1472125176531890179
1472125178469658628
1472125179882921984
1472125181795700740
1472125184912068609
1472125184882663426
1472125187021705218
1472125193674006533
1472125202746122241
1472125208479862786
1472125211050975234
1472125214922313730
1472125216734199808
1472125219057897479
1472125222899879937
1472125223893831682
1472125225999421443
1472125227115110405
1472125235969380353
1472125237252734976
1472125243582185474
1472125245389783041
1472125251735719936
1472125253862187011
1472125255707725828
1472125262959497216
1472125266847752192
1472125269712556034
1472125274024300546
1472125276092080139
1472125286699474944
1472125290776195073
1472125291980107777
1472125292571471873
1472125303476527106
1472125310892052486
1472125313626869765
1472125317531594755
1472125328436994055
1472125331721105413
1472125336204693507
1472125340193411072
1472125341472804864
1472125342324518921
1472125344316493827
1472125346216562688
1472125348611452929
1472125349148434436
1472125350033248257
1472125353145643008
1472125353653116933
1472125359613444101
1472125360556822531
1472125361571905540
1472125364998586368
1472125366047154179
1472125369629163520
1472125370514259969
1472125372951007233
1472125374091857921
1472125381616537601
1472125382509875204
1472125382925164547
1472125385945100293
1472125386104340482
1472125386263707648
1472125389921206279
1472125391762513923
1472125394769920004
1472125402873307136
1472125403833647105
1472125412197244933
1472125416513183749
1472125419293974530
1472125426462040066
1472125428152385536
1472125428861214722
1472125430396301315
1472125430866010118
1472125433093275649
1472125436553572354
1472125447831961603
1472125447886495745
1472125451669704707
1472125454077341700
1472125454639415296
1472125464303046659
1472125464894447619
1472125466492420102
1472125467398336512
1472125467671109633
1472125468186841092
1472125468417708034
1472125471873712130
1472125472179900418
1472125474059038721
1472125479658442755
1472125483328454656
1472125484762808323
1472125490286714890
1472125495743496196
1472125495827636231
1472125498108964864
1472125504819978240
1472125507609182209
1472125509127573504
1472125515322511362
1472125517734293509
1472125518434934788
1472125519533690880
1472125519961505795
1472125525518811136
1472125529126014982
1472125535694524418
1472125539246772225
1472125554522472449
1472125561329778690
1472125561380253697
1472125567252283394
1472125567885582338
1472125568720199680
1472125568673927172
1472125568976134148
1472125570448171011
1472125571761123331
1472125574223040512
1472125576001601540
1472125578396385283
1472125580040712196
1472125581726736387
1472125586256584705
1472125587380588545
1472125590950010882
1472125592623591425
1472125593999360004
1472125598554279937
1472125601863520261
1472125602689863683
1472125611363680258
1472125617646804992
1472125620226510848
1472125621862080514
1472125623736885254
1472125628224659458
1472125629634019330
1472125630456250372
1472125634331791364
1472125635686543362
1472125638735769601
1472125639696084995
1472125650446462976
1472125655194030081
1472125659464011778
1472125659359162369
1472125662756425729
1472125664123924480
1472125665990303749
1472125667324145665
1472125668813152260
1472125670272741382
1472125677931540484
1472125682696261633
1472125684793417732
1472125685837844483
1472125690036248576
1472125691323981826
1472125700887003145
1472125704175247365
1472125712383447041
1472125712991670276
1472125713092419584
1472125714522677248
1472125718016499720
1472125719924948992
1472125721933869058
1472125726522413057
1472125726837071875
1472125732772093957
1472125733082316802
1472125737088032770
1472125739931770881
1472125743513620490
1472125747900911624
1472125757455544320
1472125759032463363
1472125763797331973
1472125764044832774
1472125770176679939
1472125770256601088
1472125770981986306
1472125773482008580
1472125776346681347
1472125778649247746
1472125780796788741
1472125782373842947
1472125786006032386
1472125787964796928
1472125788703100929
1472125791882330113
1472125792746414082
1472125793274720257
1472125797297053696
1472125801848053766
1472125802510749697
1472125803290927105
1472125803999772681
1472125806457540608
1472125811532697603
1472125815387303940
1472125816511283201
1472125817098539012
1472125821464702978
1472125821842300930
1472125829005996032
1472125831262531588
1472125840301252610
1472125843589636097
1472125844160192512
1472125848740376580
1472125850321506304
1472125860681445377
1472125861939793925
1472125862778912769
1472125865819398147
1472125866658480128
1472125869003005954
1472125872597450758
1472125873348386817
1472125880197685251
1472125881174929410
1472125887722430465
1472125891127959552
1472125896555442176
1472125896467402753
1472125897519947777
1472125897893367809
1472125904419647489
1472125905086685184
1472125912141361156
1472125913169080320
1472125913584259072
1472125913634590726
1472125918000951296
1472125921104699394
1472125924846055425
1472125925710077954
1472125926808846338
1472125932559380483
1472125933180100610
1472125948950724611
1472125949265301509
1472125951836315649
1472125952297734149
1472125956299145217
1472125961990811652
1472125965312561153
1472125967820808195
1472125969993383937
1472125987370549249
1472125989572460544
1472125991451566082
1472125992600621056
1472125996023402496
1472125996841455618
1472125998149865474
1472126000536473602
1472126000658063367
1472126009889730560
1472126012695666688
1472126014037770240
1472126014658650113
1472126021063356419
1472126023949074433
1472126028189470720
1472126028860444674
1472126030538317824
1472126037387583490
1472126045314768897
1472126049488015362
1472126049785896960
1472126050679275522
1472126052348669953
1472126060921823235
1472126062113009664
1472126063958446085
1472126071743127555
1472126077711499264
1472126087727497219
1472126093997924352
1472126096690884623
1472126098783805442
1472126100356493313
1472126100276977672
1472126102709706756
1472126107872751618
1472126121701523459
1472126122464841728
1472126125736296450
1472126127241981952
1472126127409971203
1472126141209141253
1472126142345883649
1472126142974816260
1472126144753201154
1472126156694564866
1472126157537558531
1472126158368088067
1472126169306836994
1472126171823292418
1472126177535950848
1472126177749970949
1472126183533953029
1472126185392025600
1472126186713190404
1472126188919341057
1472126199140958208
1472126199891648514
1472126209165336576
1472126209593163777
1472126212952793088
1472126213439340545
1472126215226118145
1472126217411252231
1472126217663004675
1472126220510838789
1472126220716642304
1472126224428322818
1472126231441297409
1472126247404769287
1472126250420523009
1472126252173692933
1472126254149259266
1472126258557304833
1472126266665050113
1472126275502452738
1472126275724656647
1472126277758816258
1472126281286361091
1472126287988854784
1472126298608869377
1472126304753532928
1472126308423458816
1472126313129394176
1472126317084749824
1472126325615906816
1472126326953762820
1472126336022032385
1472126338932879360
1472126341566722049
1472126343626252291
1472126345039605760
1472126344544722946
1472126348105814018
1472126355936628740
1472126361607327747
1472126361858945031
1472126364434247680
1472126365994569731
1472126372952879114
1472126375029096450
1472126378300833792
1472126382465593352
1472126386286563330
1472126387364536322
1472126389834825728
1472126390917120008
1472126393748267008
1472126394423336962
1472126400844894209
1472126401440468993
1472126403848122373
1472126408067629062
1472126409606942721
1472126410026328065
1472126412748378114
1472126413633310722
1472126414040223744
1472126422001111040
1472126422844063747
1472126429013757953
1472126429244628995
1472126433506037761
1472126435502526464
1472126436534272000
1472126441063997440
1472126442116947968
1472126445812019200
1472126449578659842
1472126455891079171
1472126459435446274
1472126465399533569
1472126466590752768
1472126468629094405
1472126472999612421
1472126474325041155
1472126479035256834
1472126491223900162
1472126492142280705
1472126492133900290
1472126494403137536
1472126494998765573
1472126495220895753
1472126495422402561
1472126495434985473
1472126500459761669
1472126503592894464
1472126505832652800
1472126511549493251
1472126515638853635
1472126516872060932
1472126517371146240
1472126520001015812
1472126522857340929
1472126525730443265
1472126526284091396
1472126530578903042
1472126531388456965
1472126533057843205
1472126541777805312
1472126546236170240
1472126555438862336
1472126555824566274
1472126559947571200
1472126564687126529
1472126566847205379
1472126568118038528
1472126572878385152
1472126573440557061
1472126575860584450
1472126576322093056
1472126579748839428
1472126579732058117
1472126582936453127
1472126590247129092
1472126594579763201
1472126594793811977
1472126595691270148
1472126600435142656
1472126604415410180
1472126604990197761
1472126605455675392
1472126611076128773
1472126626091700226
1472126627857547264
1472126630130765825
1472126642977837058
1472126644391485440
1472126648518541314
1472126648044736513
1472126654407446530
1472126659549876228
1472126659709239300
1472126660623405056
1472126661772599297
1472126661739036673
1472126661671981059
1472126662569754625
1472126664238899203
1472126665559928832
1472126668483538945
1472126668609359877
1472126677274660870
1472126688737705989
1472126692835479552
1472126692936196096
1472126693812977664
1472126695524110338
1472126695713001477
1472126625806442505
1472126701345943552
1472126703573078019
1472126708677586950
1472126710204313600
1472126710959251460
1472126711311605766
1472126716399083522
1472126723588341761
1472126723936428032
1472126727447007234
1472126733692416010
1472126740235390979
1472126741531537411
1472126742538203137
1472126744186523648
1472126747403599874
1472126754101813251
1472126755259527170
1472126756123549701
1472126756589080580
1472126759952953344
1472126764700901378
1472126764872830980
1472126766273777666
1472126770081976321
1472126775698370562
1472126780555280388
1472126796816650246
1472126799563964421
1472126799350054912
1472126799979102209
1472126802906730496
1472126807914778631
1472126811442229248
1472126812029390848
1472126812708913159
1472126813388296195
1472126813941944320
1472126815573618695
1472126815846215680
1472126819197407241
1472126827233570817
1472126830295470083
1472126840236122114
1472126844245737474
1472126848712724483
1472126853598957571
1472126857726332929
1472126863413817346
1472126863770148867
1472126866018426881
1472126876210581507
1472126878009872385
1472126881516322821
1472126882137063424
1472126886255935497
1472126886646067203
1472126888768249861
1472126900927668224
1472126906413862912
1472126909333057536
1472126914798264320
1472126920963891200
1472126930220683271
1472126931072012293
1472126935459237892
1472126940328906754
1472126942195367939
1472126945336840193
1472126950235942914
1472126951418695684
1472126952031014913
1472126955218739202
1472126956128948224
1472126966480392201
1472126969357778949
1472126976639082498
1472126981802237954
1472126985228988418
1472126987611557888
1472126994997334020
1472126995110645760
1472126996218257409
1472127005374263298
1472127010730233857
1472127011095252993
1472127020893093889
1472127029084626944
1472127035413835779
1472127037066203137
1472127041382146048
1472127045253615616
1472127053147394050
1472127056163098635
1472127057920462855
1472127059371638790
1472127063092088833
1472127063943528457
1472127067697287169
1472127068859101187
1472127071463919620
1472127072659202049
1472127073045323781
1472127075570040836
1472127082444505089
1472127084210360325
1472127084940177408
1472127087905591297
1472127091499929601
1472127092213096449
1472127096755560456
1472127097476952065
1472127098881933313
1472127099876085765
1472127099993575436
1472127102371590146
1472127108147253254
1472127108629544969
1472127114824585218
1472127118494556166
1472127119966756864
1472127121367601153
1472127124760842241
1472127127256453127
1472127129714409477
1472127142066544642
1472127146990530560
1472127149188464641
1472127154074882052
1472127160617943047
1472127160777199616
1472127171821031426
1472127173150449666
1472127174698160128
1472127175264460800
1472127178477236230
1472127179546898435
1472127186564005893
1472127187352436737
1472127190200471555
1472127196693209095
1472127197498466304
1472127197645361152
1472127199310401544
1472127206209966080
1472127206579216384
1472127214133166083
1472127220927942660
1472127222039203844
1472127223121395718
1472127224006463488
1472127227080888325
1472127229282770944
1472127233145901058
1472127234894876675
1472127236375412737
1472127239257051136
1472127243153559554
1472127258609569792
1472127261469933570
1472127263697252353
1472127268344451081
1472127269720272899
1472127286266761217
1472127290062827522
1472127298522558464
1472127299478769666
1472127303433867270
1472127307838066689
1472127313303281667
1472127313714167810
1472127319229698049
1472127322706878472
1472127324380356609
1472127326297026561
1472127326964097024
1472127327387611139
1472127329543544834
1472127330885595136
1472127346308169730
1472127347629314048
1472127352385720320
1472127355816718343
1472127357196849154
1472127359482482690
1472127360027742219
1472127361218973700
1472127369179648002
1472127378822508548
1472127379162243080
1472127381309730818
1472127392642654211
1472127394064392193
1472127399219314693
1472127406240677890
1472127407570128897
1472127414679576576
1472127416533499904
1472127421902168064
1472127422392852481
1472127426327191552
1472127436162752514
1472127436896620544
1472127440155815937
1472127447835492355
1472127448431136768
1472127451933384706
1472127454370496512
1472127458455523329
1472127458346479626
1472127459952713729
1472127461412507650
1472127462398042113
1472127463694217216
1472127463769575427
1472127469259874307
1472127469444608009
1472127473240489985
1472127473269698565
1472127473991172096
1472127476952444929
1472127480769269760
1472127490869145601
1472127492723032065
1472127493230538754
1472127494715318277
1472127495877054464
1472127497772969989
1472127505771368452
1472127508027953153
1472127512930967555
1472127513233170437
1472127517200891905
1472127530119450626
1472127530312212481
1472127531809705984
1472127538562408448
1472127542069014535
1472127553401982978
1472127561530425345
1472127561903874053
1472127562264440839
1472127562235187204
1472127562130210819
1472127562600132614
1472127565661974529
1472127568631545856
1472127578932752387
1472127581092605953
1472127583479283713
1472127585710657536
1472127591150723072
1472127591888744449
1472127592253775872
1472127594749435909
1472127598654152704
1472127599153274881
1472127622821859333
1472127623090380801
1472127626470825990
1472127627351793672
1472127627737587715
1472127630040207364
1472127632686948352
1472127633404174337
1472127642136727553
1472127650844057601
1472127652265967619
1472127673862393856
1472127675359662080
1472127677977055232
1472127682070646785
1472127688739540993
1472127690391969794
1472127690681552899
1472127692929736707
1472127698130673667
1472127708704305153
1472127709438304256
1472127718086963200
1472127719420960773
1472127721782190082
1472127727524200451
1472127728392421378
1472127734117765123
1472127735032172548
1472127744209305604
1472127744507101184
1472127744947466245
1472127745475985410
1472127745547288581
1472127747497635846
1472127748231602181
1472127749791887362
1472127753084358665
1472127766384553987
1472127772055289860
1472127775486193667
1472127777549737985
1472127786810675201
1472127788845051914
1472127790103371780
1472127792137580547
1472127800752721921
1472127804690948097
1472127817332793346
1472127820839235585
1472127823720632325
1472127828456058885
1472127829705900036
1472127832671367169
1472127833610731522
1472127834743259136
1472127841219358724
1472127842515406852
1472127843689713668
1472127850581053446
1472127850757386242
1472127855404453890
1472127860240314369
1472127861213569027
1472127862001975299
1472127862765408259
1472127867018522627
1472127869987995650
1472127873276420096
1472127873397972992
1472127874748588035
1472127878422794240
1472127880310185986
1472127884793987076
1472127885037248514
1472127895405531136
1472127901508136964
1472127906323185666
1472127908240101377
1472127913260691459
1472127921439584259
1472127927630409731
1472127930021007365
1472127930931240961
1472127934248931331
1472127935117156357
1472127935507308547
1472127936329302024
1472127941861466113
1472127943329693704
1472127947708502018
1472127953777704963
1472127956206108676
1472127958802329600
1472127959909740545
1472127960840876038
1472127963701383172
1472127963915186178
1472127966440144896
1472127968193531908
1472127977701974016
1472127977844477952
1472127987202072576
1472127997872263168
1472128000728739843
1472128006479036418
1472128007351508994
1472128007548530690
1472128014163001344
1472128019510689794
1472128023000338437
1472128037537865729
1472128040897585155
1472128045058248705
1472128048099069957
1472128050510938113
1472128053950230530
1472128066533175297
1472128067544010752
1472128080630145029
1472128085977931779
1472128094731268097
1472128100876103680
1472128101446471684
1472128103048790019
1472128108404920320
1472128111932162049
1472128114943610881
1472128121122037765
1472128124964032515
1472128128336244736
1472128128428363777
1472128133805522946
1472128133667213313
1472128135449788416
1472128138012508165
1472128138377412608
1472128139434373121
1472128142340804609
1472128146002558977
1472128148473065472
1472128148481445894
1472128151455027201
1472128152730275840
1472128152969248770
1472128153090883586
1472128160317644801
1472128170941984770
1472128171499786248
1472128173026521088
1472128183440924680
1472128198984945665
1472128202361298947
1472128202474950661
1472128205863755778
1472128205880541187
1472128206148935681
1472128207541395458
1472128207814025225
1472128218916433923
1472128219553878020
1472128227770523650
1472128232682143749
1472128237325148163
1472128241687138307
1472128247110508545
1472128249052471296
1472128251829141507
1472128252722311170
1472128256946032640
1472128257931808775
1472128264357380098
1472128264172879882
1472128265783545865
1472128268824363012
1472128275648757761
1472128276034433024
1472128278932725761
1472128279821754368
1472128279897378817
1472128281050812420
1472128282531446788
1472128284502679558
1472128284972441601
1472128287958880259
1472128289305239554
1472128289703608322
1472128291310034946
1472128292098490372
1472128299832807424
1472128302144004098
1472128308577984517
1472128314403966978
1472128315754438656
1472128318258491392
1472128319864942596
1472128323459469312
1472128324344242181
1472128331147526144
1472128335639576577
1472128336788918275
1472128339771068418
1472128347366952960
1472128350613217283
1472128351582052355
1472128361199652864
1472128362835492866
1472128370368462850
1472128370813067270
1472128373614948352
1472128386642460678
1472128387842027522
1472128391293792261
1472128397572775939
1472128398059196416
1472128400894545920
1472128409669038081
1472128420263964674
1472128423250202626
1472128429344452609
1472128436110036994
1472128436369907713
1472128451847110662
1472128453768282112
1472128456305659912
1472128458696318987
1472128470100680705
1472128474227822595
1472128476014682112
1472128487595155456
1472128503478947843
1472128519174033408
1472128520985800708
1472128523221491712
1472128523527675910
1472128525742313475
1472128530590810118
1472128533304651778
1472128547129118720
1472128549729542144
1472128550291582981
1472128564707348483
1472128567974764547
1472128568998178816
1472128573922291713
1472128579068702728
1472128586836586501
1472128590552567808
1472128594143027202
1472128595074043904
1472128599683518464
1472128601566842882
1472128605178138626
1472128611935215617
1472128624769839105
1472128631744962563
1472128633305288704
1472128636941709315
1472128638367645702
1472128641618305026
1472128647209250819
1472128648958390272
1472128649188954114
1472128657045049346
1472128662422044674
1472128662774464515
1472128666738036738
1472128667300110338
1472128667358674945
1472128671901171712
1472128672865787904
1472128673738371074
1472128682034610177
1472128682412019716
1472128685373210630
1472128687671812096
1472128698463789057
1472128703744417796
1472128703979085824
1472128705962995715
1472128712447606788
1472128723172343823
1472128723554029568
1472128725802119171
1472128732450242564
1472128734165671936
1472128740746760193
1472128746727616512
1472128753694392321
1472128756575789058
1472128759620935685
1472128763563581440
1472128773545943042
1472128774091448325
1472128780550483975
1472128781376638976
1472128782064812034
1472128782639067136
1472128784233115653
1472128789832372226
1472128791614922753
1472128800494432256
1472128804109832192
1472128807251316738
1472128807700209666
1472128815602167810
1472128818131267586
1472128818726977538
1472128828268900352
1472128829820973064
1472128831108567041
1472128833130225668
1472128841971810305
1472128843020439562
1472128843293073411
1472128847306973186
1472128848389189634
1472128849794277379
1472128852319260677
1472128856530296833
1472128866231762946
1472128866541916160
1472128867066339328
1472128869545164800
1472128870954553344
1472128872443482112
1472128879695626242
1472128882140721154
1472128888092438531
1472128892483907584
1472128892869787651
1472128894484594692
1472128901946040325
1472128907801337861
1472128908464214017
1472128908757712898
1472128914646605824
1472128916181684230
1472128916563410945
1472128928055762951
1472128928139689994
1472128936238714884
1472128942022737926
1472128941930463232
1472128948863651841
1472128959525445634
1472128962373509120
1472128966689501186
1472128969369698305
1472128975258284034
1472128976420159491
1472128976160272388
1472128979754795012
1472128980987760642
1472128988399083527
1472128991641358336
1472128993029677062
1472128995932078085
1472129001091174400
1472129003926564866
1472129006916947970
1472129013992857602
1472129015637069829
1472129015863517193
1472129018275278853
1472129022700097536
1472129032275718144
1472129034045829120
1472129037137059846
1472129038852440069
1472129050240069632
1472129050936233991
1472129051242352642
1472129051464802315
1472129055822696450
1472129058074857474
1472129058565771265
1472129065926725632
1472129070070706176
1472129072029392902
1472129076035047430
1472129076450271233
1472129076487864322
1472129079818084354
1472129081789628423
1472129090966667271
1472129095282483202
1472129099799961605
1472129102102552579
1472129115532644354
1472129115893342214
1472129117139046400
1472129118930038784
1472129119110545408
1472129122625208323
1472129127213850626
1472129148499992578
1472129149104005125
1472129151532425221
1472129155483324418
1472129157551251461
1472129164316536835
1472129165793148928
1472129174567628804
1472129176891183105
1472129177897902083
1472129178355052544
1472129179688779778
1472129183216197636
1472129184453611520
1472129189843283979
1472129192745750530
1472129193781645314
1472129194847047689
1472129198793756676
1472129202749120512
1472129203428478976
1472129206054277121
1472129207677243393
1472129208566571013
1472129209128693760
1472129209652813824
1472129215680204813
1472129221774524418
1472129224035164161
1472129226442776580
1472129233128460288
1472129235313696772
1472129241433190407
1472129244889325570
1472129249540726792
1472129250790678529
1472129251365298177
1472129254414454784
1472129257958739973
1472129261649608706
1472129270017314817
1472129274140315651
1472129276879245314
1472129278682750976
1472129282428178434
1472129290913386498
1472129303999561729
1472129304041566213
1472129316456652801
1472129320164503555
1472129320357269510
1472129322072875011
1472129331359096837
1472129332910776320
1472129333682708483
1472129334009860101
1472129335171551234
1472129339751862274
1472129345229492228
1472129347033001984
1472129348819947520
1472129357145686018
1472129361931378693
1472129364850614274
1472129369606868994
1472129371733377026
1472129372177899523
1472129372521963524
1472129376779223043
1472129377102147585
1472129386635841541
1472129393891766272
1472129405241724939
1472129408634957833
1472129412552343555
1472129416583172096
1472129416641843203
1472129419200376832
1472129426712403971
1472129431066009601
1472129434044018692
1472129440645894156
1472129443527340032
1472129444970070017
1472129447478185990
1472129449579614208
1472129449902673924
1472129452968603648
1472129453694369794
1472129464528211971
1472129467896279048
1472129471406817280
1472129477018804225
