1475738265441476610
1475738269052805122
1475738270856273923
1475738274635272193
1475738279807012869
1475738280385777665
1475738280620703744
1475738286958149637
1475738289550336005
1475738293840990208
1475738293840928768
1475738294742777857
1475738296785510403
1475738296127008769
1475738299432062981
1475738301839597570
1475738307040448516
1475738324082077698
1475738326346960898
1475738332311085057
1475738339554832386
1475738341601693696
1475738344986447872
1475738348555808769
1475738350279667716
1475738350539755523
1475738353618153473
1475738354989748224
1475738356357152771
1475738361478352896
1475738371402174466
1475738375076392960
1475738375919267840
1475738378800754690
1475738382470979588
1475738386904190978
1475738399277400065
1475738399986253828
1475738412854427656
1475738412824993793
1475738414985056257
1475738417250148353
1475738419485716483
1475738421326974981
1475738421599477760
1475738425793777667
1475738433725386754
1475738438276042753
1475738451681193985
1475738454671511558
1475738455724331009
1475738457616101376
1475738462162726915
1475738464167497730
1475738466055032835
1475738474263334917
1475738480303030277
1475738484199641096
1475738485017481219
1475738486481195015
1475738492126773249
1475738492240080896
1475738494098030594
1475738499106193419
1475738501660364800
1475738503879168001
1475738509084434432
1475738513916239873
1475738515845660673
1475738520740409352
1475738524259213312
1475738527749095425
1475738530378833921
1475738531326615552
1475738538557775873
1475738539149070338
1475738540705259522
1475738543494516736
1475738547684585476
1475738548934377473
1475738549978763267
1475738552939913216
1475738558908407811
1475738559839551488
1475738567481520132
1475738568937115655
1475738570962919425
1475738571738738694
1475738572091187206
1475738584355328002
1475738591620136965
1475738596757979140
1475738600222302209
1475738603183611906
1475738604131393540
1475738607809744899
1475738608665600001
1475738613304360961
1475738619398660101
1475738629846835205
1475738631327256576
1475738631662981124
1475738642920271875
1475738643910340608
1475738645265100804
1475738652017893378
1475738660893257731
1475738663480868866
1475738669373964289
1475738670443474946
1475738680727785474
1475738682447568901
1475738682552291328
1475738684481683457
1475738685454704640
1475738687581265921
1475738693444902915
1475738697093943297
1475738697962344448
1475738699245756420
1475738700445331459
1475738711283408896
1475738735408865281
1475738740257697797
1475738742354817025
1475738759656312837
1475738775368179712
1475738780220985355
1475738780669775872
1475738782200733699
1475738786126434304
1475738790547410946
1475738794833985537
1475738796197134347
1475738810893967361
1475738812470808580
1475738818611396609
1475738819513430016
1475738820284878851
1475738821736251398
1475738822856093697
1475738822902226946
1475738822910509056
1475738827197190145
1475738832666611714
1475738835225096195
1475738842632101889
1475738844200898560
1475738845870268417
1475738846952370182
1475738849351507978
1475738856213385218
1475738857236803586
1475738859543556097
1475738870968950787
1475738882301992961
1475738882423595012
1475738884357169152
1475738888530501634
1475738890963087364
1475738891621703685
1475738894897319936
1475738895891693576
1475738901163692036
1475738903210606597
1475738905815232515
1475738906171969536
1475738911326494722
1475738915294171141
1475738915965448200
1475738928988762118
1475738933208449029
1475738933636083715
1475738935217188864
1475738937176039425
1475738937591312388
1475738945757585411
1475738946655207425
1475738952992710656
1475738954259472386
1475738956104974336
1475738957459689475
1475738966603091969
1475738967257628673
1475738970625617921
1475738970847789057
1475738972664045568
1475738978586353666
1475738983812403205
1475738985725059074
1475738988011008000
1475738999117557760
1475739000044351490
1475739000501583872
1475739004431597570
1475739004876341249
1475739007606661122
1475739012082110466
1475739012464005124
1475739015261265920
1475739023092166658
1475739024769826818
1475739032688771074
1475739034312134663
1475739035419254786
1475739036224405505
1475739045061877760
1475739051411980289
1475739052754223109
1475739055195398147
1475739057531490305
1475739058202677252
1475739060161318912
1475739072933113859
1475739075264987136
1475739081141276673
1475739082768719875
1475739092642152452
1475739100430831618
1475739102846849024
1475739107049435136
1475739108660199424
1475739109004095491
1475739115928932352
1475739119741509632
1475739124128620544
1475739124900548612
1475739133654020103
1475739141375672320
1475739147851612161
1475739151316094979
1475739162087084036
1475739163098066945
1475739173353136129
1475739187173376000
1475739189161385985
1475739189962416129
1475739195738050564
1475739199617777665
1475739201446502400
1475739209868582917
1475739210787311619
1475739214796898305
1475739216864755717
1475739219737944064
1475739225043603458
1475739226431909888
1475739229082697732
1475739244199038978
1475739248468783106
1475739266315546625
1475739267502534656
1475739270409330691
1475739280521768960
1475739300390178817
1475739302390898694
1475739313660825600
1475739314503962633
1475739317326782467
1475739317783781378
1475739323597217795
1475739323806851073
1475739325052506113
1475739326260649986
1475739327292485634
1475739330425593857
1475739331822297088
1475739334011764740
1475739335588724737
1475739335911620608
1475739340504506368
1475739347722850304
1475739348515667975
1475739354895200259
1475739355008307200
1475739356149129221
1475739362893578243
1475739364629958656
1475739367251804163
1475739372276391938
1475739379134042113
1475739380052545545
1475739380165885955
1475739380644032512
1475739401137369088
1475739401238069253
1475739406120194048
1475739409182044160
1475739410771546119
1475739414370398214
1475739415305670661
1475739424570839042
1475739429704806403
1475739437304893444
1475739439699832834
1475739439930486793
1475739441310449667
1475739446054064128
1475739449854238720
1475739452353892353
1475739457974411269
1475739468166352897
1475739478132092928
1475739482116608000
1475739482259435523
1475739490073419776
1475739491537149956
1475739494603182082
1475739496389828609
1475739505189556227
1475739505554608134
1475739506477187072
1475739510365474816
1475739511137185793
1475739519471480837
1475739521392259075
1475739523166269440
1475739524894539777
1475739525712207872
1475739541717721090
1475739559166189569
1475739562672627712
1475739565440880644
1475739568259444740
1475739578539589632
1475739586467090436
1475739589071589377
1475739589226684417
1475739594557558784
1475739600165425155
1475739602900197377
1475739604414177280
1475739612903575552
1475739620579049473
1475739621262823425
1475739624563748864
1475739624769085442
1475739627541741574
1475739628065931264
1475739634516692994
1475739638715224065
1475739645602373632
1475739645543649282
1475739646441181184
1475739650069344257
1475739652745097219
1475739652782845954
1475739664501772290
1475739668146638853
1475739681857974272
1475739686282928131
1475739690800193541
1475739692855267328
1475739693107105795
1475739697032880132
1475739729870180352
1475739730130223104
1475739731598082050
1475739741727297539
1475739743354859523
1475739743489085448
1475739749704994816
1475739751772614658
1475739753311997961
1475739758387073024
1475739764875747329
1475739765035069442
1475739768084316160
1475739769380515842
1475739774384320518
1475739778079363074
1475739778775584769
1475739778876383237
1475739781833367556
1475739782454157313
1475739789257281536
1475739790699995137
1475739791048151041
1475739793577369603
1475739802896986114
1475739805610819584
1475739810631491586
1475739813936447488
1475739816008421377
1475739826129408009
1475739831346991104
1475739831464566784
1475739839437832195
1475739875697512451
1475739879103471617
1475739885378093059
1475739887982850049
1475739891078033408
1475739894597230596
1475739897021358085
1475739900116824065
1475739901513641986
1475739906357882881
1475739915979796485
1475739917032386560
1475739918546702338
1475739919737933827
1475739923651121159
1475739927824510979
1475739929326100483
1475739931859374083
1475739935093100545
1475739936108298241
1475739950125658113
1475739953212497921
1475739958279294976
1475739962192666624
1475739963706658816
1475739968458956804
1475739970291834885
1475739972493664262
1475739972808237059
1475739985622011908
1475739987446358016
1475739988080078848
1475739995038269443
1475739996120240128
1475740004278321158
1475740012365094912
1475740013388341248
1475740015221252097
1475740027439177731
1475740027992764421
1475740040781312001
1475740054920200195
1475740066064568324
1475740066316267524
1475740066647445505
1475740068409139209
1475740070065971200
1475740085505069056
1475740106254426112
1475740109089742848
1475740109760651267
1475740120431185921
1475740123715223553
1475740135799111681
1475740138437230598
1475740139401797637
1475740140362514433
1475740153973022725
1475740165557604355
1475740168271269890
1475740177729470466
1475740188470960128
1475740191545384963
1475740195349835780
1475740198738677762
1475740198688464896
1475740206796054531
1475740207899037697
1475740213519560706
1475740215591391233
1475740217428619264
1475740224324087808
1475740229113888771
1475740238760714240
1475740239943462912
1475740243865210881
1475740244603400193
1475740247027855364
1475740250525687808
1475740256624279555
1475740258545319937
1475740264459292672
1475740266082537477
1475740269781782529
1475740271602278401
1475740283480518658
1475740287377022977
1475740289654530051
1475740291630047232
1475740292942753792
1475740297510330371
1475740298521329672
1475740298814894081
1475740302761730054
1475740309615099905
1475740310491697153
1475740314518310915
1475740318490570754
1475740319631220739
1475740320847568898
1475740321354973191
1475740330200866827
1475740331526209539
1475740332545429506
1475740335817039874
1475740337175891975
1475740338274947072
1475740340187402243
1475740342230175744
1475740348278181892
1475740360085176327
1475740362937225218
1475740365588209664
1475740366779334661
1475740371581689858
1475740372965867524
1475740374345797634
1475740381056667651
1475740381530578944
1475740382969274369
1475740388371673099
1475740390431113218
1475740394113613825
1475740394512080902
1475740400367276032
1475740402502168579
1475740405278941188
1475740405392035844
1475740406398828549
1475740408596602882
1475740420030312448
1475740423092015107
1475740434630684672
1475740434706182149
1475740436262113280
1475740436627177472
1475740437923123200
1475740439080669185
1475740441605718019
1475740442583052290
1475740449239355392
1475740453387575304
1475740453785976833
1475740457086902273
1475740462887706629
1475740463940333569
1475740465475424258
1475740465957900292
1475740466058387463
1475740469506166785
1475740470215159810
1475740476284178436
1475740477244780544
1475740491249381380
1475740508756586496
1475740509142495233
1475740509444673539
1475740509997965317
1475740512887922688
1475740519569395714
1475740520240582657
1475740527819575296
1475740527702294528
1475740528163627008
1475740528352313344
1475740540641546240
1475740543242145794
1475740547918696449
1475740549713825792
1475740551790088195
1475740556592435200
1475740566734327810
1475740574829350912
1475740575584464896
1475740576406462471
1475740576591011842
1475740586015543301
1475740588628713475
1475740595435962370
1475740596186886146
1475740600590868481
1475740600934678528
1475740615799447553
1475740616487170049
1475740633939730436
1475740638943477762
1475740643284504578
1475740643368472576
1475740645432205314
1475740650431598592
1475740654835617794
1475740658321272833
1475740659411664898
1475740661341200386
1475740666604961792
1475740673693274119
1475740674574241796
1475740676281167875
1475740682304335876
1475740684485373956
1475740685051613187
1475740685122904071
1475740686305710087
1475740691016077319
1475740693364629506
1475740693603618817
1475740700637483008
1475740706605920259
1475740711156736008
1475740711815372805
1475740717020598274
1475740722372521985
1475740723291041794
1475740736201109509
1475740738533081091
1475740739418136577
1475740748326871040
1475740748779642880
1475740749241020419
1475740751036235777
1475740752651030532
1475740753817059329
1475740756396675074
1475740760368726018
1475740762952327171
1475740764009209858
1475740778148528129
1475740780186808320
1475740785534504963
1475740788344688646
1475740791192518658
1475740791058350084
1475740796552941570
1475740799614652416
1475740802156351488
1475740803330977794
1475740806568976389
1475740808275845123
1475740814861123587
1475740816240889859
1475740816643551233
1475740821936873477
1475740823270858753
1475740824163995652
1475740826688966657
1475740830766071808
1475740831025807360
1475740845865320448
1475740846544850944
1475740848612651010
1475740849975738368
1475740852823678980
1475740857051586560
1475740862269337602
1475740864114618375
1475740864618156036
1475740866442522626
1475740867981983745
1475740869835821058
1475740871098134531
1475740872352301058
1475740873929506819
1475740883702239236
1475740886566772738
1475740889020518405
1475740889033101320
1475740892904497153
1475740897656639493
1475740898440978435
1475740900609437701
1475740901662208002
1475740902765195267
1475740906095448064
1475740906430992387
1475740909203460096
1475740909279100928
1475740926748381188
1475740930422444032
1475740930753777664
1475740930862829570
1475740938463023105
1475740938672558080
1475740943621840896
1475740945551265793
1475740952987725839
1475740957270331396
1475740958289506308
1475740959212072964
1475740968305532928
1475740969492381697
1475740970469793793
1475740970612412421
1475740970540879872
1475740972806021120
1475740973464498176
1475740974613598208
1475740979596386305
1475740986584166401
1475740989046378498
1475740992141729795
1475741000601645058
1475741011322224642
1475741014547705857
1475741016279891968
1475741023762628608
1475741031069061126
1475741032209858560
1475741037012291587
1475741041592463361
1475741046248247301
1475741046361317377
1475741046474780674
1475741047745568770
1475741057983864833
1475741060219420673
1475741073305747460
1475741073729372160
1475741074668806149
1475741078565404673
1475741079873851396
1475741084370313218
1475741092100386816
1475741094637969410
1475741116431482885
1475741116892946432
1475741117559812103
1475741121955307522
1475741124715188227
1475741126091022336
1475741126665461767
1475741131430252549
1475741133267427329
1475741143510007810
1475741149726121986
1475741151890182146
1475741153588744194
1475741154230476804
1475741156516454405
1475741157384720385
1475741159334944772
1475741159700021249
1475741160723259399
1475741160421265408
1475741166343651335
1475741168877314050
1475741172157108224
1475741174744989700
1475741177525772288
1475741181808037889
1475741183829757954
1475741185838915584
1475741194441347079
1475741196202950657
1475741197117313024
1475741198904139777
1475741211591950338
1475741213576019969
1475741215203209219
1475741217778454528
1475741220471197697
1475741227102310400
1475741231992999939
1475741235822444547
1475741237139279873
1475741238099791872
1475741238095753216
1475741242969395204
1475741244601081863
1475741250468737027
1475741250619801600
1475741265249685505
1475741269808848898
1475741271016697857
1475741273944649731
1475741280055742464
1475741281959792640
1475741284816011266
1475741303208042498
1475741305376763904
1475741311449722887
1475741319314259973
1475741322854252549
1475741327652364289
1475741327547514885
1475741334174642176
1475741337874014210
1475741348393328643
1475741349609676800
1475741349576069120
1475741349907419140
1475741350775640065
1475741354139414531
1475741354269491202
1475741355993350145
1475741357075578880
1475741358597885952
1475741361299091457
1475741362167455746
1475741365166227456
1475741367871713280
1475741371231137794
1475741375253520387
1475741375895326725
1475741379129131015
1475741388704817153
1475741393087713281
1475741393654108163
1475741399316242434
1475741398733402112
1475741419004477441
1475741425027321858
1475741434481451010
1475741446770733056
1475741449023102983
1475741452000972800
1475741453070618632
1475741462306381827
1475741465141821440
1475741469625389059
1475741480497070080
1475741483869392896
1475741496074817539
1475741505323155460
1475741508125007872
1475741510209474563
1475741510423523330
1475741511761510402
1475741528463183873
1475741530987974658
1475741531214598145
1475741531906588675
1475741539175337984
1475741548373590021
1475741550374236164
1475741554371444744
1475741554538999808
1475741555801477120
1475741558372806657
1475741562101538817
1475741568225013760
1475741571064778752
1475741576366276610
1475741588693340168
1475741590069157889
1475741590165635073
1475741599976103937
1475741600835940352
1475741605231759360
1475741605520805891
1475741607853019139
1475741608964411392
1475741610340077569
1475741615373254658
1475741619399897090
1475741623325708288
1475741623531323395
1475741624823164931
1475741628048494597
1475741631160725506
1475741634969145344
1475741638840307713
1475741638945353729
1475741642967576577
1475741646507630595
1475741652673196033
1475741653176655873
1475741655315587073
1475741657576480770
1475741661359931396
1475741662206840832
1475741668980703239
1475741669740118018
1475741670859808770
1475741673284157441
1475741677683945475
1475741679667740673
1475741679923515392
1475741684617019392
1475741694192721920
1475741694863626242
1475741700148449280
1475741716875550723
1475741718612000772
1475741719161360384
1475741721292156930
1475741722671869952
1475741734155874313
1475741740682383364
1475741743232417793
1475741744171995138
1475741745245741065
1475741747934289922
1475741748169437185
1475741749616205827
1475741753579749380
1475741755198767104
1475741760550748160
1475741761142095872
1475741763230998529
1475741772600930307
1475741775809572865
1475741776380104709
1475741780834357250
1475741781686108161
1475741782638198790
1475741787171917824
1475741787918532615
1475741788107329543
1475741791282421768
1475741792431661063
1475741798232248322
1475741798618189825
1475741804867854336
1475741805400440835
1475741805647855619
1475741810630791168
1475741813096923139
1475741813826797572
1475741815563292676
1475741816054075397
1475741822399832064
1475741822865444867
1475741827726819331
1475741829563887617
1475741830004318208
1475741831291887617
1475741839265345537
1475741839537758210
1475741844847960075
1475741850678005764
1475741857573343237
1475741867337826308
1475741869346672640
1475741874946199552
1475741874916773888
1475741875600601091
1475741877710245889
1475741890318258182
1475741893552136193
1475741894563045376
1475741896387534850
1475741899944349699
1475741901638701058
1475741902175539200
1475741905212387333
1475741905283543040
1475741908630749190
1475741911096954885
1475741912837537795
1475741920735514626
1475741921243205636
1475741922291556355
1475741925395238913
1475741932202586116
1475741935738531848
1475741942050967553
1475741944370405376
1475741950921875456
1475741957129265152
1475741958287015936
1475741963852910593
1475741965417435138
1475741968684572672
1475741970249093120
1475741970819686403
1475741972417716224
1475741975420755974
1475741980605001733
1475741984719458307
1475741989509513220
1475741995129733122
1475741997533126659
1475741999357734916
1475742000305643520
1475742000502636545
1475742003203756033
1475742015744659457
1475742017195950081
1475742031666290690
1475742035487629314
1475742036615598081
1475742036695339008
1475742042072440834
1475742046992289793
1475742051366944770
1475742054147891200
1475742055888470020
1475742056295198723
1475742059382202368
1475742065480720388
1475742066240102403
1475742069289279489
1475742070358700032
1475742075392040960
1475742079024189440
1475742082782269445
1475742084078342145
1475742087018651648
1475742088956366851
1475742091850530820
1475742095185006593
1475742100125884425
1475742103565131777
1475742104890785792
1475742105997692928
1475742112436011011
1475742113325191169
1475742118949933057
1475742119834832896
1475742121445502978
1475742128621953025
1475742135521583111
1475742137211887618
1475742137069228034
1475742143691980802
1475742146460209154
1475742147928375298
1475742151111688193
1475742155289337857
1475742157164187652
1475742164495872006
1475742168434331648
1475742173949829121
1475742174444724230
1475742177300996098
1475742177791594497
1475742180484464647
1475742181646348290
1475742183286259712
1475742184376733703
1475742186108899328
1475742193906339848
1475742202416484352
1475742205277097986
1475742210096250887
1475742210964344833
1475742211291574278
1475742211757289473
1475742214588301313
1475742215938850818
1475742217679552525
1475742220036812801
1475742221383217153
1475742230757392387
1475742235370999808
1475742235346051073
1475742242866450437
1475742252165218308
1475742255075971080
1475742258192285696
1475742261371490305
1475742266761306116
1475742268124446722
1475742269487652869
1475742270963863553
1475742278329188360
1475742279205797888
1475742284020809730
1475742288420556802
1475742290706534405
1475742294930198528
1475742309849645056
1475742317160116236
1475742322147090434
1475742323694706689
1475742326785982464
1475742330292342787
1475742331710095365
1475742340140568580
1475742342426640386
1475742351331143684
1475742353260302343
1475742356972449794
1475742363855335426
1475742373477064705
1475742374202646531
1475742383581057025
1475742384096890882
1475742392896610305
1475742395597832194
1475742406746071043
1475742412009992192
1475742418007957507
1475742428883652608
1475742436932526080
1475742439445086208
1475742441374470145
1475742444805406726
1475742450232741889
1475742459477073928
1475742463109312513
1475742468687773700
1475742483522805771
1475742485007773701
1475742485443928065
1475742485624156160
1475742490669977608
1475742491580186625
1475742498815287297
1475742502078537728
1475742501818572800
1475742503177371653
1475742508361691137
1475742509212995586
1475742513193713665
1475742522848600068
1475742528150425600
1475742529312206851
1475742531761557506
1475742534055964672
1475742537923153922
1475742549323231232
1475742552124846081
1475742553311887361
1475742554167463940
1475742556373667841
1475742556948516865
1475742560811425795
1475742561075703811
1475742565605412865
1475742566326878212
1475742568063414275
1475742569602691075
1475742575462076419
1475742575751426051
1475742575789178880
1475742577257287683
1475742577852751874
1475742582256947202
1475742582684667904
1475742588921597956
1475742589383024644
1475742590506962948
1475742592759320578
1475742594122633216
1475742595376717829
1475742598396530689
1475742605308694529
1475742605409325060
1475742606156079107
1475742605954760705
1475742610077536261
1475742612430614530
1475742622627074048
1475742626225831936
1475742628700377089
1475742630692675588
1475742636782678018
1475742641824624640
1475742644143726593
1475742645569867776
1475742647876677634
1475742649176846340
1475742653337665537
1475742656135372804
1475742656257052676
1475742662154149892
1475742662099668999
1475742662380728324
1475742670689501184
1475742676205006850
1475742679241797632
1475742679300382720
1475742690587418628
1475742693452140544
1475742695712694272
1475742695834357764
1475742703442870284
1475742706185826304
1475742716407410688
1475742720429903873
1475742723789492229
1475742727836880898
1475742728445120512
1475742731905425413
1475742733453398017
1475742735285952513
1475742737324560385
1475742754323918849
1475742754667827200
1475742756559626240
1475742764885233671
1475742765216579586
1475742770446798853
1475742777023418371
1475742793721167873
1475742793834242048
1475742796095098885
1475742797873524740
1475742799035191296
1475742799421050885
1475742800436154375
1475742800868110339
1475742801237270529
1475742805037301762
1475742806886862849
1475742808782876672
1475742810884222977
1475742815288127489
1475742816454254592
1475742826923274240
1475742827933958147
1475742829804548097
1475742831012634627
1475742834091298817
1475742836259799043
1475742836561690627
1475742836884746242
1475742837698441216
1475742839048912897
1475742839057399808
1475742840042835968
1475742841087406081
1475742845222932480
1475742854379102208
1475742859210878977
1475742875178594305
1475742875568771072
1475742876403388418
1475742880425725955
1475742891146309634
1475742898591305730
1475742900965179392
1475742912134660097
1475742916287111174
1475742917780291585
1475742921949257730
1475742922461093890
1475742925300527107
1475742925388754944
1475742928152707073
1475742950822854659
1475742958326583303
1475742967415676934
1475742969466548224
1475742973203734529
1475742976433442821
1475742986411524096
1475742988198297600
1475742991751221248
1475743001272107010
1475743013473247236
1475743022310645761
1475743026005876740
1475743026974986241
1475743027247206400
1475743029319372803
1475743032171540480
1475743032817471488
1475743040455143424
1475743053012893699
1475743053717676032
1475743054401183744
1475743058792648704
1475743061040902147
1475743063557525505
1475743070457114631
1475743074508759041
1475743074689110017
1475743076123566083
1475743085166428162
1475743097392824323
1475743097468309505
1475743101847101441
1475743102019252226
1475743105949532168
1475743107106971651
1475743111796207620
1475743125033287681
1475743130443988995
1475743132197302273
1475743132801126402
1475743134265098241
1475743134856396801
1475743145283440643
1475743149205205001
1475743152237649923
1475743156259983362
1475743161532272645
1475743163826511879
1475743165869002752
1475743165860782084
1475743167437750276
1475743167433646081
1475743170004725762
1475743171623546882
1475743171833483265
1475743172428972032
1475743180628783104
1475743186983079941
1475743187574603776
1475743187578896385
1475743189189414912
1475743194763522048
1475743198924316674
1475743202028228608
1475743205882748931
1475743205895331842
1475743220906835973
1475743221787463683
1475743222664249345
1475743226518773761
1475743230461308932
1475743235389763584
1475743243090288647
1475743244520726528
1475743245057548294
1475743246638665730
1475743250623483904
1475743267849314305
1475743270487662593
1475743271578132484
1475743276514766849
1475743290507022339
1475743291400351748
1475743291543068672
1475743291417239554
1475743292746731523
1475743301798146051
1475743302284685321
1475743302611726337
1475743303375151106
1475743311600275459
1475743317266731011
1475743320613666817
1475743322379595781
1475743325349191680
1475743329241354241
1475743329308622851
1475743331372220417
1475743337403621380
1475743340666634240
1475743361956925442
1475743364339445760
1475743375609450498
1475743377014546432
1475743377505275904
1475743379249975298
1475743382664273922
1475743392436932610
1475743393540096000
1475743403904315402
1475743403925245958
1475743406282444805
1475743406626377730
1475743407100280833
1475743412942872577
1475743431506935809
1475743432329019395
1475743438155005957
1475743438830243842
1475743440226816003
1475743441791614978
1475743448556883969
1475743453787013124
1475743454218964994
1475743459243868161
1475743460552437760
1475743461358063618
1475743461722705923
1475743462150475781
1475743465388396547
1475743467171049475
1475743468152569859
1475743471927545856
1475743472791715842
1475743478986702857
1475743487421206529
1475743490315333635
1475743494962618369
1475743502625476608
1475743503737044993
1475743503930077184
1475743508438814721
1475743509164351488
1475743518819770368
1475743522695233538
1475743539090841604
1475743539942154240
1475743540407779328
1475743541150298114
1475743548746215428
1475743556199350273
1475743559093395457
1475743560712343552
1475743563409469440
1475743564462235649
1475743564353228808
1475743566039171074
1475743571428790273
1475743576243933185
1475743584779268096
1475743586385805315
1475743587060961280
1475743591028953090
1475743594971549698
1475743598088015880
1475743601757937670
1475743604312317953
1475743604979101696
1475743605327343618
1475743611715080194
1475743614441607168
1475743619034361859
1475743621009887232
1475743628551151617
1475743630996422659
1475743631843770369
1475743634691698694
1475743641150832643
1475743641595437060
1475743642170142723
1475743646045532162
1475743649417814016
1475743658821496832
1475743660046274561
1475743660973215744
1475743669995122688
1475743674382303234
1475743678505566208
1475743679147089923
1475743682926194690
1475743684956237827
1475743686025617410
1475743689188257797
1475743690454884355
1475743691692290049
1475743692187127812
1475743698184978433
1475743705529307136
1475743714026741762
1475743717403283456
1475743718107979782
1475743720284819457
1475743721673015297
1475743722138701824
1475743722985992196
1475743729067692032
1475743734214144001
1475743737343094786
1475743737779310593
1475743737858834440
1475743736915243012
1475743749460348929
1475743749703704576
1475743750152278023
1475743752727760896
1475743752912519168
1475743753474355200
1475743754816524289
1475743755206602754
1475743779751665665
1475743786445807620
1475743787020431361
1475743791038435328
1475743792846278656
1475743794016489476
1475743796885393410
1475743799183876098
1475743801738244096
1475743809073922051
1475743812429352960
1475743816044847106
1475743816468602880
1475743820121837571
1475743823640682496
1475743825620393984
1475743825851129856
1475743825939566595
1475743830506942465
1475743832037896194
1475743836420947973
1475743839981740034
1475743840543948800
1475743845698744325
1475743851063164934
1475743855177650178
1475743862974988288
1475743863847337988
1475743864266932224
1475743865529421824
1475743869342035972
1475743871145545731
1475743875390218244
1475743879366381572
1475743881513766912
1475743883145449472
1475743883770441732
1475743886719037445
1475743897871695878
1475743902174953472
1475743905236897793
1475743913013133316
1475743917261967360
1475743918444539904
1475743919883403268
1475743928129253376
1475743933875605505
1475743936975032323
1475743937365262337
1475743939810537474
1475743942251618305
1475743942838669317
1475743945460269056
1475743950380187652
1475743951592296456
1475743952800256000
1475743961155530752
1475743981208223745
1475743985054490626
1475743987977891843
1475743989718568961
1475743992306450432
1475743996244807682
1475743996345413636
1475743997679316995
1475744000812498945
1475744001206759425
1475744007351259137
1475744015513362437
1475744018868883457
1475744019133042689
1475744029543383040
1475744050720423937
1475744053497008128
1475744055996866560
1475744065337626625
1475744065937412096
1475744074330169344
1475744074325975041
1475744082144247808
1475744082970374144
1475744095062659077
1475744100003442688
1475744110308847621
1475744117715988481
1475744119209218052
1475744119339335682
1475744124250865666
1475744124686929921
1475744141728522243
1475744145981509633
1475744146765885443
1475744149693513728
1475744152520376323
1475744154210684929
1475744156727324674
1475744158648307718
1475744162771308546
1475744163823951874
1475744167724609537
1475744174960005123
1475744181318561793
1475744181691854851
1475744184673972226
1475744184703369216
1475744196321415170
1475744200901775362
1475744203309125639
1475744207906213889
1475744208795226112
1475744209294356482
1475744214180896770
1475744216370360321
1475744217574031365
1475744221520924684
1475744223370481666
1475744225383878661
1475744226721730570
1475744229867536384
1475744231398551553
1475744259844235265
1475744268807454724
1475744270673928194
1475744284863123456
1475744285874180100
1475744287069454338
1475744289338519556
1475744293591650305
1475744295013519360
1475744295357497351
1475744299509817344
1475744310599372803
1475744313434722313
1475744315116711936
1475744316136034306
1475744319462068230
1475744320019968002
1475744330929168384
1475744331105378305
1475744334083358726
1475744337917001731
1475744338030182401
1475744338894364672
1475744342702649346
1475744346775379969
1475744351724572674
1475744352253079553
1475744352173494273
1475744358674563073
1475744362768207874
1475744369370042370
1475744372490911746
1475744376601001984
1475744377502945281
1475744378953949186
1475744380594135042
1475744381814534144
1475744388236120065
1475744401511096322
1475744406024204288
1475744406292549635
1475744422285426693
1475744427637420033
1475744428534996995
1475744440966950917
1475744445261918213
1475744449573490690
1475744450383069188
1475744451091841024
1475744452563988481
1475744457723047938
1475744459102978048
1475744462244511744
1475744463272042496
1475744466501881860
1475744468443799554
1475744473401335808
1475744474080985094
1475744482272464898
1475744483132067843
1475744483425890305
1475744488664420355
1475744492527435781
1475744498860773376
1475744501641531394
1475744503822786564
1475744510969745409
1475744518657900545
1475744519882788867
1475744525213736960
1475744528652976130
1475744537406541826
1475744539247788036
1475744539335815169
1475744542703894530
1475744552224845824
1475744556410884098
1475744564032028672
1475744566905118725
1475744573762641921
1475744576648347652
1475744577126641665
1475744577319587842
1475744588811878402
1475744590745387011
1475744596558704640
1475744606906109956
1475744610077061121
1475744610500722699
1475744615860871168
1475744618352316418
1475744623729737729
1475744625252093956
1475744627185491968
1475744632000729088
1475744634466750464
1475744639466364930
1475744643660791809
1475744643778183170
1475744644109590528
1475744647607508993
1475744650237460481
1475744663155793929
1475744663432695808
1475744666431676419
1475744668939915266
1475744669992693761
1475744670244294656
1475744671762567170
1475744677420838915
1475744682160369667
1475744685461278722
1475744687256440835
1475744691052326915
1475744691471720448
1475744693031890953
1475744697683365897
1475744697603735553
1475744698392219649
1475744701022019584
1475744701693284361
1475744702108291072
1475744702171279364
1475744704595587073
1475744713340866569
1475744717220446210
1475744720496341000
1475744720412307457
1475744721179922433
1475744722320863237
1475744730508103692
1475744733892780041
1475744738363932673
1475744739206983686
1475744743078432778
1475744746597502985
1475744747352248324
1475744748182900739
1475744753283182594
1475744754495283201
1475744754491084800
1475744755812384768
1475744756168896512
1475744757678850053
1475744760635670529
1475744762191921154
1475744762061672451
1475744765496934403
1475744770848927744
1475744771234840581
1475744774191726596
1475744776712450049
1475744780768317440
1475744795696017409
1475744796245331969
1475744797239517186
1475744803316973570
1475744806051753991
1475744811248406528
1475744811365896200
1475744816868859916
1475744817766301697
1475744824267460610
1475744824686956545
1475744824695296000
1475744834459779076
1475744836703506434
1475744838461149184
1475744838712807425
1475744844228149248
1475744851392147456
1475744856978956288
1475744858069422089
1475744862603399170
1475744868689453060
1475744869477978117
1475744879032606723
1475744879150043137
1475744884216762370
1475744893926612993
1475744895591542784
1475744896745033729
1475744898963980290
1475744901182726144
1475744905536360448
1475744919222296576
1475744919138406402
1475744922309476354
1475744924343676929
1475744931268472834
1475744933654908933
1475744935362154497
1475744940277702657
1475744947559149576
1475744949400260609
1475744957814116353
1475744959344955393
1475744960368496643
1475744963426086914
1475744967154937862
1475744971642884097
1475744973232431105
1475744974478004226
1475744975124062215
1475744977523068931
1475744978982735875
1475744985278554114
1475744989862772739
1475744992274489345
1475744994317189121
1475744997790162944
1475745002139521026
1475745004375220228
1475745006300266497
1475745006518517760
1475745016949714944
1475745019399127040
1475745022519791616
1475745023832453120
1475745036172083207
1475745036327399427
1475745037526913028
1475745036050788354
1475745038416162816
1475745043038146563
1475745050428649480
1475745052903317510
1475745057089232902
1475745058171154432
1475745059169611780
1475745067071680518
1475745067050549248
1475745068174614532
1475745078840737792
1475745082439573505
1475745083471376386
1475745086868959238
1475745086939959299
1475745089389412352
1475745091406946304
1475745093718007810
1475745096007962624
1475745098986098688
1475745103448875011
1475745107626369025
1475745109169876994
1475745113842331650
1475745117654945793
1475745117847887874
1475745118330265607
1475745120456785922
1475745121807347714
1475745123648655362
1475745128090320899
1475745134436364290
1475745135430631426
1475745137439518724
1475745142048845826
1475745145500979203
1475745145819516931
1475745151129731074
1475745158503485443
1475745161313353728
1475745164530442240
1475745165415526403
1475745169374908422
1475745172965232641
1475745176471674884
1475745178220695557
1475745181102227456
1475745186886029312
1475745188513517571
1475745191915098113
1475745196822474761
1475745199485698049
1475745200299515910
1475745202744745986
1475745204434989060
1475745206318284805
1475745216481181696
1475745223602937856
1475745225477746690
1475745226954321920
1475745228858527749
1475745229793865728
1475745236181651459
1475745236580245508
1475745252417818624
1475745252422127617
1475745252363444229
1475745253525266433
1475745257094537217
1475745259003039746
1475745265856376836
1475745275683745792
1475745283757674496
1475745284311457799
1475745284919549954
1475745286022594560
1475745289579413505
1475745296273473541
1475745299654193156
1475745303936438272
1475745308793528323
1475745308890079236
1475745310060261382
1475745311746244610
1475745313319272449
1475745314149904389
1475745317026938884
1475745333179211779
1475745333909110786
1475745339466469377
1475745351319621632
1475745354435862528
1475745354834497541
1475745357342543878
1475745360077377536
1475745361784410115
1475745363399258112
1475745363453636609
1475745364519047175
1475745365894836225
1475745367824093185
1475745369619238913
1475745372072919041
1475745376544112642
1475745386149007363
1475745389747871747
1475745394227396608
1475745394915266560
1475745394843963394
1475745395460304896
1475745399025635334
1475745400321495042
1475745406143188992
1475745408764755968
1475745411302400002
1475745413936336898
1475745417979740161
1475745419569336322
1475745422127742979
1475745424027832320
1475745426263445506
1475745427043586050
1475745436954730497
1475745438393319424
1475745441543241732
1475745444072361984
1475745448371445760
1475745448845459459
1475745449113833473
1475745450758078466
1475745458060468229
1475745462367899650
1475745467942072325
1475745467719831554
1475745473113718784
1475745482311749633
1475745488339193857
1475745490025136130
1475745504877187072
1475745504872992768
1475745518915489792
1475745523571122176
1475745524347125761
1475745528478642178
1475745532039639042
1475745539211743232
1475745543276179456
1475745545457057792
1475745546358775809
1475745556370976770
1475745556756455426
1475745566449496065
1475745572590137344
1475745587672854534
1475745591519232001
1475745595193184260
1475745595427942402
1475745604122955776
1475745607780380676
1475745609353240581
1475745610829606916
1475745617632800769
1475745624352034818
1475745624712691717
1475745629246689281
1475745630437978116
1475745631838687233
1475745636754599936
1475745640340672512
1475745642542944257
1475745644128002049
1475745646141317122
1475745646892232707
1475745650168016901
1475745650751029250
1475745651895902211
1475745652177096707
1475745657059115010
1475745658829115396
1475745662285221889
1475745670795603968
1475745679691726851
1475745687765762051
1475745692270350337
1475745692920401922
1475745696556851203
1475745697550913539
1475745698372997120
1475745698540920833
1475745699341889536
1475745701430796290
1475745706673524739
1475745708275691522
1475745714131013636
1475745716371091457
1475745729624772609
1475745729649930241
1475745730169999360
1475745730761535494
1475745742581112836
1475745743382073344
1475745743793053697
1475745756556394496
1475745757412020230
1475745758469050370
1475745761262333957
1475745767319027715
1475745768610926593
1475745768376045572
1475745777653882885
1475745779067219971
1475745783408439297
1475745791738216452
1475745792468074496
1475745795894775808
1475745797350170629
1475745803322994688
1475745804262383619
1475745805982183426
1475745806242107396
1475745807093669888
1475745813687111681
1475745815541002241
1475745817906479107
1475745818674184195
1475745819840036864
1475745828438482948
1475745829034110980
1475745830438981632
1475745832657948673
1475745836403290112
1475745838785724423
1475745844460728320
1475745847308599300
1475745850122977282
1475745850848690177
1475745850928345090
1475745851263754240
1475745853323153416
1475745864748453888
1475745868053549058
1475745869823545345
1475745873741156355
1475745875565559815
1475745885799817216
1475745887209107459
1475745892431015936
1475745893643177986
1475745894444244996
1475745897703260163
1475745900420947968
1475745900072820739
1475745904107786242
1475745907379519496
1475745910269399042
1475745914761277442
1475745921883250693
1475745923477254144
1475745927990169600
1475745937440096256
1475745937528131584
1475745939734220802
1475745943311974403
1475745944784281600
1475745944838852611
1475745947137327107
1475745950853472258
1475745951088320514
1475745952988291072
1475745958373859330
1475745961062412291
1475745962182144004
1475745965831249921
1475745971220975617
1475745977927716866
1475745987213856768
1475745994058969090
1475745995522658306
1475745996642480129
1475745997787566080
1475746000581103619
1475746002497851400
1475746014174711811
1475746020474687497
1475746023217643520
1475746027437178880
1475746029333008388
1475746030175940608
1475746031480541186
1475746031664959489
1475746032269107201
1475746036257890305
1475746046471032833
1475746053420982279
1475746059901030401
1475746066540597254
1475746073947738113
1475746076732837893
1475746077311709186
1475746082286194688
1475746085939269632
1475746086539214855
1475746089173147653
1475746096525848578
1475746100158287875
1475746106281758722
1475746110442553345
1475746111444983811
1475746121142046720
1475746122899628032
1475746124585742336
1475746128511569920
1475746130902274048
1475746136740614146
1475746141388038149
1475746144265375748
1475746147797028864
1475746148564488192
1475746154855886853
1475746156747579396
1475746157796102144
1475746162627993604
1475746169347362816
1475746179744894976
1475746181577908224
1475746184824336384
1475746185537335301
1475746187407994884
1475746192432586757
1475746200112537603
1475746203019194370
1475746214339493890
1475746215228813313
1475746217833512963
1475746226150645762
1475746226448515074
1475746228075905024
1475746229589987328
1475746230605017090
1475746233293541378
1475746234690420736
1475746240679796744
1475746241338392581
1475746245511716869
1475746247818428416
1475746252516065280
1475746257956225025
1475746260422258688
1475746261479403521
1475746266973933572
1475746270253928449
1475746276108955648
1475746280538263553
1475746291170766857
1475746295230963716
1475746295612645382
1475746298322161669
1475746306161352706
1475746307964764161
1475746312121462786
1475746313979453444
1475746315523211267
1475746316382785544
1475746316718379011
1475746317334896645
1475746317519446017
1475746318093934593
1475746318446383106
1475746329976520705
1475746339468238848
1475746344664907777
1475746345709457411
1475746346036609024
1475746346225356801
1475746356438310912
1475746369872740361
1475746371445608449
1475746387643957249
1475746387744722947
1475746387824414720
1475746388403175426
1475746397664260099
1475746401640488961
1475746402928054277
1475746404521885704
1475746410817597444
1475746422037356544
1475746425489301505
1475746425699028994
1475746427250823172
1475746428634947584
1475746428806905862
1475746442731933696
1475746443981991939
1475746448297893890
1475746459790106624
1475746479306416130
1475746483035013120
1475746486109433857
1475746488781262849
1475746493139230723
1475746495890698240
1475746500726734849
1475746505520660482
1475746512579837952
1475746512730685440
1475746515821862914
1475746518384717827
1475746518594322435
1475746529239523328
1475746537334468608
1475746540119597058
1475746543688843268
1475746544150274048
1475746544397737990
1475746544531824642
1475746544615841794
1475746545517608969
1475746547144998912
1475746548122144770
1475746554111614977
1475746555386687491
1475746556636770304
1475746557697925121
1475746557693624323
1475746563922317318
1475746573552291842
1475746574592618499
1475746575234347010
1475746585300586499
1475746585552293892
1475746586718138368
1475746588022693889
1475746592955240450
1475746593055772675
1475746594058162176
1475746601360453632
1475746605034782720
1475746612672565249
1475746616334172160
1475746617240260608
1475746617873420290
1475746624869703687
1475746625133768705
1475746628061515777
1475746629441531906
1475746630347345924
1475746630540398595
1475746631853264908
1475746633761517573
1475746639994253313
1475746640988303362
1475746641865068545
1475746651465826304
1475746654519119883
1475746657023238151
1475746661120950273
1475746669299908611
1475746672126930949
1475746672885985285
1475746674169593858
1475746687633162241
1475746692544749573
1475746699352150021
1475746701281423360
1475746713004482563
1475746714984218625
1475746716699615234
1475746718801092613
1475746736828485638
1475746742490570757
1475746743530573824
1475746744315125762
1475746744612839424
1475746750577233925
1475746760412827650
1475746761453019136
1475746762338226177
1475746765022322690
1475746766498803717
1475746772496621573
1475746775151558656
1475746775285714946
1475746777127079936
1475746777349382145
1475746778012000256
1475746778322399232
1475746778901274624
1475746779060654080
1475746781631819776
1475746781858127874
1475746784836268035
1475746787776417796
1475746788053241866
1475746790389420032
1475746794705326080
1475746799835045894
1475746802452287490
1475746811839197185
1475746815806881798
1475746820856823808
1475746827840495621
1475746830059126788
1475746832332599296
1475746835985616896
1475746838669971458
1475746839714574337
1475746840238772232
1475746844345085952
1475746844361871362
1475746860262383616
1475746868017598465
1475746868273422336
1475746869334659076
1475746870139961355
1475746871696003074
1475746876330848256
1475746879262662662
1475746886371975169
1475746889664446464
1475746897868505090
1475746898996830209
1475746899189592067
1475746904428351488
1475746906118705152
1475746906378752000
1475746909834776578
1475746914327052293
1475746914838753280
1475746924124848129
1475746927488561152
1475746928197611523
1475746931531866112
1475746937596825600
1475746941065744384
1475746942605045760
1475746944895049729
1475746949303177216
1475746951178162176
1475746953317298176
1475746954881626113
1475746957331214339
1475746961437302784
1475746961718497280
1475746962771259395
1475746965099094016
1475746965627547653
1475746968613892098
1475746971663097859
1475746976020926465
1475746977187078147
1475746985265152001
1475746990965280775
1475746997881630722
1475747006958080000
1475747008312975361
1475747008728104963
1475747008837263361
1475747009281855491
1475747010108182529
1475747017452244997
1475747022212780033
1475747023290777607
1475747031004164100
1475747031729778688
1475747033109745665
1475747037476012035
1475747039321686018
1475747039795458048
1475747042827853825
1475747045034053641
1475747047462608896
1475747047852568578
1475747048284688384
1475747050394472448
1475747050860036097
1475747070757806080
1475747072368267264
1475747074905976833
1475747078315941893
1475747080861671425
1475747086977040384
1475747091171495937
1475747091125358598
1475747092018565123
1475747093671133184
1475747097009864707
1475747103372685313
1475747104710709251
1475747107185348608
1475747109903159302
1475747114776809473
1475747117171892228
1475747117926916100
1475747128253333508
1475747130220617731
1475747133626138629
1475747133940666370
1475747140639076356
1475747143491239942
1475747146750177283
1475747147190390786
1475747150646505473
1475747155063324679
1475747158477651970
1475747162059427840
1475747166941376514
1475747169088987144
1475747169223151618
1475747179419643904
1475747183437746183
1475747195026501632
1475747199740903426
1475747199950544897
1475747199954808832
1475747200261148674
1475747201485705219
1475747209933066240
1475747210859974657
1475747211078258688
1475747213066309633
1475747214739877892
1475747217713647616
1475747217872982018
1475747220699951105
1475747221786091521
1475747224336445444
1475747224483209221
1475747228941795330
1475747241126248451
1475747241671512065
1475747243680571398
1475747247790952452
1475747248290074625
1475747250617962496
1475747262374584322
1475747267428507651
1475747272348639234
1475747277406883840
1475747282171662336
1475747281827766278
1475747284155613185
1475747287477354498
1475747290203754499
1475747290434486277
1475747292670046208
1475747303600402433
1475747305416503300
1475747307140403204
1475747311556956161
1475747315587911680
1475747330808848388
1475747333296033793
1475747344356368389
1475747352182935552
1475747352644304900
1475747356196970496
1475747357442469888
1475747370759385089
1475747372202344448
1475747377256570884
1475747379211034627
1475747379949502473
1475747380624515075
1475747381677158404
1475747382382014471
1475747382415527937
1475747389063327745
1475747392075051009
1475747392095932418
1475747396600709122
1475747406159695877
1475747409229537284
1475747415739228165
1475747423368667139
1475747423901216769
1475747424459055107
1475747424878661632
1475747437331599364
1475747439256780800
1475747442075262976
1475747442805018624
1475747452095451136
1475747455429795849
1475747459418648578
1475747462354640896
1475747462711328770
1475747465525530630
1475747483305365504
1475747486169923587
1475747486950035457
1475747492826394624
1475747493413408772
1475747499243675648
1475747503836438534
1475747506025684995
1475747515551166469
1475747521708183552
1475747523780247552
1475747525512491009
1475747530864529409
1475747537571262465
1475747539215388675
1475747539433320448
1475747540616294400
1475747547146858496
1475747557506617346
1475747562204368896
1475747565475971081
1475747568629997569
1475747574036328450
1475747574120394756
1475747581678571522
1475747583029313537
1475747592566972418
1475747599105728513
1475747599651151874
1475747603191152641
1475747608278700033
1475747618059923456
1475747622283628545
1475747623675969536
1475747626104483840
1475747626427551744
1475747629162274816
1475747635483058177
1475747650880245760
1475747655062102017
1475747666705498116
1475747670153179137
1475747671914729472
1475747676809576450
1475747678986412032
1475747680383086596
1475747681305694210
1475747682308083713
1475747687999889412
1475747691716042753
1475747696577241091
1475747698204577793
1475747701182529538
1475747711337041923
1475747711307505665
1475747715585740800
1475747716516954114
1475747717175410693
1475747718563872770
1475747719528464395
1475747722099634182
1475747725127921665
1475747728722313220
1475747732514091009
1475747738000179200
1475747747852656645
1475747748742070274
1475747751610695683
1475747752898355204
1475747759806427136
1475747761383305217
1475747762285154306
1475747765716193280
1475747772888350721
1475747773869871113
1475747777112072194
1475747781453258756
1475747785248948224
1475747788617048065
1475747789493649409
1475747790890356737
1475747800256155651
1475747805750861824
1475747809542516738
1475747810305667073
1475747814994898946
1475747818698514456
1475747822217531393
1475747822364336129
1475747827246637058
1475747833437380610
1475747833735221248
1475747834909667328
1475747837740605440
1475747840710352898
1475747840643280907
1475747842308333569
1475747850151628802
1475747853016387584
1475747859748122624
1475747873761366017
1475747877272133635
1475747885459247106
1475747886176550913
1475747890114928642
1475747890819645444
1475747892853972994
1475747903146577921
1475747914752225282
1475747921429602305
1475747921765281795
1475747944552755200
1475747947098906628
1475747953662902276
1475747954514227201
1475747957857157120
1475747968015736834
1475747968363941892
1475747969232248834
1475747971090292740
1475747972503805952
1475747973267001344
1475747974235901954
1475747974454071304
1475747980086943748
1475747984117846016
1475747995111018496
1475747996923011072
1475747997510078466
1475747999020052487
1475748001448665089
1475748002170281985
1475748002522439683
1475748003562475521
1475748008356679683
1475748018070556674
1475748019802882052
1475748020029427716
1475748034399121409
1475748037641211908
1475748046558449666
1475748055773106177
1475748056381329408
1475748066053566464
1475748070705053697
1475748072747642880
1475748073620054016
1475748073905270785
1475748074094051333
1475748078170918913
1475748095493238785
1475748097238044674
1475748098790117376
1475748108579397636
1475748109384708101
1475748110521409540
1475748110970273794
1475748113558167552
1475748121665630209
1475748122001231872
1475748130385768448
1475748134663901198
1475748139005063169
1475748140007374849
1475748143371362305
1475748145480941569
1475748153420775424
1475748158420361216
1475748159267557378
1475748162971312132
1475748165034807298
1475748170671943680
1475748171267678208
1475748177546342400
1475748185163251712
1475748185670832132
1475748188502036481
1475748196475289601
1475748199545585665
1475748201898680321
1475748204763226113
1475748205379870723
1475748211935440896
1475748213210886150
1475748215383371780
1475748216595488770
1475748221242597376
1475748222605959169
1475748227928440835
1475748231485308930
1475748247713067008
1475748250145595396
1475748257812811777
1475748266658697217
1475748267308634113
1475748279702933515
1475748288636887042
1475748298187288579
1475748298568835072
1475748302607896579
1475748306512797700
1475748311932051462
1475748313081257992
1475748314750459904
1475748316021346309
1475748331888410630
1475748333595643904
1475748336149872649
1475748338641387527
1475748339417169921
1475748339954053121
1475748340059017219
1475748341292093441
1475748346811797506
1475748371935551489
1475748372392779777
1475748379925925891
1475748383797170181
1475748385743327237
1475748386724712449
1475748394991689728
1475748398204534785
1475748406182039553
1475748408895983619
1475748409344544774
1475748414398734336
1475748419255820292
1475748426600038400
1475748428982284288
1475748436679008258
1475748437484265473
1475748445545799681
1475748450826436609
1475748455368769536
1475748460854845440
1475748462511935491
1475748463556104194
1475748467167354896
1475748467402317828
1475748470510088193
1475748471554588679
1475748477535621121
1475748481532899329
1475748482606669830
1475748482916966403
1475748485437734915
1475748487681634305
1475748489724407810
1475748489757872134
1475748491112554496
1475748490978504709
1475748498662432777
1475748505985724416
1475748516504866816
1475748519197626370
1475748521043058690
1475748526122541062
1475748530224517121
1475748531872796676
1475748537107456001
1475748538827091968
1475748551498121217
1475748553427460096
1475748556652924928
1475748561681887237
1475748568182972416
1475748581831323649
1475748584427384832
1475748595957706754
1475748599787307010
1475748602920189957
1475748614374715395
1475748634108973061
1475748634700435456
1475748636789194754
1475748638294896642
1475748641814065154
1475748649514635265
1475748650689208323
1475748661636255747
1475748668452089859
1475748669681016833
1475748671467704321
1475748673539743747
1475748678241427459
1475748678442926091
1475748679772479494
1475748682016378888
1475748687527751681
1475748690073735173
1475748694284775427
1475748694720983040
1475748695157190657
1475748695723298816
1475748695790469121
1475748695987601415
1475748701368901636
1475748704451760131
1475748705412136961
1475748705106079744
1475748709690482690
1475748712018284548
1475748713482145796
1475748713545056259
1475748714425769984
1475748719551205382
1475748727889580038
1475748728250277891
1475748736340881410
1475748737880399874
1475748742045200386
1475748750819794945
1475748751214055425
1475748762194571266
1475748766481145856
1475748768079249409
1475748771438858241
1475748783136722944
1475748789734580227
1475748793559699460
1475748798303457280
1475748804242649092
1475748805719072769
1475748808046776325
1475748808864768005
1475748824937345025
1475748827256606720
1475748835326582784
1475748839588044801
1475748841869791246
1475748842280833025
1475748848962355203
1475748855647928321
1475748856365158400
1475748857090822149
1475748859548733442
1475748860593065990
1475748861238939651
1475748863332003840
1475748866385448961
1475748874211975170
1475748875218472963
1475748875961090049
1475748886862041090
1475748887717548032
1475748887893708805
1475748894650900482
1475748898882961408
1475748900443234309
1475748901508501509
1475748910715088896
1475748911465828355
1475748915093909506
1475748916104773632
1475748918155612160
1475748932315717632
1475748935557918722
1475748941861904389
1475748946882359300
1475748948891607044
1475748949101359107
1475748953723260931
1475748957988995079
1475748962338488320
1475748970575974401
1475748973612879873
1475748976859090945
1475748983767068674
1475748993334448128
1475748993539923969
1475749004407455751
1475749009373507586
1475749019624345601
1475749021469847553
1475749026683252738
1475749031104110592
1475749040331448323
1475749049969958912
1475749060279738370
1475749060707381253
1475749061529686017
1475749061810610176
1475749065044418560
1475749067258929152
1475749079334281218
1475749080382906372
1475749099110645768
1475749099349712903
1475749102889676804
1475749105318219787
1475749107679612932
1475749108937891840
1475749118723059717
1475749120589639680
1475749120732135424
1475749121269108748
1475749122154332162
1475749122477105153
1475749123114487809
1475749123643121666
1475749123701846019
1475749123764600834
1475749124242907137
1475749132493013000
1475749135697334275
1475749136951480322
1475749144941764611
1475749147944701952
1475749151048613889
1475749153405751297
1475749156073492481
1475749156316659713
1475749163203633153
1475749164713664516
1475749164965404675
1475749174616408064
1475749177485320192
1475749177929859073
1475749187920666630
1475749190659575808
1475749191263657985
1475749192714768389
1475749196099514371
1475749197617917952
1475749201334218756
1475749207692689409
1475749213304594432
1475749213443170307
1475749215443771392
1475749215942840321
1475749220141473794
1475749220699181057
1475749223245230084
1475749227070300160
1475749229414940672
1475749233781321731
1475749251741147147
1475749253699956737
1475749254757027840
1475749257495855106
1475749260582739970
1475749266362675203
1475749274197663745
1475749275879411712
1475749279188852737
1475749283236237314
1475749284079616001
1475749287497764869
1475749290731618307
1475749292644069379
1475749296926605312
1475749299883425793
1475749306443304960
1475749313401786369
1475749313682804737
1475749320775376896
1475749327515627520
1475749328383848453
1475749329251880961
1475749334151012353
1475749336856543232
1475749339267932161
1475749355546157057
1475749360373665792
1475749362852577282
1475749364597411845
1475749365566169095
1475749366388465666
1475749366547705861
1475749373577412609
1475749377746550788
1475749382016233472
1475749389419360259
1475749391331778564
1475749392019820546
1475749393059962880
1475749394981007360
1475749403935723520
1475749409371602961
1475749410248265733
1475749415042392066
1475749416841596931
1475749421774217220
1475749423116435461
1475749427302178818
1475749427449155584
1475749435963437057
1475749442246619141
1475749449838174210
1475749451771760641
1475749459686354947
1475749462287003654
1475749465852153860
1475749466502471687
1475749470788800513
1475749473158676481
1475749484424433664
1475749485833646084
1475749489235439620
1475749498802561029
1475749507736371201
1475749508612968451
1475749511716823045
1475749523553243137
1475749530729648133
1475749537792757761
1475749538044522503
1475749539713884162
1475749541856964608
1475749546311315456
1475749554691534848
1475749555673124867
1475749558021984257
1475749572513308674
1475749582923603968
1475749591073050628
1475749592297881603
1475749592633380864
1475749596940967936
1475749598807433218
1475749601500147713
1475749602502586373
1475749609578319876
1475749618839220225
1475749624036175874
1475749626938601475
1475749629400694785
1475749639043235843
1475749639781773312
1475749648513961986
1475749651361849347
1475749654818131971
1475749656403476482
1475749664842416128
1475749668986363906
1475749680931753985
1475749686933868546
1475749695339347970
1475749695657951234
1475749696392019968
1475749698921287681
1475749701462941696
1475749704084295682
1475749705728495619
1475749708022747139
1475749712972193792
1475749715782340608
1475749717514534913
1475749718131200001
1475749723957043200
1475749724720357376
1475749725957677059
1475749727190855684
1475749730928009220
1475749735466246144
1475749736896421893
1475749742210523136
1475749749051506689
1475749749697519616
1475749750703943680
1475749758429851653
1475749765694599170
1475749773605056517
1475749781813317642
1475749787370762242
1475749791879483394
1475749800444260355
1475749802499457027
1475749817964187649
1475749818085654528
1475749819427827714
1475749819696103426
1475749819645939714
1475749820304400384
1475749821290012678
1475749848657936387
1475749848880140289
1475749854106165251
1475749901984219137
1475749912155504641
1475749912646230019
1475749915812929541
1475749934129303552
1475749938806067202
1475749942639611908
1475749943524667392
1475749946238324741
1475749947412733955
1475749948973101058
1475749957709844483
1475749959605575681
1475749960574554114
1475749962071822337
1475749966882783234
1475749971827822593
1475749973610295296
1475749977594888193
1475749980036030466
1475749986671292417
1475749991268306944
1475749994997157891
1475749995378843651
1475749999740866562
1475750004572655616
1475750006988709892
1475750014966063105
1475750015381475331
1475750025791684615
1475750029310656516
1475750030699077632
1475750035363024899
1475750036587827204
1475750036801830919
1475750040568320000
1475750043659358208
1475750047635492865
1475750051292925953
1475750061736968192
1475750064689668098
1475750065041936391
1475750065943703552
1475750066111619072
1475750068036771840
1475750071073443840
1475750073136992261
1475750075917766659
1475750079264804867
1475750080376455169
1475750084990152704
1475750085246033921
1475750091503779840
1475750098319683585
1475750100995428352
1475750103407337476
1475750103541424132
1475750107580702722
1475750108079828996
1475750110302810117
1475750115851726850
1475750115994484741
1475750119475716097
1475750125226106880
1475750126027223040
1475750126140346370
1475750127902105601
1475750131613855745
1475750131895091204
1475750140233367556
1475750143878000640
1475750154737098752
1475750154921811972
1475750155634761734
1475750159149461506
1475750159611056129
1475750163067113473
1475750163427692544
1475750164983738371
1475750174484008960
1475750177684299777
1475750179290726401
1475750188820086787
1475750191097593862
1475750196185239552
1475750196201984001
1475750204016107521
1475750212400410627
1475750218364637185
1475750219287605252
1475750224543027201
1475750228674465792
1475750228833673216
1475750230385643522
1475750231832776705
1475750242058387459
1475750246508498948
1475750248387686402
1475750251734573060
1475750253953441795
1475750260697968640
1475750262958706689
1475750263663345665
1475750269518434307
1475750273335414787
1475750273683533828
1475750273649938432
1475750279513399297
1475750280666906625
1475750281073864705
1475750281564536839
1475750286123802629
1475750286811615234
1475750286862032897
1475750301076443142
1475750306302414851
1475750323952447490
1475750335759228929
1475750336862294016
1475750341530595329
1475750341945835527
1475750350984470530
1475750353391947776
1475750369502375940
1475750372660719620
1475750378998321155
1475750385776275456
1475750389886582790
1475750393229414401
1475750396513693698
1475750397574791173
1475750398166241281
1475750400510894083
1475750400900808706
1475750412770811906
1475750413223837698
1475750414310117380
1475750418269577224
1475750420211458049
1475750421138325505
1475750428268584961
1475750429451563012
1475750435407413249
1475750449370177538
1475750450729263107
1475750455087185923
1475750464796827648
1475750474070454277
1475750474150072320
1475750477392330758
1475750479435075589
1475750485906935809
1475750487542706177
1475750491975999488
1475750503464194052
1475750511148253186
1475750513316483076
1475750513274761217
1475750513488580612
1475750516193964034
1475750518039449606
1475750519775940610
1475750522296676354
1475750525513744386
1475750527698972674
1475750528437178372
1475750531561832449
1475750532576956416
1475750536347627525
1475750539052916736
1475750545201803267
1475750545549787139
1475750555800817664
1475750558141194242
1475750558514483206
1475750565036453888
1475750567524048897
1475750581176307714
1475750590433091585
1475750593092366337
1475750595554250758
1475750596451999746
1475750597693480960
1475750598435868674
1475750598997946372
1475750608577646595
1475750608757919748
1475750609722744837
1475750617876422659
1475750620007043073
1475750622263717889
1475750639128961027
1475750648264200194
1475750652294930432
1475750653611986946
1475750655809798145
1475750656262778884
1475750656782786562
1475750672033214464
1475750673237032960
1475750676282200065
1475750677083160576
1475750678832189442
1475750684612079620
1475750686310555648
1475750688051417092
1475750690849017866
1475750702202998787
1475750702299312128
1475750703289098241
1475750709358252034
1475750727217733635
1475750740098486276
1475750742455631873
1475750742703099905
1475750746482098177
1475750750013718529
1475750754409496576
1475750755143503872
1475750755378290691
1475750756527529984
1475750758209384448
1475750769123115009
1475750773011144706
1475750774743318528
1475750780669857793
1475750791730417665
1475750792376291328
1475750795240902658
1475750795924721665
1475750799925858305
1475750800903315459
1475750804619350023
1475750813721059329
1475750815520333826
1475750818703888384
1475750822294265860
1475750824429199360
1475750826174222342
1475750827553787906
1475750827616731136
1475750875524222976
1475750877113864198
1475750880515436550
1475750878875369476
1475750882826457090
1475750884701179904
1475750885775093760
1475750890682286080
1475750897535881221
1475750897951162369
1475750910643036164
1475750916003442694
1475750921523150850
1475750922731106314
1475750930205364224
1475750930264039428
1475750935318208514
1475750935255212032
1475750947687182340
1475750950455287811
1475750957208289280
1475750959611535364
1475750959976521728
1475750960957952002
1475750964158107652
1475750964137189378
1475750964556550147
1475750964757991424
1475750967664680966
1475750969325629442
1475750971615727617
1475750985431539720
1475750992813735938
1475750997859389441
1475750998375337985
1475751000908734466
1475751002179571720
1475751010966683649
1475751017211957249
1475751017681600515
1475751022094077953
1475751024035958784
1475751024346509316
1475751024472121346
1475751032923820033
1475751041140289537
1475751049671569408
1475751050405629955
1475751050615431169
1475751057833672707
1475751058743996416
1475751074267115525
1475751074921431042
1475751075445628928
1475751077056155648
1475751079958695938
1475751083926564864
1475751089043505153
1475751104193253376
1475751104566734854
1475751104625496067
1475751108148707329
1475751109260054528
1475751109792727040
1475751117468446722
1475751119691390976
1475751130147610627
1475751142730706949
1475751146358595591
1475751151064784896
1475751153308557312
1475751155141652486
1475751156290928643
1475751157477875713
1475751158098665472
1475751158820085761
1475751159734456320
1475751166843580419
1475751171461730307
1475751171516080129
1475751172619190276
1475751178491338752
1475751183780352003
1475751188532371459
1475751191686619138
1475751201958416387
1475751203132874761
1475751207411060736
1475751216055521280
1475751218253344768
1475751219025096707
1475751220451024902
1475751225794703361
1475751226520350723
1475751231574495233
1475751238809505793
1475751241384796164
1475751247072407554
1475751249844789248
1475751251199549444
1475751258128486401
1475751258392780806
1475751258837245953
1475751259533680644
1475751260670234627
1475751263530721281
1475751271160233988
1475751287274840066
1475751287727837185
1475751289195802628
1475751295722176512
1475751295965405185
1475751304882528259
1475751309626290176
1475751309919887364
1475751312822353921
1475751323962421252
1475751324851621889
1475751325031747586
1475751328852893700
1475751339208724480
1475751340613591040
1475751348377247746
1475751350013243394
1475751354132008964
1475751369231503360
1475751370061803520
1475751376324071425
1475751382237908993
1475751387069833216
1475751393302441985
1475751393839529984
1475751395785461760
1475751404191027202
1475751408356012034
1475751421169614849
1475751424143380484
1475751429411246084
1475751432104075265
1475751433190342658
1475751449716011010
1475751450819112965
1475751454036135939
1475751454115864576
1475751456003137541
1475751455655006208
1475751461489414145
1475751470393868288
1475751472964931587
1475751474827345923
1475751482314182660
1475751482301595648
1475751486890020865
1475751494087553030
1475751497489162245
1475751498428694530
1475751498780921859
1475751499326132231
1475751501989658625
1475751518041251841
1475751518318047238
1475751519987372035
1475751523934253057
1475751524080906240
1475751527117590531
1475751528379994113
1475751531030982657
1475751532423352324
1475751536152227852
1475751546960986114
1475751549867593731
1475751550270119936
1475751551859924992
1475751559774412805
1475751562077216768
1475751564828712961
1475751568410492929
1475751577109471236
1475751585292685314
1475751594968899594
1475751604359999492
1475751609338576898
1475751609434923009
1475751614921142272
1475751615466553346
1475751621074341895
1475751621564923905
1475751627088961537
1475751628921872386
1475751633741090817
1475751636479868928
1475751636651941889
1475751637369171970
1475751637780242434
1475751640254726145
1475751643274792962
1475751654385340419
1475751657074012160
1475751657279471618
1475751657703104515
1475751660521676801
1475751664095162369
1475751666611888129
1475751668700655616
1475751670042664962
1475751675822493698
1475751676476809216
1475751680000270336
1475751681258401792
1475751684701839364
1475751684773134338
1475751690095583237
1475751693795086339
1475751695145652224
1475751700900241408
1475751702762508289
1475751705828487169
1475751708030648326
1475751710979239940
1475751726309335040
1475751727093661697
1475751727273955331
1475751732705574917
1475751749877059589
1475751751898869766
1475751756034297856
1475751758244810756
1475751758563450880
1475751759708442626
1475751763626143744
1475751765710553088
1475751766712995840
1475751767308701703
1475751774522732548
1475751782852747264
1475751785872642048
1475751786254323717
1475751788821184513
1475751792088657922
1475751793946763266
1475751795058098177
1475751795892891650
1475751803706818563
1475751810514227201
1475751820534419456
1475751820672782344
1475751820890943493
1475751833796808707
1475751839668662274
1475751841581338625
1475751852474089472
1475751853254131713
1475751854269153284
1475751855691079684
1475751857461026817
1475751858589294597
1475751865887436800
1475751867011325952
1475751870714896390
1475751871323070466
1475751871910346752
1475751876398223362
1475751876817793029
1475751878067687425
1475751884350754816
1475751887110643714
1475751887328665604
1475751897428418560
1475751897382506497
1475751921416019969
1475751922208579584
1475751923412254725
1475751926742630405
1475751928420343812
1475751936838275074
1475751945163968515
1475751949115052032
1475751950306185219
1475751951337803776
1475751953909133313
1475751956354371586
1475751957478486018
1475751962457034754
1475751974759014403
1475751978412261377
1475751978638532610
1475751979284844545
1475751979666313221
1475751980924559364
1475751982174461954
1475751993817767938
1475752000482643973
1475752002055553027
1475752002575552515
1475752004408332291
1475752009437523971
1475752015456358403
1475752021961715714
1475752032007081985
1475752033617690629
1475752041012248579
1475752044463988737
1475752048549240833
1475752053284737025
1475752084116893697
1475752089221574657
1475752091012505601
1475752095487770629
1475752097639542784
1475752100336447489
1475752101590482948
1475752101951197184
1475752107059781633
1475752116245626885
1475752119055618050
1475752126265839620
1475752127750279169
1475752128799178755
1475752129126096898
1475752130879311875
1475752131940528129
1475752135774015488
1475752142304690180
1475752147044106240
1475752156246331395
1475752158662324225
1475752158792503297
1475752160080142338
1475752161711558658
1475752162433159170
1475752169164791813
1475752177570304003
1475752179281580035
1475752180539920384
1475752180686729217
1475752183412969472
1475752187049365507
1475752188366536706
1475752190614462464
1475752191814090754
1475752199250718722
1475752209123926017
1475752214769463296
1475752216774512648
1475752218238332934
1475752220566163462
1475752226291212289
1475752231261593600
1475752242376417282
1475752243076894720
1475752246944141316
1475752252958773249
1475752253206138880
1475752254657290247
1475752258432389121
1475752260554661889
1475752260848304128
1475752262395842562
1475752265914859521
1475752271224918022
1475752278044946436
1475752287842750465
1475752291131080707
1475752299867820036
1475752303739080704
1475752305408585735
1475752314896101382
1475752318062710787
1475752318834458625
1475752324006133761
1475752327369871365
1475752342649638914
1475752343446515715
1475752346705534976
1475752347498283008
1475752348240596992
1475752350249799681
1475752352661766145
1475752356767797254
1475752361050066944
1475752364158054401
1475752369971363842
1475752370407710723
1475752372110512128
1475752372681031684
1475752378867634181
1475752387369394176
1475752392574451713
1475752398907789312
1475752400048648195
1475752403500687364
1475752407216926721
1475752409989324800
1475752421662289923
1475752422031167490
1475752427420884995
1475752430461673473
1475752432034463745
1475752432835694598
1475752434517557255
1475752434752532483
1475752435251437572
1475752435801108481
1475752445007450116
1475752448161681413
1475752449617002499
1475752450158063617
1475752456663359489
1475752459087728642
1475752464733327362
1475752466738126849
1475752467979804676
1475752469061947397
1475752471205007360
1475752477215674370
1475752488481423360
1475752488930320384
1475752490817753090
1475752495729324033
1475752498669441029
1475752498828820485
1475752499046977536
1475752517526978562
1475752520819490816
1475752527215796229
1475752527459237890
1475752530370043908
1475752535562592263
1475752535566733312
1475752537202610176
1475752539656228866
1475752542365794308
1475752547528941573
1475752552075444226
1475752557410541571
1475752562246750209
1475752564356493312
1475752570731773952
1475752571339948036
1475752573269389313
1475752575572094979
1475752577086091265
1475752579623759876
1475752593448177664
1475752594584707072
1475752597013291010
1475752598611402755
1475752599655784456
1475752603925585921
1475752605217439748
1475752611538038786
1475752622011215874
1475752622908977157
1475752630903132162
1475752636985061378
1475752637362540546
1475752637425496066
1475752642492211203
1475752645767974913
1475752647667892230
1475752648926105607
1475752649706422279
1475752651702915073
1475752651719835650
1475752652164190212
1475752653183401986
1475752655192354816
1475752659038658563
1475752660548661251
1475752661248987136
1475752661227958272
1475752666483630082
1475752672053514240
1475752681885126659
1475752683105665028
1475752684678365185
1475752690781196288
1475752692970848260
1475752693188673541
1475752696422486020
1475752698527944704
1475752705394159617
1475752714558574594
1475752720250322945
1475752722888593409
1475752727053488129
1475752728995536901
1475752739850403845
1475752746372452356
1475752750009008131
1475752758137397250
1475752762570952707
1475752764575817730
1475752769835487232
1475752775589974018
1475752779377426435
1475752780878987270
1475752796674613249
1475752796779696130
1475752797777895426
1475752798901850112
1475752801573785601
1475752805184905217
1475752807001165833
1475752812688596993
1475752823463854082
1475752823904112648
1475752831709630468
1475752840631050244
1475752841583095811
1475752843726532610
1475752854652608525
1475752872419672066
1475752874101596162
1475752875531902983
1475752886483120128
1475752888395776000
1475752889976901633
1475752904417968135
1475752908549464067
1475752910436933632
1475752910839590915
1475752922315202563
1475752924345077761
1475752937791975425
1475752938412859394
1475752944620511235
1475752946579222529
1475752948898709506
1475752951796879360
1475752962504871937
1475752962832015362
1475752965751382017
1475752971111522304
1475752974735478784
1475752975767330821
1475752976673386498
1475752977805848577
1475752979236012037
1475752980771217411
1475752981802987520
1475752982633455618
1475752987926704132
1475752992527683588
1475752993601425410
1475752994234933252
1475752997665783810
1475753008353144832
1475753012840714244
1475753015671881728
1475753017618145285
1475753020902506497
1475753026963058691
1475753027470565376
1475753028212903938
1475753032902193152
1475753035590733826
1475753037310439429
1475753040531660804
1475753044105211905
1475753048538431489
1475753049914236929
1475753058932260865
1475753067496697856
1475753072177860610
1475753072941060101
1475753076493488128
1475753080146694145
1475753089340776448
1475753093702864900
1475753094298411010
1475753105337761792
1475753105539190786
1475753110974967810
1475753112824688642
1475753118176587776
1475753119678144512
1475753127483748352
1475753128205111297
1475753136501530625
1475753136899854336
1475753142105128964
1475753146265706497
1475753148337643523
1475753148778041344
1475753150090993668
1475753156525105153
1475753158467010561
1475753158634733573
1475753160258072581
1475753164049510400
1475753166725697542
1475753168629870592
1475753168420151302
1475753173088362496
1475753174212526084
1475753174380294146
1475753183704018944
1475753192730288128
1475753193619345409
1475753197297881088
1475753198723993600
1475753204575088642
1475753210086236164
1475753213022420992
1475753215694098434
1475753219108311044
1475753220077232135
1475753221427769344
1475753228532916225
1475753231800172544
1475753236326137856
1475753238414589955
1475753238419107841
1475753241036034050
1475753245041516546
1475753246463389697
1475753252209643520
1475753252805234690
1475753255561236483
1475753257255387136
1475753259507896320
1475753262418595842
1475753264851263490
1475753267808256001
1475753271801356288
1475753272275206147
1475753275471417344
1475753282719346688
1475753282870071296
1475753286418538496
1475753291787255808
1475753300452544512
1475753300519653377
1475753311206887426
1475753313861713920
1475753316114219012
1475753317041164291
1475753317594767361
1475753321256435717
1475753321344507913
1475753323743621121
1475753326029459460
1475753335961665538
1475753337517588482
1475753339665145857
1475753342752145412
1475753346720059392
1475753348657815554
1475753351874854912
1475753360762548230
1475753361719042050
1475753364470341638
