1467358048108924934
1467358051917123585
1467358056040529921
1467358056799293441
1467358057848004608
1467358057042640899
1467358061635457027
1467358061757181961
1467358068161744899
1467358077246660614
1467358079230513156
1467358089250840583
1467358090341277698
1467358090869854210
1467358096997687296
1467358097773502476
1467358098671251457
1467358101313503232
1467358107294584835
1467358111228960772
1467358112776695808
1467358113267425280
1467358130593931266
1467358131684626432
1467358133832065025
1467358135807406083
1467358137338535941
1467358138349150211
1467358140064796672
1467358140660609024
1467358141407023106
1467358146972819462
1467358150223446018
1467358152966344705
1467358157068550144
1467358157655601152
1467358158972719106
1467358160205795332
1467358161891823617
1467358165608153092
1467358175053574144
1467358176353955842
1467358176618106880
1467358178589302788
1467358184641740805
1467358192262778882
1467358197451264003
1467358204069699585
1467358205525336067
1467358206808580096
1467358212076847105
1467358220695982086
1467358223242039298
1467358223976087554
1467358224433049601
1467358225406345219
1467358226735845380
1467358233094414339
1467358235631906817
1467358236600721413
1467358239662632962
1467358248265302017
1467358249590693889
1467358258515963905
1467358260064047105
1467358260927901702
1467358263129739269
1467358272030076928
1467358272747450369
1467358274458730499
1467358278933889026
1467358282427756544
1467358290556465155
1467358291638501377
1467358293953761283
1467358308008751107
1467358311565639685
1467358314929344513
1467358324463177735
1467358324790214659
1467358330196660224
1467358330557538306
1467358333241802753
1467358341802311681
1467358342284730368
1467358342523748355
1467358342880317452
1467358344339992579
1467358352409780230
1467358363411431425
1467358377365757958
1467358385695768581
1467358392792535049
1467358393077837825
1467358393836969990
1467358394876973056
1467358402561064961
1467358402699427843
1467358405618663425
1467358406184865795
1467358410136076288
1467358410618413062
1467358412476497921
1467358413323653125
1467358428112715777
1467358432206458882
1467358434987106308
1467358436413296643
1467358436677455874
1467358439345045504
1467358439349362693
1467358441832267781
1467358442394427396
1467358448027328520
1467358450585899008
1467358451823222784
1467358455858024448
1467358456449585152
1467358458198515712
1467358464670420998
1467358467325239296
1467358471234330625
1467358472110891010
1467358475105808386
1467358476666089474
1467358480248053763
1467358483448156160
1467358493066002432
1467358494210682881
1467358496945577984
1467358502695813124
1467358505153802244
1467358505828962304
1467358507775270912
1467358516327370755
1467358523503919106
1467358525349412866
1467358533641375748
1467358538272022534
1467358542789230594
1467358543393263618
1467358552142467073
1467358554180968449
1467358556089372674
1467358557637120003
1467358569301377034
1467358570576551940
1467358572023582725
1467358574418477068
1467358576909991939
1467358576867872768
1467358582635126787
1467358593196437515
1467358594534416386
1467358595658493952
1467358598338650114
1467358598393126914
1467358603585761281
1467358605175410688
1467358622275543041
1467358625655971841
1467358630441889793
1467358632643682304
1467358634657075201
1467358635449741313
1467358637236625410
1467358639832895489
1467358646489137154
1467358648653336577
1467358653183410179
1467358659470446592
1467358661639032833
1467358677258711040
1467358677803876358
1467358680148594691
1467358680878301189
1467358681742266376
1467358682950348808
1467358683390640131
1467358693511499776
1467358695516368897
1467358705306210305
1467358715938488323
1467358716827619331
1467358723513462790
1467358727338659843
1467358734842155011
1467358739506286594
1467358741788073989
1467358744946302976
1467358746468917250
1467358747718737925
1467358749639720960
1467358750109745152
1467358750419922948
1467358756539613184
1467358760704221184
1467358765108240396
1467358765506875392
1467358772540497924
1467358773266239492
1467358779369000966
1467358783173136385
1467358783361986560
1467358785064763395
1467358795836047360
1467358800999030793
1467358807038861314
1467358807390973955
1467358813137391616
1467358813649252355
1467358818241818630
1467358819424604160
1467358821928611842
1467358828001906689
1467358829415436288
1467358832154263553
1467358839704100870
1467358841822142469
1467358845546770437
1467358846649655306
1467358847182393344
1467358849132904448
1467358851729006594
1467358861657096195
1467358870674759680
1467358872231096329
1467358872415449089
1467358874755907586
1467358875582087177
1467358879092670466
1467358880011276288
1467358883387695107
1467358885849796609
1467358899472896002
1467358904824774660
1467358906661978113
1467358911216893958
1467358913376833536
1467358915549560832
1467358920138280962
1467358921799069696
1467358926190440448
1467358929076334595
1467358932217712640
1467358940514201603
1467358941059366914
1467358944003768321
1467358948093140994
1467358948110049286
1467358950370598915
1467358955647246342
1467358964341882881
1467358965537419267
1467358967659925504
1467358968733384707
1467358968838176769
1467358973338656770
1467358975104626688
1467358980854980609
1467358981039529985
1467358980964077573
1467358984629723137
1467358985997242369
1467358986475294723
1467358987054108672
1467358988631261185
1467358989138554881
1467358995224612868
1467359001784438785
1467359002241732613
1467359003617505281
1467359006532333570
1467359024903770114
1467359027319427077
1467359033489301510
1467359034395308036
1467359036479791105
1467359046269349888
1467359053693267972
1467359057518415874
1467359057803497476
1467359057988231170
1467359064166473730
1467359068595671042
1467359072768901122
1467359076900388867
1467359079597281281
1467359081933410305
1467359082436870144
1467359086828470272
1467359088635834370
1467359093270761474
1467359095816523776
1467359098580709376
1467359108042874883
1467359120877662213
1467359121397764098
1467359124639911938
1467359128372842498
1467359129631174660
1467359134639083523
1467359142985670659
1467359144436977664
1467359147821879297
1467359153207218177
1467359158966104066
1467359161415393283
1467359162032181251
1467359162904596485
1467359163319611392
1467359163781156864
1467359163873329155
1467359165999824899
1467359169024081922
1467359170613579778
1467359177987211266
1467359183062376451
1467359185843150850
1467359187424452613
1467359189425012743
1467359193640456196
1467359193799790592
1467359197830471680
1467359201341190148
1467359202989510658
1467359203421564931
1467359207720693760
1467359209276723210
1467359212049211393
1467359212212740097
1467359218407813125
1467359222350462977
1467359222790721540
1467359231695331329
1467359233045942278
1467359238968135683
1467359243120656390
1467359243208642561
1467359245586898944
1467359248292192261
1467359248334135300
1467359257326538752
1467359258568126466
1467359262724681728
1467359263374909442
1467359264050139136
1467359273638371329
1467359277107269633
1467359277585088517
1467359279246106633
1467359280470835205
1467359287940894723
1467359289769697281
1467359293141889029
1467359295851352066
1467359299529814017
1467359301626912774
1467359301782048772
1467359302289604608
1467359302537019393
1467359302658760705
1467359304718061570
1467359311227613186
1467359319955951619
1467359322090913796
1467359325337358340
1467359330068357120
1467359331574288386
1467359333612605445
1467359340478668803
1467359343599357959
1467359344710799360
1467359347583901698
1467359351149142017
1467359357113233408
1467359359902498817
1467359366278008836
1467359370681982978
1467359378906828802
1467359379737362434
1467359382627237888
1467359383285870593
1467359389854183424
1467359390055354371
1467359390093119489
1467359402659389441
1467359404756389888
1467359407365398528
1467359408833372164
1467359410456608772
1467359411614072832
1467359413061455873
1467359419411402753
1467359423429419009
1467359428798083072
1467359439502016512
1467359441217486854
1467359444019421185
1467359446447783936
1467359446938517505
1467359452118458371
1467359452756156417
1467359455079768067
1467359457952755714
1467359469281550336
1467359469638197248
1467359476713992195
1467359485249437696
1467359490127405057
1467359491893121029
1467359492853665796
1467359495613521924
1467359497404534787
1467359500483051520
1467359505419747335
1467359509945352192
1467359511820177408
1467359515985289216
1467359516954136580
1467359518270967810
1467359518552166405
1467359524642197506
1467359533030801409
1467359541046263811
1467359544682565635
1467359548537290766
1467359549602648064
1467359550500052992
1467359553884856323
1467359562277826565
1467359567474429954
1467359567734403072
1467359574596403201
1467359575246610433
1467359577633173505
1467359579218448384
1467359586793365506
1467359589721067524
1467359593261002752
1467359595370729473
1467359595853135874
1467359601343483905
1467359602320625666
1467359603260227589
1467359604455534593
1467359605516910604
1467359607014100993
1467359612081000452
1467359615880990721
1467359622130696192
1467359625339146240
1467359632490258434
1467359633316663296
1467359643508826113
1467359644846891009
1467359646046474241
1467359648521011200
1467359649783500802
1467359651247312898
1467359654346952707
1467359667131064324
1467359669236776962
1467359670503460866
1467359680771112961
1467359684856188928
1467359695971110913
1467359699649449985
1467359700769456129
1467359703156076546
1467359707958444032
1467359710420643845
1467359713746558976
1467359714166120448
1467359715223285760
1467359716149850113
1467359720403050498
1467359724840620034
1467359725985484804
1467359731224170502
1467359734915235841
1467359736542773251
1467359739839279105
1467359741617659915
1467359752736935936
1467359761309921282
1467359761205137410
1467359763562471425
1467359765227393025
1467359769467965445
1467359779416854532
1467359781044334602
1467359781161562114
1467359782151462915
1467359795610935296
1467359795912929286
1467359797322280961
1467359800652664834
1467359801571115010
1467359801990602754
1467359805987770368
1467359806537281537
1467359809179734027
1467359811276783619
1467359812677738498
1467359814548267011
1467359819296165892
1467359819203944453
1467359823381643264
1467359828183961604
1467359830797164547
1467359831581360128
1467359832273567748
1467359833875755013
1467359835842912258
1467359840133595137
1467359840397926404
1467359850774642690
1467359857078530053
1467359857644769282
1467359874011090947
1467359874413596676
1467359879769821189
1467359880923136000
1467359885016788992
1467359888129024000
1467359898128191488
1467359906751606786
1467359911491244033
1467359912573472772
1467359913403981824
1467359914418974720
1467359918621700098
1467359923646259202
1467359925160579077
1467359926339072004
1467359927895306242
1467359935319052289
1467359938733248514
1467359944974422017
1467359946853347331
1467359947876884482
1467359948430585857
1467359948728414211
1467359957817466888
1467359959595851778
1467359967535579138
1467359971419451394
1467359971918499840
1467359974900703233
1467359976477925377
1467359980185661440
1467359982383513607
1467359982723252225
1467359982798532609
1467359988548993024
1467359997197574148
1467360003518394368
1467360005481369600
1467360007037460482
1467360014344069122
1467360017451937792
1467360022116012034
1467360026964623361
1467360027333828610
1467360027451215877
1467360030483795969
1467360031582658570
1467360033134440450
1467360033000337409
1467360035042906112
1467360038050275330
1467360039404924930
1467360039547682816
1467360044161253378
1467360045935448064
1467360049169575940
1467360052872843268
1467360057310343169
1467360057436225541
1467360058639929346
1467360062662496258
1467360066579935235
1467360068849000450
1467360072258899968
1467360074469462021
1467360075991949320
1467360080979013636
1467360088625139724
1467360089723920384
1467360109193949187
1467360125933522946
1467360129242775553
1467360130836492289
1467360131851689987
1467360150247727109
1467360155180412929
1467360155775877121
1467360157197910020
1467360158976131076
1467360168711184384
1467360169654820864
1467360176424554497
1467360176806236162
1467360186633363460
1467360195852619778
1467360196796162052
1467360199207915521
1467360203771457537
1467360204685778948
1467360207915290629
1467360213212844036
1467360215750246405
1467360216207532038
1467360216895213568
1467360224663281667
1467360234129838081
1467360237241782273
1467360243659247618
1467360245706067970
1467360248780390400
1467360253767405571
1467360256645033988
1467360258548895745
1467360259366965251
1467360259689824261
1467360259996110855
1467360260201484290
1467360264538312706
1467360264609804298
1467360266639794182
1467360271693930500
1467360274957017090
1467360275397373952
1467360280065847302
1467360281592426497
1467360282385211392
1467360287976308740
1467360290790514688
1467360295307862016
1467360295706247169
1467360296515751936
1467360300168933376
1467360307744063491
1467360308176080904
1467360313167290370
1467360313716576256
1467360316786761730
1467360317093068800
1467360321668935681
1467360324282163203
1467360326500847616
1467360346436366340
1467360348990840832
1467360351771578372
1467360352006406149
1467360352346116096
1467360354682519553
1467360355286491136
1467360357320916994
1467360361804296192
1467360363469438979
1467360371367424000
1467360373309415426
1467360375729389575
1467360377734418435
1467360378585759746
1467360382624972800
1467360395895709699
1467360397103665152
1467360400576552965
1467360402250125312
1467360408218525696
1467360411032989696
1467360413549580291
1467360413797044235
1467360414933549057
1467360424693694468
1467360432570580993
1467360434785337347
1467360434789486593
1467360438631415808
1467360443605741570
1467360445249978368
1467360449981292544
1467360453756178432
1467360453978468355
1467360456365023233
1467360457690284034
1467360458499842054
1467360464770408449
1467360469434331136
1467360477126746117
1467360480037466113
1467360481102999553
1467360486723231747
1467360490372444165
1467360491718778885
1467360492414914562
1467360493060825090
1467360494608596994
1467360499440525314
1467360504167415817
1467360510404345863
1467360510546833413
1467360515408211971
1467360518415474688
1467360521309634561
1467360528171511808
1467360535666589696
1467360540708253701
1467360541077213184
1467360545959514117
1467360548060762113
1467360550665347072
1467360551579762689
1467360568977862656
1467360569300643842
1467360569275686913
1467360578645676035
1467360582579929089
1467360583578128386
1467360584991707136
1467360587256639496
1467360600758104066
1467360609322684416
1467360610958680069
1467360611021381636
1467360612162416645
1467360614435729408
1467360615916347398
1467360618357403649
1467360621725290496
1467360622270685185
1467360626158694400
1467360628457287683
1467360636778733576
1467360637193908224
1467360649428701185
1467360650187919364
1467360650582114306
1467360655548338177
1467360656621854723
1467360657322487813
1467360660585648129
1467360660275220484
1467360661793611777
1467360670840721411
1467360678319038467
1467360678981865474
1467360683981299715
1467360683947802627
1467360687194320896
1467360688834326530
1467360702750883840
1467360703728144385
1467360711269519362
1467360713421176834
1467360715484721153
1467360721537167360
1467360728223031299
1467360731897155584
1467360736796196865
1467360742458335234
1467360744832659457
1467360747575386114
1467360749517295619
1467360754475180033
1467360757339746305
1467360757830488068
1467360759730556932
1467360766919593984
1467360772519043077
1467360774624399361
1467360784040841218
1467360787799113732
1467360787970674688
1467360793008087049
1467360794690002947
1467360797487624192
1467360800042008576
1467360803326251016
1467360805905592321
1467360808749305861
1467360809093242880
1467360810984951810
1467360810729033728
1467360816773095427
1467360818865917953
1467360829238611972
1467360835144232963
1467360836914016259
1467360836901478400
1467360840903008259
1467360842639421444
1467360843188760578
1467360844178542593
1467360846678532096
1467360852110188547
1467360852177207301
1467360853187956736
1467360855008464899
1467360857743147009
1467360858867376129
1467360873756827651
1467360881982029828
1467360890244665346
1467360896276176904
1467360900818497538
1467360907638550536
1467360910515785728
1467360910993940481
1467360912021598212
1467360922691944454
1467360925770338311
1467360927523557376
1467360929352458241
1467360932351422467
1467360932917481475
1467360936122097667
1467360936851914759
1467360938122788864
1467360942770040835
1467360946029228036
1467360949426266118
1467360954417565705
1467360954732228612
1467360957974269952
1467360962957254663
1467360964588838917
1467360966446751745
1467360966899867649
1467360968040755203
1467360971752714240
1467360972851580935
1467360977981108227
1467360979797176322
1467360982007566341
1467360986910838788
1467360991532961796
1467360992724021249
1467360995601485827
1467360997275062274
1467360999518867456
1467361003172159491
1467361007433666561
1467361008318435330
1467361009891360768
1467361011191611397
1467361012810907649
1467361018322034688
1467361019932463104
1467361021190803460
1467361021442543617
1467361022432456707
1467361031630503937
1467361038437920770
1467361040325386241
1467361045240946689
1467361049775124483
1467361049724833793
1467361050421075969
1467361052199305216
1467361057505255428
1467361058440589317
1467361059325431811
1467361060059553798
1467361061477109763
1467361061686947842
1467361062991241221
1467361075981127681
1467361076077543428
1467361076513808384
1467361086265511939
1467361087469363200
1467361090002726912
1467361091097354244
1467361092603158528
1467361097179090946
1467361098156421121
1467361110298923008
1467361120474198017
1467361120625250306
1467361122873339907
1467361124802707457
1467361129038974986
1467361129538244609
1467361129793875969
1467361130049937408
1467361130171482113
1467361131933093894
1467361134978109440
1467361158055149568
1467361165831557125
1467361165726650368
1467361171846012929
1467361174945632258
1467361179949535237
1467361180880715778
1467361201415938048
1467361202586079233
1467361215412203524
1467361220214751233
1467361221703659522
1467361222865477634
1467361233766858752
1467361235112976390
1467361236627116035
1467361239881945095
1467361244684423176
1467361246710169601
1467361248434180096
1467361250048819201
1467361250023813122
1467361261188911104
1467361269531353091
1467361271175647232
1467361271603290114
1467361274623373318
1467361277383090180
1467361280054992897
1467361289068441603
1467361289232171009
1467361289504755715
1467361293476655104
1467361294743482372
1467361297943703554
1467361299042652162
1467361300409827331
1467361300800020480
1467361305384275969
1467361314213351426
1467361315983265792
1467361319774945280
1467361321297629187
1467361326083149824
1467361331921571844
1467361333813207040
1467361338611671043
1467361340230541317
1467361340620562434
1467361341149224963
1467361342898245634
1467361343590346756
1467361345976901633
1467361351186198528
1467361352108974081
1467361353098838020
1467361365614632963
1467361366059020290
1467361372795129857
1467361373097279489
1467361374724452356
1467361378969214977
1467361379745026048
1467361380319653893
1467361388070785027
1467361395125727238
1467361401027002369
1467361413282684932
1467361420153135108
1467361420333379585
1467361425244884992
1467361425656094722
1467361430764912640
1467361431893032962
1467361447134957570
1467361450800947202
1467361451501260802
1467361453938151424
1467361455095750656
1467361456446341121
1467361468081483777
1467361472758136832
1467361473097838593
1467361474129575940
1467361475270520838
1467361479640993794
1467361487312154624
1467361496388808707
1467361502059544579
1467361502428639237
1467361502873194496
1467361508569100291
1467361511572000768
1467361519834910726
1467361521286017024
1467361524469669898
1467361532778409986
1467361533097234440
1467361540735045632
1467361544203911175
1467361544346423301
1467361546984591361
1467361551556354050
1467361562516246529
1467361565552873473
1467361567134081035
1467361568052629505
1467361568891367426
1467361572704206850
1467361573643505667
1467361580262346752
1467361582724300803
1467361588437041155
1467361589909143552
1467361590399938561
1467361595193913347
1467361596234256390
1467361595345063937
1467361596771028995
1467361601565040646
1467361605419769856
1467361612940124168
1467361613787369477
1467361617499373569
1467361635765403652
1467361638856728579
1467361645420810241
1467361647996063744
1467361652651687939
1467361652811046915
1467361662370041857
1467361662898696193
1467361664462991362
1467361666774011912
1467361669907165191
1467361670578200579
1467361676840390661
1467361678098636800
1467361682229903360
1467361682234040320
1467361683219877894
1467361689196662784
1467361689842638849
1467361695035277312
1467361695102386183
1467361699066003459
1467361705579667462
1467361706158526466
1467361712139649026
1467361714110963712
1467361718913355777
1467361722440822786
1467361731269779456
1467361731605405699
1467361732909625345
1467361733786456064
1467361742883721216
1467361743340924930
1467361747875082241
1467361749519060998
1467361751071133697
1467361758301933570
1467361758666973191
1467361773506289665
1467361774592614401
1467361774437605376
1467361775465099264
1467361782721232901
1467361786701639680
1467361788249452544
1467361797841825802
1467361799150321664
1467361804477210633
1467361808386334720
1467361811511103490
1467361813339721728
1467361814006484996
1467361815424376839
1467361816166625281
1467361823720493057
1467361826153238537
1467361835145781249
1467361835032748034
1467361835791917057
1467361838878838785
1467361844171984898
1467361845795188744
1467361849293393926
1467361864380149769
1467361869962829832
1467361878255063042
1467361886001897474
1467361890393329666
1467361891236257792
1467361894658891777
1467361894772187137
1467361900082069505
1467361900841287682
1467361902665871360
1467361905065005059
1467361906054897669
1467361912153423873
1467361913952636930
1467361916272136195
1467361924644052993
1467361925637951490
1467361933737312259
1467361936585248768
1467361937897840642
1467361939043065864
1467361941987508229
1467361949813907465
1467361952271777793
1467361955702718467
1467361962212442113
1467361962682040320
1467361964061904899
1467361966012317696
1467361969204129793
1467361971620089857
1467361972039696384
1467361977605316611
1467361981317398532
1467361983502725121
1467361986363203586
1467361988380696582
1467361988841934849
1467361996026822656
1467362005912735748
1467362007510831104
1467362009184448519
1467362011600363524
1467362014729228289
1467362014888546308
1467362017099100163
1467362022803316736
1467362024896319495
1467362025768693762
1467362030269177864
1467362035214295043
1467362043128913922
1467362046593277952
1467362049701265411
1467362050531893249
1467362050217291783
1467362060426104832
1467362065979478024
1467362070094094337
1467362072975474689
1467362075898875904
1467362076171636747
1467362078985908225
1467362083213877252
1467362087219482627
1467362090424102912
1467362093569437696
1467362094232260612
1467362095314341889
1467362105854550021
1467362107876429824
1467362109931491332
1467362110300561410
1467362115572797440
1467362116608806915
1467362118353702913
1467362123709919233
1467362124175343620
1467362129405689858
1467362130013872133
1467362131599319041
1467362137748221953
1467362151237042177
1467362154667982849
1467362162851131396
1467362171226972164
1467362173500358658
1467362174750408707
1467362185735147520
1467362188188811264
1467362189451407360
1467362193826099200
1467362196627902468
1467362200163655684
1467362200729710594
1467362200725725189
1467362201501454338
1467362202277527557
1467362202696908800
1467362204185989124
1467362211702063104
1467362212733804552
1467362216131407873
1467362227988492289
1467362231025164290
1467362232136830976
1467362232698814464
1467362236574449672
1467362237509689344
1467362237727666179
1467362238893727744
1467362241569705985
1467362243478179841
1467362245197901828
1467362247915753478
1467362248079282176
1467362257004732416
1467362262692290561
1467362265519304704
1467362268035764225
1467362268283224065
1467362272385257475
1467362276801921024
1467362276889948160
1467362288399450112
1467362288726384640
1467362290584506372
1467362298436022272
1467362309714546691
1467362310113083392
1467362315020365829
1467362324445118469
1467362327049687041
1467362328916025347
1467362334234628102
1467362341528510465
1467362349233410051
1467362354245488640
1467362359375286278
1467362362432778240
1467362369789730827
1467362373623296000
1467362385706905606
1467362387116187649
1467362400512970752
1467362402928775170
1467362404648558592
1467362405919465472
1467362407030870016
1467362414551207940
1467362418825203713
1467362421576658945
1467362423212589058
1467362428723863554
1467362434369220608
1467362438085369857
1467362448529367040
1467362453340123136
1467362453457494018
1467362461602836482
1467362462060068868
1467362469148430339
1467362476526292992
1467362486164807684
1467362493416673281
1467362494612000768
1467362499125202946
1467362505945088000
1467362510227468291
1467362516925878274
1467362518028853248
1467362522227527684
1467362531308044289
1467362535372296193
1467362536903221256
1467362537578668033
1467362541143797760
1467362546143399940
1467362553307226114
1467362557941981185
1467362560647188482
1467362560919932931
1467362564325707778
1467362567760842754
1467362569849610247
1467362570189389827
1467362577126727680
1467362578745593858
1467362581337702402
1467362586899492864
1467362586979012609
1467362589546057733
1467362590686810115
1467362592444366851
1467362599889158144
1467362600979730432
1467362611255783425
1467362611268182017
1467362615676620800
1467362615668183041
1467362617664626689
1467362621158531074
1467362623381336065
1467362625038209025
1467362634831958019
1467362641643327488
1467362641916006400
1467362644856299520
1467362651328106502
1467362654117412864
1467362656201981955
1467362661352579073
1467362664217075718
1467362666331000832
1467362670554730497
1467362672236630019
1467362672324665346
1467362677844492289
1467362699113897985
1467362704213958657
1467362704193171456
1467362705384382464
1467362706046873602
1467362706562981891
1467362712317415431
1467362713449992194
1467362714821410817
1467362714901172232
1467362715043774468
1467362717115637763
1467362719724490756
1467362720181895168
1467362721352105985
1467362724665516034
1467362725877616640
1467362729853739010
1467362731766525953
1467362732504715266
1467362739014172673
1467362740360695817
1467362741119815683
1467362745859248128
1467362748019392515
1467362750150152196
1467362751739691010
1467362759335723008
1467362759624957957
1467362761378189315
1467362762154250241
1467362764645486593
1467362771788603395
1467362772509995013
1467362773134757889
1467362774158393347
1467362786942537728
1467362794970431488
1467362801169702919
1467362801542782981
1467362818718519296
1467362819649814528
1467362823625863168
1467362825429389315
1467362825970405376
1467362826712850434
1467362827245473797
1467362830902915074
1467362831205023744
1467362832626946052
1467362833734111232
1467362835302858758
1467362838754775042
1467362851358662657
1467362855766790144
1467362864935677956
1467362865728274433
1467362873085075457
1467362878089043972
1467362877531201539
1467362882526531584
1467362886704148485
1467362897734955009
1467362905339441155
1467362907361005573
1467362909575647235
1467362911567945736
1467362914386460675
1467362928466841607
1467362930643644417
1467362946745520128
1467362946665697285
1467362952604966912
1467362956916637697
1467362956929384448
1467362961534578688
1467362962747064322
1467362963791114241
1467362965125058563
1467362966618222592
1467362968912474117
1467362970149736450
1467362970514640896
1467362971026345987
1467362980488785926
1467362986293534720
1467362986767572997
1467362987698753536
1467362989602914306
1467362997999910916
1467363010893139968
1467363013850193926
1467363020779184128
1467363026458361862
1467363028379344900
1467363029478256641
1467363030300340228
1467363032787566596
1467363035115368449
1467363036935643136
1467363041696268289
1467363051317997568
1467363053792481281
1467363056414040064
1467363060473995265
1467363060826488832
1467363074772406273
1467363076538355716
1467363077469483021
1467363077658226693
1467363084054536194
1467363084675129344
1467363089859362820
1467363091885268993
1467363099552280576
1467363100621869057
1467363103805476870
1467363107055943681
1467363111480872961
1467363115641749504
1467363121052356608
1467363125032853511
1467363125242613762
1467363126240817162
1467363126442348544
1467363128979738627
1467363135019491332
1467363139805237252
1467363151771430913
1467363159115808783
1467363163322605575
1467363172382298119
1467363175003734019
1467363185875632131
1467363187054022662
1467363192166830081
1467363193441984516
1467363199829700611
1467363208314773504
1467363209518714888
1467363209762033664
1467363212823875587
1467363213230682113
1467363219845099525
1467363221757562889
1467363224555249665
1467363227982090246
1467363235754090500
1467363237960245248
1467363242674728967
1467363243236765699
1467363246290182148
1467363249091846144
1467363254297153537
1467363268822179840
1467363272701661188
1467363276380119043
1467363279328579585
1467363283288006660
1467363283732766720
1467363286379290625
1467363297028575233
1467363297053786119
1467363307308740613
1467363310521753601
1467363312455327745
1467363312719466497
1467363315081003009
1467363323238830082
1467363323431768071
1467363328418738177
1467363329438109696
1467363330239393794
1467363332890009602
1467363335108583425
1467363338535329792
1467363345942601730
1467363352045305857
1467363354918461441
1467363355690110976
1467363358433157125
1467363361968984064
1467363367618859010
1467363370848325634
1467363372068859906
1467363372328906753
1467363382881767424
1467363385608220672
1467363386702942208
1467363390850957312
1467363394537676801
1467363398686060545
1467363399197552640
1467363401445695490
1467363401756151811
1467363404335566850
1467363408299245571
1467363408760619008
1467363410878730244
1467363411432558593
1467363411403153418
1467363417832886276
1467363418785132550
1467363437395255299
1467363438225764353
1467363446626951179
1467363447058874373
1467363448363253760
1467363451739725827
1467363455048900613
1467363455720058891
1467363457406279680
1467363459490713606
1467363463831949315
1467363470513483782
1467363472656769025
1467363473042681857
1467363474233831425
1467363478184906755
1467363481590452225
1467363492009234433
1467363497583460354
1467363500091576321
1467363502012735490
1467363505355558913
1467363509822373892
1467363511651037184
1467363515258208256
1467363517611184128
1467363519242944518
1467363524192051200
1467363526226423814
1467363530559086596
1467363531553005568
1467363532509356034
1467363535189512192
1467363545834827781
1467363549378924544
1467363550427586564
1467363556467249154
1467363559919087620
1467363565485137924
1467363565405237249
1467363565380190210
1467363569628975105
1467363574611730432
1467363577724125188
1467363578185355266
1467363578613219332
1467363579418533891
1467363580475588611
1467363593460981766
1467363593649807362
1467363596585869313
1467363599517724672
1467363602705362945
1467363602193694721
1467363604123070464
1467363605305860100
1467363609860730880
1467363619931398144
1467363625094447105
1467363628634578944
1467363634837786627
1467363637534679040
1467363638931603457
1467363639342649348
1467363649522216969
1467363650566598656
1467363650927218688
1467363651682291713
1467363669789093890
1467363673064812548
1467363675459633152
1467363676776656897
1467363679108751361
1467363679415017476
1467363680362934272
1467363681763692547
1467363684611768322
1467363687912595461
1467363690416685060
1467363691532206080
1467363694183133193
1467363697257447424
1467363698557734916
1467363702185857027
1467363709299294210
1467363709689503746
1467363711438389249
1467363711027642369
1467363713057529856
1467363715703922688
1467363718409465862
1467363722536669187
1467363725376045057
1467363725946597377
1467363726168936451
1467363731541831684
1467363734234488838
1467363737602510850
1467363745639071746
1467363755428302848
1467363759660404738
1467363760692150273
1467363761073889282
1467363762692923394
1467363766002229250
1467363767201808393
1467363767985983489
1467363769781157894
1467363770334916608
1467363785505755136
1467363788500340736
1467363789431447553
1467363795303497731
1467363799825006592
1467363801255145474
1467363805395103748
1467363806225436673
1467363806456201221
1467363811242004483
1467363811434897409
1467363814047830018
1467363825531772929
1467363835812192257
1467363839062814723
1467363841596334080
1467363849473081344
1467363849405755401
1467363854657236995
1467363855902732290
1467363855890358274
1467363857454796808
1467363857853255681
1467363859694379008
1467363860655001603
1467363863200944129
1467363868544573444
1467363874458542080
1467363880699633664
1467363884621250560
1467363885506351106
1467363901880901633
1467363908084113408
1467363908243660800
1467363914111463425
1467363915466223616
1467363916355354627
1467363921724067848
1467363926727815171
1467363927344529413
1467363931119312897
1467363934432686081
1467363938442481664
1467363938819993604
1467363941244416003
1467363941328244736
1467363942850719747
1467363942993481729
1467363943421255680
1467363944629215233
1467363954389311488
1467363960186105861
1467363960789905408
1467363964254257152
1467363965256843264
1467363969757110280
1467363970897960961
1467363982071656453
1467363983497781248
1467363990997286919
1467363996160385026
1467363999343915009
1467364002229633028
1467364012480417796
1467364013017374721
1467364018981535746
1467364019774406659
1467364021158518789
1467364026321711104
1467364039479156741
1467364044734701569
1467364047142195202
1467364051290263553
1467364053987254272
1467364058882093058
1467364060148551680
1467364061969006594
1467364064187748352
1467364070131212292
1467364074694397958
1467364075311042562
1467364075235684355
1467364084555259906
1467364086233145345
1467364091639611394
1467364096983154689
1467364101944922112
1467364108655906816
1467364110941581312
1467364113043329028
1467364113517056002
1467364126020173827
1467364126871728130
1467364129564508160
1467364131376300032
1467364132663881729
1467364133406318595
1467364134224334848
1467364141467897860
1467364143141294080
1467364147012804614
1467364152188362755
1467364156315738112
1467364156391444482
1467364158870114307
1467364161596403722
1467364170488324096
1467364172363145225
1467364181930348546
1467364183633059842
1467364190402793479
1467364203937898497
1467364208962461698
1467364209390456834
1467364212385234946
1467364214893277185
1467364216302551042
1467364219049979904
1467364219838365696
1467364222665310212
1467364226104586240
1467364227102871553
1467364231309709315
1467364234497445890
1467364234463961090
1467364236678422530
1467364237878116356
1467364240180740098
1467364241674051585
1467364243314024451
1467364244404387845
1467364245419356162
1467364250658082823
1467364252747026433
1467364258748895233
1467364260305117185
1467364261840130048
1467364271361339395
1467364273802280961
1467364274574135300
1467364277233528836
1467364279129100295
1467364280903385090
1467364288713035776
1467364290294337543
1467364291519021059
1467364292647440386
1467364295222575104
1467364298091634690
1467364306706747400
1467364314822561792
1467364317733396481
1467364318903779330
1467364321684561922
1467364323819503620
1467364327057330180
1467364327187308544
1467364327472525313
1467364333654994945
1467364336188502024
1467364351950602240
1467364352005189633
1467364355717042176
1467364357436760064
1467364359336828928
1467364367167598592
1467364373123403776
1467364385324687361
1467364385538543617
1467364394116034560
1467364397110550530
1467364404924538880
1467364405084147717
1467364405889445890
1467364410297487361
1467364410813468672
1467364413032259584
1467364415787855873
1467364418367500288
1467364419340546049
1467364421001310210
1467364427888533509
1467364428874141705
1467364429574520832
1467364433567444992
1467364433944997890
1467364437170393091
1467364439905210368
1467364440135901184
1467364443097116674
1467364448990081024
1467364449203855362
1467364450470481922
1467364453402378241
1467364454480457728
1467364454794936321
1467364456179118082
1467364456632041472
1467364456804061184
1467364462638342154
1467364466924797957
1467364467449159684
1467364474478866438
1467364476475228163
1467364480824664065
1467364484503138306
1467364485912535045
1467364486889689088
1467364487611232257
1467364488869396480
1467364489121071104
1467364495483756544
1467364499741032449
1467364500953124867
1467364501855084544
1467364505080369154
1467364520339197952
1467364522763685895
1467364527234822144
1467364535925231617
1467364538823569409
1467364539444432901
1467364541042364416
1467364549091155969
1467364549695193088
1467364551582568450
1467364552136404997
1467364554904678405
1467364562169221122
1467364562576060417
1467364566187270144
1467364570373181448
1467364570520080386
1467364583329390593
1467364585250295816
1467364588840751105
1467364591948599297
1467364598047068161
1467364605626359808
1467364610973917190
1467364610969726976
1467364619274448899
1467364626555834370
1467364628275470336
1467364634244141064
1467364635149946880
1467364636374749191
1467364636781694981
1467364644649984003
1467364645371461632
1467364650425667584
1467364651763597313
1467364653034610692
1467364655546785793
1467364658600419328
1467364660169039877
1467364660924006401
1467364669484670977
1467364669480386571
1467364672546480132
1467364677357223939
1467364679127560194
1467364682101108739
1467364683124555777
1467364692108656641
1467364700761600002
1467364705492779014
1467364711935188997
1467364714124480512
1467364722202787846
1467364723738001411
1467364726992785411
1467364734164824064
1467364742025076737
1467364742318596096
1467364742628921344
1467364743509774336
1467364743384076289
1467364745053454338
1467364749608316932
1467364749629431809
1467364753312043011
1467364753739763712
1467364758017904640
1467364761528582151
1467364763491524608
1467364763441278980
1467364764322082817
1467364765697654785
1467364769493504000
1467364774484668417
1467364775743082497
1467364783347359750
1467364789278031872
1467364795523297287
1467364802938900487
1467364804750987268
1467364805186965506
1467364805812142080
1467364810916438020
1467364811675770896
1467364811894042627
1467364812728459264
1467364817585459205
1467364827463041024
1467364834844962817
1467364839962165251
1467364843909005317
1467364846391939073
1467364849864826883
1467364849969553409
1467364858630864898
1467364862464462848
1467364862603018242
1467364863974391815
1467364865039765504
1467364867938164737
1467364870349807616
1467364873738887174
1467364875047522304
1467364879157841923
1467364888351625220
1467364894018510851
1467364894060199943
1467364898091028480
1467364899353292802
1467364902994169859
1467364905846288388
1467364909705043969
1467364910099144709
1467364914117361666
1467364917527257091
1467364927044259843
1467364932408983558
1467364933864239107
1467364943100100613
1467364945759293440
1467364947218898945
1467364955100000257
1467364956936962048
1467364957113233410
1467364957817909250
1467364959311040516
1467364963845124097
1467364969792655363
1467364977342226436
1467364978659315714
1467364979607101442
1467364980106448899
1467364981154799622
1467364981905625089
1467364983491022849
1467364985672278016
1467364989082165252
1467364990101245952
1467364991086981124
1467364995734417409
1467364999756750851
1467365001753104384
1467365001807683584
1467365002000613379
1467365003279978497
1467365010259075082
1467365012859600899
1467365017892839428
1467365020178608128
1467365021000871938
1467365023211081732
1467365026419789827
1467365027057659904
1467365032807874560
1467365035395760128
1467365040617660418
1467365043444531203
1467365054324645894
1467365063291916292
1467365068480331776
1467365069117865988
1467365070602596353
1467365074071343105
1467365078135558150
1467365078710243328
1467365080971071489
1467365082204155912
1467365085299412994
1467365090110459907
1467365091830079493
1467365092534718465
1467365092803055618
1467365100352847875
1467365102022119426
1467365103091789828
1467365105650352132
1467365106627477505
1467365107252535305
1467365109617938434
1467365111610413059
1467365114126950401
1467365118480683012
1467365119227215875
1467365123203420162
1467365131684302852
1467365137409585155
1467365145055838212
1467365145743663107
1467365148377632777
1467365148642136069
1467365154249580544
1467365157072478214
1467365157852622851
1467365158033010689
1467365158850859010
1467365175346925575
1467365177683165184
1467365179398635525
1467365180522876931
1467365180774486024
1467365184515846147
1467365184771530759
1467365185828659206
1467365195882414081
1467365197991976962
1467365200307310596
1467365202450698240
1467365205164318722
1467365218724433920
1467365220884508672
1467365224772554752
1467365238299369477
1467365243986726912
1467365244460838926
1467365253474238466
1467365254791323651
1467365257333071872
1467365258952019968
1467365262223560707
1467365262282215426
1467365266824724480
1467365269416943619
1467365275972554752
1467365280594731008
1467365295371304963
1467365300085612548
1467365307928952832
1467365312735719426
1467365313108926472
1467365314920861696
1467365317235990535
1467365321858297857
1467365326165889025
1467365331429588997
1467365334013329410
1467365336584310786
1467365348726874116
1467365357488771073
1467365362492579845
1467365372705730561
1467365381622935560
1467365388400873472
1467365394897772547
1467365397888438277
1467365410580443136
1467365410597060612
1467365415487561729
1467365415726821380
1467365432805974018
1467365442884829187
1467365442930937858
1467365445070163972
1467365446190084097
1467365448475983872
1467365452468809728
1467365454490525697
1467365455740346368
1467365461159559173
1467365462824525826
1467365469611077639
1467365471062310924
1467365471263477760
1467365472417075204
1467365475948675073
1467365480042090497
1467365483393413122
1467365488946597888
1467365491303931908
1467365495665938432
1467365496089546759
1467365497859497987
1467365500921524224
1467365502271963143
1467365510048321541
1467365519401664519
1467365520508915716
1467365524816367619
1467365537789489160
1467365543334367232
1467365547687886849
1467365555120521217
1467365556869386240
1467365560400769024
1467365561914966018
1467365562732867591
1467365568688836614
1467365574187520000
1467365578553925632
1467365586552430592
1467365589135941632
1467365589345734659
1467365589509361669
1467365589899300865
1467365590050512904
1467365590541258757
1467365598225059840
1467365610229166082
1467365610883530757
1467365615535104000
1467365622430457862
1467365630613598209
1467365631582343170
1467365639358607360
1467365643305603075
1467365646388240387
1467365661319958529
1467365667997462529
1467365674070777860
1467365674943401988
1467365675563814913
1467365676268597248
1467365676293799936
1467365681553457154
1467365681708605440
1467365682861920256
1467365683063189505
1467365688151056385
1467365688046239750
1467365694635454465
1467365696099213312
1467365696095064066
1467365696480890884
1467365705486159876
1467365711722995712
1467365725933379585
1467365729959874560
1467365732337917957
1467365740881715203
1467365750964899845
1467365752206503936
1467365755754889223
1467365758250356737
1467365768073342976
1467365771999391746
1467365779326873606
1467365790471045121
1467365793713250307
1467365796703789057
1467365797362241539
1467365798792634370
1467365802978549762
1467365805415223298
1467365806841360385
1467365812604440581
1467365815460659201
1467365815607517194
1467365818715586562
1467365819797557248
1467365821437693952
1467365823018848256
1467365830669189120
1467365841968807937
1467365851204448256
1467365854199173121
1467365858271842306
1467365864739467268
1467365875703558152
1467365879268536320
1467365885950132224
1467365886973530117
1467365889058086916
1467365892048793602
1467365896708579330
1467365900563087361
1467365904061280257
1467365909207470083
1467365909459128322
1467365911795572736
1467365912529424387
1467365919991099393
1467365920402292738
1467365920922243072
1467365924336545795
1467365929235406851
1467365931571499008
1467365932402044933
1467365936650981377
1467365939444432897
1467365948764180480
1467365952006373377
1467365959950241793
1467365961200279553
1467365974835961856
1467365975280472067
1467365982523912193
1467365986261028866
1467365988337340416
1467365988379340804
1467365991931957253
1467365995165724672
1467365996847640576
1467366004225413121
1467366005106114562
1467366005374554112
1467366013767491587
1467366024227999748
1467366035409948672
1467366043303628801
1467366047560830976
1467366050383613954
1467366051386216448
1467366053294460928
1467366058357104641
1467366064719740929
1467366072118616067
1467366072529526786
1467366075188879361
1467366079286714368
1467366083036286977
1467366102976000001
1467366122085392386
1467366128704008202
1467366132160020481
1467366135175647232
1467366136287096834
1467366135901433858
1467366137369444354
1467366137629274114
1467366152410071040
1467366161436188679
1467366166318534658
1467366171095678978
1467366181040529413
1467366181308936193
1467366183523405824
1467366187516383234
1467366191077330948
1467366201135296513
1467366207724527616
1467366209972846592
1467366215920222209
1467366218290110469
1467366220865232899
1467366221393842176
1467366244110135296
1467366244659589122
1467366246714851331
1467366248115851267
1467366269435273217
1467366269737394177
1467366273373949956
1467366296362782724
1467366298996805632
1467366301358333954
1467366304369856514
1467366304743145473
1467366308316471297
1467366311349010436
1467366316021465089
1467366323403599872
1467366327388151808
1467366333134393344
1467366336540119043
1467366340315033603
1467366345348157443
1467366346296078340
1467366349144039426
1467366354965651456
1467366357943599107
1467366363085742081
1467366365774290947
1467366366558650371
1467366367032750083
1467366370782318594
1467366371113803776
1467366373647011840
1467366377329762306
1467366381700145155
1467366384883560448
1467366385416163328
1467366386213212165
1467366386678829059
1467366394664730625
1467366398376751107
1467366404747890690
1467366405527855107
1467366406333386754
1467366410275991552
1467366416596746243
1467366419562041347
1467366421579636736
1467366421910986752
1467366425224384518
1467366427665465345
1467366431486533632
1467366439699062786
1467366445277450245
1467366449031397378
1467366461853241345
1467366462482305025
1467366463065493506
1467366465959571458
1467366473039749122
1467366474637451266
1467366477019979779
1467366479242743808
1467366479532158977
1467366483323985920
1467366491943477254
1467366493042139140
1467366495852318729
1467366498482241537
1467366503397818370
1467366506589827077
1467366513430704132
1467366514957307905
1467366519558578177
1467366525090680834
1467366528773410816
1467366539213127680
1467366542786633730
1467366546330718208
1467366553679278085
1467366554459262980
1467366555109380104
1467366555210203136
1467366557038759938
1467366560310255616
1467366561396764672
1467366575380570114
1467366578614374400
1467366584167677952
1467366593139134467
1467366596305956865
1467366606657359875
1467366609937317891
1467366610474131457
1467366612042985476
1467366621694119938
1467366624839835649
1467366635703091206
1467366636131065857
1467366637129064451
1467366638777421828
1467366639649894403
1467366642346860550
1467366642397106178
1467366643579994117
1467366650580193285
1467366653281587202
1467366653856030725
1467366659195346945
1467366665289564161
1467366665432313857
1467366666489274369
1467366667298684932
1467366686881947650
1467366687267774464
1467366688911994883
1467366690107408385
1467366702312656900
1467366703868923909
1467366705693270020
1467366705836040197
1467366706490183680
1467366707723395074
1467366709048885248
1467366710533623817
1467366713008484353
1467366717420716033
1467366718322491393
1467366731358289922
1467366732146696193
1467366742011875329
1467366746461986820
1467366750383755268
1467366751080001542
1467366757518409731
1467366769098588160
1467366774178213894
1467366783673794560
1467366785913524227
1467366785368219650
1467366795061334016
1467366795354980355
1467366795946438661
1467366796151992325
1467366806482423811
1467366812090261504
1467366819640000513
1467366821514854408
1467366835637075969
1467366836702433280
1467366846202580992
1467366847364349952
1467366850183024640
1467366851868971010
1467366859133505539
1467366860601671680
1467366861142642689
1467366864950992902
1467366865198632965
1467366871271940100
1467366876493889536
1467366876594380801
1467366880465895424
1467366885020762113
1467366888506286081
1467366889139499010
1467366890800664578
1467366892088270853
1467366896714809346
1467366897549144065
1467366906780815360
1467366911566495744
1467366913982537737
1467366914515251203
1467366915744088067
1467366928079638530
1467366931439267841
1467366934530314240
1467366937327902721
1467366941740392451
1467366943732682758
1467366947901906944
1467366950871388163
1467366955900456966
1467366960308441088
1467366962166648835
1467366969410084866
1467366969401913348
1467366971008241664
1467366973759762434
1467366975882080263
1467366979694899202
1467366996719259654
1467366996970856448
1467367002050379782
1467367003677765634
1467367007440056327
1467367010795360257
1467367019586674691
1467367031779790849
1467367033826426881
1467367042370187266
1467367048569401345
1467367050205089801
1467367054521077760
1467367054974099458
1467367056794394625
1467367068580433920
1467367072963379204
1467367073261264899
1467367075580727298
1467367082543226881
1467367086498406401
1467367089065316354
1467367098871541762
1467367104357679105
1467367104315891715
1467367107214118912
1467367107587416067
1467367110447824903
1467367110796095489
1467367114356969472
1467367118740017153
1467367119134371845
1467367121030107137
1467367123953414144
1467367125660487685
1467367125589409792
1467367129641099265
1467367130186371072
1467367137446617090
1467367139174539265
1467367140978094080
1467367144920862720
1467367147835953156
1467367150570594306
1467367154622218242
1467367155662569476
1467367157705371648
1467367167532232707
1467367171475095558
1467367172846407681
1467367185911844871
1467367196502511616
1467367212671328262
1467367223635415042
1467367224197455879
1467367226261094401
1467367227984736260
1467367231189393413
1467367233793839106
1467367237703110656
1467367238130802690
1467367238697205760
1467367245429055488
1467367248532697092
1467367249996652549
1467367250323808257
1467367254585065472
1467367254975139840
1467367257667944449
1467367257701507076
1467367260398530561
1467367261858107392
1467367263175065601
1467367270234030081
1467367271454711816
1467367275766370305
1467367282133196801
1467367292459753474
1467367294011510784
1467367294707765250
1467367295982845952
1467367304878968832
1467367313540321283
1467367314748153858
1467367315163557888
1467367320762785793
1467367321136242688
1467367322679902208
1467367329596002314
1467367331512922113
1467367331680690176
1467367338320310274
1467367339016564739
1467367340505452547
1467367341176639491
1467367341885382657
1467367341952585729
1467367344783646721
1467367347069456384
1467367351138111491
1467367351364378625
1467367353302364161
1467367354627723264
1467367355437174784
1467367362852802569
1467367363406438400
1467367363687374850
1467367367999115266
1467367368775065605
1467367370192793601
1467367371379654659
1467367373279834112
1467367378451271685
1467367380372246529
1467367384323297283
1467367385870974980
1467367391768182790
1467367395048177664
1467367397707304963
1467367402488872960
1467367406926454784
1467367413805039616
1467367414316900352
1467367414375485443
1467367415944122370
1467367415977807872
1467367418477563906
1467367431962247169
1467367433405026306
1467367440086671364
1467367449737715716
1467367457698553857
1467367464778539011
1467367468259680258
1467367468507144200
1467367471418015747
1467367483078111240
1467367487834517504
1467367491601108992
1467367507942154245
1467367507875217408
1467367510236299265
1467367516217528323
1467367523364622336
1467367528645025792
1467367536245317633
1467367537486692361
1467367538363232257
1467367545107886081
1467367546190012419
1467367548828086272
1467367550103134209
1467367562967228419
1467367569229234179
1467367569929773062
1467367575180898305
1467367577877991427
1467367581879349255
1467367584060231683
1467367592755138561
1467367593342242817
1467367594726506501
1467367596945203200
1467367598652338185
1467367600015523840
1467367608550711298
1467367608777424896
1467367611277189122
1467367612543905792
1467367618021666816
1467367629182672900
1467367629690081280
1467367630944231429
1467367633792106496
1467367637692911617
1467367639043481601
1467367645834002434
1467367657066438656
1467367657104035841
1467367660941987841
1467367661436739585
1467367666994139138
1467367668403609602
1467367668722413570
1467367673537482755
1467367678994178050
1467367680608980993
1467367681280163840
1467367682760716291
1467367682962227202
1467367684362977283
1467367690713112584
1467367695029084161
1467367709071400960
1467367710195601410
1467367711785164805
1467367715639857152
1467367726284951555
1467367727031533569
1467367729137164293
1467367731754373123
1467367736208764928
1467367736498171908
1467367745755009030
1467367751262081027
1467367755879964675
1467367756186095620
1467367763127713793
1467367763769532419
1467367765627580416
1467367765686194181
1467367768349683712
1467367768567779330
1467367771088510981
1467367775211560963
1467367776163667970
1467367779254763525
1467367786120941570
1467367794832338947
1467367795356684288
1467367800922537985
1467367803871236098
1467367804416503811
1467367808241700865
1467367809105682434
1467367809193693184
1467367810410196992
1467367813916643330
1467367818643525632
1467367822154104838
1467367830643486720
1467367832266625027
1467367833537503233
1467367847189835777
1467367849727598593
1467367854735564802
1467367857667280896
1467367861324681217
1467367863111487491
1467367863778525185
1467367869923139584
1467367871047155714
1467367871374184450
1467367874427711488
1467367884804472836
1467367887715201025
1467367894031822850
1467367894732480514
1467367898083590145
1467367899207651329
1467367900826775552
1467367901124603907
1467367918778273793
1467367919655043072
1467367924558188546
1467367927624183811
1467367929956110340
1467367931743023104
1467367935723421699
1467367935731585025
1467367938642649092
1467367943608668163
1467367946079014913
1467367952454324227
1467367963955134468
1467367965641232386
1467367969038737409
1467367969764397056
1467367976722739202
1467367977213472773
1467367983987240960
1467367986243776512
1467367986780647425
1467367988164587522
1467367993223090176
1467368001166995462
1467368004170416130
1467368006850433024
1467368007085137920
1467368007357898757
1467368008356184066
1467368011300360194
1467368011682172928
1467368015121551360
1467368021085671428
1467368023933603841
1467368025372467204
1467368029084270592
1467368045442174976
1467368057760845828
1467368060788957185
1467368060801724417
1467368071815913474
1467368072386207745
1467368077687930881
1467368081458712578
1467368088949641217
1467368089889095681
1467368097283723266
1467368098336546822
1467368098462326784
1467368100257574914
1467368100450512902
1467368100660187136
1467368101821960196
1467368109954711558
1467368110575419399
1467368114212020226
1467368118506852363
1467368119115026435
1467368120058847236
1467368123812749315
1467368124869758981
1467368126824300545
1467368130775293953
1467368145769795584
1467368154280218628
1467368160101867522
1467368166774824961
1467368171539554310
1467368176052756481
1467368185536069634
1467368187020787713
1467368193635209216
1467368193693999108
1467368194490916865
1467368194876788739
1467368198186016768
1467368200589524993
1467368200757256198
1467368202451755008
1467368203466817537
1467368208000864257
1467368211477843968
1467368224199254021
1467368226954924036
1467368229307830278
1467368229802708992
1467368231606255617
1467368239000915968
1467368250547884033
1467368250631671814
1467368252615512065
1467368262270918660
1467368267828187140
1467368269283840002
1467368280608296963
1467368286258331648
1467368300783058946
1467368303425462272
1467368313617633283
1467368324761804801
1467368326401708032
1467368327626428417
1467368328419155969
1467368332122890245
1467368334903685124
1467368338124726278
1467368338296872960
1467368342910554112
1467368346131865600
1467368355636170755
1467368358416773121
1467368358706360322
1467368366776016899
1467368367594131458
1467368369263239169
1467368371910057989
1467368373940072453
1467368375907237889
1467368375814873094
1467368376020475908
1467368376930476032
1467368382655655937
1467368385818152968
1467368386178916353
1467368390054531073
1467368393292406786
1467368393707769863
1467368393997262850
1467368397524537345
1467368399319846912
1467368403899981824
1467368409826566144
1467368413345378304
1467368418089177089
1467368423520972800
1467368425131491332
1467368426096283648
1467368432064770048
1467368437026484227
1467368437429063683
1467368441770389505
1467368446866436100
1467368449991057408
1467368455292669954
1467368456253472770
1467368466667941891
1467368477279195136
1467368482539024386
1467368486489911296
1467368486339248128
1467368491045076993
1467368493909561344
1467368502201884679
1467368502445101058
1467368504756252672
1467368509701341184
1467368511743926272
1467368514314899458
1467368518668591107
1467368518849019905
1467368526377668611
1467368538411188225
1467368547022217216
1467368561370877957
1467368562000076802
1467368562461487106
1467368563937660930
1467368564378288131
1467368568388001796
1467368570627624960
1467368574444527616
1467368575224606720
1467368578102054915
1467368588067717124
1467368595630039047
1467368601279614976
1467368604656185349
1467368605864058881
1467368613841563650
1467368623316549634
1467368626697031686
1467368630220312577
1467368630291632130
1467368634020474882
1467368642937384968
1467368647228379138
1467368650801700864
1467368650772389891
1467368651506569219
1467368654354489351
1467368654941483011
1467368663447740420
1467368674071916550
1467368681500033031
1467368687640395776
1467368696934920195
1467368705755541510
1467368712294612997
1467368713254965251
1467368714500665346
1467368715243057159
1467368721404542979
1467368722465796100
1467368724613058561
1467368726387384320
1467368732385153024
1467368733681328128
1467368736592056321
1467368736680153090
1467368747065298947
1467368749988659200
1467368755567022081
1467368765172113409
1467368766753411074
1467368771237130246
1467368773002797058
1467368778002362370
1467368795245264901
1467368808469852160
1467368811032498180
1467368812806750211
1467368823573528577
1467368825687400453
1467368827440689153
1467368829311459330
1467368829265539074
1467368831882514432
1467368833820381186
1467368835497947137
1467368848714342401
1467368848659783681
1467368853097177088
1467368854196133891
1467368858583400450
1467368862379388937
1467368863222226944
1467368863302041601
1467368874853249027
1467368875541110784
1467368876237221890
1467368878636515333
1467368889986461696
1467368894272790529
1467368900266504194
1467368902929698820
1467368908466401284
1467368915164663809
1467368921263230978
1467368926434709506
1467368939298517000
1467368941622284294
1467368944201711619
1467368952510754816
1467368953710358530
1467368959523569666
1467368963260751876
1467368965252923393
1467368966993629186
1467368971099856898
1467368982063714304
1467368993463750656
1467369000518791168
1467369002003415041
1467369002175451141
1467369004595564544
1467369005979557893
1467369008718442496
1467369010631262209
1467369011688407043
1467369013265240066
1467369015647612930
1467369025164529665
1467369034114998274
1467369039697780737
1467369041870393353
1467369042168135685
1467369046685454338
1467369046635073536
1467369048434483202
1467369048824557570
1467369051336765442
1467369055145373699
1467369055745187842
1467369066277052416
1467369067657015296
1467369069770858497
1467369075235975169
1467369077106610184
1467369079388667908
1467369081057824770
1467369083070988290
1467369085591711745
1467369086417989632
1467369086661410819
1467369087818940417
1467369096316477440
1467369105925812227
1467369112007491591
1467369112276029443
1467369116654870531
1467369121528516609
1467369127845187585
1467369136770588673
1467369138884874240
1467369142391029762
1467369145494822913
1467369145905917952
1467369146107183105
1467369148032249857
1467369149190098944
1467369149924003841
1467369153459732487
1467369153992396800
1467369154332086273
1467369156915838984
1467369157960232960
1467369163119284224
1467369168458502147
1467369171843379201
1467369173693001730
1467369178738876420
1467369182622896130
1467369184506044417
1467369186825580546
1467369190306766852
1467369194895417345
1467369208593805312
1467369211228008453
1467369216135221250
1467369216869158913
1467369217255084033
1467369219578904576
1467369222670061569
1467369223907381249
1467369229070569474
1467369235500384258
1467369236452372482
1467369251442814978
1467369254056046598
1467369255482003459
1467369259269386240
1467369260280287232
1467369267196792832
1467369269310623749
1467369284296978438
1467369288566779907
1467369290655764483
1467369292362498048
1467369292731764737
1467369296116518914
1467369297374851073
1467369301900410882
1467369302827597827
1467369306027667457
1467369307759853570
1467369308934316036
1467369312050499584
1467369312339972097
1467369313774358528
1467369315594874882
1467369325095010308
1467369327573807106
1467369333533724674
1467369337950461957
1467369339816919042
1467369342337568768
1467369342375378945
1467369345831649283
1467369348054466560
1467369349489045504
1467369357760090113
1467369366777995265
1467369367683874818
1467369373316923394
1467369374268993540
1467369379151036416
1467369382645014528
1467369385081901058
1467369387195834371
1467369387447357444
1467369393382375427
1467369394061733891
1467369396180033540
1467369396733562881
1467369397065072642
1467369398008700931
1467369399048818693
1467369401494257666
1467369407877943298
1467369410801377280
1467369411736653824
1467369415264149504
1467369416925097984
1467369418040782848
1467369419865268226
1467369424353214464
1467369425678524417
1467369433089912836
1467369452903833602
1467369457395724289
1467369459430031363
1467369459526557697
1467369460919115776
1467369462022254592
1467369462483406849
1467369463016210432
1467369465440526337
1467369467176833025
1467369467630034947
1467369472973438980
1467369475167203330
1467369478144999424
1467369478371647488
1467369484109467652
1467369485279637504
1467369492800061447
1467369493278117893
1467369496709156867
1467369496906113025
1467369499087175680
1467369499250675713
1467369508838989825
1467369517756325889
1467369520226390016
1467369521296015361
1467369521589600257
1467369525297713152
1467369526274711552
1467369527038013443
1467369540728152068
1467369548416491520
1467369552807751682
1467369559963353090
1467369567370551301
1467369573234184193
1467369575763394565
1467369580565827589
1467369581039792128
1467369582025265155
1467369593823977474
1467369594725617666
1467369601407152129
1467369603168886784
1467369606272598016
1467369607371493377
1467369611565879297
1467369612446687232
1467369617983262722
1467369625621049349
1467369639898406914
1467369640326316034
1467369642263908352
1467369644424105985
1467369650686210048
1467369656038080515
1467369657795588100
1467369658177277952
1467369664254660608
1467369666498596866
1467369667278688257
1467369672190406659
1467369672848789507
1467369673817829380
1467369681556172805
1467369688279703554
1467369689017843714
1467369703102468096
1467369708018094083
1467369709804867586
1467369715337244674
1467369715731296257
1467369716930932737
1467369721771270144
1467369725114130433
1467369727764930563
1467369730176548867
1467369734794584065
1467369736371646465
1467369749432586243
1467369750229446657
1467369766994079748
1467369767338057731
1467369768198057987
1467369769112375296
1467369776506880006
1467369791417577476
1467369794479534085
1467369797155442689
1467369800917684232
1467369807083278337
1467369808261963777
1467369817405493248
1467369817715855362
1467369818491916303
1467369821813690369
1467369822413537282
1467369827270639622
1467369828415537155
1467369833763377155
1467369833868279810
1467369837638922246
1467369842575495169
1467369843036868611
1467369846526644224
1467369847319322625
1467369850808930307
1467369859583561732
1467369859764072450
1467369871101018120
1467369871692509185
1467369881117118466
1467369883029708802
1467369892743548928
1467369897252503554
1467369904915447808
1467369904890331138
1467369909474713600
1467369909751484416
1467369910032486401
1467369915921448960
1467369918593212416
1467369921277480960
1467369923194228736
1467369924163035137
1467369929242464260
1467369930723139585
1467369933122129927
1467369933306687488
1467369933348564992
1467369934028214275
1467369936720957441
1467369944673185793
1467369944765669376
1467369946556481536
1467369949270351878
1467369954546618371
1467369961664524290
1467369963308658691
1467369963811790849
1467369964868886528
1467369966102011904
1467369968199081986
1467369970451505155
1467369972829945858
1467369977036476416
1467369978928066560
1467369983978225667
1467369984418410498
1467369984380841989
1467369994166099969
1467369994551918593
1467369995202142208
1467369995722280961
1467369996745527296
1467369997106245632
1467370003834220546
1467370007600386048
1467370010393911299
1467370020003008513
1467370020963434503
1467370027791826947
1467370028815331331
1467370042085937158
1467370043814129664
1467370046095773697
1467370050898198530
1467370052127281154
1467370064122765312
1467370074386276354
1467370074889601026
1467370083035009028
1467370088298729472
1467370097148772353
1467370097320906756
1467370099841679361
1467370103075651584
1467370106665775107
1467370107450052609
1467370110641917954
1467370114870026242
1467370115410939910
1467370116052520960
1467370123442876418
1467370126643273729
1467370132225724417
1467370142870827008
1467370143688790022
1467370147245486081
1467370147774009345
1467370151351828482
1467370158637268995
1467370163687337984
1467370166782672900
1467370168313647105
1467370178342047745
1467370185644335110
1467370186139480067
1467370187104169987
1467370187959808002
1467370196797202436
1467370198973956100
1467370202878803971
1467370203453476870
1467370203776536582
1467370204359536642
1467370204619440128
1467370206070964281
1467370207119351809
1467370212542533633
1467370216367788040
1467370216724197376
1467370220666818560
1467370222529228802
1467370226278821890
1467370228174757891
1467370249427337219
1467370255366250501
1467370261179777026
1467370263067213827
1467370265097109506
1467370266942607360
1467370272223215618
1467370274844667909
1467370281224138754
1467370282994257927
1467370283040272385
1467370287196823553
1467370289268809730
1467370292179869696
1467370300383899650
1467370302040592387
1467370304326541315
1467370305304014849
1467370307837042694
1467370309137358850
1467370311532359680
1467370315130888193
1467370328989093889
1467370332344307712
1467370332587626496
1467370339155984385
1467370339965538304
1467370343253696523
1467370346386845698
1467370349427757061
1467370351877406720
1467370351881437191
1467370353945202693
1467370359045373954
1467370361260064770
1467370362761449473
1467370369484931072
1467370370785185798
1467370375516499971
1467370376539815939
1467370383208820739
1467370383699546121
1467370386463547393
1467370388363505669
1467370388803837952
1467370394285871106
1467370400342417410
1467370401499992067
1467370404616540163
1467370408752128002
1467370408718577665
1467370410719125505
1467370413525291008
1467370415538327556
1467370417128148998
1467370417585278979
1467370418654760960
1467370421972393984
1467370422354251777
1467370422303821827
1467370422970765314
1467370423721635842
1467370433468977160
1467370437772460033
1467370447784361987
1467370453920481281
1467370454234984448
1467370454004518915
1467370462812553222
1467370471461171208
1467370472903872513
1467370478209839104
1467370478419464195
1467370482584461316
1467370489140195334
1467370489425313792
1467370489559625731
1467370494546837504
1467370504545873922
1467370509029498881
1467370510400962562
1467370519141961728
1467370520421175299
1467370539241017344
1467370539987656708
1467370545041711104
1467370547772276736
1467370549613633538
1467370550712487940
1467370562292879364
1467370562968162306
1467370563916161032
1467370571063246848
1467370573936447488
1467370574359969792
1467370599936835585
1467370604911341573
1467370611559305219
1467370613522137097
1467370625060814851
1467370625937383430
1467370626964807680
1467370629644972034
1467370631314522118
1467370633612775424
1467370638050734080
1467370640239779846
1467370642630664193
1467370655611965443
1467370656274780162
1467370658925588484
1467370666198388738
1467370669574967299
1467370676197593091
1467370679964254210
1467370680484122625
1467370681130266627
1467370694354817024
1467370699291570177
1467370702189780997
1467370707004837890
1467370712163921922
1467370714701336580
1467370724927094784
1467370727913496581
1467370734792192000
1467370738659127298
1467370740219629569
1467370747450380292
1467370755243622405
1467370755704836100
1467370759224016896
1467370763221024769
1467370763753639941
1467370765335019520
1467370767541231617
1467370772884774913
1467370776202407938
1467370778157010944
1467370778572341251
1467370780862435328
1467370783353851906
1467370787086774276
1467370787724140546
1467370791226548234
1467370797039816705
1467370797245288458
1467370800961376256
1467370803901583360
1467370806300889088
1467370807278120961
1467370807726800896
1467370817654870018
1467370823728066563
1467370834557915138
1467370857274089473
1467370860759576580
1467370861481304065
1467370865385873410
1467370873128693762
1467370875704033286
1467370883610300417
1467370898315530247
1467370902652289024
1467370905269641218
1467370906037141504
1467370906918035456
1467370908016906240
1467370909195325441
1467370910223159302
1467370922344849411
1467370923758170113
1467370926169894913
1467370926828408835
1467370928573145088
1467370928522813446
1467370931026808838
1467370934822596610
1467370936609374211
1467370938958323712
1467370942355709954
1467370943320190980
1467370950765252611
1467370953587920901
1467370962333036545
1467370964237254660
1467370964379787267
1467370965621428226
1467370967093497861
1467370969626923009
1467370971770372096
1467370972881866754
1467370975146790912
1467370977009049602
1467370978917367814
1467370983451504644
1467370988316676097
1467370991026327556
1467370995430293510
1467370995711315972
1467370998290952195
1467371003797852161
1467371004838166528
1467371008445362176
1467371026430504961
1467371031199457281
1467371031925035009
1467371033795702784
1467371035829936129
1467371038702981123
1467371041270169601
1467371041676746752
1467371049624870915
1467371053035167744
1467371059368366082
1467371059603193856
1467371061628989441
1467371061587152900
1467371064355430406
1467371064925700097
1467371065114562562
1467371068868362243
1467371069959028736
1467371071083094016
1467371071078764549
1467371076548055044
1467371083309457411
1467371084236431362
1467371089579892739
1467371092247408640
1467371094197760000
1467371099184844802
1467371106122317824
1467371116092133379
1467371116515979265
1467371120017948675
1467371128448552962
1467371130214178816
1467371132432965638
1467371134249283585
1467371134781952002
1467371139106283522
1467371140855197701
1467371146089840640
1467371148962938881
1467371154977562626
1467371156218990595
1467371157552713731
1467371161549873160
1467371165723381764
1467371166759329794
1467371167262597121
1467371169149980674
1467371169661677570
1467371171712622595
1467371172631396358
1467371181808693248
1467371183968374786
1467371184526348293
1467371185457569797
1467371189236649984
1467371192927539202
1467371193116336132
1467371193607065601
1467371196580872192
1467371205522984961
1467371205636231170
1467371210665340933
1467371220484120578
1467371225697685506
1467371229824888832
1467371231376818179
1467371238892974084
1467371250821390339
1467371255078682624
1467371261647020035
1467371263647797249
1467371264679591937
1467371268173410304
1467371269280739328
1467371276381659136
1467371282433908740
1467371289979457536
1467371293058101249
1467371293855166465
1467371309176958982
1467371311488016385
1467371313757290496
1467371315237732352
1467371317255155715
1467371321906585601
1467371322292404227
1467371328013541377
1467371328499949570
1467371333088473091
1467371335219396611
1467371337547198464
1467371344769789953
1467371349668548612
1467371352202043398
1467371353032511489
1467371355184132097
1467371357398728707
1467371357524660228
1467371358736822272
1467371361077235717
1467371363681849351
1467371365644873734
1467371372251070466
1467371374872170496
1467371375157518336
1467371376503709696
1467371377971933185
1467371381201547267
1467371387102892032
1467371388512219139
1467371390751760384
1467371395730456576
1467371397689315328
1467371412566335492
1467371415770906625
1467371421517049857
1467371423333240836
1467371425023594497
1467371425937907718
1467371427343253508
1467371435207311365
1467371437820465157
1467371441834364931
1467371445160488963
1467371452030668800
1467371457655279617
1467371462696882178
1467371466240888835
1467371465989410816
1467371466593292289
1467371473312567296
1467371474344423427
1467371482498093061
1467371486012923906
1467371489532035075
1467371493722001411
1467371498965024770
1467371501481598977
1467371502643265537
1467371506384711685
1467371508771303429
1467371516329406474
1467371527335198722
1467371534767505410
1467371537678274563
1467371549816672259
1467371552106819584
1467371553645993988
1467371553763430403
1467371557701959687
1467371559845507074
1467371561707520004
1467371568976302083
1467371569244782593
1467371570175823874
1467371572553998340
1467371584390373376
1467371586315599874
1467371587930370053
1467371591084376064
1467371594246807561
1467371596461527041
1467371599351488517
1467371609392652289
1467371610168561665
1467371612718743552
1467371616061444102
1467371617378525184
1467371619324612608
1467371622432575493
1467371624831799301
1467371625251278852
1467371629256663041
1467371630456238080
1467371646554152962
1467371652149252098
1467371655110479872
1467371658768011267
1467371660466556928
1467371666191826946
1467371667894587394
1467371670130335750
1467371670948175879
1467371677264887812
1467371678153936900
1467371682419597314
1467371684793626626
1467371689621270528
1467371692678914053
1467371695866408965
1467371698488029184
1467371702321438721
1467371715160272897
1467371715953057794
1467371717156904970
1467371724727623685
1467371740603035648
1467371748106641410
1467371748660326400
1467371756688232448
1467371761104834563
1467371764573343747
1467371768226713600
1467371772794318848
1467371772831883269
1467371772949368839
1467371775378001920
1467371780721491968
1467371782122487808
1467371790896967684
1467371795372195841
1467371802989113345
1467371808798416898
1467371808924049408
1467371816658345986
1467371823667073027
1467371836975374336
1467371844428726273
1467371844412002307
1467371854411272200
1467371856135172098
1467371859180146691
1467371859666604033
1467371860589518849
1467371862069964800
1467371865505210371
1467371866708865026
1467371868919271428
1467371868868939777
1467371873709273090
1467371876389429252
1467371888535953412
1467371893481164800
1467371898296094723
1467371904575098889
1467371904680046593
1467371907154464768
1467371910497325056
1467371910807838720
1467371914997944323
1467371922941829120
1467371923151544323
1467371928805470211
1467371931209027585
1467371932358254597
1467371932609925121
1467371934551662595
1467371938301493251
1467371946967015426
1467371949667979265
1467371953627402243
1467371955858726917
1467371960053092358
1467371968722833408
1467371971877163010
1467371992152035329
1467371995100848129
1467371996027699201
1467372014079922177
1467372037081473028
1467372038935429123
1467372040793595904
1467372043402313728
1467372055372963840
1467372061949632512
1467372065175052290
1467372071030116355
1467372078143664130
1467372080622497794
1467372080991719424
1467372086008160259
1467372088658997250
1467372089678123013
1467372099069046786
1467372102361616388
1467372103049617412
1467372104769224705
1467372110704168960
1467372113560489988
1467372116668469248
1467372123328897032
1467372134561460225
1467372141280587776
1467372142195093507
1467372150105546755
1467372158171164672
1467372158334607360
1467372163527286787
1467372165171343360
1467372166354128897
1467372170892374018
1467372171458719745
1467372172230508550
1467372173606019072
1467372174554144769
1467372176764329984
1467372182208536580
1467372186419843073
1467372189750108162
1467372192807755783
1467372199300542470
1467372202869747712
1467372204824223749
1467372206565036033
1467372208016089089
1467372211086446592
1467372231298846720
1467372233475575808
1467372233593139202
1467372235635654656
1467372239226122250
1467372240371077120
1467372250760466432
1467372252232572929
1467372254937989128
1467372258331086848
1467372259534774272
1467372262823428096
1467372269836111873
1467372275301244931
1467372275661950979
1467372281299038213
1467372281458569225
1467372283991769090
1467372284352647170
1467372289691901960
1467372296709017602
1467372305424736264
1467372310717865985
1467372311321866241
1467372318850641921
1467372325557309440
1467372334348582915
1467372334369718275
1467372335938297856
1467372337230139392
1467372340560416770
1467372343353876480
1467372345098571779
1467372347405619202
1467372350953906177
1467372353147469825
1467372354514952193
1467372354808553474
1467372356427415552
1467372360495996932
1467372362052034563
1467372363599724544
1467372364069437443
1467372365780770817
1467372369593339907
1467372374882328577
1467372381048131585
1467372387645931522
1467372399670743042
1467372405672845316
1467372406369304576
1467372407048527874
1467372410810904577
1467372413499420673
1467372413340229634
1467372413469999106
1467372419107069956
1467372432306622474
1467372437331447812
1467372440171032584
1467372440774840323
1467372444134428674
1467372445552320513
1467372449033605123
1467372454150615043
1467372458487472128
1467372472534286340
1467372475856023552
1467372476640350209
1467372485129629700
1467372489936302080
1467372493572919296
1467372497297231875
1467372497381126147
1467372508517179394
1467372510643585027
1467372516586971138
1467372519078440960
1467372521288876036
1467372522089889798
1467372523075559426
1467372523587137536
1467372525885607944
1467372527273996292
1467372530348478464
1467372540641177600
1467372542235189258
1467372541899464704
1467372545905102848
1467372548023369730
1467372548698554369
1467372548979519489
1467372554906128387
1467372556797857800
1467372560870375425
1467372565731561476
1467372567824515073
1467372579035906050
1467372582798200835
1467372585088339976
1467372591027474433
1467372593640456194
1467372595783749634
1467372596643700736
1467372597012746245
1467372598879080450
1467372599197908994
1467372599416180741
1467372600980615171
1467372605040738312
1467372610887446528
1467372624577810435
1467372625156616194
1467372627199250435
1467372633998114818
1467372634530729988
1467372635164135431
1467372635340169219
1467372636179091457
1467372636451729410
1467372636627869697
1467372640398548996
1467372641136824321
1467372646996271105
1467372649856651264
1467372650200719365
1467372656362233856
1467372660703125505
1467372662167117826
1467372663035289603
1467372668131237892
1467372673210716163
1467372682232705027
1467372683360755712
1467372685923655685
1467372687668375552
1467372694630895617
1467372695679639560
1467372697147482116
1467372698707714050
1467372699873943554
1467372720249663488
1467372726713155586
1467372726860009473
1467372727254216704
1467372733168173056
1467372735185620995
1467372737681231872
1467372752629817347
1467372753246375939
1467372756170067968
1467372757381906435
1467372761324548097
1467372762209693697
1467372763925078017
1467372764503986181
1467372770510082051
1467372770715648001
1467372770992406528
1467372771890114560
1467372774901616640
1467372775186653186
1467372779049734144
1467372784951054345
1467372789619322880
1467372793603837952
1467372795218833410
1467372798591250432
1467372800155566080
1467372805243105281
1467372813795598336
1467372816983068673
1467372823140179970
1467372834246647808
1467372836540981249
1467372848348020741
1467372853381140485
1467372857185480706
1467372860461424643
1467372861241311235
1467372863414013952
1467372866563821568
1467372867868364801
1467372871609507843
1467372872318341120
1467372875673972736
1467372876735172612
1467372877418749954
1467372879889063939
1467372882045009922
1467372885098602498
1467372887992516609
1467372889292906499
1467372892543459330
1467372893021646848
1467372894019850245
1467372894510530563
1467372895546458112
1467372907680518146
1467372911279362049
1467372911459766284
1467372912617349120
1467372920603389956
1467372923816079361
1467372923967066112
1467372925632266243
1467372929038049280
1467372934381678594
1467372939095986178
1467372945332912128
1467372945882419205
1467372946935009281
1467372948147240964
1467372949493608452
1467372951699820547
1467372955369754624
1467372957840273415
1467372958914158596
1467372960130351104
1467372969072762880
1467372972927111168
1467372975665991680
1467372978631544833
1467372979227328515
1467372980074385409
1467372980435140608
1467372980556627968
1467372981332631552
1467372987741470720
1467372989708746753
1467372992237916162
1467373002128072708
1467373003679875072
1467373004929871875
1467373006959759363
1467373012840325121
1467373014874411014
1467373021488762880
1467373023690776578
1467373028212285441
1467373031735578628
1467373031848923139
1467373034453585922
1467373039503523847
1467373040342339589
1467373046528835584
1467373052400918533
1467373053508145154
1467373060051197952
1467373060349214721
1467373059275436034
1467373062043709441
1467373066279796738
1467373067353608207
1467373068524072966
1467373069060747265
1467373074358194176
1467373076971020293
1467373078174998528
1467373080171495425
1467373084483092486
1467373085707878400
1467373088123805699
1467373097317810178
1467373119971401750
1467373123725148160
1467373129400045572
1467373131190910976
1467373132423991297
1467373133338398720
1467373139814400001
1467373143354269696
