1475708066830061568
1475708073687748610
1475708076598587395
1475708077685026816
1475708078402138112
1475708079966724100
1475708080226721794
1475708084467163139
1475708087822544902
1475708098694168578
1475708104524320769
1475708105006669826
1475708104868352001
1475708107577769987
1475708108290752515
1475708109863669760
1475708110094409728
1475708111902191618
1475708113147908098
1475708114301247489
1475708114661883907
1475708116872445952
1475708118805794820
1475708119263195136
1475708127949385732
1475708132143861761
1475708132605272068
1475708134458986496
1475708139332792322
1475708146228215808
1475708148082163719
1475708149638254593
1475708158349922305
1475708159880679424
1475708163772981248
1475708164733431808
1475708179493396482
1475708185629626370
1475708196526297090
1475708203836928000
1475708204118167552
1475708205980397570
1475708207649624067
1475708208182398976
1475708217573494785
1475708218592608257
1475708219901292545
1475708222795395079
1475708229325770752
1475708232157249536
1475708235361529856
1475708242835558402
1475708243901091841
1475708248036495366
1475708248082853889
1475708262116777985
1475708264889282563
1475708266030112769
1475708267225620480
1475708268563640324
1475708280102031360
1475708281897291779
1475708282748784643
1475708283457572865
1475708285449912322
1475708287333117963
1475708287739961346
1475708293293170688
1475708294861836288
1475708295059021825
1475708295927279621
1475708299198668801
1475708299781623809
1475708300108996608
1475708302000537600
1475708302507970560
1475708306727395328
1475708312394027009
1475708312968744962
1475708318836350979
1475708319071444993
1475708324205244422
1475708324549173249
1475708326835064840
1475708332107186177
1475708332304482305
1475708333134802949
1475708333424365568
1475708335483719685
1475708337241083910
1475708340239888384
1475708341494026240
1475708349022887936
1475708349421428742
1475708353695387654
1475708355272269824
1475708358233571328
1475708362469879813
1475708364671881216
1475708368325070849
1475708372167106564
1475708375350464512
1475708382694813698
1475708383365902338
1475708386339610624
1475708388319236097
1475708393008500736
1475708394094927873
1475708394157789185
1475708400671633410
1475708413585805312
1475708418467926016
1475708424075759616
1475708429037490178
1475708433512865793
1475708433722744836
1475708441700315136
1475708443126382596
1475708445651181568
1475708453775724546
1475708454874632196
1475708457751826435
1475708458062254085
1475708463745482754
1475708468598345730
1475708472968761348
1475708476340977665
1475708480359182337
1475708482640756737
1475708486076047362
1475708491499196418
1475708494858711040
1475708508138098688
1475708515448762369
1475708515771633667
1475708521609977856
1475708522281291779
1475708529226903557
1475708530313220099
1475708531001241601
1475708538034868225
1475708538416631809
1475708541705011201
1475708542749392897
1475708541331775488
1475708551448326146
1475708555437096961
1475708560168259585
1475708560050950145
1475708565444775941
1475708567453716480
1475708567562956802
1475708568905175042
1475708569463005186
1475708571002281985
1475708572860182528
1475708576236593156
1475708577696436225
1475708579466592257
1475708582653923330
1475708583287291904
1475708586965753856
1475708591642484736
1475708593861120002
1475708596432388096
1475708596604354563
1475708596608331777
1475708601574461441
1475708604699320321
1475708605827452932
1475708608318828544
1475708613943508994
1475708624336916480
1475708640564690944
1475708642095681536
1475708646965272577
1475708649192497154
1475708649330786304
1475708651088269312
1475708651356581888
1475708651537063937
1475708660315672582
1475708660735422466
1475708665508380677
1475708667970400261
1475708669740212224
1475708673313935360
1475708677034328066
1475708679286575106
1475708679311691778
1475708681710981122
1475708684986687495
1475708686198661126
1475708688170110977
1475708688597876738
1475708688472150018
1475708690858745856
1475708700979613698
1475708705089929218
1475708709032579072
1475708715747663872
1475708718373347331
1475708720357150720
1475708722198593538
1475708729496641536
1475708738824773633
1475708745313243138
1475708745527271424
1475708746609442819
1475708750728032257
1475708750921023492
1475708757288136704
1475708757988589568
1475708761239175170
1475708761503379458
1475708764367966208
1475708775331938314
1475708781681991680
1475708783963738115
1475708784966254593
1475708790133559299
1475708791651921920
1475708794575351813
1475708802590781441
1475708805279145984
1475708813395169281
1475708817254014982
1475708817929240576
1475708819665653762
1475708824015323141
1475708832462557186
1475708839794196480
1475708842600275969
1475708851710312449
1475708855313178631
1475708859545227267
1475708865178177537
1475708866130325506
1475708869410275328
1475708869292683264
1475708871121387526
1475708874686664707
1475708877538742274
1475708879002554371
1475708881968025600
1475708887106002950
1475708887311523842
1475708895523852290
1475708903438569473
1475708904118145024
1475708907083517956
1475708908631171076
1475708912649359365
1475708917313249280
1475708920580775938
1475708920576495620
1475708921998233600
1475708923654983680
1475708925420847107
1475708927631310849
1475708932383555584
1475708934841245696
1475708935604776967
1475708942093365248
1475708943313690624
1475708944450568196
1475708954521047043
1475708954739097601
1475708960502161410
1475708971637899265
1475708979397337088
1475708980123025412
1475708981498859520
1475708991300796417
1475708992437596160
1475708998179557379
1475709007025393666
1475709006941413379
1475709007822311426
1475709009512452096
1475709018765025343
1475709019406757889
1475709025635422208
1475709031910035456
1475709034019893250
1475709040344764416
1475709043436097538
1475709049341685763
1475709061530324995
1475709063866433536
1475709071227559936
1475709075388252161
1475709075967344641
1475709075753218050
1475709081662988290
1475709083768569858
1475709086469537793
1475709088851976195
1475709091091607555
1475709097014136835
1475709097328664577
1475709099744669696
1475709100801486857
1475709106669461505
1475709111236902912
1475709112935616512
1475709123836583936
1475709126672060417
1475709127275933696
1475709127720456200
1475709132573483013
1475709141326839808
1475709142895579139
1475709150877609984
1475709153817600008
1475709158804578304
1475709160633294860
1475709163116318720
1475709164890456065
1475709171786199041
1475709175774597122
1475709175703367680
1475709178928717824
1475709179344175109
1475709186717765633
1475709191658504193
1475709196540813313
1475709202874216452
1475709205176897538
1475709208704081926
1475709212198158342
1475709215092228097
1475709216203628544
1475709217659105280
1475709218791387146
1475709224328040449
1475709225997242368
1475709238915649537
1475709239691816961
1475709245429592066
1475709247908421633
1475709248197865475
1475709248923312132
1475709253964861444
1475709254078124033
1475709257135771648
1475709260982013959
1475709261346967555
1475709270926630912
1475709271786635265
1475709272973582337
1475709273497812992
1475709273376182274
1475709274353549316
1475709279373959170
1475709285371760647
1475709293299175426
1475709294959939585
1475709300710518789
1475709301310193666
1475709302136524801
1475709308222513152
1475709309367435264
1475709313154961409
1475709319190564866
1475709321828716544
1475709322071969795
1475709323422674945
1475709324089561093
1475709329131155457
1475709329282117635
1475709330892771330
1475709332306100226
1475709337440071680
1475709338341847040
1475709339256037386
1475709341982281728
1475709342871523328
1475709349054062600
1475709354510671877
1475709355324592131
1475709360856784897
1475709365378109441
1475709374102441987
1475709377520746501
1475709378728640512
1475709380402184192
1475709382155452416
1475709382159699972
1475709386412945409
1475709387276791809
1475709392188317699
1475709395862532100
1475709396227403777
1475709397393362947
1475709399884877825
1475709403156336641
1475709404884340737
1475709408273256454
1475709408911020032
1475709412174090240
1475709421019877378
1475709423876145152
1475709432394924036
1475709442838700032
1475709443882901506
1475709447209160705
1475709450560237570
1475709453597089793
1475709457640345601
1475709458575552512
1475709460081381376
1475709460295286784
1475709463365447682
1475709473725505537
1475709473897525252
1475709480264368131
1475709480436383747
1475709481233301508
1475709483955458048
1475709487587598342
1475709488850104321
1475709489839894528
1475709491433857024
1475709496479518723
1475709498417287169
1475709502737592322
1475709503375126530
1475709506164346881
1475709509783937033
1475709516243095552
1475709521620209664
1475709521641177089
1475709522433949697
1475709523180470276
1475709527173521409
1475709527358066689
1475709532764459011
1475709537940381700
1475709538162528259
1475709538724560897
1475709549277548547
1475709551907196929
1475709554050875396
1475709558903525376
1475709558869962755
1475709559830319105
1475709573038178305
1475709575055745029
1475709576448290818
1475709576527826946
1475709578818035717
1475709579573010433
1475709581812588549
1475709582114652163
1475709585314893824
1475709586267062272
1475709587378651138
1475709589383303172
1475709589568069632
1475709592877375490
1475709601249169411
1475709611080515584
1475709613899231234
1475709615480324097
1475709617950924802
1475709620148658183
1475709631120957440
1475709633432109056
1475709644148510720
1475709645364809730
1475709653837254656
1475709655141789702
1475709655389126658
1475709656131678210
1475709656865468418
1475709656974516227
1475709657830330375
1475709660623630336
1475709660405682176
1475709669733806080
1475709670107095046
1475709671004532736
1475709681691545606
1475709682811645957
1475709683696553990
1475709684275290113
1475709693674893314
1475709698452205568
1475709700524052483
1475709700691746822
1475709700993794048
1475709702994489347
1475709704860946433
1475709705578110977
1475709706979229697
1475709713891225602
1475709718438072321
1475709720300294144
1475709723873792000
1475709724247019521
1475709736985059329
1475709740764254214
1475709740751761409
1475709746531471362
1475709744979791872
1475709750457344000
1475709751866630144
1475709753896706051
1475709762058608644
1475709772393504768
1475709779423252482
1475709780245114883
1475709783651065858
1475709785295237121
1475709790126940163
1475709795684417536
1475709799685931009
1475709802575798276
1475709813539627011
1475709820413964289
1475709820741246979
1475709821294895108
1475709822909616129
1475709835245096967
1475709839334682626
1475709840366387201
1475709841360445445
1475709843436670985
1475709844384534528
1475709854115377154
1475709860209692677
1475709861434376193
1475709863682613248
1475709867541385220
1475709870296944641
1475709878060654592
1475709878828109826
1475709881608929280
1475709886809923584
1475709887946526722
1475709891146919937
1475709893923516419
1475709895685017601
1475709896708575232
1475709899489300480
1475709901427118083
1475709901939023874
1475709902081429504
1475709905227104256
1475709922809573376
1475709922994237442
1475709924189655040
1475709926840303616
1475709929239552003
1475709929503834114
1475709932536098823
1475709933194821632
1475709934167900160
1475709935967256578
1475709938378809345
1475709939872059397
1475709941998620672
1475709946834472962
1475709947723792388
1475709949774733314
1475709954312925184
1475709957970403330
1475709959824359427
1475709961518956548
1475709967105548288
1475709968594657280
1475709974810558465
1475709975217512448
1475709977402740738
1475709981383143429
1475709983933140993
1475709984927195143
1475709989272662017
1475709998093070338
1475710001981308928
1475710003734536194
1475710003763843073
1475710007694008320
1475710007727595520
1475710015226859522
1475710018246828033
1475710018288857089
1475710022793539587
1475710024517177345
1475710024823361537
1475710029160460293
1475710041957277697
1475710053386625025
1475710053705469952
1475710054083047427
1475710068746248197
1475710076275019783
1475710076723896322
1475710077021876226
1475710078011461634
1475710078552444929
1475710079395528704
1475710083363270656
1475710088606277639
1475710089793134592
1475710091986886656
1475710094545354752
1475710094696398853
1475710099008098305
1475710101986156544
1475710104938815490
1475710112366940160
1475710114770337794
1475710116963893250
1475710122710155268
1475710123335041024
1475710123066773507
1475710134290563076
1475710147657969664
1475710153198608385
1475710154884665345
1475710155379470341
1475710155547369472
1475710159942995969
1475710164850380800
1475710166276390913
1475710168944250882
1475710171674517506
1475710176078356480
1475710177642901508
1475710188413980672
1475710192964808709
1475710194361376770
1475710200179048448
1475710202355847168
1475710208328421377
1475710210106925059
1475710220282257408
1475710221431410692
1475710228712722432
1475710233875927046
1475710234194755586
1475710242751197185
1475710247650140161
1475710251303276544
1475710260723609603
1475710260556017664
1475710260836978688
1475710263403769858
1475710288133451780
1475710291207864322
1475710293921705984
1475710293900673026
1475710295263772674
1475710304453468163
1475710311466340352
1475710313576161283
1475710314662576130
1475710320450555904
1475710322132541446
1475710325039120384
1475710328159698945
1475710334736297985
1475710336267276288
1475710338842578945
1475710340788858883
1475710344488177667
1475710345473789952
1475710349336670208
1475710349332656129
1475710350330785795
1475710350813106176
1475710351454846976
1475710355426799620
1475710356873957381
1475710357729693696
1475710360636297216
1475710366889959424
1475710368097792004
1475710374871650310
1475710377086398470
1475710377782493185
1475710378885754881
1475710379502174210
1475710384216719364
1475710391003058180
1475710392080949253
1475710393003778053
1475710393506938881
1475710395478421509
1475710407012667395
1475710408975654912
1475710409776582660
1475710410623832073
1475710413530701826
1475710420816171011
1475710425174102016
1475710433885659140
1475710436729315329
1475710440915148805
1475710443205373958
1475710443419316226
1475710444543246338
1475710451988131840
1475710456639594500
1475710460750180353
1475710462734090240
1475710463195459587
1475710466647367688
1475710471328210944
1475710471848275970
1475710473412780035
1475710474943557635
1475710475404910594
1475710477393141761
1475710481692307456
1475710483269304321
1475710484678598659
1475710489279803395
1475710489535602688
1475710491121098753
1475710494061252608
1475710497110446080
1475710504349822978
1475710504437878786
1475710504987361280
1475710515078782978
1475710520980242433
1475710521873629184
1475710524340019202
1475710525719953410
1475710527246585856
1475710529746341888
1475710539925884931
1475710542014828545
1475710550793342979
1475710551875538945
1475710555272925187
1475710555591696387
1475710560897486850
1475710561388163074
1475710563846078469
1475710564353515520
1475710565356032001
1475710568296337409
1475710570259107841
1475710570204741637
1475710571957866496
1475710575254675456
1475710578198990848
1475710580086521856
1475710590052184066
1475710594103881732
1475710598193291265
1475710599095291905
1475710600567308290
1475710601859158016
1475710602119155713
1475710604040015875
1475710603981426690
1475710607433220099
1475710610717523973
1475710612411932673
1475710614064570372
1475710614211215360
1475710615930949633
1475710616115421187
1475710617407401985
1475710622570450946
1475710623459815430
1475710625951014918
1475710625800204289
1475710633454804993
1475710636172660737
1475710642560671747
1475710643059625984
1475710642904440834
1475710645353926660
1475710649456017408
1475710653734215684
1475710665612398599
1475710666136825857
1475710673069895681
1475710680204394497
1475710681856950275
1475710682574188549
1475710688865792000
1475710689444384768
1475710691298447366
1475710694892867584
1475710700806832130
1475710704275570689
1475710708604096514
1475710709778436097
1475710710273486849
1475710720302096387
1475710721090461698
1475710724978593792
1475710725075079168
1475710729252605954
1475710730305355777
1475710738538897412
1475710739834933249
1475710742972157952
1475710752447254529
1475710755269840898
1475710758470127617
1475710760663846914
1475710763612487680
1475710775243288578
1475710777055006725
1475710781673164805
1475710784772530178
1475710787742277632
1475710788228853767
1475710789273149440
1475710800106975233
1475710804334895112
1475710805651992579
1475710808340398080
1475710811653951491
1475710816968228870
1475710818050142209
1475710823293079554
1475710825050607618
1475710832424243200
1475710838459682816
1475710839218970625
1475710846684721153
1475710846714232832
1475710849104896005
1475710849700413444
1475710849864151043
1475710852070313986
1475710856726036480
1475710863340613632
1475710866612002821
1475710866771247108
1475710872051982339
1475710872068796417
1475710886270619649
1475710888799715333
1475710889475018754
1475710893598121985
1475710897586802688
1475710897641472007
1475710897859424256
1475710898849255425
1475710905723723777
1475710911826391043
1475710919325982723
1475710919716098049
1475710930461810691
1475710931368017921
1475710932500115458
1475710934052134914
1475710934144274437
1475710935251759104
1475710941064937473
1475710942059003905
1475710956559007746
1475710960325173250
1475710967589838848
1475710972325089283
1475710973944090624
1475710978117488649
1475710987311353861
1475710989521747968
1475710990511591424
1475710991266680835
1475711011474706435
1475711015870513153
1475711022971293696
1475711025626423298
1475711011932061697
1475711034061045760
1475711015870513153
1475711046610571265
1475711050301558785
1475711050645323776
1475711015870513153
1475711057612189700
1475711060892020739
1475711057612189700
1475711071981813763
1475711080542388225
1475711082530443264
1475711082882744320
1475711090948456450
1475711093091700736
1475711098569568259
1475711098833702912
1475711100876431362
1475711105942974472
1475711107817902082
1475711113354518533
1475711115074150404
1475711115845943296
1475711125194948609
1475711125530554368
1475711125580779521
1475711131062706180
1475711133168377859
1475711133549928448
1475711133885636611
1475711142303465474
1475711142332813312
1475711142530011137
1475711143024988165
1475711144371228673
1475711149677199361
1475711151220699136
1475711152130768898
1475711153493917698
1475711153976197120
1475711157738643461
1475711158665588736
1475711160179691521
1475711160804683779
1475711167901306881
1475711171538059267
1475711173001883651
1475711180694036482
1475711189728464904
1475711191058055169
1475711192949792770
1475711195139223555
1475711195990552578
1475711196753846272
1475711200209948681
1475711201225031683
1475711207126429696
1475711207860547589
1475711209185980416
1475711209190019072
1475711215024361472
1475711220015673345
1475711220594393088
1475711220791402499
1475711222406254592
1475711224989970433
1475711228672569351
1475711230698561539
1475711231503724544
1475711232904630272
1475711235068858372
1475711243650490369
1475711245315674113
1475711247647653898
1475711247500734466
1475711253133737985
1475711253842743296
1475711254387777536
1475711260692213761
1475711261203652612
1475711263699308547
1475711268476448768
1475711270338772998
1475711284138053632
1475711290488365056
1475711292895858688
1475711297568133121
1475711308033003520
1475711308817264640
1475711310830743554
1475711312692928515
1475711315322687490
1475711324621619204
1475711333001830402
1475711337280028673
1475711341478428673
1475711342824751106
1475711344141905921
1475711344494227458
1475711350974210057
1475711356963893251
1475711362911322112
1475711365658652673
1475711365906157572
1475711369303375872
1475711383710937091
1475711387099799552
1475711388362452994
1475711391055052800
1475711393223491584
1475711394003652608
1475711397384314886
1475711398269358086
1475711398978093056
1475711401826078722
1475711404653043713
1475711407706370051
1475711408004345856
1475711409052954631
1475711411162697732
1475711415222558726
1475711415885385730
1475711416451567616
1475711423372316675
1475711428074307585
1475711428342345729
1475711430305452034
1475711439511777280
1475711444117340160
1475711446872834055
1475711451339714560
1475711453256634369
1475711456179994624
1475711460290486275
1475711462727249920
1475711465906532352
1475711466418364418
1475711466594611201
1475711468691767296
1475711469291552768
1475711471078178817
1475711471153778691
1475711471258677251
1475711471610781699
1475711472252506112
1475711472022036481
1475711475046129664
1475711476178591746
1475711476505591809
1475711478636453888
1475711478799892481
1475711479923949568
1475711487784243200
1475711488585187328
1475711501864517635
1475711501910564868
1475711502506020864
1475711503969910785
1475711507870535687
1475711509716037632
1475711511586914309
1475711513310556160
1475711513541361666
1475711516846563329
1475711517261717508
1475711519375691780
1475711522315845634
1475711524698161159
1475711527424507904
1475711527646904320
1475711533959168006
1475711534684909568
1475711540112379910
1475711541232156674
1475711541328498691
1475711547875942404
1475711548052189187
1475711547884204033
1475711549872349186
1475711553731121156
1475711555220094977
1475711556805488641
1475711558793764869
1475711569891840000
1475711573108822017
1475711573264146434
1475711576275660803
1475711580017164290
1475711581140832256
1475711587780599812
1475711589022154758
1475711591064772608
1475711596345319426
1475711599952351232
1475711602028515332
1475711602376724481
1475711614418571264
1475711615873863686
1475711616679387136
1475711620215152640
1475711621880168451
1475711629278908416
1475711637105610758
1475711642876801025
1475711643262849024
1475711646958252035
1475711645099995140
1475711650258997250
1475711650925666306
1475711651580190726
1475711655795380226
1475711660526653444
1475711673080193025
1475711673763872768
1475711678989828099
1475711684601864194
1475711685134536704
1475711686145294339
1475711688397701122
1475711692570906626
1475711695649714176
1475711699256762376
1475711704382132224
1475711710879223810
1475711712275976192
1475711715513880579
1475711717199867905
1475711718387068928
1475711720123478017
1475711722803666946
1475711723273273348
1475711723411628036
1475711725131288577
1475711726880378883
1475711727312556038
1475711729711685632
1475711735239970818
1475711740063014912
1475711740222398467
1475711742814695428
1475711743363993601
1475711743653339140
1475711744718905346
1475711748665655299
1475711752893468673
1475711759080112128
1475711759293968385
1475711762565533700
1475711767112298500
1475711768060043265
1475711769091915780
1475711770513657860
1475711771247845381
1475711772837531648
1475711777421905920
1475711779397271555
1475711780512882689
1475711782387859459
1475711782958338048
1475711789434384387
1475711794559787008
1475711797529399297
1475711798997393414
1475711806752518149
1475711807473926148
1475711812712779776
1475711813366935553
1475711818282811393
1475711823022227457
1475711825090125825
1475711828084805632
1475711831729745926
1475711832161599488
1475711836842516480
1475711841770913796
1475711843025006596
1475711843155030023
1475711851325530115
1475711862142472193
1475711866743574528
1475711870162120705
1475711870728294404
1475711873056227328
1475711873492393984
1475711875073642496
1475711876273254401
1475711876692647938
1475711876784820225
1475711878147891200
1475711881813938176
1475711886637383681
1475711891280437249
1475711897924255745
1475711899400560640
1475711900969283585
1475711910972727299
1475711914303004673
1475711918509752321
1475711919529115648
1475711923199135747
1475711923484348418
1475711924260282376
1475711925384273927
1475711936771862529
1475711938323795968
1475711946573828097
1475711946829803520
1475711954404921347
1475711957240066049
1475711962495569921
1475711964605079556
1475711964882116613
1475711965041332226
1475711968732397568
1475711970821214209
1475711974982012935
1475711976340922372
1475711987866816514
1475711989062123521
1475711990358167559
1475711993701040128
1475711999984218112
1475712004748976132
1475712010012745729
1475712010797027330
1475712011510157312
1475712013246644225
1475712013934469120
1475712015234748418
1475712015968604160
1475712015977046019
1475712021840625666
1475712025259122689
1475712030598443012
1475712036122382340
1475712036478889985
1475712038622187520
1475712040476069890
1475712040459145217
1475712043860824064
1475712044854755329
1475712045521817601
1475712048436756483
1475712052383694851
1475712056250847232
1475712057068687365
1475712058243092481
1475712058700226562
1475712058972852224
1475712064861704196
1475712077260070912
1475712081718620163
1475712081785761792
1475712083140526080
1475712086542012416
1475712087875801090
1475712088337108993
1475712098223247363
1475712100752371714
1475712102635646977
1475712103096799233
1475712104967639045
1475712105487769602
1475712110407692288
1475712111435296769
1475712113586978816
1475712116690599937
1475712121405120514
1475712131433746434
1475712136999542788
1475712142066085888
1475712145031680000
1475712147120443394
1475712147455987712
1475712152401031169
1475712152916873217
1475712156880576512
1475712156792414211
1475712161867513856
1475712162706653187
1475712162920218629
1475712163847286791
1475712168117116937
1475712177336205317
1475712186454528000
1475712186911805440
1475712187893264384
1475712193312145408
1475712195161907200
1475712196583825409
1475712197473021954
1475712207136591874
1475712209573482497
1475712211150647303
1475712211674877955
1475712214422233094
1475712217110630403
1475712217576361984
1475712223276417026
1475712225302257667
1475712231308468228
1475712232554000384
1475712234819051521
1475712235922018304
1475712246428798976
1475712250665070593
1475712256222679041
1475712257346531332
1475712258743230468
1475712264120397824
1475712264707715073
1475712270126792706
1475712272416845826
1475712273830211584
1475712289168924675
1475712289416171521
1475712303458926594
1475712304155185152
1475712304482246656
1475712308114509826
1475712310140231682
1475712312355037186
1475712312367484930
1475712314250833920
1475712318927523844
1475712320097554434
1475712320827379712
1475712323364868097
1475712331363627008
1475712337021739010
1475712339764674562
1475712340293156867
1475712341174099969
1475712341320908800
1475712343422214145
1475712343564865543
1475712344202399752
1475712346672742401
1475712348782415872
1475712348975673344
1475712354176229376
1475712358114861057
1475712358358024192
1475712358853005314
1475712361998737411
1475712366276866048
1475712370148216832
1475712377693761542
1475712383981334529
1475712384249450497
1475712386585743361
1475712390348034049
1475712393195970563
1475712394294808579
1475712397478404096
1475712400984784900
1475712402503049217
1475712405183373312
1475712405137068035
1475712405363515392
1475712407980945408
1475712412330377218
1475712416646242304
1475712420190560256
1475712422530924547
1475712423063658498
1475712423688507393
1475712423793410049
1475712428671479810
1475712429300477955
1475712429342396417
1475712437080969218
1475712447952535557
1475712448615301122
1475712449194119177
1475712450569846784
1475712454172844035
1475712458119598080
1475712465572745218
1475712466491518976
1475712466705334272
1475712469972647937
1475712476222214144
1475712476222304258
1475712480970100738
1475712483620900866
1475712484182872066
1475712490667483139
1475712492324196352
1475712493926461444
1475712497810239488
1475712496514256896
1475712499123118080
1475712501555810309
1475712511597064193
1475712511571804161
1475712520895696897
1475712523479379971
1475712525157027842
1475712531444416514
1475712535097602052
1475712536414588928
1475712539132510211
1475712545021317121
1475712546829180939
1475712547257004032
1475712548980727809
1475712550293721090
1475712552654958593
1475712554030747649
1475712554760605699
1475712556341813253
1475712561672638464
1475712580257820675
1475712583692918784
1475712584582152194
1475712589644668932
1475712597735489538
1475712599211712516
1475712604240756741
1475712605075517441
1475712611526135813
1475712613275295747
1475712618719440902
1475712618761383936
1475712621076647940
1475712628131467268
1475712630157418497
1475712632661417988
1475712634020270081
1475712642073305093
1475712643499397120
1475712645936435201
1475712663925710853
1475712663955116037
1475712670124978180
1475712672570220546
1475712679163670532
1475712682812526594
1475712683114733568
1475712684356157444
1475712687946436610
1475712691960369154
1475712696502812674
1475712698142707712
1475712698533007367
1475712701594681349
1475712702043492352
1475712702953754625
1475712703297724416
1475712704061087744
1475712706057490433
1475712706619396096
1475712706812334080
1475712707454136321
1475712712281710598
1475712712047206400
1475712713544269827
1475712713724735493
1475712714651619329
1475712721760899072
1475712734008389633
1475712735795101699
1475712737665761283
1475712744066215936
1475712745165238274
1475712752144498690
1475712753415426051
1475712759488729090
1475712766983892992
1475712770456883201
1475712779432579073
1475712780556587008
1475712780875542532
1475712781911482369
1475712783190745090
1475712785770291200
1475712787510878209
1475712789096263682
1475712797829136384
1475712799078641665
1475712803725971457
1475712806838173697
1475712809820381186
1475712810617294854
1475712814920736770
1475712818813059072
1475712823925878784
1475712824269750277
1475712834931728387
1475712836022145024
1475712838975078405
1475712843655925760
1475712847762046976
1475712848353538049
1475712853692801029
1475712853743214596
1475712853910986753
1475712860269522947
1475712860542046209
1475712863599738882
1475712870239248386
1475712870641856513
1475712872730837000
1475712873125097474
1475712873846517760
1475712876690108419
1475712878250450946
1475712878732840961
1475712878862909440
1475712893849006084
1475712895266787328
1475712895660937218
1475712896978071552
1475712905584594944
1475712912224362496
1475712915340771328
1475712916200443907
1475712917085601793
1475712917110616064
1475712919098822658
1475712921703493632
1475712924429832193
1475712928691077120
1475712929584533504
1475712930838630407
1475712951118147585
1475712953580089344
1475712955450896393
1475712962010570758
1475712962283261953
1475712969346478081
1475712969669554181
1475712970265092102
1475712971066150913
1475712972185997317
1475712974199439362
1475712977609412609
1475712977714266118
1475712980801273858
1475712981891698691
1475712983758254080
1475712984106287104
1475712985494528001
1475712985905651721
1475712986001993728
1475712990015987712
1475712990494216196
1475712992209608708
1475712996529696773
1475712996827545602
1475712998522171401
1475713001940570112
1475713002544369666
1475713003660230656
1475713008202502147
1475713011008561153
1475713011436318721
1475713014305222657
1475713020072452102
1475713021079138306
1475713024170151936
1475713024413487104
1475713026611372033
1475713031636078594
1475713038950940676
1475713040398045188
1475713040569880577
1475713048929345536
1475713049386438656
1475713050929991685
1475713054335815680
1475713055170383873
1475713056978128896
1475713069686968327
1475713071465250817
1475713071406534657
1475713073164046337
1475713073860124681
1475713077224034304
1475713078176231424
1475713079996526592
1475713081497899009
1475713083678986245
1475713097109323777
1475713099592175616
1475713104847720448
1475713107041398785
1475713109197148161
1475713111382503427
1475713120211546112
1475713130076409857
1475713130508345344
1475713145729687554
1475713153740820485
1475713155624062978
1475713155535818753
1475713157461159938
1475713159453315072
1475713159214239747
1475713170908057601
1475713183604043779
1475713185508253699
1475713186045124611
1475713188276568065
1475713190734487558
1475713196401041409
1475713197361582084
1475713201828466695
1475713208707129347
1475713217460637699
1475713217678745601
1475713217955446787
1475713222418259968
1475713222543958017
1475713227006824451
1475713227787014144
1475713230026780673
1475713232363204610
1475713233776365570
1475713234145480704
1475713234204127232
1475713238889562120
1475713239069638656
1475713242886516739
1475713244174032897
1475713245256241157
1475713247819046912
1475713255519789060
1475713255591092232
1475713258191396866
1475713265611296772
1475713266668216323
1475713268329054212
1475713269528727553
1475713273861672962
1475713275434307587
1475713280937238529
1475713282065453060
1475713284871499782
1475713288327417858
1475713294686109703
1475713295042633730
1475713295697031168
1475713299601924096
1475713303364128768
1475713312528732162
1475713316844494851
1475713329112895488
1475713329687449602
1475713335245033472
1475713337765814273
1475713338344714245
1475713338436956162
1475713339896520706
1475713342677426176
1475713345835741191
1475713346393411586
1475713346846478336
1475713351883927552
1475713353452457985
1475713354270449667
1475713354643779588
1475713357353263105
1475713357797810182
1475713358280200193
1475713358536253441
1475713359270010882
1475713359576125443
1475713371920076800
1475713374033956867
1475713373920710659
1475713376965869569
1475713377557049346
1475713383064166403
1475713386143010816
1475713385983582211
1475713390819610625
1475713399212421121
1475713407206703106
1475713409207488512
1475713409886863362
1475713412290199553
1475713412529197061
1475713414315974657
1475713415800885251
1475713416526446593
1475713417818349569
1475713418661355520
1475713422536892419
1475713423254118402
1475713426517368833
1475713428677402633
1475713428899524609
1475713431852433413
1475713438005428227
1475713442342387713
1475713444586438657
1475713446549200901
1475713459551711232
1475713468523237383
1475713470620438529
1475713472717471746
1475713473157894145
1475713474491785221
1475713476727353344
1475713475439648771
1475713482142085123
1475713483870117905
1475713490698469376
1475713495551254532
1475713496012709896
1475713496746627074
1475713498369990658
1475713502090174464
1475713502966738945
1475713503495598081
1475713507609907206
1475713508079595520
1475713510818549763
1475713511024119809
1475713525473427458
1475713527952199680
1475713529504313350
1475713538903756806
1475713540619124738
1475713540728102912
1475713542070358018
1475713544301813760
1475713549007687680
1475713551603933185
1475713552862392322
1475713554980483078
1475713560902729730
1475713561464819713
1475713562970443776
1475713563889078273
1475713565034115073
1475713575582842884
1475713576207720453
1475713579655458818
1475713581991792640
1475713587486375936
1475713598567501824
1475713603038859265
1475713603181371398
1475713609149808643
1475713611037302785
1475713612538863618
1475713616947159043
1475713620973477888
1475713623792177153
1475713625247604738
1475713642247110659
1475713645367627777
1475713654465179661
1475713655970750464
1475713660236574723
1475713666813153284
1475713672266010629
1475713672869822465
1475713676518825984
1475713681291886593
1475713684731219971
1475713687143034884
1475713689198022656
1475713693375623170
1475713695703572484
1475713697515544576
1475713697825759234
1475713700313059331
1475713708844195843
1475713713206407170
1475713715097976837
1475713715416698881
1475713715492298754
1475713717757169665
1475713720491859968
1475713722144342018
1475713728238731264
1475713733955624967
1475713744332378113
1475713752695656449
1475713755946393603
1475713756055416834
1475713756235710464
1475713767065411584
1475713768705249281
1475713770831822849
1475713771284975616
1475713772719415298
1475713775118389255
1475713776666255361
1475713777949679621
1475713786375901184
1475713790834581512
1475713790880718851
1475713792013217796
1475713796207489026
1475713800745611272
1475713803182428160
1475713806718361600
1475713808089825280
1475713809503465472
1475713813974556673
1475713823294300160
1475713825357942787
1475713830714028035
1475713837173198849
1475713837672189953
1475713842395058177
1475713851307937793
1475713851362447360
1475713850536255491
1475713856148099073
1475713858006306819
1475713861403783168
1475713874938798081
1475713885072084992
1475713888222130178
1475713898405777409
1475713908732170244
1475713912435888130
1475713914541379586
1475713916793729024
1475713919821905921
1475713920882995201
1475713922787274753
1475713924528054274
1475713926260162562
1475713927661203456
1475713927959003139
1475713930689331200
1475713930844688393
1475713932648140803
1475713942014115847
1475713942727139332
1475713945033920512
1475713947076419586
1475713951396765700
1475713963497193472
1475713965237977090
1475713972653469696
1475713976654864388
1475713981251731456
1475713987798962178
1475713996913213440
1475714006786605062
1475714006987988993
1475714008246280195
1475714023538708480
1475714027695267841
1475714033370255369
1475714039766470656
1475714048255827969
1475714048838627329
1475714055205707779
1475714056791093250
1475714058800099329
1475714058850488320
1475714060876451841
1475714061300031494
1475714064626163712
1475714070577700864
1475714073081827328
1475714077557235715
1475714083953704969
1475714084204998659
1475714087506038784
1475714088688750595
1475714099833020416
1475714111082225667
1475714112101355521
1475714112311201792
1475714121014431746
1475714123409149952
1475714123581181955
1475714130954702848
1475714138542252033
1475714144993116161
1475714146763255811
1475714146880552960
1475714148906450947
1475714149577543684
1475714156095361027
1475714158968512512
1475714165067026432
1475714166123941888
1475714166346649603
1475714171450769413
1475714187724656642
1475714207345782789
1475714207731441664
1475714209274941441
1475714219295350785
1475714226551508992
1475714229642702849
1475714239524491266
1475714240422068224
1475714243777363968
1475714244637343744
1475714247929782272
1475714250937028609
1475714251541078022
1475714258595893248
1475714262945443840
1475714263301771264
1475714273347182592
1475714277524660227
1475714280058150912
1475714285724585985
1475714287062581249
1475714287406841857
1475714295665070081
1475714296659120128
1475714296986415104
1475714300283023361
1475714304120786946
1475714305299398660
1475714309690908678
1475714310131183616
1475714315630125062
1475714317353832450
1475714320306610176
1475714322852683783
1475714323628527616
1475714325407010819
1475714325457162240
1475714336198823936
1475714341525676038
1475714342016348160
1475714342574243841
1475714342473457664
1475714347343269889
1475714347481673729
1475714352200052736
1475714353315790848
1475714356805464065
1475714368591450113
1475714370554503169
1475714373729542147
1475714377844150274
1475714385540784129
1475714385964376064
1475714390984773633
1475714397481811970
1475714403370631169
1475714406826881025
1475714406923264003
1475714416410726400
1475714416972734469
1475714418277330948
1475714418604326914
1475714425617326082
1475714426921574402
1475714426913398785
1475714428616122373
1475714447746289667
1475714447951892484
1475714448773947392
1475714453702275074
1475714456797786115
1475714461897949185
1475714467501461506
1475714468386648065
1475714473759547394
1475714481778999299
1475714504134590465
1475714504654786560
1475714505669849089
1475714506466770949
1475714506441453568
1475714519532032002
1475714520190525440
1475714521222189057
1475714526788083712
1475714528373612545
1475714536451854337
1475714545142226946
1475714545289072640
1475714546920734721
1475714548166496258
1475714554508234756
1475714556739538945
1475714557326856200
1475714559344201729
1475714560086745088
1475714559461711872
1475714562892697605
1475714564037566464
1475714570299736066
1475714575249018881
1475714580491878401
1475714580730966017
1475714584170409988
1475714585374113794
1475714593406214144
1475714593733455879
1475714600184262661
1475714602042277889
1475714607507546112
1475714610238050304
1475714612343435264
1475714622443474944
1475714624226045952
1475714622980337674
1475714625421279232
1475714626407088131
1475714626817953794
1475714630936936449
1475714631993683969
1475714632543203328
1475714633440776192
1475714642106368001
1475714644560220166
1475714647583903744
1475714647844139012
1475714650297839617
1475714653795856384
1475714655830093825
1475714656211771392
1475714657566482432
1475714658719916033
1475714662998192129
1475714675081760769
1475714679058149378
1475714683642470403
1475714686767321093
1475714689200017408
1475714690483294210
1475714690684702720
1475714700448960518
1475714703586439172
1475714704207138818
1475714716693667843
1475714717431779328
1475714718182617090
1475714729431556097
1475714731558141954
1475714731847598083
1475714733944672256
1475714735853211649
1475714737103069187
1475714739321724929
1475714740190003205
1475714740865441795
1475714742559854595
1475714742975139851
1475714743205781505
1475714761732075523
1475714764504449024
1475714764680482816
1475714776605069313
1475714781248212998
1475714782263009285
1475714787841658883
1475714792937558016
1475714795890524160
1475714796406329345
1475714799539347456
1475714808250966016
1475714811040198659
1475714815519772674
1475714818845786113
1475714819869319173
1475714822591422464
1475714824105603074
1475714828366856192
1475714831441293313
1475714831537823744
1475714833924247554
1475714837221031938
1475714839104262146
1475714840870199297
1475714841339838467
1475714843332288514
1475714845014040577
1475714845186035713
1475714846926655492
1475714852723195908
1475714852899356673
1475714858360397831
1475714860444884993
1475714860738437123
1475714861015306243
1475714869924089857
1475714870628737025
1475714874290237441
1475714875766689796
1475714876534398982
1475714881861132293
1475714885329686532
1475714888857231361
1475714892862742534
1475714896230682624
1475714897493512194
1475714899082809345
1475714901263872000
1475714912538222594
1475714915369459714
1475714918997442560
1475714924626145281
1475714926568251395
1475714954460344322
1475714958679846914
1475714959707414528
1475714962643615745
1475714965591842816
1475714967684796419
1475714970809741320
1475714971380109312
1475714980070584320
1475714980209061889
1475714980959846404
1475714988262277120
1475714992737509377
1475714997020168192
1475714998685028357
1475715000278859778
1475715001705025537
1475715002631958536
1475715005588799491
1475715013411229697
1475715019614478339
1475715023796330499
1475715024639311873
1475715026111582209
1475715026438688770
1475715028955316224
1475715031664787459
1475715032029667329
1475715034881822723
1475715036895072257
1475715041622204417
1475715050283405312
1475715052384792576
1475715056025415682
1475715060710342657
1475715061670838273
1475715062073602054
1475715063269007368
1475715068406874112
1475715076606857221
1475715078385139713
1475715079790338050
1475715081044439040
1475715088447414272
1475715090879975426
1475715099427966977
1475715100187127808
1475715102565355520
1475715102749995008
1475715106168352769
1475715111448989698
1475715111608360963
1475715111813799936
1475715113168605184
1475715123641663490
1475715132953034753
1475715134060306434
1475715137281667074
1475715137717821443
1475715138313338883
1475715144399441922
1475715148010586114
1475715150627942403
1475715155874910209
1475715159674994694
1475715160773824516
1475715162275561476
1475715165610029060
1475715166532689920
1475715166394195968
1475715170626416643
1475715170873843713
1475715172866134020
1475715174728286209
1475715175332278272
1475715177463042050
1475715187973840900
1475715192767979520
1475715199390736392
1475715199755718657
1475715200523378689
1475715203375329284
1475715203610419203
1475715204340011008
1475715204650463232
1475715205531373570
1475715206944854020
1475715210149187584
1475715211659137026
1475715219930243074
1475715224485330944
1475715227740033024
1475715228201787392
1475715229682069505
1475715230391021570
1475715234321113089
1475715240604143617
1475715243758460929
1475715245557571585
1475715244479717379
1475715246325129216
1475715248304836613
1475715253279227907
1475715254827073536
1475715257083613186
1475715261625823235
1475715262670249989
1475715262829809671
1475715266860494849
1475715273185316871
1475715278113841158
1475715278327713795
1475715279686717443
1475715283239145472
1475715288511377408
1475715294106726400
1475715301572595719
1475715302944038913
1475715308069421056
1475715309675761665
1475715312142077954
1475715315166334978
1475715324607610881
1475715325601607680
1475715327845670915
1475715328864927746
1475715339124154371
1475715342462865410
1475715361093869571
1475715368874233856
1475715371101396992
1475715377107816452
1475715377564950530
1475715386502832128
1475715390806249473
1475715390869225472
1475715391561379841
1475715391657811968
1475715393461305348
1475715398565654531
1475715399740133377
1475715402512621574
1475715406719553538
1475715407465967617
1475715410792263690
1475715412549537792
1475715412570644480
1475715415120785410
1475715418136330242
1475715420703318021
1475715428953513991
1475715429439995905
1475715429536452610
1475715432879476739
1475715439447527424
1475715439288209410
1475715443142897667
1475715451841695745
1475715455788601345
1475715457495683073
1475715458573733890
1475715462516334596
1475715465334960133
1475715471047643140
1475715471563390976
1475715478677073923
1475715496439795719
1475715499719749632
1475715504002191361
1475715504341934085
1475715512030089216
1475715519940476930
1475715522738241539
1475715529457520641
1475715530195537927
1475715532334718976
1475715534486446081
1475715534570328067
1475715535363059714
1475715538085040137
1475715542145277953
1475715544343003137
1475715547224412162
1475715561166458880
1475715562949033984
1475715568166522880
1475715568384704514
1475715572759293953
1475715574009315330
1475715575120867333
1475715575691333634
1475715577314480132
1475715589016539136
1475715592749391878
1475715602828431362
1475715602937356293
1475715604044824580
1475715604149465091
1475715607274221570
1475715607865683969
1475715609002446850
1475715611871395841
1475715621585358850
1475715626886914048
1475715632628908035
1475715642472873985
1475715649808711681
1475715650408570881
1475715651339751429
1475715652245594115
1475715655580233729
1475715659531182080
1475715670222548995
1475715670822187008
1475715671078182918
1475715672286007299
1475715673531854850
1475715673921929219
1475715676241231872
1475715679483486214
1475715683417686017
1475715685368041472
1475715685888274434
1475715687389675520
1475715693064560644
1475715694620815362
1475715697749676034
1475715698999672832
1475715699913814022
1475715701377691649
1475715706935287809
1475715706926735364
1475715707723829248
1475715720185106437
1475715726275379202
1475715734198054915
1475715751302643715
1475715755148775429
1475715763248017412
1475715765022035969
1475715770214756353
1475715772005584901
1475715774295822338
1475715778435502083
1475715778548752391
1475715779916185600
1475715785276416007
1475715787092414464
1475715802921902081
1475715806071705604
1475715806897917961
1475715813713723392
1475715832084942850
1475715844604837888
1475715846655852547
1475715847482187777
1475715848199413766
1475715860593463296
1475715861310849025
1475715871742038021
1475715872543154178
1475715873709207553
1475715882848555010
1475715886166200325
1475715889764917252
1475715894747803649
1475715895590858757
1475715900724559872
1475715901651623937
1475715903073435649
1475715908526084100
1475715931120840705
1475715931636748297
1475715934199238660
1475715934413275139
1475715936086810627
1475715949353484288
1475715949563195396
1475715957775638530
1475715964771528706
1475715964905967616
1475715965786722309
1475715966743023616
1475715970568101889
1475715972048715777
1475715974053580801
1475715988394029057
1475715992277819392
1475715996455342082
1475716007813541890
1475716013681426434
1475716017397633028
1475716023009480707
1475716025622482944
1475716028395290630
1475716029263364097
1475716035227516929
1475716036624195589
1475716037500801030
1475716048376582144
1475716048385155075
1475716062788341762
1475716062729621506
1475716063073648641
1475716068798865409
1475716069151096836
1475716072078729218
1475716073483763718
1475716073685233666
1475716075815940098
1475716077413974021
1475716080634982400
1475716083235524609
1475716083881738241
1475716094388097024
1475716095600316416
1475716100620836871
1475716105033293824
1475716119046545410
1475716121063952384
1475716122221629444
1475716132342407168
1475716134003429382
1475716134603210755
1475716135400054784
1475716139288186883
1475716139913293825
1475716141871886336
1475716142736068611
1475716146603118597
1475716152689143808
1475716156803600384
1475716159538438145
1475716170317631490
1475716175090827265
1475716181344411655
1475716183215067138
1475716184431603712
1475716184632741888
1475716184557248514
1475716187740950528
1475716188508344326
1475716190295236608
1475716196221652995
1475716196397768705
1475716202567815169
1475716208049614848
1475716209618432000
1475716213070249986
1475716217847562240
1475716223669313539
1475716224776491008
1475716234729586688
1475716236898193409
1475716238030475268
1475716247488811008
1475716247488765952
1475716248063283200
1475716250823241729
1475716253520175105
1475716263724957696
1475716285396832260
1475716295173750785
1475716297325527040
1475716312307580928
1475716324278026248
1475716345765502976
1475716350316212224
1475716350945357825
1475716351943745540
1475716352216219651
1475716357379534849
1475716357685661697
1475716359719899146
1475716377612718081
1475716378602659845
1475716380293058564
1475716392938872832
1475716395094712330
1475716399880364033
1475716401923035138
1475716402250063872
1475716402833072128
1475716405127524352
1475716407241297921
1475716407933353984
1475716409594462210
1475716409875390465
1475716413532913666
1475716418192785410
1475716419874607106
1475716431736197124
1475716437985615872
1475716448442007552
1475716452229390336
1475716452447666177
1475716464044826626
1475716467316297729
1475716470805975040
1475716472689336323
1475716480864079875
1475716485322477568
1475716488216690688
1475716498844905479
1475716505866285057
1475716506797420547
1475716511167918080
1475716514913394688
1475716515584380929
1475716518138679302
1475716521003569153
1475716527399788546
1475716528662319107
1475716528825724936
1475716530390253568
1475716533527662593
1475716533666021376
1475716538460262400
1475716538799824901
1475716543535222785
1475716544755744768
1475716550183333888
1475716552901148677
1475716553190481920
1475716557326241792
1475716558978633729
1475716559653900290
1475716561038053376
1475716569497935874
1475716572698189825
1475716574703067137
1475716577454608384
1475716586644271106
1475716588523294720
1475716588607262725
1475716591501262852
1475716603228553217
1475716614012215296
1475716615324979200
1475716615937294340
1475716622652346378
1475716624779026432
1475716628994306053
1475716628969136129
1475716633544904704
1475716637240270849
1475716641132625925
1475716643548536833
1475716651450613761
1475716654294343680
1475716654583750660
1475716654864769025
1475716654822834177
1475716659553849345
1475716665602101248
1475716667426566148
1475716685541826560
1475716691451543552
1475716693632581636
1475716697944252416
1475716698963542017
1475716702201470977
1475716727778562048
1475716733445058560
1475716734053240835
1475716734644633600
1475716738121613315
1475716740126371845
1475716746212364291
1475716746606563329
1475716746720030722
1475716746912976897
1475716763283124226
1475716765577621504
1475716767926284289
1475716769390104578
1475716774729375744
1475716776084353026
1475716776809963520
1475716777116057601
1475716786095943680
1475716786331037700
1475716794426007552
1475716798830059525
1475716799983280129
1475716805566119937
1475716817087701001
1475716818580897794
1475716825656827904
1475716829423321092
1475716829867909123
1475716836696068096
1475716843109339138
1475716844044656642
1475716848339537921
1475716858133291009
1475716862612811777
1475716872712572930
1475716885211762689
1475716891519987712
1475716891825954817
1475716895118696448
1475716896628649985
1475716903222099974
1475716904253722624
1475716904576688128
1475716911639851009
1475716915444301824
1475716915385417731
1475716919630213121
1475716921664409601
1475716931550425088
1475716937271296002
1475716956330373121
1475716958607708161
1475716958842765312
1475716961103400962
1475716968774832129
1475716969005527041
1475716968594370560
1475716969923891204
1475716969970159622
1475716971572383744
1475716972411338753
1475716983584923651
1475716984075476998
1475716987401621505
1475716988865597444
1475716991382081537
1475716998298546178
1475717008297639937
1475717009560064000
1475717013909741569
1475717022789025794
1475717023661441024
1475717024798158852
1475717027478179840
1475717027855749120
1475717031492210691
1475717033077714946
1475717033249624064
1475717035095212032
1475717037070684160
1475717039125794817
1475717039423574016
1475717039662637056
1475717052648370178
1475717056053927936
1475717059099123713
1475717060432842754
1475717066350940161
1475717066917232650
1475717068695744513
1475717069035515904
1475717074190147585
1475717075490463744
1475717076471861249
1475717076798955521
1475717081647755265
1475717083744907265
1475717086441738242
1475717093219700738
1475717094029336578
1475717098584227843
1475717101981618176
1475717103105634306
1475717114547867650
1475717115789254659
1475717121313280003
1475717125041917952
1475717133569044483
1475717133879459845
1475717134013579267
1475717144310603777
1475717145782669312
1475717147120787456
1475717149012332548
1475717150975225860
1475717155056279553
1475717155656278019
1475717158475014145
1475717158701207553
1475717159271936005
1475717171623907332
1475717172009656320
1475717172412305409
1475717173649629187
1475717176380305408
1475717178976456705
1475717182151540736
1475717186777985028
1475717189760077825
1475717191785857026
1475717195736903680
1475717196730961920
1475717196730929154
1475717197628686336
1475717201722228736
1475717223851384832
1475717226993000452
1475717229576704001
1475717233661861892
1475717237801734145
1475717244592160769
1475717251995078665
1475717252758470658
1475717254947823617
1475717259301642242
1475717264632598532
1475717267744821257
1475717268931710977
1475717273369337864
1475717275676196865
1475717293464342534
1475717300925788161
1475717304633761793
1475717304583434240
1475717311554199552
1475717312158175232
1475717316453277697
1475717318621630467
1475717324137189380
1475717329799548930
1475717330986356739
1475717333431767040
1475717334371385346
1475717338091692032
1475717341614731266
1475717342835494917
1475717343028203520
1475717345003724802
1475717353077981185
1475717353396703235
1475717355980296194
1475717359952408576
1475717364339687428
1475717369674801152
1475717383528587273
1475717383868329988
1475717388020629504
1475717394215567361
1475717395398500352
1475717395310387202
1475717396853714944
1475717397105586176
1475717398061740032
1475717398133051393
1475717399638941701
1475717406320467977
1475717407213854720
1475717407310184449
1475717414860079104
1475717415338221571
1475717421667426307
1475717422329987073
1475717423114317824
1475717426893533188
1475717431767220224
1475717441716031488
1475717448171065353
1475717452612866051
1475717459256745985
1475717461089607680
1475717463874711553
1475717464814243842
1475717465720115204
1475717469306122243
1475717470329708545
1475717482916757505
1475717484753788930
1475717487522041857
1475717492865736707
1475717497286324224
1475717499127615488
1475717507101118466
1475717507327660034
1475717515221225475
1475717531910373376
1475717532191375364
1475717532443189254
1475717533382627330
1475717535433646080
1475717537761533952
1475717546452168705
1475717548142333952
1475717549417381892
1475717561241247746
1475717561136431106
1475717562231103488
1475717571420700673
1475717575149592578
1475717580279017472
1475717581138976768
1475717585391996928
1475717586188783618
1475717586998333440
1475717587552067585
1475717588332290051
1475717593109438471
1475717593596002304
1475717598922907650
1475717603159011331
1475717603897352192
1475717606946623488
1475717612042653696
1475717620200476674
1475717622977245187
1475717627364450304
1475717628761096195
1475717629293862913
1475717629973311489
1475717630828814339
1475717635467796484
1475717656091238401
1475717656992907264
1475717657265643522
1475717659459211267
1475717663821336585
1475717672578990080
1475717674713993219
1475717676714450944
1475717685459652609
1475717686277541888
1475717686856499202
1475717689633038338
1475717699863035907
1475717703415603202
1475717706850738176
1475717721497251840
1475717723950882818
1475717726823845891
1475717731009929216
1475717733476343811
1475717735321640963
1475717741285892100
1475717752199565313
1475717754179276802
1475717756175663107
1475717757715247104
1475717760218923009
1475717761527693314
1475717762550931456
1475717768662110208
1475717776337616896
1475717777101148162
1475717777260376064
1475717778464256002
1475717779194064896
1475717783849689090
1475717785930108928
1475717797229432832
1475717800928808961
1475717801830670338
1475717807551639554
1475717809195782144
1475717816573739014
1475717821124554752
1475717822957469699
1475717832134602755
1475717832839249930
1475717840258822144
1475717840489488390
1475717841924075525
1475717845572993026
1475717854062329857
1475717854200692736
1475717856885358593
1475717858890063872
1475717860680888323
1475717861398265864
1475717870726402048
1475717871758045184
1475717884961869828
1475717885041516545
1475717885569994752
1475717888606715904
1475717893421629440
1475717896785383426
1475717897091571716
1475717899163602945
1475717902338867202
1475717902925905921
1475717904930848770
1475717909943140352
1475717911444611074
1475717936803467266
1475717937688363009
1475717938715975682
1475717947956117505
1475717954230697985
1475717958588678147
1475717958689247238
1475717962677981184
1475717964146085890
1475717965089808385
1475717967178387457
1475717967321223169
1475717969963409408
1475717971507089408
1475717972735848449
1475717973235040256
1475717975055372291
1475717975340630017
1475717982298914816
1475717988221341696
1475717995599040513
1475717997679595522
1475718002326835201
1475718005988364293
1475718010115538946
1475718011797614594
1475718018495885317
1475718035239362560
1475718035713368067
1475718038238363652
1475718041962827779
1475718043032563713
1475718043997147136
1475718048329916416
1475718050997579776
1475718051278594049
1475718058106703874
1475718060774416386
1475718061562990596
1475718061697212416
1475718061856477186
1475718061995003905
1475718069490225154
1475718070215737345
1475718070710775811
1475718072757473282
1475718080751824900
1475718084904173568
1475718086598836226
1475718095687802882
1475718099550748675
1475718106005839875
1475718108228825097
1475718114318950400
1475718119582683138
1475718123294756868
1475718128151588864
1475718132002078724
1475718135017705474
1475718139929268225
1475718141661507591
1475718143888797696
1475718151505694721
1475718152361234437
1475718154550583300
1475718173160718338
1475718177023827970
1475718178957402112
1475718180865720320
1475718182128259075
1475718183982026752
1475718187928850433
1475718194719383558
1475718196657229827
1475718198150369280
1475718201635966976
1475718201501696002
1475718210125135873
1475718222682853378
1475718227816685568
1475718230714904576
1475718231084060677
1475718232665468928
1475718235735539712
1475718243725815809
1475718247408414721
1475718249320910848
1475718255708753927
1475718257021698051
1475718258955223041
1475718265511071744
1475718269336109057
1475718274218344448
1475718283684990980
1475718287271018497
1475718287543595015
1475718292828471301
1475718296385187842
1475718296959782916
1475718297828339712
1475718299182903298
1475718300659109888
1475718302588497922
1475718307135299584
1475718307718131716
1475718320439631875
1475718321010008064
1475718325963534339
1475718330925387779
1475718332196208641
1475718332812644353
1475718336960876549
1475718338714251266
1475718343885832193
1475718347148828675
1475718349094985729
1475718350236008452
1475718358842626049
1475718359262060545
1475718366199439361
1475718366748766210
1475718368569303040
1475718370045546496
1475718372595748867
1475718378769813506
1475718379528863750
1475718381521100803
1475718389603651586
1475718389842673665
1475718393395232769
1475718393290498049
1475718398084464642
1475718399816871940
1475718403713208325
1475718404585803778
1475718409937723392
1475718416329674754
1475718422013087744
1475718427163639808
1475718430036688904
1475718431538393093
1475718436726714368
1475718439595614210
1475718442267332610
1475718449678540801
1475718455508672517
1475718456645459970
1475718465336000515
1475718471421816832
1475718477516210177
1475718480179646470
1475718486987100162
1475718487859363840
1475718488211734528
1475718488593510401
1475718489054789643
1475718492120829952
1475718498349428739
1475718503571365891
1475718506628927490
1475718508663259140
1475718509237878787
1475718512102490114
1475718514149367811
1475718517085245443
1475718517215436808
1475718517848784896
1475718518599475202
1475718519362928642
1475718521506041860
1475718523238293506
1475718526048497665
1475718534760054784
1475718536672985088
1475718537507266561
1475718540896333826
1475718540938334212
1475718541509001217
1475718546256715776
1475718551306752001
1475718559422509057
1475718563533099010
1475718570273296389
1475718573561720833
1475718573880393731
1475718577051291648
1475718580700393472
1475718589198090240
1475718590980497413
1475718596911316993
1475718597829959680
1475718599709020163
1475718603139952642
1475718614166777858
1475718614095482886
1475718621091434496
1475718625847828484
1475718626363817989
1475718627693404160
1475718627773005826
1475718628309815296
1475718629471580162
1475718631791149056
1475718637310853126
1475718638481154056
1475718639311634437
1475718640100020224
1475718641081593856
1475718641115181058
1475718647242838017
1475718647222001664
1475718648056537092
1475718650359214080
1475718656361484288
1475718657812492288
1475718658211069953
1475718658278100993
1475718660991848448
1475718663709900806
1475718664741535747
1475718673339863040
1475718686925221888
1475718687864860678
1475718695867478018
1475718702003752960
1475718708089827330
1475718717334077441
1475718723868631045
1475718728402673669
1475718734186786818
1475718735491223553
1475718735549779968
1475718740138418184
1475718740276879361
1475718744097705986
1475718759952175105
1475718761172844546
1475718762557022208
1475718768609218560
1475718769917849600
1475718772090564611
1475718772245745664
1475718782102511625
1475718784119758848
1475718791124471809
1475718792562892800
1475718793355685894
1475718794110812165
1475718795620917252
1475718796308480000
1475718799290683395
1475718800083329029
1475718802805563396
1475718813299757056
1475718816768348161
1475718821407182850
1475718824624222211
1475718827224805376
1475718830932611079
1475718833709142020
1475718838398316547
1475718839212068864
1475718841913143298
1475718844425592833
1475718844392091648
1475718846010904580
1475718846459924480
1475718848598867968
1475718866718310405
1475718870841577473
1475718870916911104
1475718875132141568
1475718877145227266
1475718886410629130
1475718889107460097
1475718892186177537
1475718893004013569
1475718893478060033
1475718897936568320
1475718899274375172
1475718900188950529
1475718909252837377
1475718920371769345
1475718924591415297
1475718927623802883
1475718931755278336
1475718946368094208
1475718948599570432
1475718952047292421
1475718959747928066
1475718960171692036
1475718962931453955
1475718966647697411
1475718968216272899
1475718979989782529
1475718981931737090
1475718982829326337
1475718982879612930
1475718987879108608
1475718991649722368
1475718992891289602
1475718993604268033
1475718999770124291
1475719000512507907
1475719002290855937
1475719002710151168
1475719008280203265
1475719011279245314
1475719011803406337
1475719012227104773
1475719015481884676
1475719018036142088
1475719020334751744
1475719023421575169
1475719025355366400
1475719027557285888
1475719028299632640
1475719034238758914
1475719034226151426
1475719036797435907
1475719046343446532
1475719050047094788
1475719055717904385
1475719056716038146
1475719067545702402
1475719067759742980
1475719068925796355
1475719069248618497
1475719071949852674
1475719073698881541
1475719074940342273
1475719075527487494
1475719080124444673
1475719084859805696
1475719087305150469
1475719087569448960
1475719089238601730
1475719092741058567
1475719108406751233
1475719108876455940
1475719109295943681
1475719113859342337
1475719114563928065
1475719114828222468
1475719118980538369
1475719124055576576
1475719130238140421
1475719140258242562
1475719143169089537
1475719144414736385
1475719144519573505
1475719144851279879
1475719145874460681
1475719150777651203
1475719155147960320
1475719161540083717
1475719162819403778
1475719163985416193
1475719171434369030
1475719177365241856
1475719180771106819
1475719183623233537
1475719184948641793
1475719190032101378
1475719192171233280
1475719192804409353
1475719194029305857
1475719196730351618
1475719197376147456
1475719197632208897
1475719199326871554
1475719212257714177
1475719213138415621
1475719216477184002
1475719216468746240
1475719217701736449
1475719218788192261
1475719220117733381
1475719220797206529
1475719221246001153
1475719222043021315
1475719223494250497
1475719228309262336
1475719231412969472
1475719233682259969
1475719233925488641
1475719236492283905
1475719243773755393
1475719244633423874
1475719246994984961
1475719248219619333
1475719250950209538
1475719251503816706
1475719263029633026
1475719264057233411
1475719270663442432
1475719272055906304
1475719274287321088
1475719279098146818
1475719280058589186
1475719290217185283
1475719292196896768
1475719298681290752
1475719300837257222
1475719302955241473
1475719306771980288
1475719311876628480
1475719314691006466
1475719316402327553
1475719335666671624
1475719337990311937
1475719344659353601
1475719350292258818
1475719355061080065
1475719356063498240
1475719361490993159
1475719365571977222
1475719367857999872
1475719369728540673
1475719371578294274
1475719374052884483
1475719375000850433
1475719375399231490
1475719379056738306
1475719379799183361
1475719387743014912
1475719387827126277
1475719393715838977
1475719399411572738
1475719401500336130
1475719402305687555
1475719405682274304
1475719406109876227
1475719410124042248
1475719411977924608
1475719418542018565
1475719428713111553
1475719431460380683
1475719435403116544
1475719436610924545
1475719437529403395
1475719438242512897
1475719439047958534
1475719439995727880
1475719444127117312
1475719446404775936
1475719447893663746
1475719450435457025
1475719460887703553
1475719462078726150
1475719464515743745
1475719466260385792
1475719467363536897
1475719467283795969
1475719473524928519
1475719474263343104
1475719479296290816
1475719481813045252
1475719494198865924
1475719495347965952
1475719497323790339
1475719509403123712
1475719509361233920
1475719512087404545
1475719513727549441
1475719515736576002
1475719519364546565
1475719523739262978
1475719534329798657
1475719548925923331
1475719553502089220
1475719563459317761
1475719566714150913
1475719580001529858
1475719591322083336
1475719595541643265
1475719597034819586
1475719598871777280
1475719602340511746
1475719604009848832
1475719604185956355
1475719616341098498
1475719620220887040
1475719626801631234
1475719629876178944
1475719631465766914
1475719635202940933
1475719641922248707
1475719643750973441
1475719646137528322
1475719647118962690
1475719649341943809
1475719658678464514
1475719661845106690
1475719667754934274
1475719675841585154
1475719685949714432
1475719689661816832
1475719698201391104
1475719704719372292
1475719707307253763
1475719708313858055
1475719713594515456
1475719713749491712
1475719715842576390
1475719720536059911
1475719723933384707
1475719725619585025
1475719726139678721
1475719727309672448
1475719732758302720
1475719733471232004
1475719739490152450
1475719743550144516
1475719745920020485
1475719746897256453
1475719754082136066
1475719754115686401
1475719755239772160
1475719760549756930
1475719764546768901
1475719771320725507
1475719773010993154
1475719777444319236
1475719778211807232
1475719779747090435
1475719787657396225
1475719792199884801
1475719797811859456
1475719797853896705
1475719799883931649
1475719801796538369
1475719802593308672
1475719803201630209
1475719805059620868
1475719807353954306
1475719807718858757
1475719810050928641
1475719812097712133
1475719813628674051
1475719814387838976
1475719815415304193
1475719818301083651
1475719819190157317
1475719821966807041
1475719822759632897
1475719823183253507
1475719824588230659
1475719834386194433
1475719836638449666
1475719840291856387
1475719845597487105
1475719850987196416
1475719861175205893
1475719863918235648
1475719866157916167
1475719868942983169
1475719876287291392
1475719889570734088
1475719898991140867
1475719899813187587
1475719901960626177
1475719904800034826
1475719905152409603
1475719915415826439
1475719919509508098
1475719924421124098
1475719931933114369
1475719932612591616
1475719935057932290
1475719935556939777
1475719935959519232
1475719936051793925
1475719936320282626
1475719943685554183
1475719949842739200
1475719950379757569
1475719959674195969
1475719968205332482
1475719969166008334
1475719974245306369
1475719975763595266
1475719976686346245
1475719983086723076
1475719983162281984
1475719986022920195
1475719989587963906
1475719991341170691
1475719992784027652
1475719993748860928
1475719997251104768
1475719999394181121
1475720001709649923
1475720001986478081
1475720003974569984
1475720006247849989
1475720006981853184
1475720009351581699
1475720010601418753
1475720010664456195
1475720019216637959
1475720027361918976
1475720030620954624
1475720032969654272
1475720043400871944
1475720057766518788
1475720058164981765
1475720059381297157
1475720059620401152
1475720063336345602
1475720063877586945
1475720064540323840
1475720073981661184
1475720077974519812
1475720079601848321
1475720082840068100
1475720087310987267
1475720090842648577
1475720092633686019
1475720102561603585
1475720104348241923
1475720113743532039
1475720130801717249
1475720132932427780
1475720134488637440
1475720134660538368
1475720135323238400
1475720137466515458
1475720138905178112
1475720138972274688
1475720142613065730
1475720146295701504
1475720147080032258
1475720151093764097
1475720155246256129
1475720162133540870
1475720165891317761
1475720169209147394
1475720177623121926
1475720178478596099
1475720182156996610
1475720187295027202
1475720188976762882
1475720189215920129
1475720189652127747
1475720194534232065
1475720196665094148
1475720214339891205
1475720222732607494
1475720224594874370
1475720226633240576
1475720226952024067
1475720227530817539
1475720228302692358
1475720233352511493
1475720235315609600
1475720235353321474
1475720239396663297
1475720243179888642
1475720243016130561
1475720247126679565
1475720253325799424
1475720254219247618
1475720262993821697
1475720263396466692
1475720264184860675
1475720273529917441
1475720273781534722
1475720277053091842
1475720278672039936
1475720278772617216
1475720279087370241
1475720288230776832
1475720292995825664
1475720297185624067
1475720300264181761
1475720308866748418
1475720309118357507
1475720315141386243
1475720327980331008
1475720330052308992
1475720333273419778
1475720335882338304
1475720337396535298
1475720337602101256
1475720343411040257
1475720345797734400
1475720348247240706
1475720348318511105
1475720349811675138
1475720351246073857
1475720357663309824
1475720358598635522
1475720361316696065
1475720365334691847
1475720377540112388
1475720387765932036
1475720388227305476
1475720389946855425
1475720393205768192
1475720394749394946
1475720401787535360
1475720402089517059
1475720405184749571
1475720407818850308
1475720408888455169
1475720415272075270
1475720415934877699
1475720427230040066
1475720429767741441
1475720440568025091
1475720441201315844
1475720441411080192
1475720452979007493
1475720453201141762
1475720460600066051
1475720461287841798
1475720466279059458
1475720473920954369
1475720481202327552
1475720486831247361
1475720488684904451
1475720489054003201
1475720490958213123
1475720498084565003
1475720506112462848
1475720517458006024
1475720527385874434
1475720528229027847
1475720531177574406
1475720533366898688
1475720533467537408
1475720538462949379
1475720549766733824
1475720555680571397
1475720556519600129
1475720561049456644
1475720563154767874
1475720563817476096
1475720564425777153
1475720580766654469
1475720594461274112
1475720595274964997
1475720605081112583
1475720605311897600
1475720610173095938
1475720612534439938
1475720612811210752
1475720615063478281
1475720616548311043
1475720626237235200
1475720626279227392
1475720632469962753
1475720634785222656
1475720646315364353
1475720647263277056
1475720650316734464
1475720659397398532
1475720660076879872
1475720663386132481
1475720673242800128
1475720673989468160
1475720674966753281
1475720675470061569
1475720680930832384
1475720683971698692
1475720685544775684
1475720688992325633
1475720691341217794
1475720692020572160
1475720697695522818
1475720708755914752
1475720714447634436
1475720721850454021
1475720722148253699
1475720725310976004
1475720726569263104
1475720727525568513
1475720728443949059
1475720729362636805
1475720730914570240
1475720738002722817
1475720738413940736
1475720740913745921
1475720742503387137
1475720751093358592
1475720760219996161
1475720763395039233
1475720765089533953
1475720766993825793
1475720776586301448
1475720780478570497
1475720783242534913
1475720792184803329
1475720799134777345
1475720809029283840
1475720809381457921
1475720813504516102
1475720814519595017
1475720814980788225
1475720820794134529
1475720829824651264
1475720835981725696
1475720836921405442
1475720838544510981
1475720840092139524
1475720847813976064
1475720848841617412
1475720852159098880
1475720852754903042
1475720856189820928
1475720866067410948
1475720872115638275
1475720872426147840
1475720872874762241
1475720872921116673
1475720893334700033
1475720910388621314
1475720928294178816
1475720930383048704
1475720932513632258
1475720949609680897
1475720951216017408
1475720954277871616
1475720966198431746
1475720966420402176
1475720968886792197
1475720970706980866
1475720974087589889
1475720979171192834
1475720981712936970
1475720982585397252
1475720986339258379
1475720989484806144
1475720990000877568
1475720991737192448
1475720998167056386
1475720998422937601
1475720999282819076
1475721002441138176
1475721003573649408
1475721009512730632
1475721011446358016
1475721011425267712
1475721011706298368
1475721035324477444
1475721043037675520
1475721056316968962
1475721058254684160
1475721064948842498
1475721067079430150
1475721067939389440
1475721075799605249
1475721076474667008
1475721085555560449
1475721093029707776
1475721093172404225
1475721094669627394
1475721096385073154
1475721104467513345
1475721108812820483
1475721111744614400
1475721117717336066
1475721119852216320
1475721123710996480
1475721123891347461
1475721135073411072
1475721136071536640
1475721136931438595
1475721139313852419
1475721143168294912
1475721143893983236
1475721148436566021
1475721158720847875
1475721160759431168
1475721161854103553
1475721163435347973
1475721168699240449
1475721170741706755
1475721173929320450
1475721177842663424
1475721180011184129
1475721182615851010
1475721184985579520
1475721188609454081
1475721196293394432
1475721199141457927
1475721202199109632
1475721214068932611
1475721221866094593
1475721223157911555
1475721223959154691
1475721229759700993
1475721233031315457
1475721234868752386
1475721236781182976
1475721237443887104
1475721240686084098
1475721253075898371
1475721253302452229
1475721256947310594
1475721261884051456
1475721263977050118
1475721271153504257
1475721272227205125
1475721274395480067
1475721289356611586
1475721297518682113
1475721302837235712
1475721303067869185
1475721310667870212
1475721311334797312
1475721317227847681
1475721319543033858
1475721328141299712
1475721338836987908
1475721340749594629
1475721344998281218
1475721345967136771
1475721346445299715
1475721347112349697
1475721350631329797
1475721354980773889
1475721355597430784
1475721360211021826
1475721360659947520
1475721362916483075
1475721368306028544
1475721371334311936
1475721373167276032
1475721377529442306
1475721378015809537
1475721380486422528
1475721381232852995
1475721386283106305
1475721388187029505
1475721388719628290
1475721392972836867
1475721394281398275
1475721396529422339
1475721401378082816
1475721406734295041
1475721406738432000
1475721407636066306
1475721408634359809
1475721409636798464
1475721411125596161
1475721418411229187
1475721422211219458
1475721428586713089
1475721435805007874
1475721450208174080
1475721452355735552
1475721457086910466
1475721460530483201
1475721460719230976
1475721461109182464
1475721468566589441
1475721471209082881
1475721471301402626
1475721476217061380
1475721484106567682
1475721493925576705
1475721495028588548
1475721498597986304
1475721523654762499
1475721529602326528
1475721530554286082
1475721534845210627
1475721535264591875
1475721537542045696
1475721539643486210
1475721540025171977
1475721550087143424
1475721563483688965
1475721576591015936
1475721581028687876
1475721592478916614
1475721593573814273
1475721610120384513
1475721614201266178
1475721622350749696
1475721622678028295
1475721626184400900
1475721630479532036
1475721634921148418
1475721637894967296
1475721640654696448
1475721641388744707
1475721645000048640
1475721650494599171
1475721651505426433
1475721658480488450
1475721658912681987
1475721660653129728
1475721669360635905
1475721675538718721
1475721679540211716
1475721680551038981
1475721688381890560
1475721693469548544
1475721697470803972
1475721700469878787
1475721706039754753
1475721708992708609
1475721710120968199
1475721714562596865
1475721716730982400
1475721719276990467
1475721720891854850
1475721724092039168
1475721723987247105
1475721726436597760
1475721729766948865
1475721732195454977
1475721732434673664
1475721733818789899
1475721738122113025
1475721741582352386
1475721748561608708
1475721749971050496
1475721754022903808
1475721771294740482
1475721777775099905
1475721781126189057
1475721786532708352
1475721788600504323
1475721788839583744
1475721794980126721
1475721796800319490
1475721800327729164
1475721801606909956
1475721813078552582
1475721819558756354
1475721829289500676
1475721832259072001
1475721837594173442
1475721842757410817
1475721843411718144
1475721849715707910
1475721853855363073
1475721853901627394
1475721859203276801
1475721863875764226
1475721868569161732
1475721878895570944
1475721880803979267
1475721886059347968
1475721892644343817
1475721911002824704
1475721911699181571
1475721912143818753
1475721914005921795
1475721920863690755
1475721922474303493
1475721924332474371
1475721928425951235
1475721932418871298
1475721937091371010
1475721940887289860
1475721944041283586
1475721954699194372
1475721963641450497
1475721963888734208
1475721964622778369
1475721967529566211
1475721975821598721
1475721982683537414
1475721985195843587
1475721989071552515
1475721996503687168
1475722001436200961
1475722003491561477
1475722006733668354
1475722012945383426
1475722029399633921
1475722033442918400
1475722034474893313
1475722038363017217
1475722041831882755
1475722046059409414
1475722055538462720
1475722057606389761
1475722061381206022
1475722061884665856
1475722072257024001
1475722075272744962
1475722077986504704
1475722084219187201
1475722087704764420
1475722091332726784
1475722105027280896
1475722104972759043
1475722105941413889
1475722107992616963
1475722119640092672
1475722121015808003
1475722133661634563
1475722148006318080
1475722154960379908
1475722158638702592
1475722160022958080
1475722160329183237
1475722161050505221
1475722161419599882
1475722161528532997
1475722163672002562
1475722164196167682
1475722174837051396
1475722176137416705
1475722185067180036
1475722190691581952
1475722205237428226
1475722214192279553
1475722220941066244
1475722227521835017
1475722229233045512
1475722230252384259
1475722232072749057
1475722234450755585
1475722236443037697
1475722254637944832
1475722259440541696
1475722259956383746
1475722260438675456
1475722267829149696
1475722268449726467
1475722283213893632
1475722289471799299
1475722291338219524
1475722292852318209
1475722299479367683
1475722301807247361
1475722302243229696
1475722302805270529
1475722304801943557
1475722313739821057
1475722323227340800
1475722323860799489
1475722325131612160
1475722327602212866
1475722327841284096
1475722330844409859
1475722332509462531
1475722340843593731
1475722348133298177
1475722349525696514
1475722355057983490
1475722357591269377
1475722358400819201
1475722359407534081
1475722362112733186
1475722371801645059
1475722382396567552
1475722390965420033
1475722400775868418
1475722402088763393
1475722404554891265
1475722404764606467
1475722407826444290
1475722411106390020
1475722411614117889
1475722413711187969
1475722413732253696
1475722425258053637
1475722429456605189
1475722432883224577
1475722438050787333
1475722438780469249
1475722441225740288
1475722441808912384
1475722445151633413
1475722445814263809
1475722454995722241
1475722463124226050
1475722468153303040
1475722468430127112
1475722468929253376
1475722476810391552
1475722484485959680
1475722486927040514
1475722489640599558
1475722491473678337
1475722491637252100
1475722499300093955
1475722505599873024
1475722507411886081
1475722509538320385
1475722510272503808
1475722511920861187
1475722515922100229
1475722517679640579
1475722518094925824
1475722518434656259
1475722529411117058
1475722543596072960
1475722543973629953
1475722545433174016
1475722548084199425
1475722548885213185
1475722554656669702
1475722558377021442
1475722559350050817
1475722561577119749
1475722563472932865
1475722565486145539
1475722565511356416
1475722568434733057
1475722570020253698
1475722571538743297
1475722573325471745
1475722575380549635
1475722576227823619
1475722579050524674
1475722580531183616
1475722587678326786
1475722591130161157
1475722602157068290
1475722602811379715
1475722603633557504
1475722609627213825
1475722612038852609
1475722612227678209
1475722618602811393
1475722621685694467
1475722626026729475
1475722637028601859
1475722638739734528
1475722640606310402
1475722642460086273
1475722643873488896
1475722644838236164
1475722658801201153
1475722664530661381
1475722664689893379
1475722664861855746
1475722667550457859
1475722668053651456
1475722668322299910
1475722671421739008
1475722673145659392
1475722674236051458
1475722676505174017
1475722682230624260
1475722690233311233
1475722692078620672
1475722693198581760
1475722693660004355
1475722694121426944
1475722702753312770
1475722705571827718
1475722705915629571
1475722706062647296
1475722706532417536
1475722707346112517
1475722707887173634
1475722715164151808
1475722716493799426
1475722721963110401
1475722723607252994
1475722729328308224
1475722730649657349
1475722730573946883
1475722732981608451
1475722744549363713
1475722745040285696
1475722745371635714
1475722752589848576
1475722753286152192
1475722759594553346
1475722759556808704
1475722759737167873
1475722760177471489
1475722762689859587
1475722764652724228
1475722778221371397
1475722779655876613
1475722780758974467
1475722782394793988
1475722794197557249
1475722800015020041
1475722804792201217
1475722805874331648
1475722806683856896
1475722815672250368
1475722817911996418
1475722818734247942
1475722820474662912
1475722823683518470
1475722825164021760
1475722825684168710
1475722826468499462
1475722827038793728
1475722828653555716
1475722831333937156
1475722834307530753
1475722849008578563
1475722848895324160
1475722849071546372
1475722853211385857
1475722857422356481
1475722866960179202
1475722868881252359
1475722874627321857
1475722875092942849
1475722879027326983
1475722894307049473
1475722899537469442
1475722901215059969
1475722907233910787
1475722911000379392
1475722912204304384
1475722920349503493
1475722922001977346
1475722925370224640
1475722928612335618
1475722928679309312
1475722929061052416
1475722929832972293
1475722936870850562
1475722939349803009
1475722939395973120
1475722944835846145
1475722946362560518
1475722949240012808
1475722951815311360
1475722952805023744
1475722965832589316
1475722982274347013
1475722982916079626
1475722984614772738
1475722987240185856
1475722992432795648
1475722998921453568
1475723005762363393
1475723009453400064
1475723011428741122
1475723015971172353
1475723017292431361
1475723018584444928
1475723019125280769
1475723020488646659
1475723023877644289
1475723031675039749
1475723038045974531
1475723039127998465
1475723042823327746
1475723043871682561
1475723050037301249
1475723055280189445
1475723055750172677
1475723060825178117
1475723065422012423
1475723070472134660
1475723076176433152
1475723075974877185
1475723078697205761
1475723087555399680
1475723087609925641
1475723089019379714
1475723089975644163
1475723096187408386
1475723097147805697
1475723102093029378
1475723105528020994
1475723113706840068
1475723114549891073
1475723115456090117
1475723116777291784
1475723118647726080
1475723118798794754
1475723127699038209
1475723132606496771
1475723136612012032
1475723150616936448
1475723154475700225
1475723156614619138
1475723163694555136
