1372971133151109120
1372971136913391620
1372971183105318915
1372971203032387586
1372971212196876288
1372971214168322051
1372971234602983424
1372971236716863499
1372971243222142981
1372971293042089984
1372971389037207562
1372971416384110597
1372971432343334914
1372971443349286916
1372971449682694151
1372971453197414402
1372971461061787648
1372971464622628866
1372971543408615428
1372971557488885771
1372971561062391811
1372971569362927619
1372971599851356160
1372971606352523267
1372971622362189829
1372971629991624708
1372971645816746011
1372971688250515470
1372971701085036544
1372971736598077447
1372971780030267401
1372971792101441557
1372971821113483276
1372971865640214528
1372971928613453826
1372971946518982659
1372972059043708935
1372972097291522051
1372972122612596753
1372972130032357379
1372972141281427475
1372972159170121735
1372972181630631951
1372972189188767749
1372972193668284420
1372972232448872450
1372972243941269510
1372972253906927619
1372972285431324674
1372972334714396677
1372972342910070794
1372972346181570577
1372972350656950286
1372972360442150913
1372972373402652674
1372972379119480841
1372972394537754632
1372972462527422469
1372972477266157579
1372972484039995392
1372972512104095757
1372972520954077187
1372972530064052231
1372972532781973505
1372972559323529221
1372972592164917256
1372972595625271315
1372972602046697477
1372972635081076737
1372972670938144770
1372972685387522052
1372972698251366401
1372972699031498753
1372972704639373312
1372972710884745227
1372972729700392961
1372972749401026560
1372972804858085378
1372972820465131523
1372972865285394451
1372972873565016080
1372972938647965704
1372972986119118874
1372973021074456578
1372973036333326349
1372973036777963551
1372973135323090951
1372973143015321601
1372973187269529607
1372973212011794437
1372973254089056269
1372973276578906112
1372973322556821508
1372973373219860482
1372973379024777221
1372973391771103233
1372973425468264450
1372973448562155531
1372973476936622085
1372973516241391627
1372973584155619339
1372973651713163267
1372973689705132033
1372973692708392980
1372973715525341199
1372973717173592065
1372973738833117188
1372973746286387202
1372973763827019782
1372973838724653058
1372973851412475913
1372973854855938058
1372973855254454273
1372973857359986688
1372973878184603649
1372973931422957577
1372973945184468994
1372973991061774341
1372973991246372875
1372974036150583297
1372974048548896778
1372974053972148232
1372974054534082561
1372974059319791619
1372974142299967497
1372974228216090631
1372974288207249413
1372974297514438668
1372974301331259392
1372974326329208833
1372974519975956486
1372974523608358912
1372974568894238726
1372974575663919108
1372974609818075155
1372974614343733258
1372974618181439488
1372974630319833095
1372974689610575875
1372974697084719108
1372974697596514305
1372974710724644864
1372974730286747652
1372974747689046019
1372974761756786689
1372974776776556546
1372974805616582664
1372974810335215621
1372974837841399809
1372974851829473293
1372974891255824384
1372974932754362368
1372974934541041668
1372974976286949382
1372975036454166529
1372975038526291978
1372975038400491521
1372975111616262151
1372975119740530690
1372975127101575178
1372975199419838466
1372975227580395527
1372975256487358467
1372975264397934595
1372975337550741514
1372975346677596165
1372975400691757058
1372975479821631491
1372975501627645957
1372975607550730252
1372975614039318533
1372975634180403203
1372975643349106692
1372975648390713344
1372975659652423685
1372975679122341889
1372975711846293504
1372975728267038720
1372975744461197313
1372975778951012356
1372975891945558018
1372975950032334850
1372975952762970119
1372976051568148486
1372976178839969792
1372976238067818498
1372976285840855040
1372976293936046080
1372976300894261253
1372976361015439362
1372976368150011912
1372976427717554177
1372976432360620035
1372976455697637379
1372976461846577154
1372976502569103364
1372976512022974466
1372976527713787910
1372976528011763721
1372976530880614401
1372976561410957325
1372976609481920519
1372976610962509824
1372976633552977924
1372976740776116227
1372976762976661504
1372976792877764610
1372976892370956288
1372976911123582979
1372976915393351681
1372976929620508673
1372976977771175944
1372977002915844097
1372977009832427531
1372977014555164683
1372977048801660934
1372977200786513920
1372977209019936768
1372977275101122562
1372977276782997505
1372977282416050186
1372977337441083405
1372977406127046661
1372977408211554310
1372977443108175872
1372977448057442313
1372977463995867141
1372977519129952262
1372977528902680580
1372977532191002625
1372977537001742338
1372977563434385410
1372977622490226689
1372977673140633601
1372977721500958721
1372977764739977217
1372977772663033865
1372977775959740423
1372977812324384769
1372977838119325707
1372977846604476417
1372977922601013250
1372977928951246848
1372977980993990656
1372978013936222218
1372978016771567616
1372978060815953925
1372978107376865282
1372978124917460992
1372978127605927936
1372978129782910986
1372978162586488834
1372978180991156229
1372978185416114181
1372978213614407686
1372978333625970691
1372978352240295936
1372978418917183490
1372978438819229705
1372978450890362885
1372978518737436673
1372978524735340551
1372978541130842113
1372978550446362631
1372978580590764032
1372978583744954373
1372978593471590401
1372978600731938816
1372978601084194820
1372978615915270145
1372978621908807680
1372978630498914310
1372978634177253380
1372978638082224134
1372978657921269767
1372978670143479820
1372978725122420736
1372978753610129412
1372978806168911876
1372978816239374336
1372978847574990848
1372978847990362119
1372978932497182720
1372978932652204034
1372978933872857089
1372978953741348876
1372978959365722113
1372978965342720000
1372978976956747781
1372978978517090304
1372978987660685317
1372978990915411973
1372978996842000395
1372979053855088641
1372979058623934464
1372979207727366146
1372979217474985992
1372979295539372033
1372979344151212034
1372979361889067011
1372979373075267587
1372979410563956742
1372979483695792132
1372979494714105856
1372979508542853130
1372979537227743240
1372979540537004041
1372979541409464325
1372979599970332689
1372979679506935818
1372979706832809987
1372979713581453313
1372979724062953477
1372979866379956224
1372979869571813387
1372979881177448456
1372979920503238656
1372979991844171778
1372980003684511749
1372980029282476034
1372980084546670597
1372980087277125634
1372980095665766402
1372980111666974721
1372980133884264455
1372980154482429958
1372980158316081156
1372980201207042050
1372980207947292675
1372980228558090242
1372980237449920517
1372980242374086664
1372980261860864001
1372980297319469059
1372980302163902464
1372980355246944258
1372980359931949058
1372980390500048896
1372980400461643780
1372980410947399680
1372980411614306313
1372980434049630215
1372980501271572485
1372980501573734403
1372980517600120836
1372980521249222657
1372980564513406979
1372980566342176781
1372980576135868417
1372980577595449348
1372980664660750341
1372980667991142405
1372980758999142405
1372980785960091653
1372980852066500609
1372980869112102915
1372980900523298816
1372980911474679811
1372980921167712259
1372980973692932100
1372980978608668679
1372981022585929728
1372981053875486725
1372981072410112005
1372981079481724941
1372981097517223950
1372981149086085124
1372981181185105921
1372981198927060993
1372981240052248578
1372981257211109383
1372981261715783680
1372981325146247171
1372981375243014152
1372981394578665472
1372981448974630916
1372981495904796686
1372981507661336577
1372981516599504898
1372981521515094020
1372981540175687685
1372981574430507016
1372981635117842434
1372981648023711745
1372981661319766017
1372981661688864772
1372981674821234693
1372981704105717760
1372981749689507843
1372981755481882626
1372981823656095748
1372981843641831425
1372981844375920648
1372981958544818180
1372981976450224128
1372981977746313216
1372982001339297793
1372982012924035075
1372982018187931649
1372982020771606535
1372982023879499777
1372982038123352064
1372982061682749441
1372982063872180229
1372982072785113089
1372982134508384260
1372982170336120832
1372982204997976069
1372982226149724160
1372982228867764229
1372982406232301568
1372982429095432193
1372982432992014347
1372982453091074051
1372982486242881539
1372982492018401293
1372982499916226562
1372982507944218629
1372982510410403842
1372982528282267648
1372982533906923524
1372982534691295233
1372982541280501764
1372982563388719108
1372982581633896455
1372982597052215304
1372982601925849095
1372982620452220935
1372982637682429954
1372982680057491457
1372982686701211652
1372982724475170826
1372982728988237826
1372982924723826690
1372982926011297792
1372982959515566089
1372982980344385536
1372982981493678095
1372983001492168704
1372983006651064320
1372983092021923841
1372983096019193866
1372983106752421891
1372983148737392642
1372983182249885698
1372983240429043717
1372983286889287680
1372983329402859520
1372983351284408321
1372983368313372675
1372983414089994245
1372983417718009856
1372983453596192774
1372983454963535872
1372983466082635777
1372983501109129216
1372983589751623684
1372983645145853961
1372983660467601408
1372983709377441796
1372983719515021315
1372983735281360896
1372983758760992769
1372983785030094856
1372983788343496704
1372983792726589450
1372983809159888901
1372983835252682755
1372983837530021890
1372983854240260096
1372983862175875075
1372983864830869507
1372983865711550464
1372983889216552960
1372983894379749383
1372983942370840576
1372983947475439617
1372983990165110791
1372984010058592258
1372984026814935040
1372984049464131589
1372984050596651010
1372984055638196226
1372984078727790592
1372984080472494081
1372984112710090752
1372984129449435136
1372984194142412800
1372984199326629889
1372984237574488074
1372984314602823680
1372984373419606028
1372984378972725248
1372984381799817217
1372984422459305984
1372984425139478529
1372984443288309765
1372984452759060480
1372984555293003781
1372984608392941573
1372984613090512899
1372984614160060418
1372984616211030019
1372984631499309058
1372984646657576965
1372984666265882625
1372984687254241282
1372984740089827335
1372984758989250560
1372984813553119234
1372984832922386432
1372984841411641345
1372984843437547523
1372984908709163011
1372984921745203201
1372984923817136140
1372984925029240833
1372984981832798215
1372984991806758921
1372985025289801729
1372985030931218433
1372985041857482754
1372985071272132608
1372985088460341249
1372985095217365002
1372985111243849728
1372985123382173702
1372985130021707779
1372985138909437957
1372985223915311105
1372985238377410566
1372985254286225411
1372985273202716674
1372985283822637061
1372985330421358599
1372985376726343680
1372985418380103683
1372985446175629313
1372985462332170240
1372985465255694337
1372985470943043585
1372985472876617728
1372985556582473734
1372985585640558594
1372985667832180740
1372985689789304833
1372985735930916866
1372985736614543366
1372985836451459073
1372985874011496448
1372985889740238856
1372985898195951628
1372985923307200512
1372985925177860098
1372985935147659265
1372986043671138304
1372986054781894667
1372986092518060036
1372986103620243457
1372986126730883074
1372986185082081288
