1374012989930606601
1374013035476619264
1374013057475735557
1374013063825780737
1374013064387948546
1374013069576183808
1374013071312760834
1374013077872594949
1374013079172841476
1374013127851905026
1374013128917286924
1374013146864742400
1374013154733092870
1374013218805387267
1374013236484341763
1374013238686461953
1374013243409195013
1374013250342428676
1374013255581106177
1374013291530440710
1374013292193140737
1374013321326829569
1374013328842964992
1374013351450251266
1374013358601539589
1374013360715530240
1374013402742288391
1374013429854396422
1374013433151111169
1374013481956048896
1374013486716522499
1374013510053634058
1374013615716642820
1374013630551879685
1374013665679052800
1374013678710890499
1374013719282343939
1374013739255660547
1374013765046259723
1374013798265327621
1374013837423341573
1374013838153154563
1374013847787372551
1374013870738653186
1374013901323517956
1374013904074985475
1374013924279001094
1374013931681947648
1374013933313425412
1374013933900623872
1374013968130392075
1374014051253161990
1374014094790029322
1374014140528918536
1374014051253161990
1374014167083061253
1374014169226170372
1374014139467767810
1374014195725832197
1374014167020007426
1374014223731294208
1374014226218446849
1374014273614057474
1374014232539365380
1374014324998541320
1374014232539365380
1374014314709942273
1374014341767397378
1374014382116532229
1374014407609573387
1374014426030997511
1374014284615839748
1374014439968608258
1374014482662490117
1374014492674252801
1374014492904988673
1374014525167505413
1374014550496792579
1374014554334629890
1374014568779841539
1374014572194115584
1374014574215712776
1374014578237919235
1374014588199505927
1374014638627692544
1374014649885134848
1374014673297813510
1374014675717824516
1374014732470943751
1374014732492017665
1374014736338198539
1374014737097314305
1374014781594726400
1374014810577321987
1374014830949113858
1374014837114732545
1374014852130291712
1374014856760860674
1374014938532831234
1374014943616331779
1374014960339202048
1374014964759994371
1374015006682009600
1374015006807793665
1374015073283313664
1374015104296103944
1374015111644508164
1374015119596736512
1374015121182371840
1374015189037768704
1374015195228467207
1374015252476530692
1374015279529742338
1374015288841179142
1374015312937545728
1374015316263645192
1374015317727453186
1374015337046421507
1374015341790171147
1374015380180590594
1374015389710102534
1374015393812123648
1374015502528483334
1374015517246242821
1374015525521604611
1374015536259010561
1374015536439377926
1374015560296628226
1374015608174546946
1374015614742843396
1374015621734801411
1374015630463152128
1374015638428119041
1374015650205679620
1374015672406183939
1374015694375849985
1374015712939941893
1374015743172444161
1374015747635228675
1374015771962130442
1374015773530681346
1374015821853364224
1374015826148360196
1374015835711234054
1374015876010283012
1374015897225068550
1374015926232870914
1374016016787726342
1374016044403195904
1374016060349878279
1374016075340320769
1374016104281092100
1374016140150722564
1374016157443850240
1374016206462722050
1374016223013396484
1374016237706096649
1374016248497983489
1374016253216559106
1374016281272229894
1374016288046133249
1374016305779593221
1374016307071393797
1374016312326905858
1374016316198154241
1374016358560718855
1374016408389029898
1374016436113391617
1374016441712734211
1374016456342519808
1374016479230898177
1374016495521558536
1374016505541722120
1374016507475279874
1374016510839099398
1374016522851655681
1374016530875301888
1374016533756805122
1374016545152712709
1374016566552113155
1374016599204712453
1374016602551709698
1374016605324206081
1374016618070601731
1374016625125462016
1374016668922388480
1374016691315822605
1374016695820509191
1374016703739334656
1374016710030860290
1374016734802378754
1374016743706816518
1374016747691507713
1374016758701510668
1374016777672257541
1374016795464626176
1374016796328656901
1374016811595862018
1374016830214303746
1374016852523851783
1374016871947771914
1374016874900508675
1374016888452247553
1374016916096966664
1374016930621886466
1374016936758157316
1374017017691447303
1374017020371501060
1374017040923594764
1374017097500532739
1374017151166771201
1374017152076943366
1374017168170438666
1374017179348242441
1374017200852455430
1374017201058025480
1374017262605234178
1374017292024094725
1374017306511216644
1374017323175149568
1374017340912852995
1374017341340663818
1374017345937608708
1374017348957573120
1374017351729999875
1374017359128657923
1374017366913212429
1374017378766426115
1374017388065263617
1374017408181137414
1374017422844366848
1374017426812252174
1374017444562436097
1374017503945494528
1374017528071065602
1374017549550166017
1374017571222138882
1374017578134278144
1374017593900724224
1374017652146995206
1374017653862436871
1374017667795914755
1374017668685180932
1374017676671062017
1374017679279988739
1374017680873639940
1374017683335811072
1374017689962745861
1374017702898106371
1374017739174514695
1374017780987596807
1374017800516288512
1374017801569112068
1374017886415642630
1374017892086390799
1374017894011568137
1374017898210070530
1374017946096308225
1374017952350146568
1374018011464663040
1374018026492678146
1374018050169655306
1374018065566957573
1374018099868012548
1374018108957073410
1374018116540321795
1374018135846703105
1374018173335396357
1374018181950537735
1374018202016088064
1374018228956041220
1374018239185883138
1374018255317241861
1374018262141267985
1374018265668804611
1374018272971141121
1374018275047215104
1374018307385352196
1374018309394432004
1374018316939841538
1374018325949349891
1374018327757127684
1374018331024314377
1374018365929447426
1374018387823714306
1374018384090779649
1374018387844730880
1374018445587718148
1374018449060597770
1374018462859849728
1374018478043242506
1374018482338213891
1374018483697152000
1374018498507243526
1374018529779798019
1374018577053929480
1374018580254232580
1374018596830130177
1374018637758091264
1374018646595489794
1374018654275309572
1374018689364676611
1374018695106859008
1374018696516153347
1374018706561323010
1374018713754697734
1374018750899384325
1374018781928812548
1374018791970050052
1374018820793327625
1374018825855860740
1374018826598281223
1374018856562216966
1374018865882144768
1374018891513360387
1374018933569781763
1374018959272505344
1374018963601027079
1374018994395615238
1374019014612111371
1374019043175366656
1374019044735586304
1374019052675403781
1374019111777402890
1374019115850080257
1374019119734005763
1374019174121496583
1374019218551799814
1374019236096483331
1374019282456154113
1374019294141558795
1374019299975688195
1374019312629977091
1374019318833369093
1374019322637598723
1374019348134830084
1374019349766402051
1374019402904002563
1374019441365643265
1374019460726583301
1374019506675269633
1374019515294568454
1374019517463019521
1374019527806173195
1374019531241312257
1374019536245026834
1374019537339875329
1374019546768674817
1374019546743455749
1374019562400849921
1374019562405048321
1374019573184225285
1374019627915735043
1374019639169187844
1374019644646899715
1374019648505712648
1374019678478200832
1374019687114244097
1374019724149919747
1374019727215915016
1374019767443546116
1374019806547083267
1374019811676667909
1374019829485735937
1374019833826844673
1374019835194183691
1374019868987637763
1374019881767735298
1374019892970672133
1374019897014038528
1374019902730874881
1374019925728243717
1374019928735543296
1374019973753012225
1374019981059440644
1374019981365583873
1374019987514355719
1374020003767390210
1374020004820230147
1374020069295001602
1374020077624954888
1374020091180900357
1374020124555022337
1374020176329334787
1374020178346926085
1374020194666942464
1374020261528371205
1374020264556703745
1374020291794497543
1374020336128303118
1374020354729992193
1374020385788854279
1374020403547504640
1374020416327540737
1374020418521030656
1374020422858067969
1374020426150653955
1374020438867677187
1374020463555457024
1374020485797838851
1374020493087539206
1374020536926404611
1374020545105195017
1374020591712354304
1374020602282045445
1374020637367353350
1374020653364486147
1374020666152914944
1374020691834585095
1374020722826342400
1374020727830028288
1374020772038053888
1374020776219734022
1374020788043534336
1374020815407116290
1374020840547831809
1374020885502439431
1374020894989897728
1374020926275260418
1374020931178352640
1374020965949181955
1374021001567219717
1374021044026150922
1374021055992508424
1374021089219780616
1374021136657252356
1374021142256754697
1374021145704460290
1374021157830197254
1374021160938115081
1374021161458274309
1374021168693452802
1374021187316121601
1374021188901609473
1374021202193301506
1374021230907564035
1374021241917603854
1374021244362850306
1374021256316604420
1374021270426288135
1374021271759900673
1374021280563920896
1374021288579235847
1374021298473598978
1374021315837972480
1374021323874271234
1374021326697074690
1374021336893378563
1374021345202335745
1374021379654250499
1374021408641142786
1374021423296098306
1374021439200825349
1374021515247771651
1374021561057968129
1374021561779380225
1374021635636916225
1374021638795182083
1374021671384911879
1374021672567762955
1374021678787874816
1374021687189106689
1374021702921945091
1374021708856897537
1374021739546607616
1374021753320706048
1374021760430002177
1374021815295676419
1374021825261400072
1374021877430157312
1374021893938876418
1374021905552961544
1374021950826283011
1374021969763565572
1374021976885461000
1374021991544451075
1374022023329021960
1374022101817032708
1374022124885704708
1374022151355957258
1374022211288317955
1374022231114780675
1374022284654960641
1374022384332734468
1374022418155601935
1374022492034109441
1374022511130648578
1374022523109576705
1374022552243298313
1374022552423632900
1374022580131233801
1374022593859190787
1374022601572544516
1374022628680286210
1374022648217354244
1374022649874092036
1374022694094712836
1374022723878453250
1374022731939909633
1374022736985591813
1374022754035458051
1374022844053524484
1374022868229570560
1374022873455546372
1374022950169509894
1374022950639317000
1374022978376065027
1374022992016072704
1374022992087384072
1374022992355848199
1374023029081186311
1374023059514945539
1374023064975986694
1374023080645951490
1374023084953505792
1374023107736973312
1374023131854159884
1374023142650314757
1374023157099556870
1374023159431757830
1374023162325700609
1374023172010426371
1374023210677637120
1374023238653775873
1374023242571210752
1374023270262042626
1374023274783444994
1374023280747810818
1374023286074527744
1374023319628959744
1374023340566908932
1374023378596597761
1374023411643654156
1374023412214071308
1374023449790672905
1374023463766216706
1374023473094344705
1374023497241014278
1374023529402892293
1374023551091535873
1374023561816502281
1374023572117725186
1374023582758670340
1374023585220726784
1374023612357869571
1374023630061932547
1374023631458684935
1374023641596366858
1374023661808680960
1374023708327677955
1374023748580474880
1374023763176591360
1374023783095341067
1374023799826432002
1374023816364621826
1374023839609462785
1374023842419638285
1374023866809524227
1374023868373929995
1374023874573139977
1374023895351758848
1374023911667556354
1374023932928479233
1374024003925458944
1374024008312623105
1374024022040666117
1374024023047290880
1374024037307912202
1374024045994381314
1374024046942244872
1374024049240735744
1374024066328371214
1374024070157770752
1374024081650110467
1374024096908943363
1374024111161155598
1374024172461043715
1374024209547079681
1374024219642769413
1374024242929545216
1374024272797130753
1374024282624249860
1374024325767032836
1374024357316591617
1374024371304497158
1374024412232552454
1374024443098492928
1374024474916499460
1374024500724043778
1374024507749453828
1374024518419820554
1374024538762149890
1374024639043805184
1374024641312792577
1374024654046760960
1374024693431345153
1374024695683686415
1374024717091356674
1374024740579467264
1374024762436030466
1374024829385502729
1374024882229497861
1374024915343446017
1374024923182735367
1374024924084453382
1374024925732868102
1374024937036480516
1374024968074317828
1374024989012332551
1374024994653675529
1374025029881536512
1374025031743864832
1374025038198837248
1374025056142073861
1374025066221027330
1374025156608327682
1374025157275176961
1374025168771821569
1374025181157548043
1374025198274453504
1374025211465625600
1374025215823519753
1374025241203204098
1374025250288058370
1374025281376116736
1374025308953849856
1374025316763496450
1374025337240219651
1374025345146490881
1374025353190993922
1374025365040074752
1374025550105174021
1374025559626412036
1374025565095739400
1374025567025065984
1374025634612142081
1374025639049752576
1374025648558239749
1374025655994744834
1374025660826460160
1374025663221358593
1374025682280456192
1374025713498603529
1374025720276520963
1374025761745555457
1374025791676186632
1374025796818497539
1374025811523690496
1374025811985072140
1374025818784071682
1374025827340460039
1374025854553047041
1374025858378260480
1374025886413037568
1374025895858614283
1374026015501078533
1374026062896664579
1374026073256693764
1374026085550206980
1374026152671641609
1374026153493684226
1374026192232325128
1374026219302367238
1374026256912691202
1374026272691601410
1374026314240376835
1374026339485954059
1374026403121754117
1374026414744342531
1374026424127004682
1374026428434370563
1374026431613837324
1374026437410308096
1374026487553257472
1374026549557608455
1374026576451534860
1374026582734557189
1374026590976376838
1374026625642332164
1374026626577621001
1374026647083626501
1374026689001426945
1374026697654337538
1374026721209376775
1374026743154049027
1374026769280339971
1374026775022481412
1374026792395141120
1374026792571445253
1374026804248317960
1374026818651627522
1374026820023095297
1374026834950696967
1374026850427633665
1374026853795647494
1374026875715080193
1374026900805324800
1374026917465124865
1374026948901474307
1374026952760250373
1374026995168858116
1374027008087183372
1374027008406138880
1374027015620284421
1374027019030249476
1374027030728208393
1374027034201047045
1374027065222135811
1374027067164143617
1374027071840681992
1374027139129950220
1374027139910098945
1374027145605943298
1374027188039778306
1374027201520103425
1374027222202384384
1374027321892499458
1374027332424466433
1374027406357504001
1374027409989775367
1374027432844357633
1374027451035230208
1374027465920819205
1374027501467541514
1374027512955744256
1374027569834643461
1374027637987934216
1374027651762024448
1374027654605643779
1374027704278917127
1374027713720225798
1374027718187216896
1374027765318610951
1374027789154795521
1374027803054718978
1374027818166853637
1374027857295466497
1374027870880858114
1374027871627440129
1374027887154757635
1374027888450621441
1374027892070420481
1374027926413381634
1374028021385035780
1374028025730326532
1374028037797330951
1374028041312219136
1374028047326846981
1374028048027242500
