1376625185898389507
1376625188549361667
1376625213434179587
1376625224985231361
1376625226302291972
1376625226591637509
1376625240319606790
1376625240655155206
1376625245797277698
1376625246955012097
1376625253032558597
1376625256769728521
1376625277648912388
1376625293725741060
1376625307998941195
1376625323727552519
1376625332866928651
1376625341205254146
1376625342593531909
1376625361643958276
1376625361631477760
1376625366601699339
1376625376357670916
1376625381311193090
1376625385253781507
1376625409677217793
1376625420074946570
1376625433496674308
1376625434197073922
1376625435845476354
1376625436428501001
1376625445643427843
1376625446964625408
1376625495375237122
1376625499766730754
1376625512232189953
1376625514459303938
1376625517135269888
1376625520880672768
1376625530175381504
1376625553638236161
1376625554355539969
1376625597582036997
1376625599213494272
1376625601101070341
1376625602355097600
1376625602397081603
1376625621867040775
1376625627072135168
1376625629530103816
1376625634907152392
1376625665844391938
1376625676434956288
1376625681107451907
1376625685507244036
1376625690368483330
1376625707527380993
1376625718155689992
1376625731229396996
1376625738556837888
1376625744546258944
1376625748665118724
1376625761440911361
1376625778222366720
1376625779845521416
1376625792453578758
1376625801718857739
1376625831053828101
1376625836489461761
1376625836577677319
1376625850628591616
1376625855380787206
1376625857528262658
1376625882421460996
1376625896572997636
1376625911823532039
1376625934757937166
1376625945445011456
1376625957172285444
1376625958996828171
1376625962574622722
1376625977489494017
1376625992853245953
1376625993075601411
1376626008401477634
1376626014055399424
1376626032543940613
1376626033772859398
1376626042002100228
1376626054761156611
1376626088336621573
1376626090052096000
1376626103532584970
1376626122285322246
1376626142808006662
1376626154547908612
1376626162621939717
1376626163666231298
1376626164756852737
1376626170129743884
1376626170100391937
1376626178673496072
1376626188500656128
1376626188978946055
1376626210986418187
1376626237364441088
1376626281706569730
1376626285238181898
1376626285489704961
1376626289860341760
1376626308378157064
1376626339353092102
1376626344008777729
1376626358793744390
1376626358776950787
1376626366813179907
1376626369182973958
1376626371301097472
1376626380381822978
1376626383238139915
1376626391232487429
1376626396928348165
1376626397632884740
1376626421720735747
1376626437009080324
1376626451215228929
1376626478843056136
1376626478813753362
1376626488955572224
1376626490926788610
1376626498430509058
1376626512204607489
1376626522618925057
1376626530588106753
1376626531192168449
1376626542244167687
1376626560120279041
1376626566420168704
1376626571860148226
1376626572468178945
1376626580944982019
1376626582962454529
1376626590109601792
1376626599123161092
1376626606354132992
1376626619947843586
1376626631972954123
1376626649857466371
1376626674591272966
1376626694514171905
1376626709823389700
1376626713791234052
1376626714541924356
1376626714512662529
1376626731843473426
1376626735119208448
1376626737694568456
1376626745877520384
1376626746091446276
1376626753951707140
1376626767025299458
1376626780296126474
1376626805512224772
1376626812512505857
1376626829407219715
1376626830980042755
1376626834130022403
1376626836936011783
1376626837074378762
1376626848168284174
1376626861137129473
1376626878652502023
1376626889700302850
1376626894569869313
1376626903021391875
1376626911657480198
1376626913213513729
1376626913154842629
1376626918943043593
1376626943416623105
1376626955982757888
1376626958692323332
1376626982335700992
1376626986479681536
1376626999201042435
1376627032424120323
1376627034869395457
1376627047175426049
1376627051441061895
1376627058776944646
1376627062405001220
1376627062920912896
1376627078213304321
1376627082285965318
1376627087826685958
1376627088531275781
1376627109687406592
1376627114665893892
1376627116616282112
1376627134165348354
1376627151215202304
1376627161357037575
1376627169267421185
1376627173872766978
1376627175172960260
1376627222136684554
1376627240037982209
1376627256081186817
1376627258736185347
1376627277010763782
1376627296354889735
1376627299244773379
1376627333147295744
1376627333327679496
1376627340986437641
1376627348905283587
1376627349068861450
1376627355402178562
1376627362524172289
1376627363237273607
1376627367095980037
1376627367293124609
1376627387715100672
1376627392274399233
1376627393167769600
1376627421240291331
1376627429909753858
1376627430400667648
1376627430551601157
1376627451015483396
1376627461107159040
1376627465263648776
1376627483076886534
1376627484414861317
1376627486113546246
1376627489649266688
1376627503020834818
1376627514890674181
1376627515486310401
1376627517730254850
1376627518476742656
1376627528232804354
1376627528178229248
1376627529558208514
1376627536348786689
1376627559488581635
1376627568661704706
1376627582737731586
1376627590769836042
1376627596616593409
1376627602102816768
1376627604661280771
1376627609556029442
1376627618087231489
1376627620037672965
1376627621287620616
1376627622172495872
1376627623665733640
1376627639713206274
1376627643081089027
1376627655383060480
1376627669903679488
1376627670025261058
1376627671283679239
1376627679282278401
1376627679273836547
1376627681148698624
1376627691974131712
1376627695421902856
1376627720721944588
1376627760043593731
1376627762929225730
1376627763570995208
1376627771636600842
1376627778515263493
1376627785569955842
1376627795305111552
1376627796831838213
1376627798681485317
1376627799902068743
1376627802506674179
1376627809083392002
1376627818528923654
1376627830172291075
1376627830923091970
1376627834777649155
1376627837873098754
1376627843401138177
1376627844017700865
1376627844726538240
1376627860660715526
1376627863563206664
1376627864255279106
1376627868852101126
1376627870370471939
1376627883884482562
1376627906814881794
1376627910262595584
1376627914662277123
1376627915840962563
1376627920140177418
1376627943900803072
1376627953669312513
1376627953510064130
1376627972946427904
1376627974124998667
1376627994702270468
1376627996568784900
1376628014755221512
1376628026260209667
1376628036691451908
1376628039883317258
1376628047202385923
1376628098519592962
1376628107495497736
1376628110465118209
1376628111530332165
1376628117318594561
1376628121269465088
1376628122892787718
1376628125514276877
1376628138151657472
1376628167897718784
1376628177360068614
1376628181613088772
1376628189334708224
1376628191100555267
1376628193235496961
1376628202190299140
1376628202949513233
1376628203498913792
1376628210922790913
1376628219344904192
1376628235660886016
1376628236105379841
1376628242099154949
1376628244494057479
1376628252459024385
1376628256808562688
1376628261136953345
1376628264198762496
1376628270393925636
1376628270859350021
1376628289767309313
1376628305852514304
1376628307769233410
1376628326102622210
1376628354363879433
1376628366149832715
1376628375826010115
1376628377449291780
1376628401142968324
1376628412933083137
1376628419224428544
1376628439793422342
1376628460873990146
1376628465663934478
1376628469484941312
1376628472324427783
1376628474740408332
1376628488556404746
1376628491827904512
1376628503068696577
1376628531745132552
1376628539135557637
1376628542860066820
1376628547368972289
1376628547641614339
1376628564003594249
1376628568894156802
1376628574493368321
1376628592491311107
1376628596387811328
1376628598774374407
1376628605338419209
1376628607020380165
1376628613290819585
1376628616147111939
1376628619712229378
1376628626557448195
1376628628092559383
1376628664587128840
1376628665497309185
1376628676054372358
1376628677455319042
1376628687718649861
1376628687781699590
1376628690499608584
1376628695801196549
1376628701471907845
1376628712494354432
1376628734367838209
1376628754554875904
1376628754554871812
1376628764122157064
1376628765200113669
1376628778286211072
1376628782983942146
1376628788201668617
1376628795289968641
1376628799840911360
1376628802458058752
1376628808120422404
1376628845856518147
1376628858322100235
1376628860066750464
1376628863980175366
1376628876890243080
1376628880006656011
1376628881780699138
1376628883622129668
1376628894518943747
1376628896624349184
1376628898528657416
1376628907609296898
1376628913447780359
1376628919374258178
1376628921496698888
1376628932041183236
1376628945819480070
1376628955629842434
1376628958402347010
1376628959283179530
1376628959878676480
1376628967843766279
1376628971043966984
1376629001519820800
1376629011560947715
1376629019941146625
1376629038630887424
1376629041093087241
1376629049657802754
1376629066162446338
1376629073074515969
1376629073229713410
1376629074966241281
1376629075846987778
1376629083983900672
1376629085011468290
1376629101025320960
1376629138350600193
1376629138488971273
1376629140728786945
1376629143526379526
1376629162111344645
1376629164900409344
1376629178259415054
1376629178385203203
1376629183854469121
1376629204679278598
1376629207162253313
1376629213722185728
1376629215068557312
1376629224824520708
1376629228985331716
1376629230839140358
1376629241035415556
1376629252351782916
1376629254566346754
1376629275823050754
1376629277022687249
1376629302096187400
1376629302477869060
1376629307926274048
1376629309499129856
1376629323784986628
1376629326175690761
1376629338049773576
1376629339484196864
1376629352729882633
1376629379120443399
1376629389295771653
1376629418274254855
1376629418798542860
1376629419087966212
1376629429699510273
1376629433734414339
1376629434804019206
1376629438729740290
1376629450209697796
1376629460099768326
1376629473395769350
1376629473647468546
1376629482744860673
1376629487148933127
1376629494253940738
1376629501153644557
1376629518656495624
1376629524700479488
1376629543725850626
1376629562663133189
1376629565011992580
1376629585622695939
1376629598461468673
1376629619852460038
1376629621303676939
1376629637971853313
1376629652417085447
1376629653159477253
1376629658423332864
1376629660981813251
1376629666694406144
1376629686164467718
1376629694695677954
1376629702803259397
1376629707773505541
1376629711598538753
1376629742951092227
1376629743307653120
1376629747522928640
1376629747585847299
1376629765688426502
1376629767814926339
1376629772831268864
1376629773036883976
1376629784441192454
1376629785510694914
1376629794914328580
1376629798626324482
1376629804175400964
1376629804691296260
1376629805928476675
1376629806394003457
1376629813176377344
1376629818939310082
1376629829919997960
1376629845652865030
1376629861842817025
1376629864472662020
1376629889147801601
1376629923918450690
1376629925147521034
1376629931250176001
1376629956105605123
1376629964439752708
1376629979308523520
1376629988275974144
1376629999994859524
1376630010480627714
1376630012208508930
1376630017501888513
1376630017711599629
1376630023302619140
1376630045691805696
1376630046522286080
1376630079153975302
1376630083360710656
1376630093901090826
1376630094857433090
1376630105494130690
1376630111273820162
1376630117267542028
1376630119951917062
1376630123475173378
1376630128416030721
1376630133696516098
1376630157901971461
1376630158170468360
1376630162654175236
1376630163946016779
1376630198079270916
1376630200151195653
1376630211257765897
1376630216488067072
1376630251585990673
1376630254832340994
1376630261014728704
1376630263153897472
1376630267989913611
1376630273555771396
1376630280761511942
1376630283072602125
1376630308502659073
1376630325921644546
1376630326278168588
1376630361376055303
1376630370104393735
1376630382439903242
1376630409224544256
1376630420662579204
1376630424244527108
1376630424944922625
1376630427037863942
1376630439889227779
1376630442061930498
1376630450618253323
1376630454036615171
1376630474362167296
1376630482889236485
1376630485804277767
1376630487356162055
1376630508906496001
1376630513570476032
1376630513977454595
1376630517802659845
1376630520822517760
1376630526199627779
1376630537616388099
1376630540988788742
1376630540216979457
1376630547406012423
1376630554112712710
1376630571527516160
1376630574123679746
1376630583124754444
1376630586446503937
1376630618411331585
1376630621544517632
1376630631061467144
1376630636249821188
1376630638686654470
1376630641903730692
1376630647847026692
1376630647918370817
1376630648518098949
1376630650590101507
1376630650686603273
1376630667887403011
1376630685386031104
1376630728704806917
1376630753694519296
1376630755359653897
1376630793360060422
1376630827920977923
1376630850150879238
1376630856983457793
1376630864512221186
1376630878164680715
1376630880303599622
1376630891812847616
1376630896388792321
1376630922922008579
1376630924482330627
1376630932090859525
1376630938063503365
1376630959999750147
1376630975485124619
1376630980266631171
1376630988042874880
1376630989657542656
1376630991133962244
1376630996783788037
1376631003427520517
1376631005507956741
1376631027305693191
1376631043894173697
1376631064567894022
1376631080879546378
1376631090513776642
1376631145887002626
1376631156829917186
1376631160613244947
1376631163045941257
1376631168997675009
1376631176136290305
1376631181974900741
1376631202791223298
1376631220575088641
1376631223808897025
1376631224135991300
1376631231794839557
1376631236001726468
1376631245258452992
1376631257870782467
1376631259418533888
1376631264644526081
1376631265214930946
1376631286601748481
1376631296093528071
1376631300648361984
1376631302363942924
1376631302770806784
1376631314678476801
1376631316834353152
1376631336274956288
1376631338145513472
1376631348224479242
1376631355522490372
1376631383452450822
1376631384417112064
1376631402096029699
1376631405795545094
1376631419347234819
1376631421880606721
1376631430244098048
1376631437424746496
1376631454050959360
1376631456496238593
1376631457725177856
1376631457922301953
1376631468949114882
1376631480345038850
1376631488846815232
1376631490361057285
1376631507071209488
1376631562314395657
1376631564394758149
1376631570694479874
1376631586242899973
1376631593025081347
1376631623341461504
1376631629242830852
1376631632959000581
1376631651460030465
1376631659051810816
1376631661245390850
1376631663954911234
1376631670590353409
1376631687229042691
1376631697417064451
1376631701577871365
1376631708892676098
1376631715645378560
1376631724549885953
1376631739380985856
1376631752471547914
1376631761040474117
1376631763968126981
1376631779482816514
1376631783844835328
1376631789108801541
1376631791059144704
1376631802723467269
1376631804598349843
1376631805655257096
1376631812915560451
1376631819362299908
1376631822398988290
1376631822818406400
1376631832284905475
1376631857270423553
1376631876526424065
1376631879307235333
1376631886613725187
1376631903764238336
1376631918616281091
1376631930029010945
1376631932960792576
1376631933132754953
1376631944344035330
1376631959229718532
1376631961989570570
1376631966704017415
1376631970243940357
1376631982789120003
1376631995384561664
1376631996307402753
1376631998786240518
1376632002703732739
1376632006122086406
1376632043480694792
1376632047314345986
1376632048258023425
1376632048929144833
1376632081871208449
1376632135092633603
1376632139979046923
1376632148610928640
1376632174305292294
1376632176020750349
1376632183109001217
1376632205246660618
1376632208488796168
1376632216487346181
1376632218135711750
1376632220295684096
1376632235093295109
1376632237672656896
1376632261177671680
1376632294388068353
1376632295000571908
1376632295176671233
1376632298649477122
1376632305179975689
1376632325606416387
1376632337723752460
1376632346389184514
1376632366353981441
1376632369369653251
1376632374264528901
1376632378702098434
1376632408787853312
1376632410234839042
1376632419688796160
1376632428618473483
1376632441251766284
1376632443478929416
1376632445894860806
1376632447270584332
1376632454744657920
1376632459715022850
1376632466199433222
1376632485463924742
1376632495014350848
1376632497463816203
1376632501435830276
1376632520683397121
1376632522025631748
1376632526614171655
1376632540677701633
1376632563553406980
1376632583925161988
1376632602753437708
1376632611217547275
1376632640598577153
1376632648219684875
1376632652032270339
1376632687331405825
1376632692243058688
1376632694558359561
1376632699495006209
1376632700057100293
1376632703869616133
1376632711717195776
1376632734639136781
1376632735125532672
1376632747003846659
1376632750757789708
1376632765316268035
1376632779509751816
1376632781296476164
1376632799747309575
1376632815316520965
1376632824065835013
1376632833326866437
1376632849151844354
1376632858886963207
1376632865732055050
1376632865945964548
1376632897009025024
1376632899294879748
1376632920648089601
1376632945100914693
1376632954751946761
1376632968819642373
1376632980584685570
1376632987350147072
1376633016437596162
1376633036129890310
1376633038256373772
1376633060419112960
1376633085320593408
1376633108255010818
1376633109962240005
1376633110507364354
1376633131931942913
1376633135031406596
1376633139020320779
1376633139288809474
1376633167931641856
1376633180107595777
1376633183991558144
1376633195228188681
1376633219261456385
1376633228891656192
1376633253453529091
1376633261070282752
1376633279089152003
1376633279143612422
1376633285363765255
1376633305668407305
1376633318066810880
1376633326526554114
1376633347145932802
1376633364644528130
1376633365525315587
1376633369635794947
1376633377630130179
1376633393153183747
1376633403290886145
1376633415538155525
1376633422802776074
1376633424350429194
1376633427357798405
1376633431468109824
1376633433502388225
1376633440095903751
1376633448908095501
1376633457896534018
1376633463923744779
1376633467400818688
1376633480130465799
1376633486833020929
1376633490234572800
1376633507242512391
1376633507347324928
1376633508198776832
1376633540591316992
1376633543825182724
1376633547310522368
1376633559981694981
1376633584623161356
1376633590746906633
1376633602411266048
1376633609331875852
1376633617091153922
1376633626557825029
1376633629221117953
1376633657042087936
1376633674993647616
1376633687207448580
1376633690428596226
1376633721495900166
1376633729381244932
1376633735840337920
1376633739401383941
1376633769101254658
1376633792249655296
1376633793612685313
1376633827687272449
1376633867600289799
1376633873006747656
1376633885539336192
1376633896444571649
1376633917365706752
1376633920393994248
1376633931848630276
1376633968586584073
1376633996914872327
1376634016099491843
1376634018012270595
1376634020512038922
1376634032553885707
1376634042586705921
1376634046990651397
1376634047275929601
1376634047712092162
1376634048026701824
1376634050895519746
1376634074501107718
1376634075566456832
1376634080389906440
1376634093467619329
1376634099717259264
1376634104305872896
1376634104578502659
1376634110068760576
1376634111272513536
1376634136367095813
1376634140578177026
1376634157606952961
1376634191308328971
1376634201072631813
1376634224611057665
1376634233339342850
1376634234341888011
1376634236644552705
1376634238422843394
1376634239962251265
1376634259591589893
1376634275005558785
1376634283247300610
1376634307515543553
1376634308006305792
1376634310686564353
1376634324016054277
1376634324091551747
1376634331536449540
1376634359785127936
1376634370275033091
1376634373886386189
1376634379322195969
1376634382140665859
1376634389778591748
1376634397835853826
1376634397764554755
1376634419742535686
1376634429951594498
1376634432434675723
1376634436989632513
1376634437790801928
1376634448951836673
1376634463803817991
1376634468828610572
1376634496754270219
1376634507831427080
1376634510062804997
1376634514760433664
1376634519294476291
1376634521244864520
1376634540911951873
1376634546091794432
1376634561635905536
1376634563980582919
1376634563728830465
1376634568644689931
1376634597757358085
1376634606833778699
1376634617520824321
1376634626702254082
1376634650580291584
1376634654523031562
1376634662232190978
1376634699548925956
1376634730045562883
1376634733262692356
1376634738425872385
1376634756696248322
1376634763771924481
1376634771212804098
1376634776497573888
1376634813344587791
1376634815898783744
1376634822274252812
1376634830700605440
1376634831719780352
1376634856139063298
1376634872844931083
1376634895338926082
1376634895926190087
1376634912451743744
1376634916079861764
1376634930378072064
1376634941828644872
1376634947591667719
1376634951349768199
1376634967028080649
1376634967552368640
1376634978260418566
1376634981808701440
1376634989157081088
1376635021033885697
1376635031649718274
1376635049173516288
1376635051174195200
1376635060896555014
1376635081016537090
1376635081486430214
1376635091712024577
1376635095424110596
1376635098490142720
1376635099198947332
1376635121734983686
1376635123093934084
1376635127535648775
1376635130425573376
1376635139179089923
1376635140395401220
1376635142173769734
1376635150830764032
1376635157944414209
1376635187480690689
1376635201871212545
1376635202357891083
1376635218967298059
1376635223853703171
1376635234066837505
1376635286613065731
1376635291029499905
1376635330909118465
1376635340006453249
1376635376224321543
1376635376656343058
1376635377767886849
1376635411062218755
1376635423120879618
1376635448425086991
1376635466515148801
1376635479467118602
1376635489558618116
1376635512774144002
1376635525067636739
1376635529840766981
1376635533275717638
1376635545087016961
1376635548039671809
1376635551827247107
1376635552791990273
1376635554675236866
1376635559632855043
1376635560991862784
1376635579476152326
1376635583305555973
1376635587336278025
1376635609251516416
1376635619313614859
1376635630197817346
1376635676779806724
1376635678814003205
1376635683150893064
1376635684300148738
1376635689547128832
1376635695763230723
1376635699827458056
1376635705561071616
1376635705909260290
1376635710032072708
1376635723781128206
1376635740910682113
1376635741493555203
1376635745457278984
1376635760271572993
1376635771986268162
1376635794778120193
1376635800419364864
1376635814860443649
1376635821642682368
1376635854014255116
1376635859680731138
1376635871949168645
1376635883949076494
1376635890622214147
1376635894409609224
1376635894657130500
1376635911434305540
1376635915787964417
1376635930442924046
1376635955629658116
1376635955969413131
1376635965867982848
1376635966333550593
1376635966480379905
1376635974785044484
1376635976278278144
1376635977914023937
1376635992745111552
1376636001511211008
1376636023267004429
1376636025125097478
1376636026043572225
1376636037380894720
1376636093982969862
1376636114694459393
1376636115625652227
1376636121459929088
1376636142574051329
1376636153424666631
1376636168310288387
1376636193606094848
1376636213239508992
1376636224782340096
1376636233024217091
1376636242549473280
1376636243409170436
1376636245405802498
1376636254142394368
1376636263927664641
1376636268466081795
1376636277529972751
1376636282634387461
1376636302800588805
1376636303975022593
1376636325403750405
1376636328637571076
1376636335457374209
1376636337999245325
1376636339366547460
1376636346954055687
1376636359302115331
1376636361587879938
1376636362741452803
1376636365513842691
1376636367476826115
1376636379744989185
1376636385780764678
1376636390037917703
1376636391786835970
1376636391879237636
1376636392537751552
1376636394236481539
1376636403182804995
1376636412611682312
1376636434854125568
1376636436930301953
1376636439635578884
1376636452411334658
1376636456639344643
1376636458342051841
1376636458677768198
1376636467091476480
1376636481830326275
1376636481800839169
1376636483440893953
1376636483671625728
1376636507889483786
1376636508807983106
1376636513568448515
1376636518786330629
1376636527225270279
1376636530291249157
1376636544660963330
1376636546414219268
1376636551942246402
1376636553355747335
1376636559903109124
1376636565837914117
1376636575984009220
1376636576151732224
1376636577607254022
1376636588894134276
1376636594120237060
1376636596494163972
1376636597525999617
1376636615574061057
1376636640534392839
1376636644158287872
1376636646712606720
1376636651527663624
1376636656569159685
1376636669600874504
1376636673359020038
1376636681076412416
1376636685748944903
1376636687233777667
1376636701045571585
1376636706162622479
1376636719014027270
1376636727419404288
1376636729076064257
1376636733350158343
1376636733777981442
1376636745731686411
1376636750605344777
1376636764375367682
1376636770683650054
1376636771153379331
1376636785359486977
1376636785913069569
1376636805567680520
1376636806318469120
1376636815646601216
1376636824513343490
1376636826392363009
1376636835833729025
1376636836701827076
1376636840837574658
1376636853059784710
1376636860177526805
1376636861741985796
1376636863763595269
1376636890263089154
1376636893228597256
1376636912165908485
1376636916834004992
1376636920562917383
1376636926472511489
1376636928427225090
1376636939223371776
1376636939621822464
1376636945913155584
1376636948333404160
1376636949809790978
1376636967207759883
1376636976720400385
1376636993594085379
1376637008173527044
1376637009649934340
1376637042323554306
1376637048866607105
1376637050460463115
1376637054486913024
1376637056709890048
1376637060942069770
1376637075378864128
1376637097835122694
1376637106349604865
1376637115077890048
1376637117149892608
1376637121172275211
1376637132006162433
1376637138884759554
1376637140671545349
1376637167909363713
1376637182744625155
1376637193800847360
1376637194807484425
1376637209915318275
1376637211182006272
1376637217792258056
1376637232488931330
1376637263933800454
1376637300294131712
1376637345278033922
1376637350822830081
1376637352236355585
1376637359924473857
1376637369839976450
1376637381944741888
1376637401620041730
1376637411669770241
1376637456120832001
1376637477658583041
1376637491386585088
1376637492158459906
1376637522357420032
1376637527491276800
1376637538505461764
1376637550345904129
1376637574156972034
1376637591861260289
1376637618323005440
1376637637688233990
1376637640905121792
1376637641836228608
1376637643027517448
1376637652888338439
1376637668856102927
1376637679513833475
1376637688892170240
1376637700581830658
1376637705698873348
1376637708655792139
1376637731795779594
1376637739777527816
1376637745313972225
1376637746941399045
1376637755506225154
1376637778360930308
1376637797243744265
1376637811709726722
1376637825668407296
1376637843565580291
1376637854797938691
1376637858610487296
1376637864167886850
1376637867003310081
1376637883990355972
1376637885210845185
1376637914386472969
1376637927820775425
1376637937220210689
1376637938050740225
1376637946879696898
1376637966697824257
1376637967385690115
1376637973479972866
1376637978546692098
1376637995403640833
1376638006522736640
1376638046024699912
1376638056887844865
1376638081319776256
1376638099883749377
1376638103037825026
1376638105797726209
1376638107550814212
1376638113997537280
1376638117512417284
1376638128870592520
1376638128929316864
1376638137498226688
1376638145060556801
1376638145442283521
1376638160613089290
1376638162206916610
1376638172889759754
1376638177901940736
1376638199758417921
1376638215910612992
1376638229294759938
1376638234055303174
1376638235787603978
1376638236618067973
1376638239033815044
1376638242871738371
1376638244176138243
1376638244859826177
1376638249289068547
1376638251096702976
1376638278594670599
1376638280771440647
1376638284403720193
1376638290841923588
1376638301571063815
1376638315512922112
1376638316028833794
1376638316741791749
1376638333359644679
1376638412057362433
1376638413244399622
1376638421331021829
1376638433863598080
1376638441551622144
1376638451370635271
1376638467321384962
1376638485688373250
1376638486170701827
1376638487718457349
1376638492537540611
1376638516143214592
1376638526608052232
1376638530324205572
1376638530923982848
1376638534233243651
1376638594354454528
1376638598926098433
1376638613207715841
1376638616919756808
1376638617876111363
1376638619872530433
1376638628265398275
1376638630630854658
1376638633403428864
1376638640995074053
1376638641871716354
1376638651841437696
1376638656648208394
1376638660662153217
1376638691137961987
1376638701934022658
1376638720347156481
1376638720863051776
1376638723387969545
1376638736155348994
1376638750873112577
1376638751686815744
1376638752894902275
1376638754513952768
1376638776894717958
1376638780791259144
1376638784687767563
1376638791704797189
1376638805415956486
1376638837334609920
1376638861334429701
1376638900026941442
1376638905609519106
1376638905949245441
1376638956268314633
1376638966401744899
1376638991190130690
1376638991576002565
1376638992733646852
1376638993798946817
1376638994478292992
1376639021816950786
1376639032759885825
1376639044809977856
1376639045560901636
1376639050833092609
1376639056805822465
1376639060844875783
1376639072907722756
1376639078846894082
1376639078859431942
1376639081216626688
1376639136975704071
1376639162120560646
1376639173428457477
1376639216130605061
1376639242043031554
1376639249412464644
1376639258065317888
1376639264113430528
1376639267687047172
1376639274251075590
1376639288750837763
1376639319901880327
1376639328739336197
1376639358208507904
1376639370220904454
1376639429553496067
1376639435547230211
1376639437719932928
1376639439938666500
1376639458045480969
1376639484343635971
1376639504727957505
1376639557559484419
1376639591835394049
1376639595178246148
1376639607463313408
1376639613985505280
1376639615210250244
1376639618255323137
1376639628975992833
1376639631412899840
1376639637419089920
1376639649129504773
1376639649494544384
1376639662022856711
1376639673586622477
1376639680486068224
1376639720957091844
1376639728854831105
1376639733720178690
1376639736794771456
1376639744784891907
1376639752678555650
1376639754142375936
1376639754280824838
1376639764414226440
1376639778578309120
1376639803547078657
1376639803731632144
1376639807640625153
1376639815643328516
1376639834458968068
1376639838066249728
1376639857829761026
1376639857859133444
1376639863068459011
1376639864381181953
1376639865027182598
1376639867736707073
1376639876905451524
1376639898917163009
1376639904185212931
1376639916814307334
1376639926238859276
1376639950255439878
1376639965078069249
1376639967544365065
1376639968978812929
1376639976834670592
1376639977849774081
1376639986775289861
1376639994668941320
1376640012012359682
1376640033386496000
1376640037052289024
1376640037534621696
1376640045839486980
1376640071886020611
1376640075941961729
1376640088176787473
1376640095244148738
1376640101564837888
1376640115745906695
1376640118191177732
1376640119646515200
1376640130824347649
1376640134972497922
1376640138344685573
1376640140819451910
1376640141125578753
1376640177192497153
1376640195999698944
1376640227784192001
1376640248524967941
1376640270809305094
1376640271186853889
