1369649242105581572
1369649251517599744
1369649282056413190
1369649377254506499
1369649379288694786
1369649390235844609
1369649404991397889
1369649415787601928
1369649461023158272
1369649481315094533
1369649514970308612
1369649586512539656
1369649599611297793
1369649625125228551
1369649711683149827
1369649721241964548
1369649793585324037
1369649869078605825
1369650016911036426
1369650040390758400
1369650053896433670
1369650082698715138
1369650097152286723
1369650106216177664
1369650115263270912
1369650126730461187
1369650133055512576
1369650138935877633
1369650170498023429
1369650223371481092
1369650226659737605
1369650251104141313
1369650287829544964
1369650295366647817
1369650313637068805
1369650320704499712
1369650326802886662
1369650350270148608
1369650367999393795
1369650407975305216
1369650472915730437
1369650504159141894
1369650545489829896
1369650559444127748
1369650626414731265
1369650676599562241
1369650723441508361
1369650800830595080
1369650906015424514
1369650908997550080
1369650966346227716
1369651027893493763
1369651091667828739
1369651161146552321
1369651165894381568
1369651177768558595
1369651183321821184
1369651203727122442
1369651238380466176
1369651276166828037
1369651288942784512
1369651318105796611
1369651318370021376
1369651325571567621
1369651329388445700
1369651359654494214
1369651367183278080
1369651416890044416
1369651480458838018
1369651515300847617
1369651516236312580
1369651525606375425
1369651590462922752
1369651610868211712
1369651660977446913
1369651661199802375
1369651667138973697
1369651688265687043
1369651734633648133
1369651905966772224
1369651980738703365
1369652009679388678
1369652012413972483
1369652031728848897
1369652032139796484
1369652035637940230
1369652041107259397
1369652041983782916
1369652060262699008
1369652063769100290
1369652070488412162
1369652078671396864
1369652083520061450
1369652092424617991
1369652098095267845
1369652113253355524
1369652139769798667
1369652143343345664
1369652146828759041
1369652153002860550
1369652162331086850
1369652169486475266
1369652188499296259
1369652190940307458
1369652196489494529
1369652205372936197
1369652227757969415
1369652265490001924
1369652324268916738
1369652402731761664
1369652418900811776
1369652638271279105
1369652793066188805
1369652848422748171
1369652937803194369
1369652947416584195
1369653001359663105
1369653009030987778
1369653033206943747
1369653051242512386
1369653055289974786
1369653056657190914
1369653104921153536
1369653131974479875
1369653154376130565
1369653161846321159
1369653189503414272
1369653238270734346
1369653261972758531
1369653272403996673
1369653278158503939
1369653312216309762
1369653319401095171
1369653326846001153
1369653333376532486
1369653387915067393
1369653392423944194
1369653425403797505
1369653450456317957
1369653457926254594
1369653521251983363
1369653574695718913
1369653578906927104
1369653585215098885
1369653607075901445
1369653723132231683
1369653746721030144
1369653761908572166
1369653879139303427
1369653884600393732
1369653907413229568
1369653913524330496
1369653917760512006
1369653924324577284
1369653924634976256
1369653924647624706
1369653926568599553
1369653933719830539
1369654009481531401
1369654009653583876
1369654011482288133
1369654012539244545
1369654038137081857
1369654045787455493
1369654076401713160
1369654094378504198
1369654118676070401
1369654180705624064
1369654202876706818
1369654212691451909
1369654217149845516
1369654234682187776
1369654450986573824
1369654474621517826
1369654484239007749
1369654485312806917
1369654489725235202
1369654491415535619
1369654505579679748
1369654507651629062
1369654511762108417
1369654520372998145
1369654528698691584
1369654528925122563
1369654537355673600
1369654539469676545
1369654539876450305
1369654541180887041
1369654546331545602
1369654568477417473
1369654570759159809
1369654594758967303
1369654600337330181
1369654622646833160
1369654628380520449
1369654633963094018
1369654685943001093
1369654697636679681
1369654750115995652
1369654819284262915
1369654861327966208
1369654864012324865
1369654912552931329
1369655014193512450
1369655021026111489
1369655057478729731
1369655092174073864
1369655094740914186
1369655095214931968
1369655133655666697
1369655136008732673
1369655142065315846
1369655160146903044
1369655211820806151
1369655235040456704
1369655235942178824
1369655269458915335
1369655271639814147
1369655282473766913
1369655333182988293
1369655397699620864
1369655416028762113
1369655437931450368
1369655510027362308
1369655576796487684
1369655615400869890
1369655695482687491
1369655695579226118
1369655712624820230
1369655712830418944
1369655712838791170
1369655717200805892
1369655721269297157
1369655721382604800
1369655723249065985
1369655723332894728
1369655724842876929
1369655767700242432
1369655861627457537
1369655870234230790
1369655902123462656
1369655908582776841
1369655916052758534
1369655938265870336
1369655938571993088
1369655960067801097
1369655990967222277
1369655998412120064
1369656032004280335
1369656034411810818
1369656035464601602
1369656092116930560
1369656094356869123
1369656143832887297
1369656268923797513
1369656283222192128
1369656291535241217
1369656291753394188
1369656362150543361
1369656378080563203
1369656381268234251
1369656412377382916
1369656437392179202
1369656441800364032
1369656484188020745
1369656493822382084
1369656499467862016
1369656520665862145
1369656558792114177
1369656620179931136
1369656634469806080
1369656678791208961
1369656705924104193
1369656707568308225
1369656730993504259
1369656790787391490
1369656817920380930
1369656867207659523
1369656875445346313
1369656899210260480
1369656918885687299
1369656956194086931
1369656967392759811
1369656994546745346
1369657007649693697
1369657074498629643
1369657103653232642
1369657119453024262
1369657121583857666
1369657142316253199
1369657253096210440
1369657259928645634
1369657262206316550
1369657320960065547
1369657335745024003
1369657384986148865
1369657406389706756
1369657420205727748
1369657435124817920
1369657474303881218
1369657484781047808
1369657533481312263
1369657559255285766
1369657572937056262
1369657590880362497
1369657589726908418
1369657601940729856
1369657602620022786
1369657661873156097
1369657675076825089
1369657720450805767
1369657747927691269
1369657761026482176
1369657771965243395
1369657803254677516
1369657867343716357
1369657869449191424
1369657937342304268
1369657995693420546
1369658024575569920
1369658027100545024
1369658039578558464
1369658058901651457
1369658098873372672
1369658113549303808
1369658238594129926
1369658252544385025
1369658266125545472
1369658306655117313
1369658315890958336
1369658325818880008
1369658335633477634
1369658341228572676
1369658346446413829
1369658425953640448
1369658435181154306
1369658441665556484
1369658481293352960
1369658485265293322
1369658559890214915
1369658564386652160
1369658566299312132
1369658582887718912
1369658606480728067
1369658607768379396
1369658621257277443
1369658650814525446
1369658675237912578
1369658718258929664
1369658719403966468
1369658740706865152
1369658838471876614
1369658848190095362
1369658862685544456
1369658943350452236
1369658965387280387
1369658979736035328
1369658994369826820
1369659009553207296
1369659078818082817
1369659110912909312
1369659111281987588
1369659292450709508
1369659343331864576
1369659343734464513
1369659359848988674
1369659384566067204
1369659451796512775
1369659510743314437
1369659535456092165
1369659550593396739
1369659597812862979
1369659600157499399
1369659657002815491
1369659661767557126
1369659667270537222
1369659707317706755
1369659790163652612
1369659826939248650
1369659830047141889
1369659837324419072
1369659941338939398
1369659976000671753
1369659981839163406
1369659988763807748
1369660020808327177
1369660091587162121
1369660146935271433
1369660179348824067
1369660205286440960
1369660230364172289
1369660237301624839
1369660290086952963
1369660306142748673
1369660375193501696
1369660503363104775
1369660595990040581
1369660610930180099
1369660620795240454
1369660720053448709
1369660771454582793
1369660788177334279
1369660811367571458
1369660812697174018
1369660818573430789
1369660841822421017
1369660885367726083
1369660912626450439
1369660914727796737
1369660928023728130
1369660937293168647
1369660964719755274
1369660983044681733
1369661014820683785
1369661040917643267
1369661068272951299
1369661068268744705
1369661099176525834
1369661144768647169
1369661175487729664
1369661222040305665
1369661240952426503
1369661257893183488
1369661281913999362
1369661294937268231
1369661349077397510
1369661350415392770
1369661383722287111
1369661422662164484
1369661441062617092
1369661502907645955
1369661506053357572
1369661521559580674
1369661531156221956
1369661575561412611
1369661723926528003
1369661742570233865
1369661745934045185
1369661798748729344
1369661830038253579
1369661983793029138
1369662008824578048
1369662040269189124
1369662089162231813
1369662106270892034
1369662111022989319
1369662123811475457
1369662141997998080
1369662174881320964
1369662189737566220
1369662201330548737
1369662204836864004
1369662206187474946
1369662291558371329
1369662437729837060
1369662444763836416
1369662473628880902
1369662522735919106
1369662541496991745
1369662662418829312
1369662670836744192
1369662683256066050
1369662689509707777
1369662726860124168
1369662729552822279
1369662731989704707
1369662739317223427
1369662740005072898
1369662782115823617
1369662909291261956
1369662971316744196
1369662983337480193
1369662987389317133
1369663036961796096
1369663060605075459
1369663098802540547
1369663100220280834
1369663168230875138
1369663192117436421
1369663232357638152
1369663247704547329
1369663300720619524
1369663315702657024
1369663321188798467
1369663334409179137
1369663365753212939
1369663413023105035
1369663435580014593
1369663459399397379
1369663461920305154
1369663468228415490
1369663519570989059
1369663534674501632
1369663565960011781
1369663675049639941
1369663685321490432
1369663715059073027
1369663718875873283
1369663747715829768
1369663773577932802
1369663796814417928
1369663821997080576
1369663841903120386
1369663883942756352
1369664013269753860
1369664016327577602
1369664056479604738
1369664096602370055
1369664145910595588
1369664286180655105
