1371702763978100736
1371702794474811395
1371702805174521856
1371703047978590211
1371703137489330177
1371703244834103298
1371703301348073472
1371703329093476354
1371703350429954048
1371703376128450561
1371703447905517568
1371703471087493125
1371703708455731200
1371703727430758400
1371703773131907074
1371703837153693697
1371703911946584064
1371703938542542849
1371703972390707205
1371704101956898817
1371704360690933766
1371704465850572803
1371704468325158912
1371704671274950656
1371704686609362944
1371704732021092353
1371704732167835650
1371704752292118531
1371704840984825857
1371704870915481601
1371704880021311488
1371704947054575618
1371704965853409280
1371704968567209989
1371704978717413376
1371704990901878785
1371705038234615813
1371705083440861184
1371705132837187589
1371705193579085826
1371705255411380224
1371705274550128640
1371705280585736192
1371705311527116807
1371705344020332549
1371705370213715968
1371705380481466370
1371705391076290562
1371705403445235712
1371705408197427203
1371705408474255361
1371705423510786050
1371705557963444229
1371705749940752384
1371705780357988353
1371706068204548098
1371706105156431875
1371706123401752576
1371706195694784513
1371706296710365184
1371706387080830977
1371706398644572162
1371706421025312768
1371706513757253632
1371706533193547778
1371706570007007233
1371706592790388739
1371706847003078658
1371706896818790400
1371706926036307969
1371707018713661443
1371707060593758211
1371707077832421378
1371707155108204546
1371707323543035905
1371707423371751424
1371707468426928128
1371707502136500224
1371707505131327488
1371707534768140289
1371707631233032194
1371707679387836421
1371707680390270977
1371707708148224006
1371707708492111875
1371707725063847936
1371707741241184269
1371707926017142784
1371707984678690816
1371708098612723713
1371708204246200321
1371708211087167488
1371708330775744514
1371708392515891201
1371708473495449600
1371708518714183681
1371708545314344962
1371708565551996929
1371708585110016001
1371708787619373056
1371708794103730176
1371708847824457728
1371708883081773063
1371708906037260289
1371708943861481472
1371709007832915968
1371709035070828545
1371709079391985665
1371709157548646402
1371709196622819328
1371709235176861696
1371709260510412800
1371709278973755392
1371709297072164864
1371709358892068865
1371709367272173570
1371709382870716423
1371709434578239491
1371709471433617410
1371709488013701120
1371709521517756417
1371709523094818822
1371709525624033281
1371709544930361344
1371709551607693312
1371709607127621637
1371709647975972864
1371709679089324033
1371709689663090688
1371709804368949253
1371709804784218112
1371709815076974594
1371709877425438721
1371709909620854785
1371709962305540096
1371709964918550533
1371709971478417411
1371710005481717762
1371710032283336705
1371710075434377217
1371710244154343425
1371710256313667585
1371710348739411968
1371710356922507272
1371710554268651522
1371710622048600067
1371710648074272770
1371710654323757058
1371710660275408898
1371710671226695681
1371710676645916672
1371710678973648896
1371710679674159107
1371710716512731137
1371710743549145091
1371710791657816065
1371710910465675268
1371710946998116356
1371710987452051456
1371711050278572032
1371711066304966657
1371711195728670724
1371711213961379841
1371711250959196160
1371711306164752386
1371711306965876739
1371711370190749699
1371711392978374657
1371711431779885056
1371711466013872128
1371711557202280449
1371711598881034240
1371711667092918274
1371711711254867972
1371711719899299840
1371711766724493313
1371711810991226881
1371711868209922050
1371711873771433986
1371711911373402114
1371712069159034885
1371712117124993026
1371712145415663625
1371712210330923008
1371712214185381889
1371712225937928194
1371712270502395905
1371712308616048640
1371712336885473280
1371712370435821569
1371712393668034562
1371712435988672512
1371712441218916354
1371712497535750148
1371712598987710471
1371712710476492803
1371712766197829632
1371712841951105026
1371712995118739465
1371713062340820994
1371713072340013056
1371713256364994562
1371713262673403904
1371713290619998209
1371713327185997825
1371713387177123840
1371713453614858241
1371713471352614913
1371713474255073281
1371713533197582336
1371713588906369027
1371713607680016387
1371713617930899457
1371713624457187335
1371713688374280193
1371713705788997634
1371713744695345152
1371713790237147138
1371713846478565377
1371713857685757953
1371713905488240641
1371714022685351936
1371714131640864769
1371714142000836608
1371714159570776070
1371714372599439360
1371714434352156672
1371714461271171077
1371714533941649413
1371714535107690496
1371714579487715328
1371714589411352583
1371714656432181249
1371714734676844544
1371714860057300992
1371714878021365767
1371714878935855107
1371714880722587649
1371714901731852295
1371714979032928256
1371714988964974592
1371715026751352834
1371715043100917763
1371715065234259969
1371715070011473920
1371715072452657153
1371715076143583233
1371715076219097090
1371715144640831488
1371715295581114369
1371715353617833989
1371715371678330883
1371715437235466241
1371715565111414791
1371715595314561024
1371715624309821443
1371715648414449668
1371715669386010625
1371715759831941120
1371715762944106497
1371715800277614599
1371715826064179203
1371715951671058433
1371715959241781248
1371716034437083141
1371716089655267329
1371716092138291204
1371716161730138112
1371716165190311937
1371716261885964296
1371716284883161090
1371716292965773313
1371716298305122305
1371716413291913219
1371716478404284417
1371716493365370882
1371716568254611457
1371716602245259264
1371716650827972614
1371716673720479747
1371716683342213121
1371716698118754305
1371716699507015686
1371716701855887360
1371716723930447875
1371716750975377408
1371716820193964032
1371716947470131203
1371716955204374532
1371716971276992514
1371716973281873921
1371717027237404675
1371717085022326785
1371717113463865348
1371717145046962176
1371717155071258624
1371717204304084994
1371717232678596620
1371717245500588032
1371717251330674688
1371717293445615618
1371717301486170112
1371717316224901120
1371717358864191491
1371717508256894985
1371717522702135296
1371717555358887937
1371717564037001217
1371717569451810816
1371717605308960776
1371717614129532928
1371717624304869376
1371717703938015232
1371717744123592705
1371717761823612928
1371717816508907527
