1369679421716656129
1369679447692087299
1369679452880465927
1369679493464530948
1369679494257205248
1369679504789168132
1369679539014565892
1369679561710010370
1369679581758844933
1369679583876939781
1369679600515682307
1369679608413626368
1369679631893344257
1369679657784729601
1369679663577063428
1369679663769993220
1369679667947593735
1369679672942923778
1369679685664337924
1369679697525665796
1369679715364143105
1369679750755586057
1369679831491870723
1369679844309692416
1369679853193101312
1369679865083990017
1369679869651652612
1369679880967892992
1369679899129176069
1369679903751348227
1369679922202021891
1369679942582116360
1369679999570223109
1369680000174153732
1369680017878351872
1369680019757367299
1369680021636476928
1369680023456714760
1369680024673128449
1369680025688174604
1369680027386789893
1369680029240725509
1369680051474726918
1369680057862651911
1369680090532052997
1369680125294428160
1369680135725740034
1369680136505856000
1369680169791873030
1369680338096685060
1369680340319604737
1369680349714857993
1369680389506273285
1369680398922510338
1369680404643340293
1369680446183911424
1369680470120751108
1369680488076484608
1369680525326159873
1369680555218976773
1369680561514627078
1369680567990681612
1369680575620120576
1369680587825573894
1369680600806924289
1369680604401373189
1369680608411140102
1369680669526343694
1369680699964329984
1369680737188904961
1369680746722562052
1369680763252334593
1369680776279769088
1369680829002047490
1369680854457479169
1369680869796024320
1369680885298073603
1369680908387811335
1369680924640768010
1369680978202001417
1369680990080094208
1369681004072407043
1369681030668517382
1369681047294668801
1369681075073654786
1369681079528022018
1369681081369169920
1369681148788477954
1369681158884237314
1369681198457389057
1369681214798508033
1369681215318540291
1369681215729635340
1369681240094343172
1369681265880883205
1369681313578381314
1369681356935098377
1369681442146578446
1369681449729875977
1369681492973076484
1369681507959341062
1369681515148423169
1369681533095837696
1369681555677937669
1369681570009739266
1369681600225632259
1369681638288887814
1369681654374150147
1369681660573331458
1369681671432331271
1369681681347608578
1369681692911411202
1369681705452236802
1369681715128631299
1369681721717895171
1369681740902633473
1369681793163624450
1369681851166699530
1369681864361865216
1369681898025451528
1369681932779479040
1369681985376055304
1369681997900226561
1369682020570370057
1369682097305182212
1369682118201245698
1369682140649037829
1369682176749494273
1369682195506470912
1369682201823084546
1369682227429261322
1369682248711208963
1369682326037426181
1369682329887768577
1369682330999287817
1369682366009122819
1369682402830917638
1369682469809614855
1369682521575862281
1369682540651503618
1369682561157447682
1369682578471550979
1369682579012526080
1369682586042310660
1369682603473858560
1369682604358852609
1369682613976305672
1369682631684657159
1369682648835235841
1369682677335396356
1369682696943898633
1369682700143972354
1369682705785446401
1369682708553728002
1369682717496012800
1369682723552587780
1369682742045212673
1369682803604918277
1369682869442994180
1369682889714012160
1369682899323195394
1369682910559821827
1369682927529979904
1369682932370137088
1369682993523007494
1369683013265657865
1369683053736587272
1369683088146595846
1369683096254222341
1369683125568147458
1369683129791873026
1369683152508088321
1369683160649371656
1369683168257843203
1369683197173231619
1369683201464107008
1369683201891958786
1369683216068730883
1369683246083145731
1369683288676208642
1369683308079104002
1369683321337315328
1369683331181383681
1369683362877673472
1369683401050103809
1369683402794926082
1369683465805914122
1369683466137309193
1369683483275239424
1369683509653159937
1369683521544073220
1369683546210586625
1369683600623472644
1369683663705702402
1369683689190350848
1369683723306811397
1369683728579100673
1369683733222223875
1369683734019137541
1369683765216346112
1369683891892539393
1369683896745537540
1369683923874234368
1369683960696086530
1369683984754507776
1369683987837386762
1369684042623328260
1369684071195041798
1369684093882015744
1369684119861551106
1369684137674747913
1369684141038505993
1369684180884406273
1369684186739671042
1369684192787787778
1369684226191351811
1369684227629998084
1369684253236199428
1369684259196203008
1369684273763082244
1369684283611357185
1369684299381932034
1369684306587758612
1369684330851799044
1369684344596533253
1369684354482511882
1369684370479587333
1369684373927321600
1369684382529720320
1369684397486653445
1369684409947987970
1369684419104051204
1369684423743012867
1369684426716774402
1369684444899115009
1369684519897489410
1369684520929292293
1369684525589135360
1369684569532825600
1369684593473904640
1369684635295375367
1369684658565349376
1369684659307692033
1369684667369066497
1369684688118353928
1369684705201827842
1369684714508976133
1369684722000015363
1369684723463823365
1369684743554560000
1369684765025124352
1369684791394787328
1369684810826973189
1369684813481975811
1369684814014582786
1369684833795010562
1369684855236214793
1369684856301617162
1369684865122205701
1369684856301617162
1369684893668675586
1369684902199885826
1369684893668675586
1369684916754132992
1369684910651437058
1369684938774216709
1369684959573721091
1369684918876311553
1369684938774216709
1369684974539059204
1369684959573721091
1369684918876311553
1369685042000199688
1369685023859834881
1369685047251333126
1369685014305210372
1369684964963463168
1369685079744733192
1369685074770239488
1369685077588869124
1369685052481736711
1369685105510322177
1369685106751897604
1369685120878342145
1369685143556743171
1369685070894751747
1369685140398632960
1369685170140426242
1369685224750161921
1369685251048497155
1369685277711740931
1369685282510020609
1369685293633314819
1369685304391720960
1369685304634966018
1369685304429395970
1369685309189992448
1369685347135815686
1369685348935143425
1369685357676101634
1369685361463619590
1369685367041953798
1369685375891955716
1369685384540651527
1369685394007023616
1369685397614301197
1369685412478869505
1369685416975163400
1369685423589588992
1369685427108581376
1369685430954692609
1369685460805619718
1369685463796170753
1369685498445369352
1369685539956297728
1369685551272456197
1369685552996491266
1369685562269962240
1369685563469688837
1369685570218307585
1369685576752959489
1369685601881096194
1369685623053942789
1369685640275722252
1369685723289448457
1369685735255633920
1369685773931319297
1369685775923748864
1369685782349418500
1369685784815624200
1369685824888074247
1369685825387192326
1369685840847282176
1369685845847007232
1369685871176413198
1369685872057192460
1369685889891377152
1369685891275493380
1369685898430971909
1369685957633601541
1369685979133526033
1369686001648549888
1369686008741167111
1369686012943888386
1369686033361735683
1369686036197105666
1369686059877986309
1369686060914122757
1369686106908811264
1369686113133105152
1369686120074772483
1369686124000669696
1369686132221505537
1369686180447592453
1369686200055914497
1369686207895048195
1369686213687472130
1369686223757844481
1369686238249312257
1369686244448473092
1369686304619892736
1369686305257517056
1369686312471715844
1369686315202150402
1369686340254638086
1369686356801241088
1369686382302597122
1369686383724535811
1369686436493025287
1369686449658990597
1369686482521370633
1369686507603247107
1369686514783952896
1369686521847177219
1369686533016522755
1369686553128230925
1369686571272830983
1369686579476889606
1369686620753063945
1369686624100040705
1369686630517272585
1369686634929741825
1369686669167915009
1369686704668442626
1369686754081583106
1369686778001592326
1369686781499744258
1369686791201189894
1369686799170277377
1369686816492716032
1369686819059605515
1369686831487463430
1369686851792076801
1369686868963508224
1369686873417846784
1369686879197609989
1369686881542299648
1369686890664910848
1369686901117059074
1369686922558324742
1369686964853600257
1369686981857345540
1369686997997084683
1369687022567366656
1369687035842297862
1369687036727279621
1369687095271452674
1369687134639165448
1369687201479421955
1369687227849203712
1369687230441226243
1369687232295153670
1369687255955177480
1369687257217695754
1369687268626169859
1369687273604853762
1369687274972123137
1369687295406792709
1369687299173322755
1369687308815962114
1369687309642268682
1369687351623041032
1369687352856219648
1369687361181876228
1369687380093890562
1369687382350389252
1369687393024966666
1369687420883656705
1369687421206532097
1369687447139999746
1369687484536340480
1369687505000349698
1369687513485504514
1369687524004818946
1369687560767877125
1369687566824341507
1369687570389508098
1369687575796056065
1369687593114288134
1369687667219304451
1369687695082061839
1369687721468387334
1369687731144712198
1369687739399028737
1369687782470352897
1369687786127847428
1369687815605252096
1369687817018867716
1369687841341648899
1369687858206945284
1369687866951962626
1369687883590762498
1369687893741076483
1369687926079160323
1369687948820500486
1369687966193442816
1369688006701936640
1369688011240267776
1369688063711010817
1369688078735048706
1369688096174923780
1369688117251166222
1369688152449900544
1369688165863223302
1369688185681440770
1369688208976543746
1369688220515016707
1369688224361111552
1369688241864065027
1369688244321914883
1369688268007170051
1369688322596106241
1369688345119494151
1369688392531931139
1369688420860170248
1369688435645165575
1369688539156348932
1369688575638450182
1369688590616301571
1369688640956211203
1369688791615746049
1369688825488900107
1369688834842234887
1369688888621563910
1369688932451901440
1369688975544377349
1369688979470225412
1369689058402766851
1369689109787213831
1369689126316949508
1369689161238679554
1369689208059793408
1369689213327863814
1369689225780752391
1369689236639805446
1369689265395884032
1369689265785999365
1369689285796978692
1369689324086820865
1369689334446690306
1369689344550780932
1369689379392851974
1369689408241303552
1369689431934918662
1369689433688207364
1369689461164974085
1369689491972100096
1369689511370891274
1369689523303686148
1369689558309367819
1369689611082076164
1369689664240709636
1369689670204932107
1369689697107275776
1369689717395062786
1369689722822492160
1369689730716209158
1369689736734990336
1369689761791815685
1369689795891499013
1369689811603361799
1369689824576241668
1369689829340979201
1369689834839769092
1369689884433264645
1369689903190192129
1369689907355123717
1369689954171842560
1369689989873889282
1369690030063681542
1369690077098516480
1369690081422962689
1369690122648571906
1369690131192496136
1369690140487122950
1369690145180508160
1369690187307970573
1369690193419251724
1369690199723278336
1369690231620984834
1369690285073108996
1369690395895029760
1369690413725081600
1369690430892371971
1369690471509983240
1369690500584902656
1369690595460079618
1369690622949425154
1369690653811240969
1369690667711143937
1369690673197158400
1369690690351955971
1369690690448482304
1369690692377796613
1369690700388986881
1369690704239161346
1369690732127260673
1369690750053539842
1369690755133018119
1369690773277577223
1369690777194950656
1369690805426921478
1369690810871058440
1369690828185165825
1369690844874342402
1369690848061878279
1369690886498627584
1369690888432214016
1369690938424037379
1369690958346919942
1369690969654853643
1369691001439260676
1369691004274683908
1369691039775285253
1369691053146730499
1369691073220653059
1369691103205629955
1369691127998189570
1369691129118138369
1369691134721544197
1369691143496216576
1369691146134425611
1369691159723790338
1369691196793184266
1369691212693856266
1369691274232619013
1369691291588689920
1369691316129513473
1369691347960102914
1369691379299975171
1369691387302535172
1369691400644800516
1369691406495780865
1369691415106715648
1369691469515227144
1369691481674379267
1369691482345664520
1369691485365358593
1369691518836084741
1369691574502912002
1369691580613992448
1369691581721280514
1369691593062629378
1369691647269875715
1369691730426085379
1369691733886402560
1369691759899467780
1369691761317089282
1369691799334322177
1369691817512419328
1369691817667686400
1369691834973220867
1369691854300606469
1369691876434055173
1369691945531039744
1369691957191147523
1369692012677652481
1369692074170286082
1369692108693594116
1369692167879487496
1369692277094891523
1369692279519277061
1369692309005115394
1369692321554571267
1369692333990678529
1369692341041307652
1369692367402467330
1369692411346046977
1369692430493245440
1369692455843598336
1369692513993383943
1369692517650808833
1369692532666425346
1369692555894472707
1369692587016269826
1369692597455880193
1369692646374006790
1369692717773651972
1369692731048660993
1369692746177343491
1369692779417321481
1369692819556818947
1369692828734001155
1369692879908708360
1369692903619051520
1369692913219829763
1369692926440267778
1369692932761133062
1369692933532786688
1369692985353510916
1369693028152131592
1369693030706470917
1369693030723313671
1369693032753164291
1369693035907416067
1369693053959684098
1369693055360528386
1369693061559771139
1369693084762525699
1369693087035953155
1369693097748279298
1369693110461202434
1369693131717767168
1369693141595459586
1369693196469497857
1369693241487003655
1369693252039839748
1369693260621504520
1369693265189105668
1369693272210214913
1369693284214345730
1369693287938940929
1369693292481236998
1369693301197185027
1369693319693934593
1369693350085988356
1369693372261269507
1369693379743805442
1369693397875908624
1369693427600928770
1369693459028848644
1369693483036971016
1369693532454260737
1369693576511295492
1369693596719271936
1369693621272854532
1369693652600127491
1369693654953177090
1369693668412690435
1369693707264483332
1369693722988994568
1369693723467149314
1369693724339474433
1369693751946452992
1369693755666743299
1369693782875246603
1369693831373983744
1369693873505767427
1369693888517177348
1369693893646770176
1369693927201193987
1369693947199688706
1369694019522072576
1369694058935967745
1369694066791899136
1369694067588804613
1369694098945413122
1369694106771992576
1369694111096258562
1369694132260716545
1369694159330635777
1369694168331788288
1369694172115066885
1369694226825547784
1369694249172819969
1369694360309297155
1369694361844383750
1369694376419618818
1369694445650771980
1369694459835805697
1369694498868068356
1369694510330961920
