1372820143164813312
1372820159862300679
1372820211712339968
1372820218892988416
1372820339713961987
1372820365035118594
1372820378733613056
1372820379585105920
1372820436816437251
1372820443170766856
1372820522963066887
1372820541791436801
1372820577841508353
1372820621789425664
1372820623987240963
1372820632283516931
1372820649996091392
1372820684624310275
1372820858981474305
1372820875926511617
1372820881727229953
1372820909912887303
1372821045720285184
1372821175508828162
1372821292596989952
1372821404140322818
1372821409760698372
1372821436319039489
1372821439934464000
1372821463422631937
1372821525468958720
1372821554757795841
1372821670382166018
1372821682562297861
1372821796232302592
1372821809075261441
1372821828704555008
1372821854809956354
1372821861604679680
1372821885394763779
1372821889341648897
1372821982836879362
1372822134288973824
1372822199283896321
1372822229633835009
1372822309023719425
1372822338966851586
1372822473746550788
1372822477961715712
1372822484739878912
1372822502716674048
1372822543237713920
1372822678126657537
1372822789644816387
1372822803033026561
1372822847559712771
1372822870267621381
1372823014023127041
1372823069501370370
1372823084248539139
1372823087360671744
1372823325563518982
1372823359776522242
1372823411983052800
1372823551569367040
1372823630674075650
1372823674856869889
1372823914502574080
1372823958471458816
1372824012166889472
1372824147647205381
1372824175493062662
1372824249983983618
1372824358616506368
1372824379747352576
1372824389872463872
1372824396868460547
1372824422072074247
1372824430016143360
1372824459661426689
1372824479081099264
1372824515147890690
1372824531623153664
1372824668583911427
1372824718823292928
1372824725588750336
1372824804265504768
1372824873920204800
1372824957105836035
1372825178728714241
1372825197322076164
1372825304620793857
1372825307498053633
1372825357326241792
1372825441233469446
1372825617067032576
1372825691993960449
1372825753520369668
1372825816585883651
1372825938573004803
1372825975440953345
1372825985968705541
1372826002850779137
1372826013160341505
1372826236834230275
1372826276973604864
1372826327074496520
1372826330669092867
1372826383051751425
1372826407517163520
1372826585573756928
1372826614468333571
1372826681677860871
1372826704348024832
1372826707296727044
1372826754620985348
1372826908996538368
1372827049476247554
1372827133786087424
1372827213440163840
1372827282742648834
1372827297128976384
1372827352934322178
1372827408181657600
1372827414049460228
1372827445984948225
1372827456562995201
1372827518886088704
1372827522803580934
1372827531615862784
1372827629502533633
1372827645306634246
1372827659567304709
1372827675602092033
1372827755595755525
1372827779390005250
1372827784213639170
1372827811682021380
1372827838399795200
1372827878237298688
1372828018658398214
1372828086694113280
1372828091882508290
1372828122807078913
1372828158291030024
1372828164590739456
1372828206550618115
1372828257440178179
1372828315241705473
1372828367263830016
1372828440647368704
1372828452500336640
1372828480673562624
1372828529281359873
1372828529742733312
1372828635242110979
1372828639608250373
1372828731065184257
1372828796429144064
1372828915459362820
1372829007339794432
1372829044983599105
1372829092370919425
1372829151070199808
1372829190425255938
1372829218158039040
1372829352610660357
1372829507262967809
1372829513181192192
1372829560174120963
1372829593602826240
1372829793335525377
1372829794606387200
1372829797148196866
1372829916207710209
1372829969978695683
1372830041072152578
1372830043815124994
1372830195187642369
1372830214925946886
1372830293313347588
1372830361068175360
1372830421608759298
1372830509659684865
1372830510888615939
1372830591511490561
1372830643566956546
1372830674558812160
1372830679227109380
1372830701893132289
1372830730980450306
1372830819329400833
1372830885259706369
1372830955396857856
1372830975642763268
1372831036237828096
1372831259676803072
1372831265288810499
1372831275896213504
1372831434210181122
1372831464291770372
1372831590833823745
1372831609540505601
1372831613504065539
1372831636589543424
1372831641438142466
1372831700120657925
1372831902856536064
1372831953431359491
1372832081668083718
1372832082456641543
1372832097061253120
1372832098525003777
1372832118636707840
1372832134205935616
1372832179206635520
1372832182696296454
1372832198450147328
1372832221875290119
1372832244675543040
1372832256415309824
1372832324635697158
1372832361738551296
1372832514889416704
1372832541611282434
1372832562863878144
1372832587589115906
1372832633147756544
1372832687329787904
1372832715716788228
1372832944562302980
1372832972332744705
1372833131498180608
1372833149558870016
1372833200230203396
1372833328844435461
1372833354219978755
1372833358128979968
1372833386658738178
1372833388860731392
1372833391066849282
1372833523976044544
1372833579894460417
1372833633124315138
1372833856169074693
1372833862083092482
1372833899236179976
1372834051912916994
1372834082590224385
1372834191960858625
1372834262450311170
1372834350434299905
1372834392809336833
1372834449373724672
1372834546161442818
1372834554432651265
1372834737384001536
1372834880078422018
1372834881101778946
1372834916497522692
1372835013310418945
1372835127420653570
