1376126986305863681
1376127009504526336
1376127125132955652
1376127176723021827
1376127188748136453
1376127200680943617
1376127238341599234
1376127250479845376
1376127259078090752
1376127343438262279
1376127376090923010
1376127455484841984
1376127503857823750
1376127509331255302
1376127652629639173
1376127653514768384
1376127663862087684
1376127782342774787
1376127804157390852
1376127861489291267
1376127869693292549
1376127877029171202
1376127903516217344
1376127912387215362
1376127971044569095
1376128034810392584
1376128072139743233
1376128161436594178
1376128180386459648
1376128239953928193
1376128282110857218
1376128291317415936
1376128365577535490
1376128436520026113
1376128452164747267
1376128506539696130
1376128521161093125
1376128566199394306
1376128620796772352
1376128658289668097
1376128673523318786
1376128704435339265
1376128723544645635
1376128725956313092
1376128792679350272
1376128792956178434
1376128810119233540
1376128827932442624
1376128934270603264
1376128981334900736
1376128992894390272
1376129043448410112
1376129057302081544
1376129100209922050
1376129119197528066
1376129145151832066
1376129153251020807
1376129255151529990
1376129370738282498
1376129371623333893
1376129442351734789
1376129459099607041
1376129516117106689
1376129596085653504
1376129676347731969
1376129723504332800
1376129737114984456
1376129761404157953
1376129786309976066
1376129853070712834
1376129939305553928
1376129992451629058
1376130157044449282
1376130179442081792
1376130308685365248
1376130314544762880
1376130384195424259
1376130439946047489
1376130444249460739
1376130461148188674
1376130554165346304
1376130762370613250
1376130855920398344
1376130896621936643
1376130968742924291
1376130988229718018
1376130994097512448
1376131070320594946
1376131107985494018
1376131108245504000
1376131142722670592
1376131189564657664
1376131222670299137
1376131242500972544
1376131256296087553
1376131322142396418
1376131381609295881
1376131388332736518
1376131389997912064
1376131409161650181
1376131417118277638
1376131436617596928
1376131592016515074
1376131610823786499
1376131693556416517
1376131722836914176
1376131761055367171
1376131794572042240
1376131805393399808
1376131820169916417
1376131833721581568
1376131858174382085
1376131861215383559
1376131922578001920
1376131929993531393
1376131993516187653
1376132019151851523
1376132093256798208
1376132235699621893
1376132248156577793
1376132295078211585
1376132339185684481
1376132349600104448
1376132361021227008
1376132405707300865
1376132562150653952
1376132567527784449
1376132597386973186
1376132923317948420
1376132926967013379
1376132936647458819
1376132937314312194
1376133060987645953
1376133087906648066
1376133109666615296
1376133184723779584
1376133188142182401
1376133193565356035
1376133219079356418
1376133318886973445
1376133326726164482
1376133361215942656
1376133379427610626
1376133412076011520
1376133416672968704
1376133444875472896
1376133455705178113
1376133487938387969
1376133501192392704
1376133552027369473
1376133573795799046
1376133614061162498
1376133621191430144
1376133651759570944
1376133662362775552
1376133681425883137
1376133693153103879
1376133746789916673
1376133800028205057
1376133805698875394
1376133816478228481
1376133840683552771
1376133929229553664
1376133942810718211
1376133964616892416
1376133977082376193
1376133999173758980
1376134038017220609
1376134043281068036
1376134117130182664
1376134133722800128
1376134144707661826
1376134147085848578
1376134147211677697
1376134167461834759
1376134169466654720
1376134233807282186
1376134273632198657
1376134315050999811
1376134354758344709
1376134433359675393
1376134475688652800
1376134577274621953
1376134587961782278
1376134642470903815
1376134694866194435
1376134703435104257
1376134766978809856
1376134779939217409
1376134877150580737
1376134882905194496
1376134919848611843
1376134981270052869
1376134982389874688
1376135023158525953
1376135033870770178
1376135063096729602
1376135074383597569
1376135091999670272
1376135103752122368
1376135158957506562
1376135166528270338
1376135174602289153
1376135208991350786
1376135216293613568
1376135247839035392
1376135274611286016
1376135329258803205
1376135352746962952
1376135369167605762
1376135426365341696
1376135429154562051
1376135477787561984
1376135565024894980
1376135623707332608
1376135671430152195
1376135674198437895
1376135743995797508
1376135775385919496
1376135792368701443
1376135835209375744
1376135845544071171
1376135888338448391
1376135896039256064
1376136085269573633
1376136150348402692
1376136196657668096
1376136231973761029
1376136248973090819
1376136284641579008
1376136313632604160
1376136352283103232
1376136356968206336
1376136389528592386
1376136408419729409
1376136422382563336
1376136506423836672
1376136507497517061
1376136525906374659
1376136552540168194
1376136700003553285
1376136719129587712
1376136740176560132
1376136741799784449
1376136825400610816
1376136852567117824
1376136878504697859
1376136900390584322
1376136938642620417
1376136978790555652
1376137003490742274
1376137038240563207
1376137039872147459
1376137055995097088
1376137068447944704
1376137145258246144
1376137205261942792
1376137225352663042
1376137225386262534
1376137267731951618
1376137299096920064
1376137358689632257
1376137475039621121
1376137600403144707
1376137699984297986
1376137722218360839
1376137797157806080
1376137821166133250
1376137842473193479
1376137889667497984
1376137962925268992
1376137982378401794
1376138054348460035
1376138225874575361
1376138304102481921
1376138305352437761
1376138346754416643
1376138423929552896
1376138502526623747
1376138636786331648
1376138637939724288
1376138646114406400
1376138664430952450
1376138672592973827
1376138707540049925
1376138757745872897
1376138831209054209
1376138837257228289
1376138948087451648
1376139067025408000
1376139068740866048
1376139086252158979
1376139104992264192
1376139184348528643
1376139229194035200
1376139251033772033
1376139326879375360
1376139329404305413
1376139336605896706
1376139360601522184
1376139472560078849
1376139488892760066
1376139581838528514
1376139585483239425
1376139604659732480
1376139615711731716
1376139635441725441
1376139650989973510
1376139658883649536
1376139668044021765
1376139671969890309
1376139681553874945
1376139713258610689
1376139766559805446
1376139769298698241
1376139875611770880
1376139894049869832
1376139899032768516
1376139899338850306
1376139901679378432
1376139905185820673
1376139920297795587
1376139982100963330
1376139985653534721
1376139996097359875
1376140003017957378
1376140028938575872
1376140041551020035
1376140078746075138
1376140157557039109
1376140198271148036
1376140367289008129
1376140380400402433
1376140388352856064
1376140437170311169
1376140455990149120
1376140463640621056
1376140511413698568
1376140524609019908
1376140546268364800
1376140547832823811
1376140563599257602
1376140571983634436
1376140615143002114
1376140829417467906
1376140877131833351
1376140878817988608
1376140882060120066
1376140901421092867
1376141022787477506
1376141132455948290
1376141147375087619
1376141176043098115
1376141196167286786
1376141267730624512
1376141618659614722
1376141740252479489
1376141762092269568
1376141783986495488
1376141787375538176
1376141797261467649
1376141848268451845
1376141878144471040
1376141898776203267
1376141911237533698
1376141938013958149
