1372155748935958529
1372155770658168834
1372155811636637702
1372155823376457732
1372155834034176000
1372155845358784523
1372155892087595013
1372155898806870016
1372155936018726912
1372155945065852932
1372156000837513217
1372156029723627522
1372156031560773637
1372156048707047425
1372156051466952705
1372156055975776256
1372156062661545984
1372156079686180866
1372156087256936458
1372156091698663431
1372156102339616772
1372156104768163843
1372156123881553932
1372156134916644867
1372156152897757184
1372156181033189381
1372156216315682826
1372156250801242119
1372156253640785920
1372156289900548100
1372156299165773827
1372156303410401281
1372156311220195328
1372156321760444422
1372156377859244034
1372156411363295232
1372156422826393602
1372156429877018625
1372156483522138116
1372156487775191044
1372156526551523330
1372156546893946884
1372156552778551297
1372156555131502595
1372156557102882816
1372156563096494086
1372156592951549956
1372156607363174400
1372156616225722372
1372156616989151238
1372156639806111746
1372156661801091082
1372156681984077825
1372156704947900420
1372156729362898946
1372156738833686531
1372156748711264256
1372156761839431683
1372156768642609152
1372156811483172867
1372156811718111234
1372156816537321479
1372156820563853316
1372156829216690177
1372156854877442055
1372156861114384387
1372156867393228812
1372156873944731650
1372156880529788929
1372156880710033415
1372156889610457088
1372156901140611073
1372156904848437250
1372156914939871236
1372156981985828870
1372157025640013830
1372157059827916801
1372157082707750915
1372157083144105989
1372157102085529603
1372157128031539201
1372157128765435906
1372157132666236930
1372157178761596928
1372157184138694656
1372157241126744067
1372157242842226689
1372157330880667651
1372157350698758149
1372157388174811145
1372157406822731785
1372157437692813312
1372157437990596610
1372157441916481539
1372157444139388929
1372157469619855363
1372157498313048064
1372157499470663684
1372157505581809667
1372157556987166720
1372157559843475457
1372157560699170817
1372157593498624000
1372157595482472448
1372157598800166913
1372157614776328195
1372157621768183813
1372157652072038405
1372157674830315521
1372157682132606979
1372157699882897413
1372157701598371845
1372157705490735111
1372157711060701187
1372157730522337283
1372157777553018881
1372157792103100418
1372157805411631112
1372157810897735682
1372157864203141128
1372157868300984322
1372157892124676098
1372157902774022158
1372157908063031298
1372157932436066307
1372157933467938821
1372157934109667331
1372157940061323266
1372157943399976961
1372157952166100996
1372157972399456258
1372157974949552130
1372158022177464325
1372158058516910080
1372158074174251013
1372158081140948995
1372158086643859456
1372158096521445376
1372158114586361857
1372158117660741638
1372158169024233482
1372158201706209281
1372158203228733442
1372158240792924167
1372158249089269766
1372158263404429312
1372158279510601728
1372158299127353348
1372158305074810884
1372158309864640515
1372158357520359433
1372158366303277065
1372158367016357895
1372158378328330244
1372158405499052034
1372158469734809607
1372158475141283840
1372158486377865223
1372158506690867204
1372158507722637313
1372158543261003779
1372158561548173313
1372158583421476866
1372158588702052358
1372158614425776130
1372158619077206018
1372158641919365124
1372158671837356033
1372158681601732608
1372158689105354753
1372158735003566081
1372158763554066434
1372158793740607488
1372158822081519618
1372158824703004673
1372158883591036929
1372158896337473538
1372158902553473025
1372158917644578818
1372158934329532419
1372158959876984832
1372158981729308673
1372158984346550273
1372159011005599744
1372159012079333377
1372159026394505225
1372159053967806473
1372159088323399682
1372159096472928260
1372159154736017410
1372159157541945347
1372159183726972935
1372159184666509317
1372159185719267333
1372159196628664329
1372159196985180163
1372159197828235266
1372159197924659201
1372159226039173120
1372159233056251907
1372159237766385665
1372159244733190145
1372159286395203585
1372159288152571905
1372159300345462788
1372159330506715139
1372159353520857089
1372159390699114499
1372159413151219717
1372159422194147329
1372159445912985603
1372159448773447682
1372159456851554305
1372159470281883649
1372159508701675522
1372159513793560579
1372159525638316033
1372159535507456001
1372159538409918464
1372159558005702657
1372159583347703817
1372159591849549826
1372159610229035013
1372159646698512389
1372159659579179010
1372159666193637380
1372159788885368832
1372159800172191745
1372159818614595584
1372159819013062657
1372159825317142531
1372159826340503558
1372159847874113539
1372159857281892354
1372159861438488582
1372159866844876800
1372159903532466176
1372159923489013766
1372159964438007811
1372159967978008578
1372159968657477638
1372159997099008005
1372160009837051904
1372160014232793093
1372160017776963589
1372160034168246272
1372160034306723842
1372160052212170755
1372160055303344133
1372160063117361158
1372160105353994244
1372160115424563208
1372160129018265604
1372160133728440320
1372160140296794114
1372160148572110852
1372160157652709379
1372160160517459968
1372160164598517762
1372160174908145668
1372160176099368961
1372160199285469190
1372160227605364738
1372160269103869955
1372160286124302339
1372160289655885824
1372160291128115201
1372160295754473472
1372160296379420672
1372160304461795337
1372160327622799361
1372160368592572419
1372160427686248450
1372160432572612608
1372160450171973641
1372160459034484736
1372160478282194947
1372160498276438016
1372160500637765632
1372160500784594948
1372160519969312770
1372160537497329664
1372160547408461831
1372160552865308676
1372160556027760641
1372160570695294977
1372160590035050504
1372160611300282373
1372160653364969474
1372160667566927876
1372160671232749568
1372160672696504323
1372160724286500870
1372160763297665025
1372160767382933509
1372160802376056836
1372160844121968644
1372160874392195079
1372160907061641217
1372160923989897219
1372160950044885000
1372160950481076230
1372160955904360449
1372160959050055682
1372160979073662978
1372160986833166337
1372161012858769413
1372161016776306692
1372161017732546562
1372161022350536709
1372161079359508481
1372161107809472517
1372161144853520395
1372161146044743682
1372161153502228484
1372161161181941761
1372161176507932673
1372161183701028873
1372161198431600641
1372161202655272967
1372161228173365254
1372161241251188738
1372161241460969478
1372161278018457602
1372161312940302345
1372161323979661316
1372161347002245129
1372161349170700290
1372161396671143938
1372161445429968896
1372161457341804550
1372161486060150792
1372161522521276416
1372161538128236551
1372161544738410500
1372161550576926722
1372161550933499904
1372161583925854208
1372161606268895233
1372161612459696131
1372161613285965830
1372161635549388803
1372161687575539712
1372161691266465792
1372161694034722825
1372161706688970752
1372161715882897409
1372161742688632836
1372161746006380548
1372161749839978498
1372161760736727044
1372161765971271680
1372161775701987336
1372161793079058435
1372161828688691203
1372161832518098945
1372161911207383045
1372161933680521218
1372161970745577475
1372161982682521605
1372161994128818181
1372161995156254720
1372162014500503554
1372162023664984066
1372162039657955332
1372162056821047296
1372162090769727493
1372162095878348800
1372162114723446789
1372162130372403202
1372162138320605187
1372162199918157828
1372162228300963841
1372162266569773066
1372162298022871043
1372162364578140162
1372162376880041985
1372162398455402499
1372162431561121795
1372162448619356170
1372162461688868865
1372162466348728324
1372162471084093449
1372162487576113155
1372162504449609730
1372162504588152839
1372162514025390081
1372162538054545413
1372162599652110342
1372162605251461123
1372162645554499586
1372162661031555073
1372162669147525122
1372162679863934979
1372162721035210752
1372162768128868356
1372162775552778242
1372162778413346818
1372162784885153794
1372162800555069447
1372162820884865025
1372162847862587393
1372162907262177292
1372162976581611520
1372163009368428544
1372163035092160514
1372163049742860290
1372163057078530049
1372163082387128323
1372163095238488069
1372163098866458626
1372163099738914818
1372163101370503169
1372163164289314817
1372163169586614278
1372163177706885122
1372163187978735619
1372163200272113664
1372163209990389761
1372163212326633480
1372163216671973382
1372163226952216578
1372163235420516356
1372163262595366918
1372163289732501504
1372163294346276870
1372163299656269824
1372163313585553409
1372163324532695042
1372163332837416965
1372163347467079685
1372163383756214272
1372163386679627785
1372163408712318976
1372163419395211264
1372163434083651588
1372163450806411272
1372163515700584449
1372163524550623239
1372163528078061574
1372163547980038149
1372163579613417473
1372163602703073281
1372163623255224321
1372163638275010571
1372163656977428480
1372163691311988739
1372163695770529792
1372163708546322441
1372163713726353410
1372163719732543488
1372163734165143557
1372163738653106176
1372163744126631936
1372163781757870080
1372163781875404806
1372163783796350977
1372163816058929164
1372163821951983622
1372163869301481478
1372163920518074368
1372163934720028672
1372163935445598210
1372163949874061313
1372163984934178816
1372164019134607364
1372164045613232128
1372164060607770627
1372164064726691845
1372164071441772545
1372164092518141958
1372164093977657344
1372164139653722116
1372164144976248832
1372164151842373634
1372164212177309696
1372164212491968514
1372164251306065931
1372164252610535436
1372164256699932677
1372164290963210242
1372164293702123520
1372164301134381056
1372164306352140291
1372164329760550920
1372164388178833414
1372164388283629572
1372164394507898882
1372164429056512005
1372164448157335556
1372164487504142336
1372164523545788418
1372164539962290179
1372164557360234506
1372164558077497346
1372164560816328714
1372164574468665352
1372164604193824770
1372164615224836097
1372164628764049409
1372164662696030208
1372164683575218177
1372164689220755460
1372164721135206401
1372164741326585861
1372164797605761024
1372164802601181186
1372164805293920258
1372164838470733827
1372164851213213701
1372164879772221441
1372164894485794818
1372164921467805696
1372164921799147520
1372164924881928193
1372164943454298114
1372164987708399619
1372165026237272072
1372165033963180035
1372165063465918469
1372165072068481029
1372165073943289860
1372165080155090946
1372165089571205120
1372165099155251207
1372165103345352704
1372165128540594182
1372165135901528066
1372165137994547200
1372165152112529409
1372165155220508672
1372165199285821447
1372165206294560769
1372165210589573125
1372165255531536384
1372165257414635523
1372165258115174401
1372165290595909638
1372165319243014145
1372165369364946945
1372165369335529476
1372165375497015297
1372165375660597256
1372165417192595457
1372165420787118080
1372165440999460865
1372165446942744577
1372165465703862274
1372165491972800515
1372165528094187524
1372165553369051139
1372165632947580930
1372165674756362240
1372165690577317893
1372165701083959299
1372165721501798400
1372165723062161410
1372165787633471493
1372165788774375427
1372165873276964869
1372165877207023630
1372165902301605888
1372165924879527940
1372165953325174784
1372165966411538437
1372165972228997129
1372166011403788293
1372166024443858951
1372166104798347267
1372166104777437184
1372166258553147397
1372166264337092612
1372166318053597189
1372166345928892418
1372166347212357642
1372166479634964485
1372166483376230400
1372166484156416001
1372166525004746759
1372166542096535557
1372166558689198080
1372166586325405696
1372166588661653508
1372166592629460994
1372166666721845249
1372166701131956224
1372166704361578496
1372166711898730499
1372166735848214531
1372166748691177478
1372166757528526848
1372166758690328577
1372166778147725317
1372166811387633664
1372166819054809088
1372166824410906624
1372166825895727104
1372166838038200321
1372166854693822465
1372166855205343238
1372166868962787329
1372166981621854208
1372166988840239113
1372167000995332099
1372167002475880448
1372167011522899976
1372167023795568643
1372167047510118407
1372167053633785857
1372167079764357121
1372167087691493378
1372167107031539717
1372167113507414016
1372167135032717312
1372167153470869511
1372167245057626114
1372167249386160128
1372167256965320706
1372167259184062471
1372167273050349568
1372167282349240322
1372167330097209348
1372167332580167680
1372167349441269766
1372167389215825921
1372167395066982402
1372167411483426829
1372167436015960065
1372167513480519681
1372167513363120130
1372167525660651529
1372167532061265925
1372167543608197128
1372167547102105600
1372167552462430214
1372167631122354177
1372167639691366403
1372167676760629253
1372167683811201028
1372167712814809093
1372167718837882883
1372167719257313284
1372167727268335619
1372167729994723329
1372167731185913860
1372167741118029826
1372167760315289606
1372167802950410241
1372167812391829507
1372167815952732164
1372167829848461318
1372167877428707331
1372167878267568132
1372167894138818571
1372167905241133062
1372167906822385667
1372167926833422338
1372167942469775361
1372167948941602817
1372168019959484418
1372168091875086336
1372168095171764228
1372168108165709827
1372168124485808142
1372168129149865984
1372168213329555456
1372168223232245760
1372168236050092046
1372168278475440131
1372168355797372932
1372168364039282693
1372168372939587587
1372168438110687237
1372168509304705028
1372168542423031809
1372168547342942209
1372168559749632011
1372168585431412736
1372168636132159493
1372168648148848642
1372168653509169154
1372168687315193862
1372168764515565568
1372168771994066948
1372168785025769479
1372168790549598210
1372168825374916608
1372168933873217547
1372168957466185731
1372168987698663424
1372169018690437125
1372169043524923393
1372169072507502599
1372169075728785409
1372169078463418369
1372169079541350400
1372169082473222145
1372169094791884800
1372169138689429506
1372169152098631691
1372169176048107522
1372169179739136007
1372169185263030280
1372169188949815298
1372169267156750343
1372169277122437125
1372169291626319872
1372169292431642627
1372169308818833412
1372169318855761922
1372169320315428871
1372169328934653962
1372169373075537922
1372169377420877836
1372169403249352707
1372169432466853890
1372169435763605504
1372169449961365504
1372169546489065473
1372169563970932736
1372169577149386753
1372169603535798272
1372169608732540934
1372169620157726726
1372169623127400452
1372169671366049793
1372169690672295946
1372169698847174658
1372169727024451588
1372169744762163201
1372169808934998017
1372169846205599745
1372169873187598338
1372169876018757634
1372169878296268801
1372169911989121025
1372169920402890754
1372169967962107913
1372169971778879500
1372169972466786310
1372170016364363782
1372170099717722113
1372170130642366472
1372170132835946500
1372170138099851266
1372170169338957824
1372170247218860032
1372170269226364935
1372170298842357760
1372170303833567244
1372170311886639105
1372170319381868544
1372170338247843843
1372170358250430464
1372170360746090497
1372170360741838853
1372170367377272836
1372170390202683392
1372170398356373504
1372170407902638086
1372170440295251973
1372170479650238471
1372170482091503616
1372170491209920515
1372170493629960196
1372170521832488962
1372170549959528451
1372170579697090560
1372170591663493120
1372170592917553152
1372170613876424704
1372170623699578880
1372170642267725824
1372170642565566476
1372170726900371459
1372170733376339968
1372170766532362249
1372170818969608192
1372170821096071173
1372170822635249668
