1367248446520881156
1367248468994048011
1367248468868272130
1367248473314140163
1367248492909985794
1367248560517902341
1367248612535721993
1367248619452035076
1367248640327241732
1367248646513786891
1367248653161791491
1367248691137048577
1367248745314873344
1367248756924706818
1367248788667183105
1367248790927777793
1367248836876521472
1367248843780333568
1367248937325899778
1367248950630187008
1367248961585750019
1367249043726864385
1367249067642736642
1367249142850805761
1367249160349581322
1367249182470340608
1367249201881624581
1367249209070526466
1367249221649317892
1367249222886694916
1367249259813306372
1367249260480233478
1367249293535555584
1367249309901541380
1367249355049115649
1367249390843404288
1367249431356129284
1367249459508297729
1367249573564063746
1367249600558596097
1367249675024236554
1367249683832332299
1367249706460606470
1367249897376927744
1367249906679881729
1367249950720094209
1367249953345527809
1367249961537126407
1367249968541671427
1367249985893519362
1367250075215302657
1367250140613005315
1367250163706851329
1367250193763069952
1367250205578526724
1367250217544929281
1367250219382034436
1367250392325754882
1367250462827814916
1367250473686769667
1367250481429553162
1367250490459787267
1367250505941024770
1367250511808909320
1367250538572763140
1367250539017359360
1367250555404443652
1367250562832506880
1367250566922002432
1367250593186742273
1367250671762743296
1367250686862192640
1367250734174117890
1367250780206608386
1367250787114512385
1367250796925116416
1367250803535273990
1367250863119618051
1367250919876747265
1367250921034457092
1367250944061243399
1367250973492719619
1367250986163666945
1367251044028321798
1367251093634351109
1367251137867501571
1367251216950992896
1367251230569992200
1367251275486756865
1367251278468960266
1367251293807517698
1367251335440171009
1367251367815970816
1367251370022158339
1367251407896780800
1367251465127952385
1367251469238472704
1367251472421855234
1367251489979269125
1367251512938786816
1367251569062854659
1367251639837491203
1367251658577616897
1367251659613683712
1367251743696973825
1367251746544754692
1367251798344531971
1367251800328404994
1367251803071479808
1367251909044805639
1367251935158538247
1367251940091047949
1367251963021316099
1367251968289300481
1367251975948148744
1367252027928047619
1367252060454985729
1367252075508338692
1367243670236192768
1367252097985576960
1367252117530976256
1367252173873160195
1367252174439387146
1367252178176532486
1367246711748325385
1367252209847709696
1367252230303322112
1367252232161361921
1367252235520933892
1367247949512675328
1367252246287839235
1367252258639863809
1367252262926565377
1367252322607198211
1367252332107464714
1367252431114035200
1367252458213359633
1367252462386642948
1367252550513270788
1367252564778110977
1367252569953873923
1367252608490991619
1367252659833630727
1367252722085470212
1367252772479848449
1367252788510556161
1367252810731905026
1367252846421434371
1367252849520898051
1367252862036807681
1367252946803646471
1367253012264054788
1367253041246654467
1367253053838008320
1367253092870328325
1367253148281274370
1367253207999778816
1367253235652788228
1367253322764328968
1367253344717139968
1367253348257202179
1367253377243963395
1367253494806294529
1367253544416530433
1367253574275661830
1367253591719702530
1367253598242037765
1367253614910189570
1367253628080320514
1367253628763922435
1367253635676180490
1367253642236026886
1367253709625950208
1367253712821874689
1367253759978434560
1367253841754914819
1367253861388472325
1367253878383800325
1367253925385015301
1367253952136323072
1367253978753417216
1367253983232983040
1367254014254014468
1367254053353263105
1367254114116251649
1367254128490070021
1367254136832618498
1367254263039217664
1367254295716986885
1367254378088968196
1367254402701099010
1367254461945626631
1367254475241451522
1367254481705009152
1367254513007144970
1367254517096579072
1367254567486898180
1367254608305864705
1367254654862594049
1367254661162532868
1367254689310339073
1367254755429515268
1367254756062822401
1367254766343098369
1367254766867333125
1367254802225385477
1367254821196222464
1367254831929430018
1367254837113614339
1367254887101210624
1367255061806665729
1367255162805497860
1367255189175033856
1367255193369288705
1367255265788104705
1367255288689156097
1367255299933888516
1367255386311565317
1367255392762425359
1367255414073520130
1367255461062471682
1367255516913819653
1367255523935064065
1367255531551875080
1367255583636742147
1367255667350798336
1367255719699877888
1367255956669693954
1367256046008434693
1367256124941078528
1367256166645059586
1367256181660553218
1367256295984816131
1367256308588679168
1367256359109066754
1367256362397278212
1367256390050320386
1367256415660834816
1367256432790233089
1367256453468151813
1367256483398782984
1367256531801018372
1367256550646030337
1367256558078410752
1367256562566389761
1367256570480984065
1367256580954021888
1367256642421719040
1367256768452169736
1367256826367025154
1367256880133849090
1367256910865592321
1367256954079490049
1367256985222213632
1367257016079683587
1367257055065763842
1367257104709529600
1367257115144896516
1367257135969632260
1367257170522292231
1367257228584116226
1367257241406029825
1367257304542965762
1367257355025600517
1367257394959552515
1367257423589834755
1367257431189975042
1367257464719171584
1367257496964845569
1367257525205274627
1367257588514062338
1367257592423198723
1367257606067269633
1367257633804214279
1367257655920783363
1367257656562487301
1367257667098542083
1367257716092264448
1367257726342942721
1367257745452367872
1367257757263532036
1367257764414844932
1367257777740070924
1367257829250387969
1367257833373380612
1367257852172238848
1367257856060362753
1367257859831037953
1367257876423708681
1367257890877304838
1367257905444052994
1367257917590708224
1367257957247950848
1367257965619683328
1367258005432111107
1367258132519542785
1367258193764712448
1367258206636941313
1367258255391674369
1367258279525552129
1367258302166536193
1367258331275001862
1367258339319676932
1367258394403495936
1367258397972783106
1367258404918616069
1367258423373438977
1367258451311747077
1367258483419062274
1367258485688254464
1367258486128582658
1367258519934754820
1367258523596382214
1367258542172823555
1367258545792647172
1367258554025922560
1367258574825676806
1367258605183897603
1367258788550635531
1367258808750374913
1367258815184449536
1367258853004349447
1367258893370462210
1367258915776253953
1367258971560640516
1367259116268355590
1367259147545309188
1367259185642049537
1367259208626880518
1367259225290776578
1367259229241839616
1367259264574775308
1367259371202297856
1367259382015135745
1367259387643985921
1367259458368249856
1367259467570499586
1367259486738542595
1367259503490707460
1367259544750088195
1367259615516311555
1367259684265197569
1367259685666004993
1367259686110650376
1367259726245953536
1367259747041210370
1367259789747777537
1367259799411453964
1367259819640377347
1367259914847072256
1367259940558110721
1367260006152867840
1367260024414691329
1367260031016726535
1367260041129168905
1367260051455561728
1367260070627672066
1367260078345175040
1367260134150344706
1367260172444438529
1367260174734401536
1367260182162665482
1367260190979063809
1367260193415856128
1367260318200602624
1367260335971971075
1367260365785030661
1367260378158268416
1367260388530647044
1367260427642691584
1367260514947072000
1367260643217260545
1367260684581560321
1367260741510832128
1367260792404529152
1367260806962814976
1367260811241025541
1367260850604572672
1367260917524815872
1367260920502652930
1367260926890696704
1367260941746847745
1367260981567578112
1367260986852270083
1367260987829743620
1367260998231416833
1367261056305950724
1367261081576628227
1367261087956107270
1367261104334864387
1367261192742440965
1367261195586203650
1367261206654963713
1367261213244162048
1367261257506557954
1367261258932772864
1367261260882931715
1367261261407399938
1367261280059478018
1367261337584357381
1367261381783871489
1367261445642211328
1367261445814157312
1367261456564178950
1367261495852109825
1367261544824922120
1367261564743671815
1367261593503854594
1367261622742495236
1367261627284865034
1367261637284155398
1367261645572100098
1367261687485767681
1367261706376933378
1367261799645642754
1367261862878998530
1367261895292575744
1367261907418234881
1367261908148121606
1367261931422285828
1367261946081329154
1367262007607644162
1367262009239216130
1367262037001273350
1367262038494429190
1367262068840267781
1367262079116263425
1367262144102879232
1367262254337560576
1367262276428922882
1367262287439007744
1367262309069029377
1367262369622220803
1367262392791429120
1367262405298946048
1367262435766382598
1367262472521068549
1367262508650749952
1367262516317986817
1367262583909138435
1367262589307224080
1367262600849805313
1367262635541082114
1367262687848259592
1367262717170634755
1367262722484817920
1367262815346565122
1367262856807211009
1367262897718624257
1367262905415069698
1367262917402501120
1367262939955093505
1367262942283128834
1367262955457441796
1367262956552138753
1367263020670410760
1367263079172628484
1367263110516514816
1367263189985943554
1367263291723112455
1367263315836166144
1367263365500862464
1367263425731133441
