1376942292670410758
1376942295690317826
1376942307732156416
1376942309351116802
1376942343035703300
1376942362409177091
1376942363780730884
1376942374191038466
1376942375805841414
1376942376388820999
1376942376573407240
1376942383984615434
1376942384597045249
1376942402867445764
1376942413676048387
1376942426229719052
1376942435528544261
1376942444441448452
1376942449264881666
1376942458593021966
1376942463999430662
1376942468902576129
1376942478071304193
1376942482232053761
1376942495062446083
1376942498648616966
1376942510866636800
1376942513198616580
1376942556152496130
1376942556664111106
1376942564864098304
1376942575572115457
1376942587530125314
1376942593158733825
1376942594530406400
1376942619889184770
1376942620195229698
1376942641460486149
1376942643872202753
1376942655540768774
1376942663979696133
1376942664445267968
1376942665858752512
1376942668861833216
1376942670027833344
1376942676587724804
1376942677300703234
1376942688877088774
1376942695311085570
1376942711169761282
1376942715649323012
1376942722041348098
1376942732049059845
1376942736159432707
1376942743646310403
1376942773136453640
1376942787279601672
1376942798998548480
1376942802425286661
1376942814164967430
1376942821123440640
1376942823375839240
1376942823874957312
1376942830107656195
1376942840866074628
1376942842862526466
1376942875720699910
1376942913226121218
1376942915436576772
1376942927440707584
1376942964560310272
1376942968427454468
1376942977570979847
1376942978644631552
1376942982897668100
1376943004674560002
1376943005987450886
1376943028535975937
1376943035758620672
1376943047997538304
1376943049293627396
1376943059016028168
1376943105983848451
1376943119179075595
1376943131074162689
1376943143854178308
1376943144613347328
1376943213752225798
1376943214243020800
1376943221369110531
1376943227509600256
1376943251832328195
1376943285122568192
1376943295847276549
1376943303929835520
1376943320065323014
1376943330609614848
1376943333193359361
1376943336792133635
1376943348708212746
1376943351304482818
1376943356748660738
1376943362939445251
1376943363077795843
1376943379183898626
1376943389069959179
1376943396338688003
1376943402563026952
1376943405104775170
1376943420145606664
1376943425547800579
1376943433902927874
1376943445260951552
1376943482716229632
1376943490106466314
1376943494061768706
1376943509270368256
1376943515582799872
1376943520825626631
1376943544267575296
1376943553637572609
1376943558733799428
1376943576509263872
1376943592300765187
1376943594477645824
1376943595563929602
1376943605009412099
1376943605877596163
1376943612282482688
1376943617663717381
1376943624328523777
1376943628346650632
1376943630225526786
1376943635686518785
1376943636420648960
1376943637024534531
1376943639126011907
1376943640434577412
1376943674312036355
1376943677373882376
1376943678695047173
1376943683505885188
1376943699771289601
1376943704792043528
1376943709216989185
1376943716468994050
1376943717613965312
1376943725599936516
1376943734290538506
1376943748299567107
1376943748609941515
1376943767362490370
1376943776854343682
1376943808311611397
1376943831837458436
1376943833842393097
1376943844160323587
1376943851747741698
1376943852704067584
1376943872593571843
1376943873067515906
1376943895506866177
1376943919905247236
1376943923201904642
1376943930005159939
1376943932802625538
1376943949781303310
1376943951022800903
1376943959381921792
1376943964817920005
1376943975987286021
1376944010598739969
1376944017955520513
1376944030416830469
1376944038037745665
1376944042907344896
1376944045021335554
1376944053716013057
1376944054152400902
1376944058753548290
1376944063304372224
1376944065699319809
1376944066244476928
1376944067779641347
1376944077745360901
1376944089329975298
1376944098045747204
1376944098964205571
1376944113963180034
1376944122083282948
1376944122821554181
1376944124801261571
1376944132153827335
1376944133391138818
1376944133831593986
1376944157957222404
1376944173388025856
1376944175254536200
1376944185564090376
1376944202555265034
1376944203549306889
1376944203666718727
1376944218770399238
1376944222620819462
1376944229235179523
1376944236579364864
1376944237489631232
1376944241637789708
1376944256863010816
1376944258217881601
1376944269596975104
1376944269584392200
1376944288160972806
1376944292032348168
1376944292371984385
1376944309015085066
1376944310571110405
1376944329789431816
1376944330586341377
1376944334155747332
1376944340103262214
1376944358335873031
1376944360378499075
1376944363243192320
1376944377566654464
1376944404565426180
1376944415957213189
1376944419090366464
1376944422580056068
1376944423108481024
1376944428036759558
1376944431375388675
1376944432252084225
1376944447427055621
1376944453345234947
1376944458848165893
1376944461276712963
1376944466125324293
1376944474509692937
1376944484571750404
1376944497838469130
1376944500115931137
1376944508814901249
1376944538556764162
1376944553253601284
1376944578952110087
1376944582500491264
1376944599789408261
1376944607582433289
1376944608798707720
1376944611940306944
1376944618038693888
1376944623009083397
1376944629736595456
1376944632857169926
1376944636460199944
1376944643133296644
1376944649793900544
1376944674049511426
1376944694853271552
1376944701350293510
1376944714998546437
1376944715682156544
1376944717850681348
1376944736930570245
1376944760666079239
1376944770560446470
1376944775098687498
1376944780928778240
1376944800059039746
1376944800725786624
1376944823920422920
1376944826491408385
1376944828508991491
1376944834712371208
1376944839388971013
1376944840999571456
1376944857663569923
1376944883261263872
1376944914110513162
1376944937338609665
1376944946658299906
1376944961468440578
1376944962546266114
1376944970737840128
1376944972574957572
1376944977599586304
1376944986168692737
1376944995580583939
1376945011468738562
1376945013825937411
1376945025024671747
1376945050110812168
1376945050173718536
1376945105421000708
1376945105949630471
1376945106784165890
1376945113637785600
1376945144226779138
1376945146730852357
1376945179484155907
1376945182982148098
1376945200136863755
1376945200556347393
1376945207023927296
1376945227898875907
1376945229484359683
1376945234463035394
1376945236631560192
1376945243988320265
1376945247725486080
1376945255736610817
1376945259746258944
1376945295532113924
1376945295783698436
1376945296052269063
1376945300292526082
1376945312334553097
1376945344924241922
1376945352402558980
1376945363236585472
1376945378080272384
1376945378591924225
1376945379510468610
1376945393267712011
1376945408455348229
1376945412435701765
1376945420673314817
1376945420882956288
1376945429993099267
1376945430794231820
1376945441913323528
1376945447097430016
1376945452696895496
1376945456647962625
1376945467452493826
1376945477191565319
1376945495667433474
1376945506899873800
1376945521579847680
1376945534603304962
1376945536364904458
1376945544073973760
1376945559911694343
1376945586977480707
1376945604312633348
1376945618002661380
1376945621295333378
1376945628492742657
1376945638349414404
1376945651162865668
1376945660767961089
1376945679583547392
1376945685988249600
1376945691470233604
1376945741571227652
1376945752593858562
1376945763150880776
1376945774119038978
1376945787654057984
1376945789772120067
1376945789851860994
1376945790438965250
1376945792829755393
1376945810320072708
1376945812756955136
1376945814615040007
1376945834395201540
1376945850765688832
1376945879559602186
1376945882130739206
1376945883267395588
1376945900870897665
1376945931707383812
1376945944000745472
1376945947025014789
1376945950476800002
1376945970303410177
1376945976259325952
1376945997880918017
1376945999873249285
1376946012644909059
1376946022874808324
1376946030931927044
1376946034744655873
1376946034874716161
1376946040306339840
1376946069209239553
1376946071868485634
1376946072703152139
1376946085969735686
1376946112205045762
1376946129233907714
1376946134871072768
1376946157612642306
1376946158531141632
1376946162050154496
1376946164118007811
1376946164478672901
1376946165170593795
1376946173764849669
1376946173857165315
1376946182187016194
1376946185638928390
1376946191506673669
1376946192425353217
1376946198209236997
1376946200612646913
1376946211933020171
1376946223878447105
1376946235345678337
1376946243021238274
1376946263778861060
1376946270808444932
1376946281004855300
1376946322960494596
1376946333483900928
1376946340031307782
1376946340127735809
1376946345169149959
1376946369227747334
1376946372218384384
1376946391101083652
1376946396495015946
1376946403222695937
1376946406691381258
1376946408973074438
1376946430296817666
1376946446373580805
1376946448139309063
1376946453273264134
1376946466443329538
1376946476635553793
1376946489147092992
1376946505790193669
1376946512219885572
1376946524903591942
1376946528581996544
1376946540569313283
1376946553475186689
1376946554368589828
1376946569476366343
1376946573767237633
1376946594591936517
1376946608449851394
1376946636832841729
1376946641652027394
1376946690230517760
1376946706424684549
1376946719640928256
1376946737433214981
1376946738037198854
1376946739710545921
1376946769045557250
1376946769959919620
1376946780928098304
1376946805015896064
1376946805800321025
1376946826838908929
1376946829644890114
1376946830144020482
1376946830680936452
1376946837605773318
1376946849815334913
1376946865216835588
1376946867657924611
1376946882556133386
1376946886230310923
1376946887782064131
1376946898767130632
1376946915699421184
1376946923991621632
1376946952856764420
1376946953695678471
1376946959295074305
1376946989435265024
1376947016568242177
1376947031126720518
1376947062605033472
1376947067956891654
1376947072549666825
1376947077293432847
1376947080569122820
1376947086613213192
1376947099380617216
1376947118288551937
1376947123262877698
1376947133497155588
1376947144276512771
1376947164878888960
1376947169706577925
1376947175964442625
1376947198919852033
1376947217009844224
1376947226069532672
1376947236362313731
1376947240632213509
1376947258885767169
1376947260160765954
1376947264141193217
1376947266590797837
1376947286517895173
1376947289290379272
1376947319854096388
1376947320051413000
1376947320168673287
1376947331568918534
1376947341501083650
1376947345582129158
1376947363382710276
1376947367501557760
1376947379765661703
1376947381170806786
1376947388162707461
1376947391551651843
1376947399533338627
1376947412288299008
1376947425764642817
1376947434111270914
1376947444676767754
1376947450750046210
1376947470878511109
1376947493666177027
1376947499584397317
1376947509013143567
1376947509415776257
1376947511353610242
1376947535311437824
1376947565946634246
1376947586062499841
1376947599823998980
1376947611463081984
1376947622964031492
1376947624822124545
1376947625891561473
1376947639493754882
1376947641351696388
1376947648142442508
1376947657936154635
1376947658355437568
1376947675283783681
1376947678563696641
1376947687313014785
1376947694225215491
1376947709244891136
1376947729688109062
1376947731504185348
1376947752173731846
1376947789289160705
1376947790740291585
1376947793311494144
1376947814492643332
1376947828107452417
1376947853906616327
1376947856880336898
1376947863985475588
1376947882155204610
1376947908793208832
1376947923242659840
1376947932830793735
1376947934890225669
1376947943463219208
1376947945707335688
1376947947477245962
1376947968805339141
1376947983682523140
1376947999293763588
1376948007086796807
1376948009695465472
1376948011943796736
1376948019766120451
1376948021095727111
1376948036463562763
1376948036769824770
1376948042562166786
1376948046219636736
1376948078033387523
1376948113047396355
1376948123227058180
1376948125743652865
1376948129744949248
1376948142243987461
1376948144517345285
1376948144479477760
1376948152624939014
1376948155795664899
1376948166398984193
1376948178197569543
1376948183843016709
1376948189987753984
1376948249773375494
1376948264478633995
1376948269075595264
1376948297882030083
1376948310448205825
1376948321315524616
1376948321772707844
1376948328559124481
1376948329473470464
1376948339388903435
1376948343750979584
1376948345617444869
1376948350658969604
1376948351804002306
1376948365259382785
1376948376734990338
1376948391041757188
1376948401422528513
1376948401632374785
1376948426366189572
1376948427452514306
1376948429797089283
1376948440907718659
1376948442958733318
1376948487560908801
1376948490631319553
1376948513792270343
1376948518561193987
1376948520893186049
1376948540006658053
1376948540891611145
1376948560386789380
1376948561359814657
1376948562576171008
1376948566292377604
1376948568020373504
1376948575100358659
1376948576337620993
1376948579265286148
1376948585430802432
1376948610194149380
1376948623188054017
1376948626853859331
1376948645690490881
1376948678129299458
1376948682189328384
1376948715576029186
1376948728586702850
1376948731069730824
1376948743199678467
1376948751353442308
1376948759909687296
1376948770278154241
1376948775185489922
1376948781741182979
1376948783628611593
1376948785197195267
1376948786585501697
1376948811503915014
1376948812762210307
1376948813248802818
1376948814683193350
1376948815010336774
1376948849047187464
1376948851504988169
1376948869645357056
1376948893817040896
1376948896476319746
1376948909126397957
1376948923084980225
1376948925521920010
1376948930257256451
1376948938025152521
1376948979401904131
1376948984988721158
1376948986943217666
1376949005662310407
1376949023056232449
1376949024213843972
1376949024406659072
1376949039288053761
1376949042815492096
1376949058812661764
1376949058934280198
1376949117297946630
1376949117570678787
1376949125955084294
1376949131546034177
1376949136457662464
1376949144619732993
1376949148512051204
1376949160423923712
1376949162458107909
1376949180237762565
1376949186193670147
1376949220213686275
1376949246553952256
1376949247438807040
1376949250211381251
1376949251629010955
1376949268691435522
1376949307862093831
1376949308566564867
1376949314279333895
1376949317978701827
1376949325079666697
1376949338308542467
1376949357103185928
1376949364048924683
1376949367576354820
1376949375373479941
1376949378343071748
1376949396508614656
1376949429001945088
1376949438187458565
1376949447259783176
1376949448618635272
1376949469317586950
1376949479346212868
1376949484148625412
1376949485255938049
1376949491283136514
1376949495452286990
1376949500497993729
1376949512594423808
1376949520991404037
1376949525420466176
1376949535289786368
1376949536627818501
1376949564729622534
1376949566793252864
1376949581586563073
1376949614461530122
1376949641204408321
1376949644660502538
1376949648552718336
1376949656828092421
1376949657310535690
1376949665162276867
1376949678923788292
1376949684732882944
1376949684871237635
1376949702206189568
1376949702529314816
1376949713770004481
1376949725237219329
1376949730886946819
1376949746049282049
1376949746288459781
1376949766999789568
1376949772599373828
1376949789053616137
1376949807160365057
1376949826982567939
1376949854186913794
1376949855986319363
1376949856523157504
1376949865855455242
1376949872146984960
1376949877796651022
1376949878258073603
1376949891352592384
1376949921727737860
1376949924416356361
1376949935292219397
1376949937745760257
1376949940975456259
1376949949183762433
1376949964547448832
1376949965151408129
1376949968997613574
1376949991181144075
1376949992116649991
1376949997233659907
1376950010324090881
1376950019404800015
1376950028158312455
1376950028565012484
1376950037209616392
1376950037289271309
1376950040636309508
1376950048290930688
1376950076753522690
1376950095275552768
1376950103177637895
1376950106805665796
1376950115936636938
1376950134257369088
1376950156101320713
1376950160337428482
1376950166088003593
1376950165966311424
1376950190008061955
1376950218755833856
1376950242982166532
1376950254138966020
1376950268533805057
1376950280034615302
1376950286493831170
1376950288087715841
1376950290352574466
1376950293380923393
1376950303522611200
1376950307737976833
1376950326591389707
1376950329246355456
1376950361584455680
1376950371004874752
1376950371902443523
1376950377875128322
1376950385911402502
1376950392727162881
1376950414415962112
1376950435412598792
1376950440861007873
1376950440860999683
1376950442240827392
1376950444006596611
1376950444728127490
1376950446590398474
1376950454677037065
1376950464789417984
1376950484578230272
1376950526345109504
1376950536973512710
1376950541792673795
1376950551821348866
1376950582532046849
1376950589167390722
1376950634650406914
1376950644133687301
1376950646079942658
1376950697766313985
1376950701885100037
1376950702631747586
1376950708495257602
1376950722617610251
1376950755920318467
1376950782126350337
1376950800153407494
1376950804742037507
1376950810483912705
1376950811209654280
1376950811666829319
1376950812371525632
1376950819883483141
1376950823079542788
1376950841190518791
1376950850854211587
1376950855413297154
1376950869787353095
1376950878243012613
1376950899281702912
1376950906638467077
1376950911709310976
1376950914892840967
1376950917673713668
1376950940813586435
1376950943879684096
1376950956814966792
1376950957771214848
1376950961747419138
1376950963634835459
1376950972799463425
1376950983851315200
1376950989786206212
1376950993217282051
1376950997499662336
1376951004575326210
1376951046891835393
1376951049139916802
1376951054449799175
1376951062968594439
1376951074872033284
1376951076193103877
1376951083323564039
1376951092467036160
1376951096975974403
1376951111328788483
1376951113950322692
1376951159840067586
1376951171236118534
1376951187631661062
1376951202877861889
1376951204723367941
1376951219399360515
1376951221811040257
1376951225997012992
1376951227146194954
1376951239469105162
1376951245345275905
1376951245882191878
1376951258771152899
1376951274986475522
1376951284155228170
1376951285497352200
1376951294204739587
1376951300898709507
1376951305655181321
1376951312063942659
1376951327989850117
1376951331550806019
1376951348013330432
1376951363914072065
1376951386655571974
1376951402870751233
1376951406129725450
1376951423309598725
1376951436995489799
1376951457245708303
1376951480335310850
1376951483061559298
1376951519187247108
1376951521062051843
1376951557674184705
1376951559364386820
1376951560266219520
1376951563512639495
1376951569929928705
1376951589437595648
1376951592750960640
1376951629287714819
1376951668760326146
1376951676473634817
1376951677195026437
1376951689886887937
1376951709017194501
1376951711286366212
1376951743959928838
1376951744043876358
1376951744412925954
1376951752889602048
1376951777371717635
1376951790537596931
1376951802562756611
1376951803456065539
1376951814684282882
1376951816361975809
1376951830471577601
1376951847051792389
1376951854022688769
1376951868090417154
1376951869927460870
1376951884985024513
1376951888269221893
1376951913153974278
1376951933911588875
1376951948566528015
1376951960046333952
1376951980124430342
1376951988114497536
1376951998738690050
1376952013104242692
1376952013439660035
1376952020519751685
1376952026018557953
1376952052841115656
1376952057320595467
1376952059799371777
1376952071447056389
1376952081702137868
1376952082364821505
1376952085674131463
1376952103172726793
1376952129303240707
1376952137532416001
1376952156113285122
1376952158025883648
1376952191047585792
1376952196697370625
1376952204481863682
1376952221825392640
1376952227680686088
1376952240796225539
1376952250808029187
1376952252951261184
1376952257195900930
1376952269954932736
1376952271699914757
1376952276913418250
1376952287457841155
1376952296945373185
1376952299906469891
1376952304864264192
1376952309134020617
1376952315781869574
1376952336103395337
1376952337936359427
1376952347427893250
1376952351437819907
1376952352469622795
1376952372593893378
1376952374313562112
1376952380038729734
1376952382861406210
1376952394748166146
1376952395280887816
1376952403384270854
1376952403606581250
1376952412708159492
1376952429158133763
1376952430978555905
1376952431322542087
1376952434606678020
1376952442487762954
1376952445062897664
1376952445071458317
1376952455980802051
1376952455838195719
1376952464818200588
1376952469285142531
1376952481498996739
1376952484086870023
1376952489778548736
1376952490315415554
1376952497353285632
1376952502671785988
1376952504932503556
1376952507587563520
1376952514197786634
1376952527015587840
1376952527825072132
1376952541494190080
1376952544958636037
1376952550117711875
1376952550864355341
1376952554748309506
1376952567050145795
1376952585630973967
1376952592610308103
1376952613917356033
1376952620770820102
1376952665209470985
1376952678090162178
1376952687799992320
1376952690543050752
1376952715151085569
1376952717810237451
1376952719492136961
1376952721127874562
1376952745010204674
1376952753600278532
1376952757870075905
1376952759048663045
1376952763372945414
1376952769890942977
1376952779869188101
1376952781110702080
1376952781337149446
1376952831203237888
1376952836450185217
1376952845610573826
1376952846877405184
1376952852388708358
1376952853214851076
1376952855362428932
1376952861117050883
1376952863532912647
1376952894004490241
1376952900203597825
1376952901218799627
1376952903043194882
1376952919220699142
1376952928993415178
1376952937159725060
1376952940821274625
1376952954884874242
1376952955111407620
1376952955539222530
1376952978154872846
1376952981753634817
1376952998727933952
1376953014200729602
1376953016620871680
1376953018218872834
1376953019166785541
1376953023067381766
1376953024619421702
1376953029744857089
1376953031611326469
1376953034496995340
1376953051496378370
1376953055611138051
1376953079078084610
1376953082353905664
1376953109973454848
1376953110065770497
1376953118244622340
1376953129921474561
1376953131423031297
1376953166047059969
1376953180286709761
1376953187110899715
1376953208443072512
1376953208812273667
1376953213308579845
1376953247123001345
1376953248980996099
1376953257537507329
1376953258535579648
1376953259710160902
1376953264370036743
1376953274646024195
1376953286520008705
1376953292228464640
1376953308334731265
1376953320787619840
1376953334343536641
1376953336470061056
1376953341608128518
1376953351053701124
1376953364529971207
1376953400894529537
1376953403012608002
1376953403499233284
1376953410822537216
1376953414832168964
1376953426177785857
1376953426798637061
1376953437712220165
1376953438668349440
1376953450370494464
1376953455319875593
1376953459098808320
1376953463314116609
1376953465407217668
1376953466325716994
1376953478564745221
1376953491143426050
1376953493794258945
1376953516930052099
1376953525385658368
1376953529332535298
1376953534940377088
1376953535506509826
1376953543857422338
1376953546793443329
1376953548659904513
1376953559737073670
1376953560659791873
1376953563360940032
1376953567437676548
1376953576547872771
1376953581056765954
1376953585225859073
1376953585766961152
1376953587981500425
1376953590908997632
1376953605547245570
1376953607489155072
1376953609485623297
1376953611595485188
1376953631157682192
1376953635532382210
1376953638581633026
1376953642335494144
1376953659540578309
1376953662191329290
1376953665517314054
1376953672094121986
1376953675537506305
1376953682714058762
1376953687650750465
1376953688393183236
1376953708769128449
1376953717933625351
1376953722446749698
1376953724459945986
1376953730617257986
1376953743384645632
1376953744294838277
1376953757901131776
1376953763089498120
1376953771591340032
1376953816717815808
1376953818718429184
1376953857557729281
1376953860632104964
1376953913845383177
1376953923270012929
1376953923903307781
1376953941443887107
1376953943956279304
1376953981566476290
1376953988952756228
1376953989804085249
1376953992400490503
1376954013061537794
1376954014680690688
1376954038684684289
1376954048662794245
1376954051875631107
1376954058787889157
1376954067973406722
1376954075670048770
1376954098277310464
1376954101188030467
1376954111858466817
1376954113972449282
1376954120922349570
1376954142267088900
1376954147572867073
1376954147631599617
1376954153226788864
1376954156624273412
1376954157362515971
1376954179638362113
1376954193425088516
1376954199188115459
1376954240917254144
1376954247158263809
1376954250954215424
1376954256289366023
1376954268746444803
1376954287067000836
1376954290045136897
1376954334538313734
1376954340867379204
1376954342335508486
1376954358655500289
1376954379949998084
1376954405057089544
1376954415274455042
1376954422408937480
1376954445892710408
1376954463966085121
1376954485675724800
1376954490960572418
1376954491371712516
1376954505875615750
1376954516097015811
1376954518706003972
1376954535269167107
1376954535692935168
1376954545935384576
1376954549265633287
1376954556622516224
1376954556815450119
1376954569335439372
1376954572913176579
1376954583512186885
1376954585068273672
1376954592936800262
1376954601505751044
1376954610863210503
1376954615648854017
1376954622548570123
1376954632346419202
1376954638029705216
1376954656149045251
1376954656442568704
1376954669365268482
1376954683558817795
1376954686012542977
1376954695986597899
1376954705323130902
1376954707839758339
1376954710230507522
1376954736335749122
1376954751233966086
1376954769785286662
1376954779864211458
1376954784712945665
1376954796909940736
1376954800772947969
1376954804963045384
1376954850865520641
1376954851259736074
1376954859631611904
1376954882024964097
1376954900383432709
1376954902686142464
1376954926413320192
1376954936877981696
1376954980817633281
1376954988832948225
1376954993064955907
1376954993136254986
1376954994268762118
1376954997397549057
1376954997477347335
1376955005442351110
1376955010257408011
1376955018234957830
1376955018285346818
1376955020076273664
1376955020663533575
1376955051122511885
1376955052124946438
1376955061679579141
1376955065257316357
1376955076149919744
1376955084765065217
1376955087185186829
1376955120647344136
1376955146253570049
1376955155057422347
1376955156672225282
1376955171310342144
1376955189089992706
1376955197654716417
1376955198594281477
1376955204726296587
1376955212913651715
1376955221692276742
1376955226423320578
1376955236426919936
1376955261756313600
1376955271218626565
1376955283591852039
1376955290621517829
1376955327636180995
1376955349006229505
1376955350503587843
1376955373140246528
1376955384393519109
1376955392194793475
1376955393113460740
1376955397534277638
1376955399451115522
1376955399937478661
1376955433265491968
1376955441201225730
1376955446435676160
1376955446548905994
1376955447559786499
1376955448620896257
1376955451011596290
1376955451552755714
1376955453129826307
1376955465763016707
1376955478702456833
1376955490404548615
1376955509367050240
1376955510625275904
1376955517009018885
1376955522079920129
1376955542170664972
1376955549456154624
1376955553478537221
1376955555709743104
1376955567441346564
1376955570075357190
1376955577989992455
1376955584671584266
1376955608566403072
1376955627042435087
1376955627344338946
1376955659149795336
1376955668872237057
1376955679273934850
1376955688375701506
1376955716519526409
1376955717203030020
1376955718595616770
1376955725583241218
1376955727378579466
1376955746802413574
1376955776523104257
1376955787558461443
1376955789903065096
1376955806755733511
1376955814196338688
1376955816180391942
1376955818441064448
1376955823952367619
1376955832181612551
1376955834400378887
1376955837453893634
1376955847327285250
1376955857661988866
1376955896585023489
1376955899953078275
1376955906827640833
1376955909427978241
1376955921017012230
1376955921834852355
1376955925215334403
1376955929275535361
1376955930613583874
1376955942319820800
1376955987370913794
1376955997198163972
1376956000369061890
1376956004731064322
1376956014281510917
1376956019004280833
1376956019989970945
1376956022590431236
1376956047328485377
1376956066085355524
1376956073412751360
1376956095202263042
1376956124612599810
1376956165737783301
1376956167168028678
1376956173916725251
1376956199711600644
1376956210642104325
1376956215616401408
1376956219982639107
1376956222054731777
1376956230753603584
1376956245983162371
1376956257995649027
1376956258343907329
1376956265524510720
1376956265692164102
1376956309321494530
1376956327436677121
1376956334533382158
1376956339054854150
1376956339939913729
1376956350257844228
1376956359963516940
1376956380117000193
1376956399691911168
1376956405509468164
1376956410882191362
1376956430562029571
1376956431035944962
1376956452032679941
1376956455593598980
1376956467916513284
1376956478553219080
1376956484177776644
1376956486463627267
1376956498543321094
1376956503043801095
1376956520936714240
1376956525743370240
1376956550825267210
1376956558014361603
1376956563114561540
1376956566193070083
1376956572430180362
1376956586049036295
1376956593301037059
1376956605929906182
1376956606173343747
1376956614075371533
1376956620593373189
1376956633704726530
1376956655368298502
1376956659898200066
1376956680575930373
1376956687819636740
1376956695117697028
1376956710439559170
1376956711500668933
1376956711689449475
1376956732040081409
1376956732807712769
1376956752764284934
1376956762251792391
1376956776072028165
1376956792723419137
1376956808728702976
1376956820506484741
1376956834993541124
1376956837271121920
1376956848801218560
1376956852076875777
1376956855352582145
1376956860729847811
1376956871630848006
1376956886646407179
1376956926177648640
1376956943995129856
1376956947036012544
1376956979969552384
1376956985292201986
1376956990073794564
1376956994461044751
1376957011284361223
1376957022667702275
1376957029122719752
1376957029844197377
1376957038555709442
1376957062823960577
1376957075557875723
1376957092293120003
1376957095149400068
1376957097343123460
1376957103932248065
1376957107623321603
1376957125390430211
1376957127617605642
1376957139852390400
1376957173113163777
1376957185972793345
1376957198304215043
1376957200501981184
1376957206780915712
1376957220143915010
1376957263743569920
1376957264700006405
1376957278016872449
1376957282018193408
1376957286845911040
1376957288003538946
1376957291841290240
1376957295939100674
1376957297826656262
1376957301039435781
1376957301848895489
1376957309105102854
1376957314561884165
1376957325446156293
1376957331792130056
1376957338037456899
1376957355250700293
1376957367410114571
