1375069950612807691
1375069962667167746
1375069966035214347
1375069979645739019
1375069991578505218
1375070008057942028
1375070057764679685
1375070087623942147
1375070102681493513
1375070102735949831
1375070118745677826
1375070130091261954
1375070134172327945
1375070142011412482
1375070155970019331
1375070177214128131
1375070181144285184
1375070216045072384
1375070217869668352
1375070242972504065
1375070247082938379
1375070249184296962
1375070269258207239
1375070290225549315
1375070323326951427
1375070368998645763
1375070373612511235
1375070399864659970
1375070403652153348
1375070429182840842
1375070438615814152
1375070439899291655
1375070450514948100
1375070461755711492
1375070490973323267
1375070493154410496
1375070553682309123
1375070588843266049
1375070620506013697
1375070624574533634
1375070625048453128
1375070628194226177
1375070637811699714
1375070642895212544
1375070682883756035
1375070699883266054
1375070711153188864
1375070716136198148
1375070718745063426
1375070732682596353
1375070754039980035
1375070772264329218
1375070793206538242
1375070795098169350
1375070795748274183
1375070805869142017
1375070831664111619
1375070834117783562
1375070835493507076
1375070845635280907
1375070905781604359
1375070916703617025
1375070956058738691
1375070995816591366
1375071008412041219
1375071037084336130
1375071057674133506
1375071110593720326
1375071130763948034
1375071134568349716
1375071140893192199
1375071171427848193
1375071178264608775
1375071190058930191
1375071227388301314
1375071253199904768
1375071252352794630
1375071282790854659
1375071313405079556
1375071330823983112
1375071364839841797
1375071409286873089
1375071413015617536
1375071419734892545
1375071430078042117
1375071462088925189
1375071479444963332
1375071483677052928
1375071511850192897
1375071533572485123
1375071550114779138
1375071552425897984
1375071581697945601
1375071597078396929
1375071622957260808
1375071637641469965
1375071656901799942
1375071720172875779
1375071836799647749
1375071842571014144
1375071853987954696
1375071857724903434
1375071869582372871
1375071884623151108
1375071935953039361
1375071965778690050
1375071996904546306
1375072101347045377
1375072113200136195
1375072176865353732
1375072184977264643
1375072194833874946
1375072205982302215
1375072248311201792
1375072248709648385
1375072251993853952
1375072263549161474
1375072292909113345
1375072314967068675
1375072344541126657
1375072365550395395
1375072369556008963
1375072371778850820
1375072408198131713
1375072410651738113
1375072432936062985
1375072447133851649
1375072448966750215
1375072455878905858
1375072462099116034
1375072463013380098
1375072473100730368
1375072482722390016
1375072512959250435
1375072604139220996
1375072633943916545
1375072638746435599
1375072734980366336
1375072745537601536
1375072802320027648
1375072828526112770
1375072830061113345
1375072843982061572
1375072851796107268
1375072872377544708
1375072902219960324
1375072910159843328
1375073024613945351
1375073029491986434
1375073058474631168
1375073060898930690
1375073077659377665
1375073087771840519
1375073099612364802
1375073191249371136
1375073201366126594
1375073239643402245
1375073280026099725
1375073305355554816
1375073310988451845
1375073324724858882
1375073353267023876
1375073354932236299
1375073361953443840
1375073369998123011
1375073436536557572
1375073440298889222
1375073454894968835
1375073459265486850
1375073503486033923
1375073504417079302
1375073558313934853
1375073562265055234
1375073583811194880
1375073622558191619
1375073649317842950
1375073768280850433
1375073793316683784
1375073803764645895
1375073868944089088
1375073878318399490
1375073884433682434
1375073899151556610
1375073989979176961
1375073999248580609
1375074056056107011
1375074080030867458
1375074095868547073
1375074109621669891
1375074130949718027
1375074134598766594
1375074171890319362
1375074172045561858
1375074179515564037
1375074205864181765
1375074225199984650
1375074225262895118
1375074225866817536
1375074273736458242
1375074286990413826
1375074300923846658
1375074308356243456
1375074367781081089
1375074374026461187
1375074395362881536
1375074401327144961
1375074408432295939
1375074413457117194
1375074425024962562
1375074431572324357
1375074444775858179
1375074491601203205
1375074492385484800
1375074497317978116
1375074500635734019
1375074509020147712
1375074520831234051
1375074522588712965
1375074525663035393
1375074548811448324
1375074593250103296
1375074620940881921
1375074648111640586
1375074653018992644
1375074659683729410
1375074677731721216
1375074700087398400
1375074750180036613
1375074755678703618
1375074757897551875
1375074769188626439
1375074804789874689
1375074808707358728
1375074810817036292
1375074831302004740
1375074860502777858
1375074891792277513
1375074911115481090
1375074913065828360
1375075020985237504
1375075030615343104
1375075035120082952
1375075055588274177
1375075094612086786
1375075141890244610
1375075214325903361
1375075245258895360
1375075250518556674
1375075261335670785
1375075263281790978
1375075283653554176
1375075314263601172
1375075320651517956
1375075343065841664
1375075385050816518
1375075387454197760
1375075396031541251
1375075397533057027
1375075427002224640
1375075430257078276
1375075439404847107
1375075468035170305
1375075506643697667
1375075508832985092
1375075534225477633
1375075581923053571
1375075630065229824
1375075650889977864
1375075760256475138
1375075760713662469
1375075775171428352
1375075775938916359
1375075808449024001
1375075843198877699
1375075860059947015
1375075877613101065
1375075878632353794
1375075934714396673
1375075954876420096
1375076010685734916
1375076090247581699
1375076134530994176
1375076153384402947
1375076163387858951
1375076177853956102
1375076189505736704
1375076191619715076
1375076200079589383
1375076216764567552
1375076223358005252
1375076271038681094
1375076275677753349
1375076295646846979
1375076332074328071
1375076438009856003
1375076461913251842
1375076468955475969
1375076522659307522
1375076526828494851
1375076533979783178
1375076545279238148
1375076555945299969
1375076562916216834
1375076602757804034
1375076603227742210
1375076641337176071
1375076646638788608
1375076683523502086
1375076729165901832
1375076738183659524
1375076752612003845
1375076756965761028
1375076795289063430
1375076826817691656
1375076834094776323
1375076837907369985
1375076843565379593
1375076858157481985
1375076875576299525
1375076893586767872
1375076930341462016
1375076929846513670
1375076954349699072
1375076975425986570
1375076991007739907
1375077007248261123
1375077020183490562
1375077082607316997
1375077086893858816
1375077087430766598
1375077096385609735
1375077137464573955
1375077141679894539
1375077145446387713
1375077155261022213
1375077165398552584
1375077198210592773
1375077201201274889
1375077219236773888
1375077267798429709
1375077275150999559
1375077292230144002
1375077297233989632
1375077305060581381
1375077315693187089
1375077321695092742
1375077324455043076
1375077371380916227
1375077378498703364
1375077379555663876
1375077408227794948
1375077410299777032
1375077439966224384
1375077469900963840
1375077471570120713
1375077483112972291
1375077548900618243
1375077552281243652
1375077572334133251
1375077575031160832
1375077576343887883
1375077616315588615
1375077626394501131
1375077653430988801
1375077665003216901
1375077716316323841
1375077716928659460
1375077758326411266
1375077798856036353
1375077825338871819
1375077837577846792
1375077845429596161
1375077848470319107
1375077857941147648
1375077860457771014
1375077873489481729
1375077901708693511
1375077985561231360
1375078019665121281
1375078027533639681
1375078039026012162
1375078039793631235
1375078059695562758
1375078066959998983
1375078083091435523
1375078109276479492
1375078109431627776
1375078140377194497
1375078142470197253
1375078176834084870
1375078254264999937
1375078260745322502
1375078274141945861
1375078290663297027
1375078304450031620
1375078339392774147
1375078357105278978
1375078428907610114
1375078463263145985
1375078502295347200
1375078535434530817
1375078576211570693
1375078585510338564
1375078587162882053
1375078607521988610
1375078675687690241
1375078710777368577
1375078764288282628
1375078783670173696
1375078783942864902
1375078824229019650
1375078840381345792
1375078860996378632
1375078866805526531
1375078869816905733
1375078889849036807
1375078893653164038
1375078966894211084
1375078968668401665
1375078971948158990
1375078997160194053
1375079004886163461
1375079028965670914
1375079079859384321
1375079173429989385
1375079193835401227
1375079202798571521
1375079236181106695
1375079284834963464
1375079288387551236
1375079316401324033
1375079323313528842
1375079331257532416
1375079358239543297
1375079372911042560
1375079375289335811
1375079377415847948
1375079383627616258
1375079407749042182
1375079409418391552
1375079416573931520
1375079424710873092
1375079436480053250
1375079488342609924
1375079490561302539
1375079490720825348
1375079518738771969
1375079575026286603
1375079593028243458
1375079598795415555
1375079634933530631
1375079664352260099
1375079678730498055
1375079683616866304
1375079692743671808
1375079698510835722
1375079702956806155
1375079707549503493
1375079708396822529
1375079710863073285
1375079750218158081
1375079750335668227
1375079786519928836
1375079787534938118
1375079797722914817
1375079824440578055
1375079824503402503
1375079842073415684
1375079932401975296
1375079933433765891
1375079958670901248
1375079979705376769
1375079987422883844
1375080005412270086
1375080027822424070
1375080074765070339
1375080130897399810
1375080138124226561
1375080153504747527
1375080169510146052
1375080175621218308
1375080203194630146
1375080240746221571
1375080254272897028
1375080319091625994
1375080319414591492
1375080326603681794
1375080348900544517
1375080369171628040
1375080405548818436
1375080409281622022
1375080409508286464
1375080435622023174
1375080489292283905
1375080530014769156
1375080545466654725
1375080549602103296
1375080564345208837
1375080571970453509
1375080598390239240
1375080628258021380
1375080650064211970
1375080659019042823
1375080670486233093
1375080699745730565
1375080727080005632
1375080737943216129
1375080760059834369
1375080763960463360
1375080768863662094
1375080793337384965
1375080805609918465
1375080833724342274
1375080855211798531
1375080880625057795
1375080907476926467
1375080907367927810
1375080944583970822
1375080957686915075
1375080986367700994
1375081018655436800
1375081022782595081
1375081029594193928
1375081034228801545
1375081047696805891
1375081051106770948
1375081097210437636
1375081185139888136
1375081187933323272
1375081237925130243
1375081251632082945
1375081258301161473
1375081299505897473
1375081394179805184
1375081395329101826
1375081405189869573
1375081430133448709
1375081433547571207
1375081467454365698
1375081522907201546
1375081542452658178
1375081565995347974
1375081578108497925
1375081598476021767
1375081646051913733
1375081661289889793
1375081708618461191
1375081717460008960
1375081725898809348
1375081739945709568
1375081776549408768
1375081778847830020
1375081822606999556
1375081830110670853
1375081878697484292
1375081881373437954
1375081904706359308
1375081911790485509
1375081935970697216
1375081977242652675
1375081984297435137
1375082010859995136
1375082013334593542
1375082015259770887
1375082045496553473
1375082102430040070
1375082110617276421
1375082139381825543
1375082147753684995
1375082170826465281
1375082179928133635
1375082186324508677
1375082201440792579
1375082243513851914
1375082252636454913
1375082253903101958
1375082323797028868
1375082326779121667
1375082334685388802
1375082347788259333
1375082403962703874
1375082417007030275
1375082435201880074
1375082475005820930
1375082595025833985
1375082615494078471
1375082635081437202
1375082640236179458
1375082654920499205
1375082655067344907
1375082665578270731
1375082679377354754
1375082767172706305
1375082785002692608
1375082788915867650
1375082793991028738
1375082821501517827
1375082868792246272
1375082888174125057
1375082891554791438
1375082896495673351
1375082932025622529
1375082935892672525
1375082942406533122
1375082949637414917
1375082951868874758
1375082958411939844
1375082972018307077
1375082990980620292
1375083004108754944
1375083026330349573
1375083036308480002
1375083046895030279
1375083054469947393
1375083071670607872
1375083118214922243
1375083131930357762
1375083145431814149
1375083157385588736
1375083184069746702
1375083194849112072
1375083243087667207
1375083259042922497
1375083311983378437
1375083322896965634
1375083339669995524
1375083356438851585
1375083367671140354
1375083434406780931
1375083444443615232
1375083464664494081
1375083498692743169
1375083511674253315
1375083543949361159
1375083544213610500
1375083603265196035
1375083652602863625
1375083680213913611
1375083700057038853
1375083742524534787
1375083750841782281
1375083768277389317
1375083768311132166
1375083778763337741
1375083791132332036
1375083802364674053
1375083813361971200
1375083819938803718
1375083833847070727
1375083862187999232
1375083917623980032
1375083919775653888
1375084016521601024
1375084047056187399
1375084060800917504
1375084069881585664
1375084079226445838
1375084101208834051
1375084110067216384
1375084139213430788
1375084212273831943
1375084212961878018
1375084230389153792
1375084241206325254
1375084267303231488
1375084271313031168
1375084278904717312
1375084310420721665
1375084318016598018
1375084342578397187
1375084349385752576
1375084375113621506
1375084410232430597
1375084429173997572
1375084454692196357
1375084457019990018
1375084475801989123
1375084481225326592
1375084490230542346
1375084560288002050
1375084566906568710
1375084576717078529
1375084579271348226
1375084597206114307
1375084603715751937
1375084608207851524
1375084612007849984
1375084638763241476
1375084647017762820
1375084673399980036
1375084708585996289
1375084738441048069
1375084766433775616
1375084781986275335
1375084858779783171
1375084862932156421
1375084883580715014
1375084898667610114
1375084941923524611
1375084949561344006
1375084958402875395
1375084962509127686
1375084963486433280
1375084967856910337
1375085000417288192
1375085015579643905
1375085030377066496
