1372608723886211079
1372608767989268487
1372608789610962951
1372608790915391494
1372608793306091526
1372608864202407937
1372608870925922318
1372608885001965570
1372608927666425856
1372608948239527949
1372609022675742723
1372609025112694787
1372609029852237824
1372609029931999235
1372609037066514438
1372609049058021383
1372609123116744704
1372609160370659329
1372609175902109696
1372609176371875842
1372609234681135107
1372609240163049474
1372609245913432077
1372609313160708096
1372609352994017280
1372609355464503304
1372609389853507585
1372609410992836609
1372609436594888718
1372609437819662336
1372609439484817409
1372609501845729285
1372609510276218882
1372609584100220929
1372609627725168642
1372609628488499206
1372609660717572099
1372609667256492036
1372609673669586948
1372609681194106884
1372609724571648005
1372609735388762124
1372609763394125832
1372609775729528833
1372609777390424065
1372609824530210819
1372609834772787205
1372609865793818628
1372609950803984388
1372609957175103494
1372609989534097410
1372610053535109121
1372610076331151367
1372610111504584710
1372610112490196995
1372610121885483010
1372610124183973888
1372610152025759746
1372610160699580417
1372610176101068807
1372610178147885058
1372610254203187209
1372610279054438404
1372610286646132742
1372610326227730432
1372610327141965824
1372610345802555393
1372610400341069825
1372610410738814976
1372610419332837380
1372610431513202690
1372610511339159557
1372610538803367936
1372610541278142470
1372610572169138176
1372610596152217602
1372610608936353792
1372610633187926023
1372610670668185603
1372610702448459776
1372610711478796292
1372610740016836614
1372610740620771329
1372610746459291651
1372610810086887439
1372610826461384708
1372610837748326400
1372610876948242438
1372610911916199940
1372610941200732161
1372610968040132608
1372611015523860488
1372611045815156740
1372611063720595465
1372611094943047680
1372611095303749633
1372611121434230784
1372611161259081728
1372611164585222145
1372611184394862597
1372611193106530305
1372611208000409605
1372611244381851655
1372611318868406275
1372611333808476161
1372611358412447744
1372611373394505738
1372611446345973760
1372611458115248143
1372611459474145288
1372611469221724173
1372611498737070081
1372611520916557830
1372611556547043328
1372611557390176259
1372611563874480128
1372611604517416968
1372611621747621892
1372611665024352257
1372611681700941826
1372611682824978436
1372611701078515717
1372611706636140549
1372611719198076933
1372611748998565894
1372611802417225729
1372611819139895299
1372611844096020480
1372611896378015744
1372611907065110528
1372611919819894788
1372611924018536456
1372611962039861249
1372611977751695365
1372612003022405634
1372612002607198213
1372612007975919617
1372612009037025281
1372612033355644929
1372612061054832641
1372612076775079947
1372612096320491529
1372612120706179076
1372612152507400195
1372612228025884674
1372612268492517377
1372612288201515018
1372612293280817154
1372612293784182785
1372612303045156865
1372612312100659208
1372612314206191616
1372612319679631361
1372612321701429253
1372612358967791618
1372612389158457346
1372612490337652740
1372612504845705220
1372612507509080065
1372612541625565196
1372612558956367873
1372612560961343494
1372612561418530817
1372612594410909700
1372612648295088131
1372612664963207168
1372612667257417734
1372612675293880323
1372612687713206272
1372612704133910529
1372612710463123467
1372612710777643011
1372612717824069633
1372612722118991873
1372612752246726657
1372612803123679234
1372612805312933890
1372612810916704258
1372612817287843843
1372612822627094529
1372612828973174785
1372612858282975238
1372612863072874505
1372612893062148103
1372612894093840384
1372612897080283138
1372612905183612930
1372612939497271297
1372613010112585730
1372613031029526529
1372613032015245312
1372613052395368451
1372613055335518208
1372613059831754753
1372613061446672388
1372613063543721986
1372613070091137027
1372613095789449218
1372613102366298120
1372613148465885189
1372613168409743366
1372613217613135874
1372613220477845507
1372613256506974208
1372613293668458499
1372613294419111936
1372613318498787336
1372613338132148229
1372613345627475974
1372613346835464201
1372613397636857862
1372613398714798082
1372613402749722624
1372613406637891586
1372613429739982848
1372613447976775681
1372613451776933889
1372613456751435780
1372613459704115208
1372613468214411264
1372613482957316097
1372613494063923203
1372613500309286912
1372613545356095492
1372613546475974658
1372613549269385218
1372613550099812352
1372613557905416198
1372613574690959362
1372613580328079362
1372613602901905412
1372613664839245824
1372613678110023684
1372613683268968449
1372613732329738247
1372613738067546113
1372613744841351169
1372613747852853253
1372613783307309065
1372613834465292289
1372613878463352837
1372613879067467777
1372613891780452353
1372613892086534144
1372613907198578689
1372613914605813769
1372613926660284417
1372613956766892041
1372613971723874312
1372613983228854272
1372614010626043910
1372614015906586626
1372614057648345101
1372614064095043588
1372614068180254728
1372614089130831875
1372614120751648768
1372614170915508229
1372614194009346057
1372614250762432512
1372614268667850753
1372614279308918788
1372614302071361539
1372614308035751940
1372614351551655936
1372614358883262467
1372614387664621575
1372614392148336644
1372614423609815053
1372614435903258631
1372614452080693255
1372614455918481410
1372614460934909954
1372614485052162048
1372614522809253890
1372614546796466178
1372614548264349697
1372614554232950788
1372614566358642692
1372614595005800449
1372614598709362694
1372614603587342337
1372614615562121218
1372614616266772481
1372614660860559363
1372614671610605570
1372614691793596422
1372614697682358274
1372614700740063237
1372614703202103297
1372614706767224832
1372614714585276416
1372614722449670145
1372614755563737088
1372614768767471616
1372614768947699714
1372614795015430146
1372614824912379909
1372614830037856261
1372614859494395905
1372614912141320199
1372614915115081738
1372614923478515712
1372614943564988418
1372615002583105547
1372615023625920513
1372615026327044118
1372615043389472768
1372615055720734726
1372615056974770177
1372615111228133387
1372615134653382666
1372615134661767170
1372615139954987008
1372615155822030848
1372615160884514822
1372615164076429314
1372615234343604228
1372615249178857483
1372615282213150728
1372615338391605252
1372615376928960514
1372615394838519810
1372615440241987587
1372615469664964620
1372615483120365571
1372615487746629636
1372615547712589835
1372615560278646785
1372615563877392385
1372615577680846848
1372615613919682560
1372615634710900739
1372615678214168581
1372615705632387078
1372615732589117450
1372615733004410884
1372615741766213641
1372615763291467783
1372615770077814786
1372615800847278086
1372615823886577673
1372615826398982149
1372615835639025667
1372615867939307520
1372615867842838530
1372615944359542790
1372615959643623425
1372615961698693126
1372615963305246725
1372615965167456256
1372615968862695430
1372615979302277121
1372616014899347459
1372616021136269322
1372616036919484418
1372616047723999233
1372616060101259264
1372616121984163847
1372616147967819779
1372616170285658115
1372616223595241473
1372616231388381186
1372616247733592070
1372616250636001280
1372616299377946624
1372616367283789829
1372616371742326786
1372616441472692235
1372616466525265932
1372616498615709697
1372616512599695360
1372616564890071046
1372616566236348420
1372616579201048576
1372616604664659970
1372616628496650246
1372616642774106115
1372616644699295750
1372616646054064133
1372616674948567040
1372616676177555456
1372616679201636360
1372616687854424078
1372616709971058691
1372616751096160259
1372616774164832257
1372616780737249287
1372616785070022656
1372616799037063168
1372616803227037697
1372616804426727426
1372616812471418882
1372616817408151553
1372616883409666050
1372616900212035590
1372616901281550341
1372616910655815682
1372616913126354952
1372616936295702532
1372616947381248001
1372616973566275595
1372616988497956872
1372616995905048576
1372617021247082496
1372617053077696516
1372617105011531782
1372617114171899906
1372617138897362946
1372617198020259846
1372617209772531713
1372617216898830337
1372617224469495809
1372617249719119873
1372617283693125642
1372617363162501121
1372617377159000065
1372617395454537741
1372617415847202818
1372617416962797568
1372617419651354625
1372617426987315210
1372617434549477377
1372617456506830851
1372617465109213189
1372617495513825283
1372617539612643332
1372617550585036802
1372617568456826881
1372617615139602444
1372617623192666113
1372617630050304003
1372617636434096129
1372617655757238284
1372617660219994115
1372617685662642176
1372617690112786432
1372617848674250752
1372617853384323072
1372617862330904581
1372617890625679368
1372617914067607558
1372617959751962628
1372617964713865217
1372618009500643340
1372618010163302404
1372618020091138050
1372618023136329731
1372618028358189062
1372618034024701957
1372618060025245701
1372618092208136200
1372618105940238338
1372618133387677698
1372618136617377810
1372618170574503940
1372618197308964867
1372618199263555588
1372618209979928576
1372618213276721153
1372618242531856386
1372618339709771782
1372618379312390151
1372618381472448514
1372618391429730311
1372618463898968065
1372618471146721288
1372618479241719810
1372618493418422272
1372618497646338055
1372618505548394503
1372618515593768964
1372618540176580616
1372618572724338692
1372618603590266886
1372618642303590403
1372618652353130496
1372618662151081987
1372618709693566978
1372618727796076545
1372618729603936267
1372618737874964480
1372618754060787712
1372618758427004928
1372618796603744258
1372618797262241797
1372618849523277835
1372618852777951235
1372618855370035204
1372618855600816129
1372618858641698819
1372618913155006474
1372618913373069319
1372618945228898306
1372618958319288323
1372618964480704516
1372619034810793993
1372619036224282626
1372619082185379840
1372619112774467586
1372619126670254085
1372619170349731847
1372619173713567751
1372619174405677060
1372619181728923656
1372619194353737729
1372619231808823300
1372619263039709186
1372619263702360065
1372619287291174915
1372619374536822788
1372619380538937350
1372619388088631296
1372619388688363520
1372619398008205317
1372619425044688902
1372619460859822083
1372619485425803266
1372619545723158528
1372619554543833088
1372619639654612994
1372619722580168706
1372619734089355265
1372619753332731907
1372619790326628356
1372619808349503488
1372619816402583554
1372619868395167750
1372619894483677185
1372619900494090243
1372620013065080836
1372620056434253827
1372620061995892743
1372620069956689925
1372620081025400841
1372620156355162115
1372620157114314753
1372620167956545537
1372620245161156608
1372620251519623170
1372620281701928965
1372620337091903495
1372620346319384576
1372620355538419712
1372620361179787275
1372620374039478285
1372620421183459332
1372620424249552907
1372620427642683401
1372620428171091976
1372620429869875200
1372620454121369607
1372620501613355008
1372620515173670914
1372620532252770305
1372620567774367753
1372620572841148418
1372620585998618627
1372620608668831746
1372620648942608388
1372620668785860611
1372620694287220736
1372620725064974340
1372620726109413378
1372620726834970633
1372620809727000578
1372620815339032576
1372620830006407169
1372620868204048390
1372620891528499200
1372620892765847567
1372620911245991945
1372620920842506240
1372620929755459588
1372620946410983426
1372620993617829891
1372621006272139264
1372621066997280774
1372621134663876609
1372621173226409991
1372621178880331779
1372621183175249924
1372621264150478851
1372621290075475983
1372621320614203404
1372621431851393027
1372621480584962057
1372621491104329728
1372621501418123275
1372621519407419394
1372621610822201344
1372621630522884096
1372621698399363072
1372621710231539716
1372621743664164866
1372621744436097026
1372621782394548225
1372621804351721481
1372621846772916229
1372621868197371921
1372621876225269764
1372621895443550209
1372621929769791493
1372621933280395266
1372621952624508930
1372621987365928962
1372621989106569219
1372622030777028609
1372622036523220996
1372622039215968257
1372622056194506757
1372622060091011073
1372622186360504321
1372622192819765248
1372622217192861700
1372622268031897605
1372622291675193347
1372622339393785857
1372622353012785152
1372622353151238144
1372622393420697600
1372622431932846083
1372622452120039424
1372622456184205314
1372622478053367808
1372622543442612236
1372622582034350084
1372622617652436996
1372622641287335937
1372622712364019712
1372622714654003200
1372622731125084167
1372622742734962688
1372622798921859072
1372622805137784840
1372622814302248964
1372622840734842893
1372622841397542915
1372622862394220552
1372622863744827395
1372622865514819587
1372622889854328840
1372622890143686656
1372622940311797767
1372622943767891976
1372622957189550081
1372623009291382789
1372623029939896329
1372623052333330433
1372623075833942017
1372623079281676302
1372623109132537857
1372623122344652803
1372623153650753536
1372623171178860547
1372623234202488838
1372623248517632001
1372623259343130626
1372623314301169669
1372623334857408513
1372623337415966721
1372623344080654338
1372623389773414405
1372623390863990788
1372623438276345866
1372623451115057155
1372623478709444610
1372623585127317507
1372623596112261124
1372623605578760192
1372623627179282432
1372623627707891716
1372623646875914240
1372623656036093952
1372623659760709632
1372623683450191872
1372623701418651653
1372623726466850816
1372623746574483456
1372623765025226752
1372623781680844801
1372623802723618821
1372623805588332548
1372623812097937409
