1368848996463165442
1368849155125252097
1368849212230762497
1368849235551150084
1368849339431411714
1368849467169005571
1368849615919984641
1368849893947813889
1368849901069561857
1368849910309789696
1368850060914663424
1368850086025904134
1368850270269157376
1368850340989304834
1368850387042729984
1368850401135636481
1368850436585893890
1368850500263813121
1368850533189058560
1368850665909460999
1368850669977886721
1368850724797345793
1368850825213325315
1368851015873699846
1368851089936633860
1368851116990038019
1368851163085295618
1368851196153389056
1368851212947255299
1368851216546082817
1368851346569461763
1368851365997518848
1368851403272249346
1368851422989680651
1368851439397781504
1368851466874654720
1368851606134026243
1368851614543454212
1368851668649971713
1368851699511812100
1368851699914469380
1368851854348681216
1368851888238714880
1368851927904227332
1368851937337212930
1368852027019730953
1368852051736854528
1368852066282729473
1368852115859341313
1368852222591729673
1368852228723851264
1368852265130397697
1368852318310006785
1368852535499448329
1368852566206017538
1368852612183977987
1368852631301591041
1368852696950792193
1368852719159500804
1368852730333265920
1368852734611390465
1368852807026155520
1368852841226510337
1368852848189050882
1368852906989019138
1368852959845552131
1368852969966374916
1368852977361027072
1368853023888400387
1368853030788096001
1368853050421567488
1368853051457613832
1368853062366945280
1368853206621622274
1368853241413439488
1368853390189592579
1368853463057203201
1368853498813681665
1368853512717762560
1368853707664859136
1368853742519541763
1368853771359555591
1368853819107446784
1368853873708961792
1368854004898402304
1368854078344822784
1368854088968966144
1368854095327457289
1368854099177914370
1368854123970494465
1368854143201390595
1368854165611511809
1368854242899951619
1368854252450353155
1368854268254576642
1368854411389399041
1368854426123972609
1368854468016627715
1368854547725189120
1368854555530686464
1368854647847403526
1368854680948924416
1368854687601070086
1368854973740630017
1368855065906253825
1368855076228435971
1368855106603606021
1368855271762755585
1368855624470106113
1368855638936260611
1368855796646354950
1368855823858941954
1368855847934304256
1368855911662518273
1368856201027551235
1368856228596711427
1368856263027789825
1368856314579935233
1368856351712178181
1368856408112963586
1368856438571995136
1368856544209739779
1368856569664962560
1368856585196478466
1368856653198626818
1368856710820081668
1368856716268408833
1368856716650119169
1368856759146704902
1368856780764311554
1368856804202065923
1368856881620475912
1368856902399049730
1368856949601820672
1368856978710204418
1368857026961567750
1368857061719687168
1368857078010413062
1368857085291737091
1368857087497936897
1368857116778373123
1368857176698130433
1368857191315292160
1368857230091685892
1368857255450468352
1368857395837960192
1368857428633194497
1368857473713659905
1368857544735752192
1368857572355215361
1368857731382337537
1368857757298819072
1368857828270739456
1368857849019961346
1368857857651847173
1368857887884328961
1368857929730973697
1368857940631945216
1368857952195608577
1368857953055473664
1368857984072355840
1368857996265160708
1368858265161990144
1368858403750154240
1368858448033689601
1368858515075436544
1368858515826221061
1368858515926835203
1368858529092755456
1368858596507873281
1368858682805661701
1368858711012356096
1368858754763005954
1368858776971927552
1368858838934429697
1368858898975842305
1368858943783641088
1368859034581884929
1368859043075416064
1368859088994582538
1368859269458755585
1368859295593431040
1368859339805650946
1368859341084708864
1368859368859525120
1368859402573410307
1368859498237095936
1368859500824961024
1368859620014497792
1368859708782678016
1368859719343996929
1368859736750297088
1368859746409844736
1368859861447024641
1368859871320358913
1368859911883481093
1368859926794223621
1368859932565540864
1368860026329300992
1368860077445312515
1368860156398866432
1368860164988801027
1368860176917397511
1368860277559750656
1368860339123654664
1368860339664789506
1368860470204112898
1368860476675866624
1368860501665517571
1368860515716497413
1368860554895519745
1368860596389769216
1368860618489479168
1368860777403318276
1368860804162990081
1368860811284918272
1368861023135019011
1368861065656827907
1368861126994264066
1368861186389901312
1368861211194982400
1368861298981797895
1368861320645390336
1368861320792145924
1368861321983320066
1368861397765996550
1368861402845298689
1368861426048237571
1368861505714679808
1368861580792918018
1368861599159775233
1368861604725596163
1368861604738170886
1368861635306225664
1368861660623085570
1368861725924024320
1368861727442542592
1368861756588720129
1368861776373252096
1368861786041163781
1368861822078492672
1368861839338127366
1368861914311360514
1368861931495448578
1368861996733657088
1368862012189589506
1368862019521249284
1368862051150528512
1368862098135150594
1368862186521513984
1368862287969230851
1368862301814657024
1368862304025120770
1368862316477829121
1368862317006446596
1368862345175445507
1368862355854036993
1368862356252540930
1368862375634407425
1368862378956324868
1368862422874939393
1368862427085963269
1368862444727238658
1368862461332488195
1368862464046141440
1368862589858496518
1368862596657520646
1368862691432030210
1368862702546878466
1368862706485391363
1368862822701105153
1368862874660188161
1368862888832737283
1368862944159760384
1368862953215299588
1368863019141316608
1368863114662412290
1368863169184210948
1368863263568625664
1368863323081555970
1368863398625243137
1368863452106788864
1368863461225160705
1368863492216864768
1368863531962138625
1368863607065374722
1368863655761174531
1368863657657040896
1368863689378529291
1368863714602934276
1368863753446580229
1368863757368258561
1368863757422768131
1368863818584055812
1368863844425211905
1368863845985513472
1368863947605094400
