1373333504394661893
1373333510765826054
1373333510753296390
1373333568500420608
1373333589094494208
1373333605590704129
1373333607641710600
1373333609722081282
1373333624594989057
1373333630139957256
1373333638541049857
1373333654945021953
1373333665237901313
1373333680916209664
1373333683436937219
1373333712935456769
1373333734292746240
1373333760054231040
1373333809416921088
1373333836084482056
1373333877029175296
1373333909207941126
1373333910873071617
1373333933908185088
1373333941504126980
1373333980947214336
1373333981215797251
1373333994025189381
1373334037377339397
1373334052586061830
1373334065500282885
1373334096491868161
1373334100958978050
1373334139454246922
1373334158760501250
1373334186459815946
1373334188393435136
1373334199994875906
1373334212791635973
1373334225122955266
1373334247797358598
1373334254512304128
1373334271390314502
1373334279204274182
1373334284396679172
1373334287701917703
1373334292026306568
1373334310313414660
1373334309944360962
1373334319519895554
1373334330198663170
1373334359693000710
1373334373722943488
1373334376226824194
1373334415045234690
1373334452068352007
1373334500915220483
1373334501057830916
1373334521463078922
1373334572562321413
1373334580443320322
1373334596276850690
1373334596461363206
1373334598701174784
1373334611179278340
1373334623778959361
1373334650731458561
1373334670251806731
1373334672462188551
1373334683920920579
1373334685430870016
1373334687184224257
1373334697871355912
1373334707715334146
1373334741764702219
1373334753173139459
1373334757308821505
1373334760009953285
1373334829933211648
1373334859830194179
1373334878272565253
1373334897620815882
1373334937739407367
1373334966487121927
1373334970937249797
1373334975009980421
1373334987316080650
1373334993519271943
1373334997789184002
1373335034812276739
1373335081796911112
1373335084410007554
1373335094182690816
1373335102315405316
1373335108246253568
1373335133344952321
1373335136452886528
1373335168661008384
1373335179968851969
1373335222587117569
1373335229700567044
1373335247358689287
1373335257475395591
1373335274160336898
1373335316476596234
1373335326064787458
1373335348978286595
1373335395367321604
1373335413755117570
1373335427223072768
1373335434852397057
1373335448450428937
1373335453827436544
1373335462216146946
1373335464938139656
1373335468692111360
1373335476258623489
1373335488858361857
1373335489546235905
1373335507174793217
1373335525231329283
1373335544852180994
1373335556885741568
1373335559310041091
1373335573138612224
1373335574522761217
1373335575705628673
1373335602834370560
1373335615354376193
1373335639979098115
1373335643108081665
1373335647960899587
1373335658513772548
1373335667359555588
1373335722363604995
1373335736666177538
1373335745675595778
1373335770577133570
1373335831046459394
1373335842333265923
1373335852273840131
1373335855964782599
1373335860326842374
1373335864336613378
1373335910599716874
1373335915922391049
1373335916450746372
1373335933630738437
1373335937678245889
1373335951544565760
1373335964140113927
1373335967457759235
1373335970825842691
1373336011086921733
1373336116552687618
1373336134516944897
1373336159678521347
1373336171544145923
1373336256734760961
1373336269518897152
1373336273839067137
1373336275223072769
1373336314997841920
1373336358014627849
1373336379778871300
1373336405460582400
1373336411248726022
1373336468043747337
1373336504286740493
1373336515057758208
1373336534754025472
1373336539720253443
1373336563250266121
1373336594745323527
1373336601128923139
1373336604140568579
1373336615851024385
1373336631000846347
1373336634469531651
1373336638424817670
1373336654568583169
1373336664999784450
1373336719014117387
1373336727440519171
1373336727801200642
1373336728866553882
1373336730200334338
1373336730808487943
1373336732045869060
1373336755995344900
1373336764484616199
1373336784466280457
1373336832075825154
1373336840426622979
1373336871917477889
1373336906692497413
1373336937692549128
1373336999051005953
1373337011503955972
1373337025181532163
1373337044907302913
1373337046048210954
1373337062493982730
1373337093167013889
1373337096790929408
1373337104479100934
1373337112771227649
1373337191884161024
1373337202848116736
1373337241146306560
1373337245055385606
1373337256564559873
1373337272192471041
1373337279574474754
1373337295600881664
1373337316077547520
1373337325602738176
1373337333148303362
1373337352853200901
1373337353310203904
1373337370393726977
1373337371320709121
1373337372402802695
1373337378341851136
1373337411841835008
1373337413364371459
1373337425691414531
1373337428480643072
1373337465113645058
1373337479462318085
1373337527080398849
1373337528401588230
1373337560395681797
1373337576086630403
1373337661180641283
1373337663428816898
1373337679362920449
1373337683037147137
1373337683947352071
1373337743615463424
1373337800825786372
1373337826729762818
1373337900880912394
1373337924398321664
1373337925266591751
1373337925983821828
1373337946389053440
1373337950017163278
1373337951363563522
1373337958598721542
1373337961610231813
1373337966056243207
1373337986717343747
1373337993780543492
1373337998352351244
1373338001607176195
1373338034305822720
1373338051599069189
1373338052060405767
1373338090501074946
1373338108910002178
1373338118909136898
1373338118993158146
1373338155529732096
1373338182188687363
1373338182704533507
1373338202472394752
1373338206847045633
1373338217844461569
1373338221409615872
1373338223309697025
1373338236102250499
1373338236991463424
1373338239529017345
1373338283145621508
1373338316326731782
1373338316951666689
1373338318147100679
1373338326883827714
1373338334324523014
1373338361348378626
1373338392528752640
1373338393891966979
1373338406240055299
1373338406915346438
1373338416528625671
1373338418248318978
1373338422400577538
1373338453488889859
1373338487353659397
1373338490423832580
1373338531586830342
1373338538557771781
1373338549764915206
1373338564671442945
1373338586410536969
1373338646925877248
1373338672507068423
1373338676315500550
1373338785648406533
1373338786617294853
1373338796842831872
1373338801020538886
1373338813930569728
1373338833245204481
1373338867072401413
1373338916195954689
1373338957530984453
1373339015794020358
1373339082953228297
1373339100976058370
1373339108634951685
1373339120836222979
1373339123638005760
1373339180663599105
1373339198082666496
1373339212045561862
1373339213328965635
1373339224863338498
1373339242315853827
1373339265879351298
1373339273655640065
1373339319826534407
1373339390014017537
1373339405059035136
1373339406506078212
1373339410037497858
1373339411182714880
1373339429448736772
1373339436453363720
1373339439276158979
1373339453104721925
1373339469085089794
1373339537439604737
1373339550332911616
1373339560701259778
1373339633837301760
1373339677818810372
1373339688375836679
1373339690854662153
1373339693790720003
1373339698593157124
1373339698832289796
1373339709917700098
1373339722366521357
1373339734878085121
1373339745846226950
1373339792218394626
1373339793032146951
1373339815819710466
1373339831997173763
1373339845423104000
1373339848266768389
1373339862271717376
1373339916705357838
1373339944442335239
1373339972359622659
1373339974418989056
1373339996619481089
1373340004420816902
1373340017339330576
1373340030635245575
1373340114139553792
1373340136352665612
1373340153364803585
1373340158095859712
1373340208217923585
1373340244012044291
1373340256934694912
1373340273401544707
1373340309946519558
1373340325243150347
1373340342175535106
1373340342884388865
1373340386131914763
1373340401038331910
1373340409762578438
1373340411503251465
1373340416104394758
1373340424761380866
1373340458131333129
1373340503698251784
1373340546127699969
1373340554063405056
1373340564465278976
1373340571339649025
1373340587731079177
1373340606852964353
1373340646879137792
1373340673181675523
1373340675090042884
1373340678705475585
1373340718438174723
1373340720619253762
1373340742278602758
1373340804417253377
1373340813787197444
1373340831692828672
1373340848163852292
1373340878094352386
1373340959476494339
1373340989851570179
1373340992338862083
1373340994276573191
1373341042791968773
1373341090858770434
1373341098714730502
1373341099566063616
1373341104590950401
1373341112073547776
1373341149570605056
1373341149449060358
1373341159678996482
1373341160391983111
1373341170642743302
1373341182030311424
1373341187659030528
1373341198941847555
1373341204197347328
1373341209939300354
1373341231405744128
1373341255883763718
1373341302692143106
1373341316197752834
1373341318496280577
1373341358803578883
1373341381884669954
1373341389732392962
1373341392248971269
1373341404840259592
1373341419914424324
1373341473610076161
1373341532955181059
1373341585774088195
1373341587330248708
1373341593550401537
1373341629034209282
1373341644523778062
1373341651733786624
1373341701855645709
1373341737549111296
1373341759481217029
1373341767987306496
1373341790762233857
1373341802648977412
1373341804280442881
1373341825910587393
1373341841718935553
1373341841685381120
1373341853840416770
1373341855518056449
1373341859548913666
1373341860706590722
1373341869510254595
1373341884161130506
1373341899356921860
1373341903446417410
1373341913303109632
1373341922706722830
1373341928482340869
1373341945691525124
1373341949764239365
1373341964859543555
1373341985470316553
1373342003321262081
1373342005133250567
1373342018789896207
1373342021780389888
1373342035307020294
1373342038096281610
1373342050804961283
1373342054235914245
1373342077791133697
1373342082350395393
1373342094706814982
1373342102097166336
1373342111026851841
1373342122678566912
1373342129322393604
1373342135622234112
1373342148704210948
1373342169403117571
1373342176248176640
1373342183978323975
1373342196502560769
1373342199480393728
1373342210867990528
1373342215704096777
1373342230388310017
1373342237564805123
1373342238651129868
1373342241305980928
1373342255428288518
1373342267717603331
1373342271408533505
1373342280048726016
1373342289670639620
1373342320754573314
1373342374835982343
1373342375767072776
1373342404342902784
1373342423921930245
1373342442200645635
1373342451209887750
1373342458986295300
1373342476728209410
1373342482918907904
1373342487322845185
1373342511377301504
1373342527906934785
1373342593774350336
1373342629115613188
1373342635277049857
1373342798305443840
1373342802785017861
1373342835651448836
1373342835957760005
1373342858762149891
1373342866722881536
1373342875564482566
1373342902034792463
1373342903897096193
1373342904526209025
1373342912776376328
1373342913233625104
1373342968896221192
1373342971580411904
1373342985266593793
1373342985866387456
1373343002119303173
1373343010931441668
1373343012760195080
1373343047870676992
1373343083329298434
1373343085623672833
1373343122105712640
1373343148173369344
1373343155559485442
1373343160596856832
1373343178384883712
1373343236857692169
1373343240024301568
1373343244432592896
1373343259393732608
1373343263969579008
1373343281296326667
1373343289462652931
1373343334089904128
1373343377039765506
1373343384350257152
1373343388800585730
1373343446451228679
1373343498070544389
1373343542626648065
1373343546519007235
1373343574062956544
1373343614282121218
1373343616215740422
1373343618434490376
1373343686210244613
1373343705411768330
1373343707831926788
1373343716518326276
1373343722943963139
1373343739414908929
1373343765528649730
1373343808096722951
1373343821644275713
1373343825461137411
1373343830011830272
1373343895271137283
1373343895787036681
1373343900727963662
1373343924417363968
1373343963239841795
1373343968692297728
1373343990733438979
1373344009452670980
1373344008995491843
1373344026687070213
1373344040662409218
1373344068038762508
1373344070911852547
1373344079119933441
1373344097176596493
1373344119523835910
1373344125072838662
1373344159017414657
1373344180961955844
1373344189828632578
1373344201048395779
1373344206467522562
1373344241917788160
1373344280471875585
1373344283277807621
1373344288868868097
1373344303687331843
1373344325191528449
1373344391901933576
1373344396222074888
1373344440161595402
1373344466870792199
1373344528493608960
1373344532373381120
1373344558860341254
1373344563021090816
1373344565575442432
1373344590028288008
1373344611855437831
1373344623427457026
1373344637767843846
1373344641236537345
1373344677706006528
1373344690355986435
1373344694235725826
1373344696345448450
1373344751383089154
1373344781921882113
1373344785742856196
1373344798036303872
1373344798472560640
1373344813521731588
1373344904923992067
1373344953376645121
1373344955465351175
1373345052769062917
1373345062755647492
1373345068388655111
1373345112504332299
1373345125208821764
1373345143416365058
1373345167533555720
1373345192103796736
1373345211934511108
1373345217156411393
1373345223451893761
1373345277189484545
1373345321481338881
1373345352158482437
1373345421523701761
1373345435469946883
1373345451391471616
1373345469112459273
1373345512540270597
1373345521591541762
1373345525420806144
1373345554252623875
1373345595491024897
1373345658787270656
1373345663522586626
1373345664696995842
1373345675883204609
1373345689053364225
1373345699304243204
1373345705864130563
1373345718870577152
1373345726189682696
1373345730367225860
1373345737757589505
1373345759031128068
1373345763577753601
1373345770724810752
1373345783500668929
1373345787535581189
1373345790349864962
1373345843785441286
1373345867206381571
1373345884243648515
1373345901041827842
1373345911926108164
1373345924798365700
1373345939298091008
1373346027881783297
1373346076930015244
1373346079026991105
1373346094650949635
1373346104981397504
1373346110043910144
1373346152649744393
1373346204403240964
1373346227522273284
1373346237420687360
1373346280932478979
1373346287022706694
1373346294723346437
1373346376831143936
1373346446330769415
1373346494846267397
1373346557735632898
1373346562932375557
1373346576723275778
1373346588907700227
1373346606234398730
1373346631165345796
1373346653848100865
1373346684516892679
1373346705526112261
1373346726497685505
1373346748178046978
1373346756361076740
1373346768713306118
1373346773645725699
1373346795456192512
1373346808777207810
1373346810601762816
1373346813974085646
1373346832772960269
1373346875533750276
1373346879207997441
1373346884383772673
1373346885633601536
1373346897776279552
1373346899969867786
1373346930277765124
1373346932710645760
1373346934270922754
1373346934442881031
1373346938733654016
1373346938809163779
1373346972611063809
1373346994769510401
1373347006580629510
1373347009311088642
1373347023349411843
1373347028131049472
1373347037945675783
1373347040621694984
1373347045050785793
1373347048582377474
1373347052462211078
1373347061345755142
1373347066685034508
1373347067712565248
1373347082824728580
1373347087354449923
1373347104295370752
1373347122418913283
1373347124339908610
1373347139087048711
1373347145445560322
1373347181911011336
1373347224499945481
1373347228740431873
1373347247556079618
1373347254015193089
1373347272625377287
1373347309468127233
1373347339050614787
1373347344549257220
1373347354854707202
1373347374307901441
1373347402095157252
1373347403567304705
1373347414547918848
1373347446516899843
1373347459280297984
1373347460005957643
1373347466079313925
1373347471074689024
1373347476426526724
1373347534131838982
1373347539043414017
1373347552792252419
1373347566012792832
1373347576884252673
1373347585734361088
1373347626091954178
1373347638721048579
1373347644005834753
1373347657096257545
1373347663668678660
1373347666894131205
1373347669540757504
1373347680257146885
1373347683709022209
1373347685332365317
1373347687165091841
1373347694396243970
1373347699458736128
1373347699471183872
1373347705963966465
1373347744983748614
1373347745428299777
1373347762012577796
1373347782178840576
1373347789669855240
1373347801476829187
1373347804022771720
1373347823182360581
1373347831956705281
1373347838109843458
1373347848876613637
1373347849027653634
1373347849690357766
1373347896553213952
1373347900445626372
1373347904421761026
1373347910881017856
1373347912768442371
1373347935807754241
1373347939746123777
1373347957790113795
1373347981815087107
1373347996071555082
1373348024316014597
1373348025003872262
1373348031416860672
1373348040950620161
1373348054783434759
1373348061758451713
1373348069446651907
1373348075050315777
1373348086903361538
1373348088887209984
1373348090229493764
1373348140112248832
1373348179597533196
1373348195783254016
1373348215899185152
1373348235452973057
1373348248405082117
1373348264150503433
1373348278293516289
1373348278796967937
1373348294676652037
1373348316138897425
1373348316759621636
1373348343607345152
1373348352943927304
1373348367426670598
1373348381091766273
1373348413379579912
1373348441057857540
1373348452835364866
1373348458933972995
1373348468643799042
1373348482447257602
1373348510758625283
1373348523995975685
1373348551325937668
1373348557902774273
