1352994493595869185
1352994496007393280
1352994550122508288
1352994555180756993
1352994564869672960
1352994647224758274
1352994837931454467
1352994865882288128
1352995109114163200
1352995199857909765
1352995369479770112
1352995379923607557
1352995471611088901
1352995471887921153
1352995810930208768
1352995856006438922
1352995944439099393
1352996116774711297
1352996120407007232
1352996158902317057
1352996221376409601
1352996225843294209
1352996297540841472
1352996411944693761
1352996471667359744
1352996588012986368
1352996696234582016
1352996905798742021
1352996918373330945
1352997005610668033
1352997027613863936
1352997056063938560
1352997070857252865
1352997087496044544
1352997106315718656
1352997147902418946
1352997193322528768
1352997206555578369
1352997214331822080
1352997235064242176
1352997270963290114
1352997284456357888
1352997293587394563
1352997294300409856
1352997297920028681
1352997364718587904
1352997401309667328
1352997405692715008
1352997488773500928
1352997502857998336
1352997518250921985
1352997541080666113
1352997607119986690
1352997617941311488
1352997630041759751
1352997696076918788
1352997712908742661
1352997741761323010
1352997762871275522
1352997778016907265
1352997794529865728
1352997797100986376
1352997940093202440
1352998010914017282
1352998063032381440
1352998087266975745
1352998200404307969
1352998443472531456
1352998467136876544
1352998487546343424
1352998546228867075
1352998594035539968
1352998606366793733
1352998783739703297
1352998857412587521
1352998881789759488
1352998893299101697
1352998918049685504
1352998922424348673
1352998954569510913
1352998979873734656
1352998991781392384
1352999092863995911
1352999131242000386
1352999141115260928
1352999150967730176
1352999158345572358
1352999265530859520
1352999350469799939
1352999468602277888
1352999495840243713
1352999506330136582
1352999569899089920
1352999910799331328
1352999939752796160
1353000005980839938
1353000250336657409
1353000502020202497
1353000544596611072
1353000611801948165
1353000703086784513
1353000742517436416
1353000752831205378
1353000848880762881
1353000859895025667
1353001058189144065
1353001097925812224
1353001149159395330
1353001170349002752
1353001233984876545
1353001311067918336
1353001338351837190
1353001402834931713
1353001426453147650
1353001454932377602
1353001466256977920
1353001634939482115
1353001758356865024
1353001816364109827
1353001861612253185
1353001872555180035
1353001891802869766
1353001923327221761
1353002107054469123
1353002296280547334
1353002308288786433
1353002340215877632
1353002358851121153
1353002387406000131
1353002433744572416
1353002450735820800
1353002469933117450
1353002497900744710
1353002620160507906
1353002780001062913
1353002789157351429
1353002890512781313
1353002893872390145
1353002970577821697
1353003009844908033
1353003096838963202
1353003106414583810
1353003164690243585
1353003168376864769
1353003212782120961
1353003229714542592
1353003245204078594
1353003430323826690
1353003493359931393
1353003495075373056
1353003641184149505
1353003690769215488
1353003873020076038
1353003884617330688
1353003921137168384
1353004020022042624
1353004043304632322
1353004116340060160
1353004131796070403
1353004179732783106
1353004180865216513
1353004311098384385
1353004404312477700
1353004428517920781
1353004450223443976
1353004450370244608
1353004509048369157
1353004581920202752
1353004614354780160
1353004723390058499
1353004831221424129
1353004887630606338
1353004900368703490
1353004972065976321
1353005068153458693
1353005152316350464
1353005183593111552
1353005284248199169
1353005393778102275
1353005501659885569
1353005509746548739
1353005571994251265
1353005669788639234
1353005698012090372
1353005739371945986
1353005755604082688
1353005760167337984
1353005872322998272
1353005912395554816
1353006051822612480
1353006094184968193
1353006130356756488
1353006165752377344
1353006193493618691
1353006222602088449
1353006246924845056
1353006402298662915
1353006406895452168
1353006485719162886
1353006490039287814
1353006491524071426
1353006661753921536
1353006700744351745
1353006737092173825
1353006806067519488
1353006825076043787
1353006926829903873
1353006996585209856
1353007092978896896
1353007106115436553
1353007234096226305
1353007253419298816
1353007273954729985
1353007350332928006
1353007354535682048
1353007362295042048
1353007407744643074
1353007526573436928
1353007662531817477
1353007664717045766
1353007681125179393
1353007746258522123
1353007853561376768
1353007853607342082
1353007940152659968
1353007983127625729
1353008002383622144
1353008090220814337
1353008146814558213
1353008268734509058
1353008394064551937
1353008408761225221
1353008561761243136
1353008562381852672
1353008624549982210
1353008658309853190
1353008797690851329
1353008809762025473
1353008984446300161
1353009001953300486
1353009095469637632
1353009136443793414
