1351877185456336898
1351877210664300551
1351877343141363712
1351877449496326144
1351877506668900353
1351877517502783488
1351877540609216515
1351877739649839104
1351877869945937922
1351877936530546688
1351877951126720515
1351877951500005377
1351878016679473161
1351878022555602945
1351878072367251458
1351878219373424640
1351878343642259457
1351878353540812800
1351878437267517440
1351878517982683145
1351878526752993280
1351878758937014273
1351879048620875776
1351879058255011841
1351879148235587584
1351879192003149825
1351879230548824069
1351879259837632514
1351879324358619136
1351879330943684609
1351879464276414466
1351879842845831172
1351879883878789122
1351879916200091652
1351880148459651073
1351880306123530242
1351880507378827265
1351880602438524931
1351880614790766594
1351880631186305024
1351880933268328450
1351880953136820226
1351881165452427267
1351881277029408768
1351881374207078401
1351881613710225410
1351881678306873348
1351881782333992960
1351881784443752448
1351881910134460420
1351882098580230145
1351882269481431050
1351882330592391168
1351882370606133253
1351882643248451593
1351882673787203585
1351882858881806336
1351882935411027969
1351883199715160066
1351883248348102656
1351883353998450688
1351883414861983744
1351883569522757636
1351883766508097539
1351883910922297344
1351883911446589442
1351883942970974208
1351884136278073345
1351884185070432256
1351884194507440129
1351884297012191235
1351884354734215169
1351884414045839366
1351884606312767490
1351884777641693185
1351884788022599682
1351884965273866240
1351885091383992320
1351885146216144896
1351885395269742593
1351885591017877513
1351885666993508352
1351885917317951489
1351886126743740420
1351886205001076737
1351886338270912513
1351886354037305344
1351886366519537666
1351886472828350469
1351886718828490755
1351886769411690500
1351886930212884481
1351887029433491456
1351887039214579715
1351887044075782150
1351887150061662210
1351887259784650753
1351887302008705027
1351887380085694471
1351887491863891971
1351887560876978176
1351887592942403588
1351887641806065667
1351887860312530948
1351888171559227393
1351888203414835201
1351888348512735232
1351888367458394112
1351888432545624064
1351888479144218624
1351888649634373633
1351888930254282754
1351888948906233856
1351889171972030464
1351889374896680961
1351889565913673728
1351889614517231627
1351889985063047170
1351889998136700929
1351890008144289793
1351890033620480006
1351890184401371136
1351890337195847682
1351890393336487943
1351890848754016257
1351891017746755590
1351891037380366337
1351891210147934213
1351891356210393097
1351891696754192385
1351891719369990149
1351891783484059653
1351892059335094275
