1354625622123929604
1354625638108442627
1354625694341488640
1354625962965676035
1354626070977376261
1354626264397705221
1354626277710430211
1354626348942204932
1354626360749084676
1354626445083963393
1354626452176711682
1354626613661495297
1354626664307830784
1354626677456953344
1354626698990510082
1354626718355640321
1354626876254380034
1354626884366082053
1354627033041686531
1354627072312938496
1354627215397449732
1354627249186725892
1354627590447890435
1354627599977349120
1354627612119851011
1354627676439371777
1354627819528212483
1354628054404919301
1354628077632983040
1354628084507541505
1354628192980660225
1354628238694342658
1354628425462517760
1354628457083224065
1354628676164452354
1354628696678690818
1354628801842569219
1354628839595520003
1354629009049608192
1354629395114201090
1354629420535971842
1354629445441658881
1354629458490175489
1354629551641473030
1354629570775953412
1354629657669349383
1354629716142157824
1354629722811080704
1354630066085441538
1354630188957655040
1354630341022130176
1354630411067011081
1354630654323908613
1354630785492508672
1354630948487262208
1354630985846026243
1354631110412660741
1354631119543685121
1354631448993652736
1354631810337136642
1354632005762342912
1354632055733235713
1354632230463660032
1354632304002555906
1354632310709051392
1354632352270594050
1354632353377710084
1354632505404649484
1354632811848884224
1354632955470217219
1354633218943840257
1354633324296286209
1354633349889929220
1354633355036393473
1354633592845033473
1354633715318665218
1354633922324406272
1354633938724126720
1354634137370558464
1354634281939824644
1354634410621067269
1354634441667309571
1354634443705757696
1354634516397248515
1354634525779914756
1354634983659323396
1354635053326888965
1354635186365845506
1354635210198032384
1354635376950972417
1354635586183827467
1354635609583857665
1354636117132386307
1354636209453101059
1354636277832949761
1354636303338532864
1354636626857701376
1354636801265250307
1354636842528870401
1354637074520035330
1354637259807588354
1354637265415364608
1354637330062077954
1354637547352313866
1354637564393750530
1354637659742875649
1354637696715481088
1354637792073162760
1354637912290168835
1354637960814096384
1354638063255883776
1354638208886312962
1354638310568812545
1354638555549581313
1354638577746010114
1354638690119798786
1354638891450560519
1354639143888953345
1354639145633648640
1354639544486928385
1354639870237487104
1354639906300157957
1354639939489714183
1354639976210829312
1354640229332729857
1354640262144913416
1354640292448772096
