1350291685192855555
1350291685637464067
1350291708764819457
1350291723700736001
1350291751156797441
1350291757481783303
1350291867901042690
1350291876520185856
1350291904466968578
1350292019600633856
1350292129101320193
1350292147530973184
1350292188228366336
1350292250945855488
1350292334315855875
1350292419472928772
1350292422249611265
1350292457032974336
1350292496501321730
1350292511630254080
1350292558551900160
1350292563408932865
1350292569842831361
1350292677301051394
1350292733462794240
1350292779709116417
1350292781386797057
1350292838559477764
1350292852039966721
1350292972299046913
1350292985049735169
1350293069036478465
1350293071473348610
1350293075009150977
1350293153560076294
1350293277359173638
1350293376948699140
1350293412180860930
1350293435476029440
1350293779257778177
1350293821842718720
1350293826074796033
1350294006777880576
1350294011420893188
1350294370650648577
1350294390389014530
1350294490217668609
1350294505895964675
1350294516759203840
1350294527299489793
1350294630143729665
1350294740554702848
1350294779666395138
1350294785953677312
1350294853926715392
1350294920146391040
1350294935019380736
1350295047422554112
1350295118281125889
1350295128179671040
1350295305196085248
1350295341971734529
1350295394467672064
1350295416408055809
1350295473630769154
1350295682645540869
1350295824618713090
1350295852309331969
1350295860748275713
1350295861327085568
1350295901437390848
1350295918596288512
1350295953970917378
1350296152344834049
1350296216030961666
1350296216106635266
1350296435728633858
1350296496298717188
1350296520118001667
1350296522483773440
1350296566398152705
1350296626594721794
1350296631531499526
1350296670035079170
1350296688557228033
1350296727933374466
1350296756605513729
1350296962537500672
1350297165755674624
1350297436451966983
1350297547944804353
1350297648494829568
1350297690697961473
1350297759035785216
1350297783803154433
1350297829290496001
1350297979853279233
1350298012099227649
1350298117506101248
1350298227463974914
1350298476974804993
1350298560277856256
1350298600719454209
1350298653257314307
1350299145840455680
1350299174722560005
1350299224156594176
1350299242884190209
1350299415999881218
1350299461403238400
1350299637954080769
1350299702328135683
1350299954368036866
1350300001168080900
1350300011175813122
1350300032780673025
1350300068134363139
1350300117795037184
1350300244781633542
1350300407407505408
1350300437514219522
1350300448033533959
1350300710320148481
1350300740041011203
1350300771645091841
1350300797104496641
1350300885008740359
1350300894986846208
1350300906013691905
1350300916449161217
1350301068731834368
1350301088105324547
1350301159706120193
1350301179633410051
1350301248352899074
1350301324420673539
1350301454297346052
1350301580151705600
1350301632760848385
1350301668685066240
1350302056301670401
1350302140519112704
1350302321389916160
1350302360535527427
1350302372669616133
1350302377270677507
1350302428785098752
1350302644674326531
1350302752744693765
1350302776815849475
1350303275132854273
1350303278869843968
1350303351263686657
1350303398210449416
1350303551050850305
1350303691484626944
1350303707917766658
1350303822476787714
1350303978169511939
1350303987438931968
1350304200765415429
1350304228359618560
1350304308663709698
1350304606832627712
1350304628533985280
1350304675879383040
1350304702819287042
1350304712193683456
1350304721714573314
1350304866435002368
1350304919060811777
1350304966439669762
1350305018138673154
1350305111680028672
1350305172472307714
1350305185105633280
1350305221168099332
1350305290131013632
1350305335353884673
1350305362751188992
1350305371282235402
1350305379561988096
1350305445987147777
1350305475112312833
1350305480040562688
1350305484876767234
1350305680889155587
1350305795896913920
1350305922602606594
1350305979515035654
1350306244578451457
1350306348978888704
