1352088532748275713
1352088578185179143
1352088626230919170
1352088714910994433
1352089084798398470
1352089343767281665
1352089547622895620
1352089612898938880
1352089666967621633
1352089698970308610
1352089845179568130
1352089888552869890
1352089986791833604
1352090001450946560
1352090189267570688
1352090322390679552
1352090549663264770
1352090657612050433
1352090694454808580
1352090826533441536
1352091006049644546
1352091203827851265
1352091225457889284
1352091265446400002
1352091356324392963
1352091515728740354
1352091549241401352
1352091600646668290
1352091687691063297
1352091700777406465
1352091761733038080
1352091892746481664
1352091947427454976
1352092076251381760
1352092099668226048
1352092128676081664
1352092176734294016
1352092219080122368
1352092371056549891
1352092480632623105
1352092499553214465
1352093185913315335
1352093535206563840
1352093810113691653
1352093861678612480
1352094059733594115
1352094313665212419
1352094467583598594
1352094567777132545
1352094595102945280
1352094727030640644
1352094796609937408
1352094999731609603
1352095021793738752
1352095113716051971
1352095275901476864
1352095369593643008
1352095768165969922
1352095789368176641
1352095816110858243
1352095970381611011
1352096008864366597
1352096207947116550
1352096924657217536
1352097049747963909
1352097080668528642
1352097090311225344
1352097122917740545
1352097176667762688
1352097652880642050
1352097683284979712
1352097732345819141
1352097806148792322
1352097876013326336
1352097934133788678
1352097993562976258
1352098030380490754
1352098102849617920
1352098147019972610
1352098165336379393
1352098214824927233
1352098272349810688
1352098353320902658
1352098377106862083
1352098383536803841
1352098434015240192
1352098472934207489
1352098515296661504
1352098615657967621
1352098831635263488
1352098883736748032
1352099172493778944
1352099444280483841
1352099567479762946
1352099875261992961
1352100138400047106
1352100180854595586
1352100517246365696
1352101110954119169
1352101337165512707
1352101813042835457
1352101987408441347
1352101998599004163
1352102069109366784
1352102163456036867
1352102516062892033
1352102938479628288
1352103574604374018
1352103582116564995
