1355667147897384960
1355667210954551304
1355667218340728832
1355667270526148611
1355667345868546054
1355667420929806339
1355667423098265601
1355667486637764609
1355667498918686722
1355667524206161922
1355667593764470786
1355667641566961667
1355667675565981696
1355667756495097864
1355667796512931843
1355667843451285506
1355667904402960386
1355667941975461890
1355667974242279425
1355668001194995712
1355668074100379649
1355668120388698116
1355668130576515073
1355668215842676736
1355668281638744068
1355668391747592192
1355668397472804864
1355668441353646081
1355668466355810308
1355668488812113922
1355668553362329604
1355668573633601537
1355668582991097861
1355668600619638784
1355668631699345410
1355668750058582020
1355668773236183044
1355668828223631361
1355668840420618244
1355668858770755585
1355668880396574723
1355668986483118080
1355668994792034310
1355669009765548032
1355669029441196033
1355669050127478787
1355669055148072968
1355669080489910272
1355669091202306048
1355669093093945346
1355669135640981510
1355669217002057729
1355669282634440706
1355669293883506690
1355669349109882881
1355669405246566403
1355669472825270273
1355669511375106049
1355669537039986688
1355669541544714241
1355669632841998341
1355669643487191040
1355669652467187714
1355669662999195650
1355669794897489923
1355669833963081728
1355669847527587841
1355669848983015426
1355669888929419266
1355669960375357441
1355670096362971139
1355670169230716931
1355670274906140673
1355670324663230464
1355670431789969415
1355670448478908420
1355670448764235783
1355670465944018944
1355670680444919808
1355670696521826305
1355670711768145920
1355670716092448769
1355670726108356609
1355670777387839488
1355670821465968652
1355670854621917184
1355670880983142400
1355670883122212867
1355670924175892484
1355670933571317764
1355671044284178438
1355671048302288903
1355671097895768072
1355671106271776769
1355671173510672387
1355671217810911232
1355671220847587328
1355671318415503361
1355671346471202816
1355671454839353348
1355671517154189313
1355671576621035521
1355671653603274754
1355671656858005505
1355671746280566784
1355671766073569289
1355671774172688388
1355671834079981569
1355671871874732034
1355671878984200196
1355671892515049473
1355671905752260609
1355671974035468291
1355671989298614272
1355672024132296706
1355672046772998145
1355672168382791687
1355672325274824707
1355672332711301121
1355672471932821505
1355672524386824193
1355672524672163842
1355672546595713024
1355672584721936390
1355672633585643521
1355672680712843264
1355672736249606147
1355672842541608961
1355672915321229313
1355672990395092993
1355673041028730880
1355673089896407042
1355673111731945474
1355673114219261952
1355673196494774275
1355673234247659524
1355673237821284353
1355673291369885698
1355673306536554500
1355673307165679618
1355673314136567815
1355673401592082449
1355673428506894345
1355673439579865090
1355673444852051973
1355673463080374276
1355673545804754944
1355673607830188036
1355673663564095489
1355673741108289536
1355673742446194690
1355673752651051009
1355673769528991749
1355673770241916932
1355673803905527811
1355673814491951105
1355673855558381570
1355673874311106561
1355673950030856194
1355673999678836740
1355674022244085766
1355674033182937089
1355674067622383619
1355674071384653826
1355674098341453828
1355674277010436097
1355674358233133056
1355674392433483782
1355674456027369472
1355674479167479809
1355674552903208964
1355674584884899841
1355674592581464065
1355674647539277824
1355674731710730241
1355674736257167360
1355674740468428800
1355674752602435585
1355674863554453507
1355674882311286785
1355674907728867328
1355674948044431363
1355674989513596934
1355675010678063104
1355675030932348929
1355675057855602693
1355675095528841219
1355675100394049538
1355675119683682305
1355675121999110148
1355675200692449283
1355675262793486339
1355675277062512643
1355675287300829187
1355675294506442753
1355675328459509769
1355675406632935425
1355675428321521665
1355675438249603074
1355675445342121992
1355675455223947266
1355675464195600390
1355675516158808068
1355675542511443969
1355675606076297220
1355675703333711872
1355675722233368576
1355675861115150337
1355675867658264576
1355675906841464832
1355675914932154372
1355675916807057412
1355676014278438914
1355676072138989568
1355676110047076356
1355676195052941312
1355676233175097346
1355676242389958659
1355676311348502531
1355676330709426183
1355676337055232001
1355676348728147978
1355676357204856833
1355676382542647298
1355676389882654720
1355676446929412096
1355676466474790915
1355676494782054402
1355676505205055495
1355676508753375234
1355676561345798148
1355676608913399814
1355676617033576448
1355676782511366144
1355676784705024008
1355676790715506697
1355676798659518466
1355676832314617856
1355676836030783488
1355676883464056834
1355676898744020992
1355676901071745029
1355676945913159680
1355676955547377664
1355676957824872457
1355676970663751680
1355676990959874052
1355677016708755459
1355677042608631811
1355677078230880257
1355677097159766018
1355677166638424069
1355677176595689475
1355677182236889088
1355677203208531970
1355677232254103552
1355677278919819266
1355677308380704774
1355677359702110208
1355677402698035204
1355677593819701251
1355677607572824067
1355677681547935746
1355677696978788354
1355677715416768513
1355677730600181766
1355677765815697418
1355677797675483138
1355677812997431298
1355677817933950979
1355677874376896516
1355677940793667587
1355677956081930240
1355677959697420288
1355678071815348224
1355678085509570566
1355678140484513795
1355678164853243907
1355678200664219649
1355678212370661381
1355678212802678786
1355678233623146503
1355678256670912513
1355678260408029184
1355678317555363842
1355678331031715842
1355678353064292354
1355678357422301187
1355678410329137153
1355678415953809410
1355678421926305792
1355678452192604171
1355678453962571777
1355678455409618955
1355678501051895811
1355678528193372161
1355678548313448450
1355678571637956608
1355678650058891267
1355678674457030656
1355678728102109188
1355678892095369217
1355678901218013184
1355678984797888514
1355679020445122561
1355679036597481475
1355679055740248071
1355679113915334660
1355679195653955586
1355679198069878787
1355679223050997761
1355679226691604485
1355679251639525380
1355679363962863616
1355679487212609548
1355679531428933635
1355679534822027267
1355679557605617665
1355679573095149570
1355679578652459012
1355679630846550026
1355679645358817289
1355679708147544065
1355679819418243078
1355679823012786176
1355679889660268544
1355679911294464005
1355679920714903552
1355680010049253379
1355680046313316354
1355680086398218241
1355680092953960455
1355680176668102657
1355680178064609283
1355680205960962048
1355680274663804935
1355680331509198848
1355680407052759043
1355680415470604291
1355680423519662089
1355680449087979523
1355680582374711300
1355680646732124161
1355680659881283584
1355680670786465792
1355680671029555200
1355680692433248261
1355680713849368577
1355680759546339328
1355680808720347141
1355680838055309315
1355680839657545735
1355680849123897347
1355680855675465729
1355680863632158720
1355680865158787075
1355680879289352195
1355680906330189830
1355680918753714176
1355680941184872448
1355680997447229444
1355681025540587520
1355681029881819140
1355681046851842050
1355681054963757056
1355681068670615552
1355681090279768068
1355681123850838022
1355681139025977348
1355681153672491015
1355681197481988104
1355681284455071745
1355681351140171779
1355681524855697410
1355681555507683330
1355681558984753160
1355681586906324992
1355681589779460096
1355681611262603267
1355681621853171719
1355681632741715979
1355681642573148166
1355681644246691843
1355681671186505729
1355681826946371586
1355681933192265731
1355682024065957888
1355682089014853632
1355682133625495552
1355682165690933254
