1351514765366059008
1351514782759870468
1351514851219296256
1351514855518457862
1351514863521177601
1351514885709037570
1351514923898171393
1351514929140961284
1351514965245644800
1351514969943265288
1351515025740091392
1351515032908038152
1351515050016722944
1351515088092614657
1351515260696477696
1351515271606001665
1351515277427662850
1351515290052526080
1351515348281995265
1351515377587646466
1351515397271511042
1351515440904884226
1351515477676347395
1351515492410912771
1351515528532291585
1351515532185497600
1351515534098108419
1351515582882066432
1351515657972678657
1351515672493363200
1351515679577440256
1351515689706774534
1351515714499334144
1351515729951027201
1351515732522237953
1351515752931717121
1351515764210208768
1351515783910875144
1351515838361300999
1351515873337597953
1351515892887142407
1351516029227327492
1351516033681682432
1351516129873768448
1351516167056273408
1351516174689906688
1351516193983660033
1351516210727424001
1351516295645323265
1351516310845468678
1351516319624130567
1351516338720747521
1351516340050415616
1351516373390946304
1351516392378544128
1351516479360008197
1351516594640465923
1351516596758597632
1351516673963134976
1351516725746008068
1351516762119041025
1351516766862790660
1351516788882870275
1351516829819293697
1351516843148791813
1351516865068195840
1351516892473614337
1351516977509134338
1351517032681005056
1351517039404396545
1351517117535940608
1351517124565610501
1351517148993228801
1351517157943861249
1351517182690291716
1351517200692211712
1351517208174878721
1351517219872780288
1351517232455688193
1351517259357970433
1351517295709835269
1351517481190498305
1351517566662008832
1351517668189237251
1351517723956817921
1351517762594762753
1351517784212180992
1351517824372629506
1351517878646837248
1351517886901321734
1351517929783906304
1351517987400986626
1351518014911479809
1351518074650947584
1351518084868296705
1351518120855425024
1351518188354338818
1351518255555469313
1351518328104382466
1351518383498547200
1351518391773896707
1351518435415617538
1351518442549985281
1351518502360899584
1351518607054938112
1351518629729337344
1351518633340661761
1351518651338383362
1351518673639526403
1351518699283472389
1351518725275574274
1351518726156333056
1351518732087144449
1351518736730230784
1351518740840644609
1351518814635249667
1351518827830505472
1351518906897235969
1351518908394573828
1351518953131155460
1351519190843318272
1351519269813690373
1351519274460966919
1351519305012293643
1351519317901402118
1351519321667883008
1351519326852018178
1351519469403836416
1351519470536314881
1351519476638953472
1351519477205258240
1351519496335360000
1351519503134416899
1351519647040987139
1351519740074844169
1351519756973699075
1351519825055649792
1351519862707904513
1351519878792925185
1351519917884006401
1351519997273767941
1351520025283321856
1351520075161985030
1351520081814171652
1351520146217705473
1351520298974261253
1351520324756647940
1351520366045392897
1351520372185849856
1351520413529026561
1351520582534365195
1351520606404141059
1351520635156099072
1351520685269667840
1351520714499764225
1351520729192394752
1351520746024148993
1351520822326943747
1351520829557911555
1351520831445282817
1351520844774834176
1351520873111457794
1351520940245606402
1351520963578499072
1351521016405782528
1351521026862100483
1351521093115383808
1351521208928505856
1351521246328983554
1351521267770384387
1351521310879457282
1351521335898464257
1351521403498065924
1351521447840280576
1351521458724417537
1351521463761854466
1351521478336888834
1351521511069380610
1351521541217869826
1351521589578395654
1351521617139163141
1351521711682891777
1351521753508544518
1351521757488951300
1351521798991572998
1351521817811423232
1351521818268499968
1351521908626317312
1351521931997159424
1351521941648265222
1351522000146206720
1351522098964004864
1351522130219868163
1351522163921186816
1351522174452973573
1351522211698532359
1351522247186513920
1351522293319663617
1351522393320116225
1351522396373716992
1351522401985683459
1351522403961237509
1351522473360158720
1351522495153770497
1351522508953038853
1351522670572150784
1351522675286544385
1351522739941756929
1351522910779805696
1351523035036135427
1351523042388811779
1351523059371487232
1351523071405019137
1351523140015431687
1351523185011924992
1351523247066591232
1351523258957520896
1351523286635732995
1351523312938184707
1351523423487451138
1351523464109293569
1351523473043107843
1351523473378701317
1351523478374141952
1351523501535064064
1351523515401465856
1351523554756583424
1351523577359699970
1351523609513250816
1351523647127777282
1351523666371162118
1351523668573245440
1351523698394734594
1351523700105994243
1351523806788071425
1351523820901969927
1351523839432396800
1351524011637927936
1351524021569896450
1351524040196894731
1351524066218430466
1351524096157347841
1351524142923673600
1351524185378590722
1351524202810138625
1351524336423747587
1351524389477609478
1351524394787627008
1351524416530866179
1351524440237101058
1351524457219837952
1351524569543274496
1351524773323411458
1351524822271090688
1351524890239770624
1351524903078473728
1351525048318906375
1351525085182619652
1351525153444921344
1351525224341266434
1351525243018506240
1351525349717389313
1351525478478340102
1351525507448381441
1351525618593259520
1351525640781115397
1351525685601427458
1351525724096704515
1351525761342029828
1351525821295554560
1351525857932795906
1351525989852000258
1351526035389632512
1351526186459951108
1351526275513524227
1351526309336268800
1351526329724923906
1351526460213899266
1351526600366583810
1351526605475229696
1351526719140757510
1351526745657245697
1351526757858504704
1351526798283182080
1351526815886680064
1351526817061023744
1351526849684377600
1351526894240456709
1351526911026089993
1351526940444749828
1351526950511259649
1351526953250127873
1351526979187703811
1351527038713274371
1351527052776759298
1351527099857858562
1351527136511860737
1351527225695367169
1351527315726077954
1351527336521441282
1351527402543976449
1351527474849570817
1351527635831164928
1351527640520388609
1351527678860525568
1351527733629771777
1351528017227603969
1351528043261603842
1351528066468737025
1351528084785270784
1351528178842542080
1351528188770455552
1351528269066092546
1351528354114101248
1351528490676477952
1351528505494925314
1351528548515934209
1351528601976496130
1351528799301677057
1351528801767985158
1351528820122157057
1351528822605287424
1351528824014598144
1351528827944656898
1351528848723214343
1351528923570577410
1351528946286772226
1351528993472724993
1351529024602963969
1351529036074389505
1351529041275207685
1351529087706296320
1351529107159449601
1351529136955805699
1351529230249635841
1351529322851528708
1351529327393968128
1351529345895030784
1351529347115577344
1351529498840338432
1351529530930839552
1351529596731142145
1351529715543265282
1351529715732013057
1351529722317070336
