1349400886171357184
1349400900423405569
1349400957067657216
1349401111166414848
1349401159740620803
1349401274597347329
1349401292893016067
1349401320864808961
1349401351801880576
1349401395678638080
1349401436468043776
1349401471918465027
1349401552537075713
1349401603393138690
1349401643326922753
1349401976598093824
1349401982033920004
1349401994822373376
1349401999192809474
1349402068285411329
1349402142939951106
1349402182202830849
1349402219762823174
1349402242135121921
1349402265828790278
1349402301186924547
1349402373102383104
1349402480900272133
1349402505348870145
1349402653659459585
1349402654502432768
1349402680494497792
1349402684248510464
1349402698840420354
1349402766117113862
1349402802875891719
1349402843673931776
1349402847478214659
1349402898233323520
1349402903253958656
1349402917904777220
1349402919397949440
1349402932710694912
1349402933276921857
1349402938456879106
1349402944064536577
1349403132309217284
1349403145097654272
1349403226609692673
1349403278296162305
1349403304225345536
1349403322835468289
1349403389357031424
1349403404473274368
1349403443786616839
1349403447620235272
1349403452447870977
1349403484152426497
1349403493325484038
1349403503781937152
1349403507204362240
1349403593057705986
1349403634686164992
1349403709466419202
1349403751677878273
1349403801502035970
1349403840903335937
1349403916203528192
1349403932683087876
1349403974978441217
1349403979252424704
1349404018045542402
1349404042766774272
1349404137570635778
1349404376725663745
1349404394534662145
1349404430739898369
1349404461643538433
1349404538348863488
1349404720620822529
1349404819858087942
1349405040323276802
1349405084740939777
1349405092936613890
1349405123781550081
1349405267683848195
1349405291574677506
1349405391009050624
1349405398101602305
1349405505509330946
1349405521384775682
1349405527852412928
1349405577428881409
1349405648321187841
1349405781867835399
1349405901271261191
1349405983924228096
1349406122818424839
1349406140631756800
1349406205781757953
1349406284974473218
1349406286698393603
1349406345297096704
1349406396694069249
1349406411755810819
1349406416772231177
1349406417657212929
1349406761569165313
1349406781181714435
1349406835607003137
1349406857572573184
1349406865373999106
1349406877302583306
1349406916812951556
1349407001537896448
1349407036866490369
1349407117250322439
1349407299845189634
1349407382296793099
1349407485560381441
1349407523485458440
1349407616796078080
1349407679022821377
1349407815937499137
1349407844412616705
1349407946984321029
1349408098641973249
1349408124982198273
1349408131772768256
1349408218225672193
1349408258923106304
1349408301537226756
1349408430554046464
1349408471318458376
1349408564750778369
1349408668375080961
1349408719637946371
1349408812189495299
1349408857869713410
1349408937536315394
1349408972088999937
1349409002606759936
1349409028997263363
1349409067320619008
1349409120030515200
1349409168432783361
1349409248481050638
1349409258320908289
1349409261273702401
1349409313589227520
1349409396535808002
1349409409882087424
1349409424016875521
1349409436616466432
1349409540182167552
1349409732646367238
1349409858974437376
1349409862590066690
1349409921910108162
1349409923436863489
1349410021268971527
1349410045772103680
1349410048389373955
1349410064646492161
1349410084594528258
1349410223329570817
1349410240186368001
1349410274097459201
1349410336286400520
1349410376534929408
1349410380729077760
1349410396394950659
1349410414120022016
1349410473767297033
1349410547549286402
1349410557934370818
1349410637018001412
1349410672887562241
1349410680332554241
1349410728097280006
1349411028640157696
1349411247977082881
1349411248543248387
1349411377576869893
1349411455230119936
1349411482014924800
1349411673010970624
1349411688932585479
1349411736810643464
1349411744645410816
1349411764702765056
1349411770440556544
1349411902728888322
1349411928213491715
1349411948341837824
1349411963810570243
1349412001710276609
1349412015836598274
1349412034279051270
1349412066591985665
1349412176616804354
1349412318048903170
1349412353473867776
1349412400659894274
1349412404086632454
1349412409484726272
1349412418804457475
1349412427943849993
1349412441072017412
1349412503499862016
1349412520688295945
1349412621196251137
1349412650145427465
1349412683385360386
1349412726746058755
1349412746597642241
1349412780965830668
1349412795587158024
1349412833986048005
1349412846258556930
1349412849039372290
1349412921961492480
1349413039510982657
1349413133878775813
1349413192565469186
1349413294189121536
1349413352343171073
1349413362518540289
1349413393753661442
1349413468504408066
1349413497285828615
1349413512850845698
1349413514167767041
1349413558526889987
1349413592865538049
1349413630056529922
1349413643125927938
1349413654274449408
1349413721366528004
1349413847392808960
1349413897183371267
1349413915697041411
1349413929961795584
1349414044827049986
1349414069825007618
1349414069929996292
1349414134937513987
1349414269503332359
1349414386654470146
1349414423010668546
1349414547677978625
1349414565797359617
1349414650258087937
1349414666230001665
1349414703148064770
1349414754188734464
1349414769808302088
1349414828515815424
1349414840423608320
1349414842428518401
1349414847126118407
1349414859742568450
1349414911689060352
1349414928004820993
1349414945826492422
1349415008782983180
1349415140639219712
1349415184033591305
1349415218737197059
1349415277944057856
1349415303458021376
1349415352564764678
1349415420042899456
1349415584153427971
1349415609256185856
1349415613291225093
1349415698410434560
1349415701790871553
1349415707423997954
1349415867809984515
