1348827075646468096
1348827086165663744
1348827156923572228
1348827181573566465
1348827195821604865
1348827223613169668
1348827396137512963
1348827435006103553
1348827475711844354
1348827673510998021
1348827698555097090
1348827701302284290
1348827750069641216
1348827891056971779
1348828154056630272
1348828186377736192
1348828212667834368
1348828338320760835
1348828387540750337
1348828533209124864
1348828597063098368
1348828698661842945
1348828801535500291
1348828887699107848
1348828890291007489
1348828891104862210
1348828957173555204
1348828957311905793
1348829222681325568
1348829252423184387
1348829347885555713
1348829406186205184
1348829540798238723
1348829553490239488
1348829739209936896
1348829798613843972
1348829805664493574
1348829817605525506
1348829901051338753
1348830013597102082
1348830030550487040
1348830042307096576
1348830088721268738
1348830125006024705
1348830132887298051
1348830263678296070
1348830319479201795
1348830417399537664
1348830429323747328
1348830472017768451
1348830511901372419
1348830515181330432
1348830526900219905
1348830562396631040
1348830678427652096
1348830763710615553
1348830818974765057
1348830819280830464
1348830844413071360
1348830875899863040
1348830891532029952
1348830897928351745
1348830913891880961
1348830953087655937
1348830998696501248
1348831448963436545
1348831505225637889
1348831550381592577
1348831550943723525
1348831761912930307
1348831809224794115
1348831947922010112
1348831981702967299
1348832109704716288
1348832120991526912
1348832133343678464
1348832204927864832
1348832416539025411
1348832425498042369
1348832491117842433
1348832550207123458
1348832580326588417
1348832600190709761
1348832610684956673
1348832692310216706
1348832743778611201
1348832789190291456
1348832975425777664
1348833196297826304
1348833222122037248
1348833264849584128
1348833336328859648
1348833468428541954
1348833536489316356
1348833537210912772
1348833612817436680
1348833839121125376
1348834234199273478
1348834284623171590
1348834311479451651
1348834341384810496
1348834461685747714
1348834574726402048
1348834616015204380
1348834706129702912
1348834790611578881
1348834816201027585
1348834844503994369
1348834848207560706
1348834851093413888
1348834857691045891
1348834930332209156
1348834941484888064
1348835037815463936
1348835043125440515
1348835177225715713
1348835325091729409
1348835351154970626
1348835413377515522
1348835465496047618
1348835654810087427
1348835662007578624
1348835667862761472
1348835934230487043
1348835957311680514
1348836026467364864
1348836051520024578
1348836220965695489
1348836313810743296
1348836385290072066
1348836391116042240
1348836424116797440
1348836437748310016
1348836542874320897
1348836720737849346
1348836726131863553
1348836859376504832
1348836911595610113
1348836963076468737
1348837028331450368
1348837049617547264
1348837092940521474
1348837181922574337
1348837276369915906
1348837333341188096
1348837384629194755
1348837555966509059
1348837625797423112
1348837689940996096
1348837738536071176
1348837815354798080
1348837878412038144
1348837891674353665
1348837901807841280
1348837972515426305
1348837982220988419
1348838337365344256
1348838397650104321
1348838433255518208
1348838611110817794
1348838624830369792
1348838747257720832
1348838803721641985
1348838869081464834
1348838945782722560
1348838955886792704
1348838955903549448
1348838967681163265
1348839034240462849
1348839088590360578
1348839104637775872
1348839107997405185
1348839117782724616
1348839166776401922
1348839192692981760
1348839224682942464
1348839228659138563
1348839267045408768
1348839273097818117
1348839300507590658
1348839350788894721
1348839371093454849
1348839557157036040
1348839590988279809
1348839658382364672
1348839665995014144
1348839721317904387
1348839741719015427
1348839804423843840
1348839845792243714
1348839871599636482
1348839878843367426
1348839937421025285
1348839974280384512
1348840142602121216
1348840190148706309
1348840252333580288
1348840268372586498
1348840285560840192
1348840298881966083
1348840314874724356
1348840330993545216
1348840386278563841
1348840432718000129
1348840442620760070
1348840463625805825
1348840520936796160
1348840522488684545
1348840558517755911
1348840563529961472
1348840569947238400
1348840701187026946
1348840732476514306
1348840905151815681
1348841019761049601
1348841184924413954
1348841227626622976
1348841244840099840
1348841284060938243
1348841391170834435
1348841400754987010
1348841453020184577
1348841516761051136
1348841518975610881
1348841624676216834
1348841690514272259
1348841714836938755
1348841717659701248
1348841733027610624
1348841734692884480
1348841813570973696
1348841961130754048
1348842014503268356
1348842077883301888
1348842086544633856
