1355138709755207684
1355138751526219779
1355138788129910791
1355138810544332803
1355138817297100806
1355138833910812678
1355138882040291334
1355139066564636672
1355139094213500937
1355139116858535942
1355139119404511235
1355139262354759684
1355139313105661954
1355139318608752642
1355139583466496004
1355139660247392259
1355139661346308097
1355139723157794818
1355139747631542272
1355139759522385923
1355139796071542788
1355139884114178054
1355139982231539719
1355139991203147776
1355140030579298311
1355140037940277252
1355140083305771013
1355140152616742912
1355140233491173378
1355140241397571585
1355140264801804294
1355140420024504324
1355140505592598532
1355140530838114304
1355140600572600325
1355140664040763393
1355140761889734659
1355140792264884228
1355140802117312515
1355140807171465217
1355140930878263301
1355140933013135361
1355141032166481929
1355141122478190592
1355141155529383942
1355141157890613257
1355141174189764608
1355141205584130052
1355141325943930880
1355141348052107265
1355141355631243268
1355141464913825801
1355141579414118405
1355141899892494338
1355141911057580035
1355141914610311169
1355141916619395079
1355141961804615680
1355141982306369536
1355142030872240132
1355142258002169856
1355142315011137537
1355142378483544064
1355142400763691008
1355142464835907588
1355142513317834754
1355142592908943365
1355142631622381568
1355142650417078274
1355142834282704897
1355142840800718849
1355142857326120962
1355142881896509443
1355142908790382592
1355142938263740418
1355142982975041536
1355143095810048007
1355143131235110915
1355143303080062979
1355143419862142976
1355143523532726276
1355143578973052928
1355143659633733634
1355143674175361030
1355143711219478530
1355143717250879491
1355143799933165568
1355143805507411968
1355143926387142666
1355143962122711043
1355143979352862726
1355144218390495234
1355144252909625347
1355144809166594053
1355144838287675398
1355144882743091204
1355145251388870656
1355145323698679808
1355145404254445572
1355145439008468994
1355145498131394568
1355145516955348993
1355145520101138439
1355145575554019331
1355145607166517248
1355145663697342467
1355145678943608837
1355145704700866564
1355145763563724801
1355145804965679107
1355145813975064576
1355145844060643342
1355145847248453633
1355145849114927110
1355145895965323266
1355146057160806402
1355146100852674568
1355146101234536453
1355146141764112388
1355146169933045762
1355146260181884929
1355146286190747653
1355146488599482370
1355146720146030592
1355146915286028294
1355147006965125122
1355147093095055363
1355147154822737920
1355147254173224965
1355147348461060096
1355147433286787076
1355147463863230464
1355147507668557827
1355147546910404609
1355147582905978886
1355147623888523265
1355147790599544834
1355147895763308546
1355147921004572676
1355148003762384903
1355148014654951425
1355148141893472258
1355148153649938433
1355148157638815746
1355148178069352448
1355148215809667073
1355148264916574209
1355148347959607297
1355148358139187205
1355148395237826562
1355148441362563072
1355148571851546627
1355148858595168258
1355148915008565249
1355148963750563840
1355148964727808000
1355149014979776513
1355149028611280897
1355149155157626884
1355149181892096008
1355149196924481537
1355149198962864129
1355149221154975744
1355149243862953990
1355149262754082817
1355149263295098885
1355149268596760577
1355149272153518087
1355149292491730949
1355149389447225345
1355149435534069761
1355149448947650565
1355149484284633090
1355149553046089730
1355149558339219457
1355149563456331778
1355149661921812482
1355149679969923073
1355149715613081601
1355149772664033285
1355149801512435712
1355149818352578560
1355149903438213122
1355149978918940677
1355149980504371201
1355149982949662728
1355150019251363841
1355150066575683584
1355150096774533125
1355150101317087233
1355150114973753348
1355150121495883776
1355150147244744704
1355150179750588416
1355150183953297416
1355150239485845507
1355150252328816643
1355150267440893953
1355150270926364672
1355150286545817603
1355150313930575874
1355150343039037442
1355150347510165504
1355150417647325186
1355150472965926921
1355150496324087808
1355150499021025283
1355150512908333058
1355150674271612931
1355150724729102340
1355150760288395266
1355150879893168130
1355150887421956104
1355150898557837313
1355150928047984641
1355151067923755009
1355151109556342784
1355151239932211200
1355151338921992193
1355151461722812418
1355151466730840067
1355151567360557058
1355151590496346113
1355151749921853445
1355151787674755076
1355151829043040259
1355151872236122112
1355151977081171970
1355151987126509571
1355151998946078720
1355152076393730053
1355152202575327233
1355152363938586626
1355152395710435332
1355152558545887233
1355152566305349634
1355152618084048904
1355152725814747139
1355152946695200770
1355152978366312453
1355153068879466500
1355153074977955841
1355153080002768897
1355153098407342081
1355153183413313544
1355153239344357378
1355153265864953861
1355153306767798272
1355153327865135104
1355153332529229825
1355153370638659585
1355153446148648963
1355153512947187715
1355153529497919490
1355153600725590016
1355153626570743811
1355153637882933250
1355153659869474816
1355153684343246849
