1353039810055856128
1353039854590947329
1353039917895573506
1353039919342645248
1353039973071675392
1353040009981517826
1353040010719576064
1353040066554322944
1353040078679937024
1353040082337456129
1353040207147397120
1353040274575007745
1353040376530137093
1353040380019830784
1353040421308387328
1353040520596090883
1353040593602150406
1353040605866319872
1353040713433411584
1353040719598915585
1353040766193586176
1353041020599078917
1353041037686669312
1353041043760025601
1353041107299557376
1353041122008969222
1353041187813384195
1353041216854761475
1353041251982073858
1353041332512690180
1353041335150809093
1353041399705444352
1353041493632589826
1353041496275091456
1353041570228883457
1353041634498392066
1353041636314521602
1353041729964953600
1353041741587374088
1353041758519701505
1353041796968968192
1353041836143767556
1353041913192931328
1353042120416833536
1353042352890408961
1353042454778437632
1353042475125002240
1353042572458008582
1353042620679909377
1353042657040326657
1353042755044298752
1353042755589730306
1353042839521865728
1353043114550812674
1353043345459834882
1353043352095174658
1353043520207118336
1353043548816494592
1353043569397776384
1353043601811501056
1353043609130594309
1353043664000479232
1353043813321859073
1353043958725808134
1353044140351696902
1353044278004617216
1353044282895163392
1353044637481652225
1353045055095906311
1353045155104907264
1353045221215522819
1353045252907536385
1353045418540720133
1353045456511762432
1353045546471067648
1353045560165601280
1353045633775489025
1353045654436794369
1353045752407232513
1353046035090853888
1353046043064205315
1353046159791685632
1353046163444948992
1353046273364877313
1353046498481631233
1353046629339815936
1353046698151522307
1353046774055723008
1353046957061767168
1353047015278731265
1353047143586680832
1353047176633606151
1353047199995875328
1353047230635266049
1353047277405933568
1353047457446432769
1353047598215667712
1353047715433873410
1353047840642088960
1353047915523006464
1353047956325281794
1353047971647131655
1353048090207465473
1353048123984244738
1353048136160260096
1353048185531322369
1353048318549483520
1353048408202895361
1353048430772441089
1353048452150796288
1353048562674900994
1353048582551711745
1353048611270008832
1353048687862288386
1353048721664172032
1353048757408059393
1353048826488217601
1353048943513362432
1353049005698260993
1353049042670895104
1353049298049658880
1353049321491607552
1353049353070530560
1353049636810989569
1353049649158873090
1353049713029783553
1353049755648221184
1353049801093304322
1353049820567625730
1353049924104052736
1353049973995274240
1353049974544588801
1353050226144243712
1353050248755687425
1353050264618545153
1353050297560682497
1353050412392177664
1353050429265833988
1353050467329134593
1353050710494105600
1353050723215421440
1353050739078266880
1353050797299392512
1353050936789196800
1353050947199537153
1353051041256890369
1353051048777232384
1353051180042219527
1353051182147788803
1353051219283955714
1353051262506426368
1353051287462547456
1353051315488829440
1353051319465078787
1353051482220728320
1353051488814161920
1353051630439170048
1353051721669500929
1353051739742728192
1353051807296188417
1353051811842842625
1353051825260269568
1353051835997687814
1353051947868119040
1353051953270546432
1353052081133744137
1353052175778406400
1353052261967138818
1353052348042645510
1353052357999927299
1353052450496929793
1353052490770608129
1353052497884098560
1353052583242256385
1353052652423110657
1353052751077363717
1353052927364112384
1353052941465251840
1353053252867284993
1353053283934375937
1353053325638381569
1353053378490859520
1353053527006969856
1353053781521387520
1353053789197004801
1353053834055192576
1353053839960678401
1353053978930548741
1353054000820543488
1353054201073586177
1353054306073780224
1353054324130242560
1353054388798038016
1353054397236842498
1353054418132987904
1353054477138472961
1353054486491787267
1353054533862219778
1353054534818525185
1353054581505323009
1353054607518261248
1353054627202121728
1353054634865258501
1353054714640949248
1353054728591175681
1353054812187856896
