1349612262277967873
1349612326668922881
1349612431081926657
1349612523067064320
1349612949783130114
1349613238132961286
1349613281225412612
1349613396346478592
1349613571399950337
1349613688014061570
1349613697518374912
1349613805416939521
1349613831870406656
1349613927387320328
1349613952070635522
1349613978096381952
1349613985574776840
1349614058618585089
1349614089325039618
1349614318149627904
1349614597553188871
1349614760803790849
1349614978228224005
1349614984880386049
1349615089784152064
1349615299457384448
1349615574838554624
1349615801830137856
1349615833274855424
1349615862119063552
1349616113513066496
1349616128515923969
1349616339950960641
1349616442782740480
1349616450885935105
1349616507123355649
1349616549821296641
1349616699042127873
1349616727966019585
1349616780713586688
1349616838846517249
1349617238710620160
1349617281660297219
1349617294414999552
1349617388262731778
1349617714361487360
1349617901515526148
1349617987049844736
1349618031736061953
1349618086723334148
1349618097909493761
1349618136698523649
1349618195288608768
1349618201622052866
1349618634876850176
1349618759816761369
1349618809888407552
1349618998816763904
1349619028503965697
1349619204224405507
1349619276710178819
1349619364375519232
1349619370931183616
1349619453789573120
1349619549801426944
1349620071966994432
1349620332743725056
1349620360023576576
1349620472627998720
1349620773867057154
1349620774374580225
1349620847288455168
1349621223462903808
1349621328274309120
1349621375628005378
1349621475360219138
1349621476446662658
1349621534462246914
1349621665601351681
1349621783117193219
1349621796664958977
1349621845125976064
1349622109538959360
1349622203151577088
1349622546279251968
1349622591896522753
1349622722855370753
1349622758007779330
1349622939596058626
1349623148417835008
1349623205707698178
1349623299056267266
1349623349442465793
1349623367087878144
1349623482276048896
1349623523803713537
1349623540484509701
1349623818432753664
1349623820089511938
1349623832990998533
1349624044534960128
1349624067914084354
1349624242032275456
1349624693934989313
1349624773526040576
1349625341053202432
1349625388885008385
1349625578991792129
1349625603851317250
1349625640815915008
1349626113182621697
1349626408851664896
1349626444494811137
1349626449280512005
1349626475453022209
1349626770623000576
1349626883193896960
1349626951342776320
1349626954413203456
1349627029382197249
1349627039041654785
1349627159808241664
1349627166854705153
