1355878483050848265
1355878587354775553
1355878623752957952
1355878632607125506
1355878638793732101
1355878660138536964
1355878669110140928
1355878689070788609
1355878691797143553
1355878692422082562
1355878715234938887
1355878722163904514
1355878726433697796
1355878793777451012
1355878842368479232
1355878910123192324
1355878911314337796
1355878949662973954
1355878987097112576
1355879011973558274
1355879013391208449
1355879028981424133
1355879058446409730
1355879156177920001
1355879171617128453
1355879232514236416
1355879255486451715
1355879334301601793
1355879356560760832
1355879390505279490
1355879420372930565
1355879518599315456
1355879565613096969
1355879567676813316
1355879579391549441
1355879851136266240
1355879921932001293
1355879928898707457
1355879947525619712
1355880050214789131
1355880087418241026
1355880102773592066
1355880184822583304
1355880291357913092
1355880324862005250
1355880370005291008
1355880378582650884
1355880411117670402
1355880467468328963
1355880494278332418
1355880512183705604
1355880515254026246
1355880532459065345
1355880702617808909
1355880812495974400
1355880831852695552
1355880857538621440
1355880858578776064
1355880972965867524
1355880987960500229
1355881015059894283
1355881021875613698
1355881079010435072
1355881081313103877
1355881146337247233
1355881196564209665
1355881227207761922
1355881272925696005
1355881284422283270
1355881363774332929
1355881386956226561
1355881396246634501
1355881409806794752
1355881422163234818
1355881530300772353
1355881575079096323
1355881616309157888
1355881658797461504
1355881723238576128
1355881774203736066
1355881863701819398
1355881911487500289
1355881920278749186
1355881942185619457
1355882008770080773
1355882011379036165
1355882015216832515
1355882055280766977
1355882086121529347
1355882143566733316
1355882149203890177
1355882194288467968
1355882211095048193
1355882215847190528
1355882306100219912
1355882312324550660
1355882421766520832
1355882511985995780
1355882517040082951
1355882550275813381
1355882572178485251
1355882583536640002
1355882632949735426
1355882668307722241
1355882680206897154
1355882754295148546
1355882823589261315
1355882859135971334
1355882880271052803
1355882907617910786
1355882935833010179
1355882993919791111
1355883054259183616
1355883081153060865
1355883093710802944
1355883128032620544
1355883279262609409
1355883289828089861
1355883330831609864
1355883348288270342
1355883571978919936
1355883633484173317
1355883651184144389
1355883689079660555
1355883715134709765
1355883803617751040
1355883817496621063
1355883980982202368
1355884047214505987
1355884073672175619
1355884248062955521
1355884263300857858
1355884302618095622
1355884403151532037
1355884424420876289
1355884552309399556
1355884570483306497
1355884577718468610
1355884602859139079
1355884623335743490
1355884624707268610
1355884644495843328
1355884697008689154
1355884766948597761
1355884803732738050
1355884812100317188
1355884917469671427
1355884928148369409
1355884943717634048
1355884964961775618
1355885197686923267
1355885233112023040
1355885247867588609
1355885284202864642
1355885307636428808
1355885339135647746
1355885348140818433
1355885359394156549
1355885407175667715
1355885469922455552
1355885528185356293
1355885528919515140
1355885547009552388
1355885601807994880
1355885622565740547
1355885633110114306
1355885684318482436
1355885712474832900
1355885778509946882
1355885963113803777
1355885964086947843
1355886014422786057
1355886014426918915
1355886033817268228
1355886176578777098
1355886245205868545
1355886253670068228
1355886304031080451
1355886340794101761
1355886414190227456
1355886448650711044
1355886483966722053
1355886483861893124
1355886501083680772
1355886529084874754
1355886630670897156
1355886715018375170
1355886747578736645
1355886750275678212
1355886883230760964
1355886947215007756
1355886962314506241
1355886971743129601
1355886978840072199
1355887086583361537
1355887106091085827
1355887228313083904
1355887244435984390
1355887323662209025
1355887353085231110
1355887374522318848
1355887394566909952
1355887427391467520
1355887494886121472
1355887530588196864
1355887564444606464
1355887586510856200
1355887672066244609
1355887786780450816
1355887835602178052
1355887934877134849
1355888028322041857
1355888033648824324
1355888047657791491
1355888090284494853
1355888203484573701
1355888247315046406
1355888249361682440
1355888298405855237
1355888320715370500
1355888393377480705
1355888472129744901
1355888498839064583
1355888529432223746
1355888574126821380
1355888597044490240
1355888696713613316
1355888730951839744
1355888779857428484
1355888780264099845
1355888903614566408
1355888919267532825
1355888954269118464
1355889073550995457
1355889122100051971
1355889150138966024
1355889237296619521
1355889285585633281
1355889329734897665
1355889406830399492
1355889436337332234
1355889643225538560
1355889695775891458
1355889704974090246
1355889856937910274
1355889891717079048
1355889917365252097
1355889985451405317
1355890053579464704
1355890124840726531
1355890189789507587
1355890306986766338
1355890326980993024
1355890356739399681
1355890475409018880
1355890535081209862
1355890594468552708
1355890670838427651
1355890721321082880
1355890750756708357
1355890826975584258
1355890931484905474
1355890947662499840
1355891097759834114
1355891100108648450
1355891164415733762
1355891194887286787
1355891320661925892
1355891356846096387
1355891398495629312
1355891408998117382
1355891508772294663
1355891573515546630
1355891591009816578
1355891669179256832
1355891671997833217
1355891673297895428
1355891746299916292
1355891747990061057
1355891774368210944
1355891778600267780
1355891842873745418
1355891870203830277
1355892062663667714
1355892196017377281
1355892249624645635
1355892335964520448
1355892360249561092
1355892406000955402
1355892469926404108
1355892485923483654
1355892490163912705
1355892505674395652
1355892552285741058
1355892561299312644
1355892564105306115
1355892575849295875
1355892634955493377
1355892676793688065
1355892743160127489
1355892800961843202
1355893043212263424
1355893073968918533
1355893075319648258
1355893112388907008
1355893184283467777
1355893194081361921
1355893351149674501
1355893525502599170
