1353387076532764684
1353387101950238728
1353387232904818690
1353387282217062401
1353387301963919361
1353387304161849346
1353387366371610624
1353387366690529280
1353387374143705088
1353387380464635904
1353387572676993025
1353387584681074688
1353387658500739072
1353387659486523393
1353387754118389760
1353387828437282817
1353387884422828037
1353388036906745856
1353388082838466561
1353388139855843330
1353388205198860288
1353388211813429249
1353388221883772928
1353388378859794433
1353388582870913025
1353388595311210496
1353388626328039429
1353388668879331328
1353388812131577860
1353388863058665478
1353389001579761664
1353389148850290688
1353389230207057920
1353389238956396544
1353389259760283649
1353389274549284864
1353389293952110598
1353389341696024576
1353389397404774400
1353389417050886145
1353389547120254978
1353389602086604800
1353389633363615744
1353389692205453314
1353389727848701953
1353389755220680704
1353389868039237634
1353389923596988416
1353389975203573760
1353390013652881409
1353390166275104770
1353390198340554753
1353390259048914944
1353390296122318848
1353390307128209409
1353390325310447616
1353390429341966336
1353390519536111616
1353390533486538758
1353390581259493376
1353390600582787072
1353390651333693440
1353390651698626566
1353390657562243073
1353390719130607616
1353390739279982593
1353390740500475905
1353390768736493569
1353390776613543937
1353390873522954241
1353390993329049601
1353391035959943169
1353391055408947200
1353391195871993856
1353391196241014784
1353391224036552704
1353391277920817152
1353391299341246464
1353391312322654210
1353391361706270720
1353391399228600320
1353391467868393473
1353391525409869824
1353391535174397953
1353391546020880385
1353391641084653571
1353391786048311296
1353391814850428928
1353391841303883776
1353391855300317184
1353391881695211522
1353391903706931200
1353391945121411073
1353391968043196416
1353392062104793088
1353392087593611265
1353392111614234625
1353392126059491329
1353392141024727040
1353392173992050691
1353392455928827904
1353392510941466624
1353392511587241984
1353392574514356233
1353392619393605632
1353392622522359809
1353392655196057606
1353392699202801664
1353392716470657024
1353392858313728001
1353392908066381825
1353392992254644226
1353393042728734722
1353393118746296323
1353393137977356293
1353393167261966337
1353393195980218371
1353393225457750021
1353393269758173184
1353393298610634752
1353393308387532800
1353393338418794499
1353393370182291456
1353393421591826432
1353393476340047873
1353393494203670529
1353393605138759680
1353393608083169286
1353393645362311169
1353393705168863233
1353393973130190848
1353393998677815296
1353394018495778816
1353394060543852546
1353394106966409217
1353394125698170884
1353394209693294593
1353394216358072325
1353394221307277312
1353394325057462272
1353394353792823299
1353394360881008640
1353394447732641793
1353394470721449984
1353394489306570753
1353394606843416577
1353394657061822464
1353394682168918017
1353394714523799555
1353394762888437762
1353394765891424256
1353394781678940160
1353394966580637696
1353394971936776197
1353394975879221249
1353394999262670848
1353395081437270019
1353395145886973952
1353395176304119809
1353395186764681217
1353395234432901121
1353395284517281792
1353395748247896066
1353395810407485440
1353395860990734339
1353395864899751936
1353395919417352193
1353395987285422086
1353396115526217729
1353396241405771779
1353396258656935936
1353396259785035783
1353396273936785408
1353396330769620992
1353396369134817280
1353396389422665730
1353396414378864641
1353396470070665218
1353396524127027202
1353396605114789888
1353396670021718016
1353396731774287873
1353396737239474177
1353396822966984705
1353396961454354432
1353396987316596736
1353397303026065410
1353397320738463747
1353397498010734597
1353397500758134784
1353397531015860227
1353397571310518277
1353397572338135040
1353397573986492417
1353397670296104961
1353397763174752256
1353397859232702466
1353397862873370631
1353397944561537024
1353397978128470016
1353398027403329538
1353398136362962945
1353398237592485888
1353398374763003904
1353398436293443585
1353398576039096325
1353398578530705410
1353398644578209792
1353398911621345280
1353398945527914496
1353398947109167105
1353398953639874570
1353398970106728449
1353398977685811207
1353399049181753346
1353399219877523458
1353399227225759749
1353399338785976320
1353399359619149826
1353399423192231939
1353399525461913601
1353399548824014848
1353399551915401217
1353399563059654657
1353399623713517569
1353399756375130113
1353399778747408384
1353399939162755072
1353400091516788737
1353400232030171136
1353400276368162824
1353400290540724224
1353400297775919105
1353400360237461504
1353400390163681281
1353400410443190272
1353400433037910018
1353400534854582273
1353400567155011585
1353400618233323521
1353400667814174726
1353400681189707776
1353400711384428544
1353400716312801281
1353400794599534596
1353400868964454400
1353400896533770240
1353400929509376000
1353401004797140995
1353401008601395200
1353401019086950401
1353401059092295681
1353401158216380416
1353401245675958272
1353401269059256321
1353401289175138308
1353401295034404864
1353401369793753089
1353401414056243200
1353401491697119234
1353401522353270787
1353401571535630336
1353401583715794945
1353401606524575744
1353401713261072385
1353401910435393538
