1337351571324198912
1337351672603893761
1337351739532578818
1337351751628951555
1337351771472220160
1337351840804048903
1337351929232502784
1337351957384744961
1337351987692773382
1337351989420646400
1337352082916057090
1337352097667362817
1337352111399596036
1337352174792290304
1337352240386945026
1337352250239356930
1337352312688418816
1337352440601985024
1337352443202580481
1337352454434942977
1337352524211380225
1337352548135661568
1337352572127109121
1337352612685996032
1337352619954561025
1337352713382866946
1337352723772174336
1337352736732569600
1337352951967461376
1337353033437634564
1337353118854639618
1337353119047569409
1337353140933455874
1337353428897570817
1337353437533491200
1337353466780524544
1337353479547998209
1337353482643365888
1337353584174882820
1337353641435549698
1337353703884460033
1337353973943025664
1337354002011467778
1337354035733606403
1337354194471301122
1337354306941554688
1337354341896908801
1337354422507204609
1337354443348652033
1337354454916608001
1337354506728771585
1337354509459353603
1337354576136200193
1337354732030062595
1337354804834742274
1337354814192279553
1337354883985453056
1337354893485543431
1337354918932455425
1337354970052648963
1337355021013438465
1337355037832523776
1337355108527575041
1337355157340893184
1337355245907808256
1337355279319658496
1337355280150110208
1337355348001378306
1337355350551433219
1337355353495920642
1337355361406291968
1337355527450333184
1337355628851892227
1337355721298546688
1337355814198267904
1337355898956566534
1337355915746537473
1337355916379877376
1337355928241381377
1337355937800204288
1337356069748826115
1337356074546917376
1337356141500755968
1337356215802728451
1337356233356021760
1337356239328735234
1337356255850090496
1337356363752738816
1337356368643301382
1337356406933090306
1337356462335668224
1337356507231490050
1337356518035959808
1337356542442672128
1337356543638065152
1337356573232939011
1337356611350896642
1337356664211525632
1337356721765851138
1337356739956641792
1337356748743708673
1337356758994595843
1337356768083496961
1337356789650763778
1337356826493341697
1337356855773966336
1337356861604048897
1337356903849062402
1337356947553734657
1337356966444683270
1337357076033490945
1337357096245997570
1337357194271002625
1337357205029457920
1337357211841028096
1337357274818424835
1337357379730624513
1337357384335941632
1337357399494156290
1337357436152389633
1337357477482954752
1337357479571841025
1337357503131250689
1337357519342059522
1337357647327219712
1337357681561116673
1337357874943598593
1337357963049242625
1337357965511180288
1337358002727358470
1337358061145522181
1337358084004597767
1337358104950956032
1337358105189892099
1337358163415187461
1337358268922916864
1337358384778113030
1337358477891686401
1337358618686087168
1337358691566153729
1337358811259150337
1337358964942639104
1337359019850260490
1337359202122145795
1337359217250996226
1337359268329230337
1337359286050172928
1337359294778511361
1337359316861538305
1337359340076875777
1337359371496378368
1337359396536512512
1337359406745460736
1337359480170803200
1337359501087944704
1337359543739748354
1337359634689093633
1337359638816288769
1337359669426180096
1337359725814558722
1337359727072841728
1337359797356781570
1337359830516985856
1337359972599029761
1337359985882370049
1337360007566864384
1337360030291480576
1337360159845343232
1337360176597372934
1337360193055825925
1337360235430899713
1337360278833524736
1337360429291630594
1337360430587654144
1337360500162768898
1337360529640329219
1337360575563780096
1337360814903349249
1337360819252817921
1337360852421402625
1337360914660659203
1337360926744473601
1337360961913630720
1337360975738114049
1337360991869411328
1337361066645319683
1337361081677778944
1337361199105781762
1337361228474306560
1337361252755124225
1337361320262455302
1337361327262752769
1337361379997614081
1337361446007660544
1337361543642685441
1337361597854052356
1337361720747192322
1337361795896455170
1337361808412336128
1337361826330402818
1337361840154812417
1337362124499202048
1337362244670283778
1337362310805946368
1337362324563365888
1337362420621144065
1337362456608468993
1337362464724439040
1337362523440472064
1337362559800922113
1337362573201649665
1337362578582933505
1337362677048479746
1337362683285413898
1337362739489071105
1337362808506290176
1337362822842494977
1337362824402792452
1337362842383740928
1337362871760482304
1337362894065979392
1337362944993083392
1337363016367665152
1337363075310080000
1337363094960529410
1337363204440264707
1337363334371348481
1337363390604390400
1337363398208729091
1337363436569833473
1337363453896515587
1337363486012272643
1337363512528678915
1337363528655773697
1337363564667924481
1337363569604747264
1337363576063991808
1337363755664089088
1337363758708998144
1337363762542735360
1337363853299036161
1337364024321781762
1337364039391879168
1337364140768301058
1337364154605326337
1337364167527895040
1337364273912291329
1337364327607754756
1337364374361694208
1337364519841042433
1337364527223083010
1337364619787059200
1337364640649633794
1337364679564406789
1337364696282828801
1337364697138466819
1337364727983464451
1337364903150166019
1337364999686283265
1337365022406742022
1337365075502510082
1337365170105020417
1337365185208737792
1337365188257964034
1337365190208352257
1337365254855155713
1337365268117348353
1337365298597539843
1337365300627566592
1337365312849645568
1337365532220264451
1337365564403183618
1337365566877806594
1337365785799348224
1337365816065474560
1337365934663749633
1337366099021746180
1337366238587195392
1337366275186708480
1337366284506427394
1337366324448780288
1337366334217195521
1337366395269636097
1337366457479360520
1337366482154622977
