1327838732213481478
1327838799477366785
1327838852820709378
1327838879743873025
1327838887356428288
1327838978750332929
1327838981195784193
1327839102952230913
1327839196195803136
1327839269277274112
1327839388336680961
1327839708601225216
1327839752884789254
1327839941519319041
1327839994317328384
1327839999069450240
1327840045512921090
1327840060683776000
1327840099598561280
1327840356755529728
1327840441350414336
1327840451852951552
1327840473260584962
1327840655729684485
1327840762172674048
1327840804359049218
1327840840450859009
1327841007375769601
1327841021540003840
1327841245645787137
1327841258115526657
1327841310317834242
1327841327048953856
1327841395248422913
1327841439070433281
1327841456149696513
1327841651457290242
1327841673339027457
1327841749151178755
1327841998187819008
1327841998682742784
1327842232620122112
1327842245865844738
1327842459150409729
1327842488237907974
1327842539450187777
1327842628403044353
1327842814332465153
1327842946390110209
1327843230088527873
1327843270647554048
1327843355217235969
1327843369771364352
1327843487014785024
1327843574499577863
1327843668934483970
1327843820550172673
1327843829219733506
1327844114214178818
1327844211702415360
1327844233143672837
1327844402887331840
1327844461351723010
1327844532373901312
1327844606168473601
1327844707930693632
1327844892609941505
1327845137792299013
1327845168737824769
1327845265634594816
1327845374636208128
1327845394844413952
1327845545159708672
1327845575421800451
1327845698969214981
1327846137961861121
1327846146690060289
1327846165367427072
1327846201958555649
1327846218634985472
1327846352072675329
1327846436705361920
1327846636723212289
1327846679379316737
1327847043079999488
1327847152408813568
1327847353869619207
1327847630005809153
1327847698901430272
1327847749119688704
1327847789867401216
1327847887640866818
1327847903440855041
1327848076468482051
1327848109053861888
1327848368400257024
1327848389313245184
1327848459328757762
1327848465699782657
1327848535505711104
1327848623292428288
1327848835901759488
1327848852892872706
1327848910908321792
1327848930198032384
1327849210444533760
1327849749131780097
1327849821286371328
1327849939515420674
1327849947853692928
1327849982708375552
1327850015533002752
1327850465397264389
1327850491938807810
1327850609643450369
1327850662332391424
1327850695337230336
1327850786609524736
1327850793169465345
1327850888791289861
1327850914065989634
1327851019183779841
1327851107507433472
1327851189539659777
1327851520843366400
1327851848636669954
1327851914176864256
1327851980455350272
1327852080569208832
1327852109010788352
1327852538671083520
1327852549592870913
1327852594849406976
1327852601040367616
1327852700055191552
1327852720687099904
1327853007241965568
1327853302625742848
1327853548197933058
1327853549812916224
1327853605668446209
1327853694440783873
1327853798430105600
