1329364027093381125
1329364059309764613
1329364109503180800
1329364284355317760
1329364398587187202
1329364407072272386
1329364415586701312
1329364474214617093
1329364681920716802
1329364686257618946
1329364715470897155
1329364955422973952
1329364975014596609
1329365105423896578
1329365171924561922
1329365274693398528
1329365286366179330
1329365294234562560
1329365322353184774
1329365325008269312
1329365391341182979
1329365415357767681
1329365441270177792
1329365531779096577
1329365555468439552
1329365595196968960
1329365617980432385
1329365860121763840
1329365953885446147
1329365961351327744
1329365986546487297
1329366393565958150
1329366778615566340
1329366843459440642
1329366843107270656
1329366896903274497
1329366972400873472
1329367084833394688
1329367404791685123
1329367413956206594
1329367535335198720
1329367696878800896
1329367927104139264
1329368088077160448
1329368308706119681
1329368603754459139
1329368659584823298
1329368988636340224
1329369056483356672
1329369075953381378
1329369112439640065
1329369220728033280
1329369353729449987
1329369390186426368
1329369516816687104
1329369536131457026
1329369708194361344
1329369723063078914
1329369757502541824
1329369863354257408
1329369884816338950
1329369895520309248
1329369914231099393
1329369988772327426
1329370075351093248
1329370124638367744
1329370176064679936
1329370204015632384
1329370455984115712
1329370487076564993
1329370594945667078
1329370677212827648
1329370688784912385
1329370835132456960
1329371197109198848
1329371259512172545
1329371305183948800
1329371379762925574
1329371383881732099
1329371459635077120
1329371553528688641
1329371569806782466
1329371668859371520
1329371718134194178
1329372004185747457
1329372030253273091
1329372034590068736
1329372167050584064
1329372222503444483
1329372307307995139
1329372331433725953
1329372375217893381
1329372414548074497
1329372426938036224
1329372502452277250
1329372525785198592
1329372679049150469
1329372852341133314
1329372864827580417
1329372892652564480
1329373038903758853
1329373078858698753
1329373161218072577
1329373187059163136
1329373244915392514
1329373334698594304
1329373360720138241
1329373372187336704
1329373427640250368
1329373599002750976
1329373600017616903
1329373631714091008
1329373675506774017
1329373803152027648
1329373916700303363
1329373973465993216
1329373987114082313
1329373997117566977
1329374035960991744
1329374101941600257
1329374145239539713
1329374252592721920
1329374372612730880
1329374502623567875
1329374607179038721
1329374678230704132
1329374690083803136
1329374788704407553
1329374802910474240
1329374810758127622
1329374894937628672
1329374905259986946
1329375050458271744
1329375083966717952
1329375531096272896
1329375542664052736
1329375550113271808
1329375817223315456
1329375966301462528
1329376051349385216
1329376153002455041
1329376312767574018
1329376359995613187
1329376419357597697
1329376435757256704
1329376576442494980
1329376757523345411
1329376809008332800
1329376876553408512
1329376939673595905
1329376962364715009
1329376972003184640
1329377133362294784
1329377141549576192
1329377193831632897
1329377397293019136
1329377405040029698
1329377406205956097
1329377448342024192
1329377453991751683
1329377671638364167
1329377691154440194
1329377787510198275
1329377802005729280
1329377825393086465
1329378000161353728
1329378040724549636
1329378045187112960
1329378373349502977
1329378456379871235
1329378553482399744
1329378575628156929
