1324078990429245442
1324079216376320002
1324079405010923522
1324079409855418370
1324079589249806336
1324079675178512384
1324079681054846986
1324079747396182026
1324079825645195266
1324079966548623361
1324079970218594308
1324079973167255553
1324079984810561536
1324080022693449729
1324080036769632256
1324080057644703746
1324080092293705728
1324080123130355718
1324080183888982016
1324080206299222017
1324080267280162818
1324080292039168004
1324080335961939968
1324080339837460481
1324080341477396480
1324080386255835141
1324080401007169537
1324080599481700353
1324080601679433729
1324080662568161281
1324080680746291202
1324080687666860032
1324080720747372544
1324080774589616130
1324080908291493889
1324080992135614466
1324081063656886273
1324081157558980617
1324081160369115140
1324081186042466310
1324081208205156352
1324081369283096576
1324081401281523712
1324081417027014656
1324081442763218945
1324081474241441795
1324081526997422081
1324081590012727300
1324081656341430284
1324081709793579012
1324081792526225410
1324081823144620033
1324081831730434048
1324081845097566208
1324081853968515072
1324081976219967491
1324082090971963393
1324082114044829704
1324082180956524549
1324082243992756225
1324082354692919297
1324082419348107265
1324082440437035008
1324082445969313792
1324082569181159424
1324082591348248583
1324082599728455681
1324082683404759047
1324082711481430016
1324082821972086790
1324082912296345601
1324083028059131908
1324083065950535681
1324083245932109824
1324083398063906816
1324083408176353280
1324083424488050689
1324083445035749376
1324083523473604608
1324083587830853632
1324083646127579143
1324083667900063745
1324083703312646145
1324083721889349632
1324083880106823688
1324083911706685441
1324083916202860544
1324084011799617536
1324084033027014656
1324084034213797890
1324084105751846912
1324084241928511489
1324084310622744583
1324084328264073228
1324084331665522688
1324084336505729024
1324084393426767874
1324084447617019904
1324084452172144641
1324084456320360450
1324084503405617154
1324084613002727424
1324084822663462912
1324084829579857921
1324084935460835338
1324084945669730313
1324085007560798209
1324085044336578560
1324085223970295808
1324085259097403392
1324085401439494144
1324085620084559873
1324085677462446080
1324085832282705925
1324085863098167296
1324085863714750465
1324086001434841089
1324086349318754310
1324086436770045955
1324086461256232960
1324086663161606145
1324086673895018499
1324086916350939136
1324086949108420610
1324087052015730712
1324087173352742912
1324087407323598852
1324087416551100419
1324087492509863941
1324087692766945280
1324087775335952386
1324087948690792449
1324088027958910979
1324088179645947906
1324088350463029249
1324088357538787328
1324088374412693505
1324088506487054337
1324088661604970496
1324088700523851776
1324088736339185665
1324088876345032712
1324089062442106881
1324089068741943297
1324089097191915521
1324089211574779907
1324089347944128512
1324089467129499651
1324089813595787271
1324089830771433472
1324089978947883009
1324090132622921731
1324090242664714240
1324090247400087566
1324090468246999042
1324090571703545856
1324090597175660547
1324090613931872256
1324090775869771778
1324090782492622850
1324090889430536192
1324090938793336834
1324091032900960271
1324091320298803203
1324091406005260289
1324091462804512768
1324091489102815234
1324091887117107201
1324092135231102981
1324092146991931399
1324092191174774790
1324092212251103235
1324092552061005825
1324092578250264576
1324092719095025664
1324092864452841472
1324093060637249536
1324093155285721089
1324093158741827584
1324093194569736194
1324093352778833924
1324093626331226113
1324093691313664000
1324093746774974465
1324093844804259842
1324093866652229632
1324093899648962565
1324093952136458241
1324093995992100865
1324094022252699648
