1319126452684673024
1319126464789467138
1319126533689278464
1319126587577683969
1319126647556145152
1319126670008172544
1319126687062364163
1319126946710577152
1319126992025944066
1319127282859053056
1319127444310224897
1319127444662661126
1319127503437520896
1319127604536852485
1319127644085100551
1319127656982433792
1319127726549184512
1319127859131256833
1319127925388697601
1319128018552606720
1319128048399208448
1319128059602087936
1319128497743294465
1319128525127888902
1319128566945071105
1319128597253156864
1319128722469957632
1319129217443917826
1319129222372335617
1319129272754294785
1319129291146194949
1319129332326031360
1319129375548256257
1319129517936574464
1319129927455698945
1319130180355489793
1319130182524035072
1319130390985101312
1319130410220244994
1319130500607295492
1319130649958125569
1319130676369723393
1319130703078912001
1319130959459971072
1319131130466099200
1319131304340951040
1319131390609395712
1319131517386444801
1319131548734676992
1319131966990667776
1319132218065813505
1319132249229459456
1319132308222341120
1319132381241053184
1319132723026472961
1319132834171441152
1319132841989517312
1319132922952241152
1319133404982595588
1319133997146935296
1319134175828520961
1319134217050046464
1319134269214617600
1319134548685430788
1319134552145588229
1319134642683904000
1319134652280545285
1319134673449242625
1319134767959465986
1319134916047704064
1319135077541044224
1319135179718324225
1319135323444727808
1319135642287296512
1319135656510107648
1319135881224097794
1319135966142078976
1319136024019136517
1319136117833166849
1319136149097619457
1319136405684105216
1319136612182360064
1319137366561288192
1319137432227487744
1319137545402249216
1319137727594532864
1319137747685179393
1319137758057779200
1319137850114408449
1319137855982088193
1319138016171085825
1319138214049972225
1319138222593744896
1319138360481513472
1319138536294068225
1319138818197385216
1319138972912603136
1319138995960303616
1319139121344856064
1319139199463886848
1319139270284562435
1319139365163913216
1319139488933638144
1319139524455190533
1319139693494087680
1319139701316571137
1319139723101704192
1319139820585746432
1319139829469294592
1319139887631667201
1319140216914038784
1319140262195589122
1319140450893287424
1319140481964584960
1319140563912937472
1319140625556656128
1319140671798771712
1319140688651497472
1319140693005139970
1319140752480301058
1319140827365453829
1319140983729053696
1319141030852055041
1319141079262720000
1319141264214773760
1319141288034234374
