1346018513987784705
1346018690601529345
1346018701133406208
1346018753281224705
1346018801901592576
1346018861280354305
1346018896277602304
1346019094613680128
1346019107288870912
1346019130944712705
1346019291036979200
1346019568129609728
1346019664397266944
1346019754260226049
1346019870073352192
1346019870169710592
1346019886565265410
1346019894115016704
1346019895771860992
1346019995348729857
1346020069155991552
1346020155877425152
1346020197849853952
1346020251083943936
1346020418491019265
1346020456776785920
1346020557146312704
1346020568374665216
1346020585499836416
1346020739179278337
1346020883564032000
1346020911565049856
1346020942720491521
1346020981521846275
1346021036719026176
1346021152242733057
1346021198065356801
1346021242588065793
1346021297709608961
1346021512881516544
1346021814774988801
1346021955984621569
1346022014725877762
1346022075568431104
1346022148352188418
1346022311552372736
1346022315549728768
1346022377185009664
1346022617321525248
1346022722476908544
1346022770644295680
1346022812893503490
1346022943420264449
1346023018963890178
1346023057891209216
1346023076509704192
1346023135167000576
1346023145149493248
1346023160681029633
1346023213155950592
1346023233435422720
1346023357230284801
1346023398753906689
1346023404361580544
1346023554903584769
1346023557197942784
1346023610125717506
1346023720293453824
1346023731433517058
1346023782759112706
1346024042407444485
1346024212134289408
1346024551608676352
1346024558005006337
1346024701160808448
1346024722191028224
1346024726183858176
1346024734669078528
1346024734719406081
1346024921776836609
1346024956103184385
1346025073375789056
1346025073518415872
1346025359310024706
1346025382848438272
1346025406655307776
1346025457301393409
1346025520719306752
1346025857794584576
1346025998102507520
1346026050732478464
1346026179246002176
1346026408527753223
1346026494028619776
1346026737696649217
1346026747838558209
1346026762258374656
1346026820144140289
1346026931557335040
1346027005947465728
1346027110062813186
1346027181818994690
1346027216233062402
1346027354112589825
1346027380666728448
1346027431237451777
1346027595247341570
1346027664541442048
1346027700683558912
1346027751472472065
1346027994050138112
1346028192000311296
1346028421340667905
1346028494665510912
1346028592308899841
1346028662001336320
1346028911751270400
1346029371514101761
1346029374605242371
1346029415252152325
1346029596454645761
1346029615081541632
1346029742575808512
1346029904895352834
1346030110579847169
1346030176216481792
1346030285868179458
1346030347650215936
1346030360333848577
1346030557482917888
1346030715025190912
1346030765763678209
1346030883396964353
1346031095687606272
1346031162305732608
1346031227959009281
1346031239879413761
1346031353415028737
1346031873294786562
1346031912696115200
1346032082510864384
1346032280532348931
1346032327445635073
1346032423117664256
1346032648116965377
1346032771026841600
1346032837766602755
1346032850559234049
1346032954137600001
1346032981031358464
1346033063252226049
1346033093380071427
1346033093581312000
1346033117199560705
1346033215094611968
1346033229711740928
1346033409571893248
1346033442639777792
1346033511908704257
