1338755773388771329
1338755899549167617
1338755994487296000
1338756079199502336
1338756112368152578
1338756145125552133
1338756154827173890
1338756191992885251
1338756200393916418
1338756218316210176
1338756343461765120
1338756345131130880
1338756374529003525
1338756445781839873
1338756691320561664
1338756699381850112
1338756736656633857
1338756866692710400
1338756897524989952
1338756932199444481
1338757014944505858
1338757095051710469
1338757125611241472
1338757212479565824
1338757264094732289
1338757488850694147
1338757556815065088
1338757603418103808
1338757625568178177
1338757631591190529
1338757660427030534
1338757679859326981
1338757717046030336
1338757746787749888
1338757764592570368
1338757795814977536
1338757863104262144
1338758056700764160
1338758080880926720
1338758229619306496
1338758300834402306
1338758437149282305
1338758516597796865
1338758578627170304
1338758693027016708
1338758835461386241
1338758878226485252
1338758993901195264
1338759021466177536
1338759091112460292
1338759180958633985
1338759263980834816
1338759392959741956
1338759410269601792
1338759431991922688
1338759509129351169
1338759578624770048
1338759629719793664
1338759685881671680
1338759693334761472
1338759732287348738
1338759781784449025
1338760160123109376
1338760232286097408
1338760237264867328
1338760255644135424
1338760326779723776
1338760363911876610
1338760369930526720
1338760471634178048
1338760634981371906
1338760660235194368
1338760740002402304
1338760822181351425
1338760970827563009
1338760992302399488
1338761049869340674
1338761069393707008
1338761090105282561
1338761107004141568
1338761332515102720
1338761368204267520
1338761421727748103
1338761526942068736
1338761533246087169
1338761682064187392
1338761685805518849
1338761904588722176
1338761909345144833
1338762041507663872
1338762073879228416
1338762099279982592
1338762131471261696
1338762162374729728
1338762234432983040
1338762298568175616
1338762376930357248
1338762515199619072
1338762587924643840
1338762673261965313
1338762693025525761
1338762718631895041
1338762775154212864
1338762780028133377
1338762863989710848
1338762927965306880
1338762960622202881
1338762968654221313
1338762974832459776
1338763089693446144
1338763092348514304
1338763307965009922
1338763355041931265
1338763420401745922
1338763429398638598
1338763503977508866
1338763526857515008
1338763613985792001
1338763791027331080
1338763808072937474
1338763846559952896
1338763912037068802
1338763917527400455
1338763930462720000
1338764025040171013
1338764028978495488
1338764083907194880
1338764114613723136
1338764122612228096
1338764322093236225
1338764458303242241
1338764521243086849
1338764633373618177
1338764726419947521
1338764897988055046
1338764924353347584
1338765041986924544
1338765076736557056
1338765103244713985
1338765214049857536
1338765243372216320
1338765263299248128
1338765371218735109
1338765372946837505
1338765470065807360
1338765481826775041
1338765482472706048
1338765560880893952
1338765561937924098
1338765568774709250
1338765642380533763
1338765649779318784
1338765844390752256
1338765969133457408
1338766023084806144
1338766049114808320
1338766079309488129
1338766120250081280
1338766154224033792
1338766164537700353
1338766204182409220
1338766235148972032
1338766351696072706
1338766353747079168
1338766492112982016
1338766498685448193
1338766565429268480
1338766714729680896
1338766980120272898
1338766985174249474
1338767088190631938
1338767242004226048
1338767245879762945
1338767249436332032
1338767411936452608
1338767513094537216
1338767532862431232
1338767542643527685
1338767566748041216
1338767587333742593
1338767717826875392
1338767718086889477
1338767765486833666
1338767783002136577
1338767905895268352
1338767954171801600
1338767974073851906
1338768074166644736
1338768074388828166
1338768088997609473
1338768269126344705
1338768330891489281
1338768360386031618
1338768474169028608
1338768503109783553
1338768533984055297
1338768552925548546
1338768567517523969
1338768568301756417
1338768627240034306
1338768699684220928
1338768731795841024
1338768732370309121
1338768750212943873
1338768803983994880
1338769009978863616
1338769039888363522
1338769084377411585
1338769123648606210
1338769135141085184
1338769206477811713
1338769303898783744
1338769322810851328
1338769332596314113
1338769333019930624
1338769359523733504
1338769375986380802
1338769384408567808
1338769525202964481
1338769528440967168
1338769530429050881
1338769598053806085
1338769607163850754
1338769736461668354
1338769744359374848
1338769746553167872
1338769805642518531
1338769870498893825
1338769901448736768
1338769964354899968
1338769972999307265
1338770001298415618
1338770035012214784
1338770042104766464
1338770054838513664
1338770130839498755
1338770181011730433
1338770183960350721
1338770202620813317
1338770257402589184
1338770270660644864
1338770342412632065
1338770392731750400
1338770466031489025
1338770486554218497
1338770597741010946
1338770609153728513
1338770633090449411
1338770642821394432
1338770718675197954
