1318386536195346432
1318386581762240512
1318386593938481153
1318386604629774336
1318386651668807680
1318386767435866112
1318386773605543936
1318386783344750593
1318386810322649090
1318386891763363840
1318386937615454211
1318387034600411136
1318387068813324288
1318387142876368897
1318387146420604928
1318387186509647873
1318387188409782275
1318387196651450371
1318387202246717440
1318387206898278400
1318387269921812481
1318387333767389184
1318387412444336129
1318387503557046273
1318387564911464451
1318387566387843077
1318387827353276417
1318387985998491648
1318387989588905984
1318388002889080833
1318388088918269954
1318388143603785729
1318388492368441345
1318388709658554370
1318388714364637185
1318388715350298624
1318388857210130434
1318388876487032832
1318388904240779265
1318389000068042753
1318389047526518784
1318389067810222080
1318389114530574336
1318389261259911174
1318389324568813569
1318389390176145410
1318389396287246338
1318389467825176583
1318389767399219207
1318389769437466624
1318389961490530304
1318389989537992705
1318390003852980224
1318390062678093830
1318390082991132672
1318390099407765504
1318390154663374849
1318390165107138560
1318390335551098880
1318390358326317057
1318390358812823552
1318390442443104262
1318390487091277825
1318390491096870914
1318390502132224000
1318390574827728896
1318390580796297218
1318390605249204224
1318390643610234880
1318390650367209473
1318390724384051200
1318390725378191372
1318390740997656581
1318390792331890688
1318390795548852224
1318390812728717328
1318390868714442753
1318390942617923584
1318390985743687680
1318390990172942336
1318391037925203968
1318391082535636993
1318391162869223426
1318391289877069825
1318391333120344064
1318391337645789185
1318391355278721024
1318391370717954048
1318391407652974592
1318391444764192768
1318391451609227267
1318391504457637893
1318391521717092352
1318391538020352000
1318391740915593216
1318391840748441602
1318391842367361024
1318391843592175616
1318391930850627584
1318392091819470848
1318392096219230208
1318392201995382784
1318392209972948992
1318392305628319746
1318392365564989440
1318392457789231105
1318392577398239233
1318392686802395136
1318392784097771520
1318392899575447552
1318393045570695168
1318393274483101697
1318393298587840512
1318393314413072385
1318393367785394177
1318393457434521601
1318393550632112128
1318393686237966344
1318393783541813249
1318393846225641473
1318393852559052800
1318393902265782274
1318393969034862596
1318394023220924416
1318394136375054339
1318394167903531011
1318394389425684481
1318394507906453505
1318394605440802816
1318394818263875584
1318394831245225985
1318394836571975681
1318394928758689794
1318394968197812225
1318394969267314689
1318395235165196288
1318395239825084417
1318395378421608449
1318395378694225920
1318396007076429825
1318396068778835969
1318396368474509312
1318396559235731456
1318396749828874240
1318396839276605441
1318396979282644993
1318397062954668032
1318397148132593665
1318397230320144392
1318397299408527360
1318397309424705536
1318397326763806724
1318397328320024582
1318397330257739778
1318397359341080576
1318397360364466176
1318397526282805249
1318397650593411072
1318397756910800896
1318398087900106752
1318398103737626626
1318398110968676353
1318398337607847937
1318398340023738369
1318399121271783424
1318399298925547520
1318399378655162368
1318399394765557760
1318399444979576832
1318399972660924416
1318400009960763394
1318400083654836230
1318400196334678016
1318400311699144706
1318400342569213952
1318400486098178049
1318400639190278145
1318400802667466753
1318400857801707523
1318400931071971328
1318401049837867008
1318401296249114626
1318401477552099328
