1318069458053795840
1318069693262012422
1318069706948042752
1318069917246246913
1318069999752237061
1318070133466701824
1318070210683875328
1318070534295478272
1318070604344422407
1318070862969405440
1318070954451333120
1318071052359004165
1318071099163172864
1318071137595658240
1318071242860224512
1318071458271252480
1318071586814070785
1318071604258144256
1318071609832427520
1318071646150950912
1318071928523902979
1318071942449041409
1318072366631579649
1318072377020837888
1318072716604432384
1318072850675191808
1318073115780337666
1318073168578433024
1318073414146351104
1318073505536217088
1318073644829036544
1318073684188422145
1318073720670400512
1318073726978568193
1318073908440989702
1318073922940751872
1318074068428591105
1318074263589539840
1318074504019550209
1318074567982809089
1318074634361802752
1318074764401897474
1318074771486076928
1318074782735241221
1318074829623394305
1318074843435307008
1318074914159689728
1318074955624411136
1318075048884830209
1318075154073747456
1318075162206625794
1318075245983563776
1318075401764208641
1318075424866324480
1318075580613488640
1318075605376618496
1318075626469826560
1318075711517753345
1318076131774328832
1318076200128970753
1318076351983853570
1318076534897446915
1318076640786874368
1318076659069833216
1318076696319324160
1318076708084281344
1318076841643528192
1318076949160394759
1318077116462911498
1318077236407377921
1318077489650888706
1318077891976966144
1318077932384890880
1318077953633378306
1318078285192912896
1318078316155457536
1318078365354610688
1318078427199639553
1318078451316936704
1318078513631662080
1318078677796663297
1318078788836741122
1318078816342974465
1318078892763066369
1318078957774921728
1318079027794628609
1318079085994741760
1318079141414133766
1318079274302214144
1318079317729931264
1318079349929603073
1318079355403137025
1318079407592861698
1318079464123863040
1318079564568952832
1318079603517345792
1318079725365989376
1318079768328392705
1318079865921314816
1318079947865456640
1318079969902403590
1318080123929731072
1318080129600544768
1318080244817932295
1318080302506561538
1318080405245992960
1318080564033847296
1318080623840473088
1318080921397088257
1318080939663200257
1318080997624225792
1318081077735542785
1318081085641773061
1318081121905741825
1318081237664342016
1318081375421919232
1318081507295219712
1318081538735575042
1318081616816689153
1318081875097866241
1318081944056455168
1318082557221740545
1318082820317663232
1318082859266170881
1318082914274390017
1318083110446063616
1318083592233177094
1318083727864463360
1318083756880760832
1318083826481025025
1318083847892815872
1318083999768653825
1318084058534957056
1318084062699909127
1318084092060073984
1318084175283523584
1318084179737849857
1318084295924215809
1318084335325630467
