1320107809883758592
1320107943925325829
1320107970076684288
1320107994181439488
1320108133847629827
1320108322964541441
1320108536198844418
1320108570336239624
1320108857201446913
1320108983798190080
1320109241261240321
1320109500515438593
1320109640571449345
1320109812592611331
1320109931320774656
1320109973406322689
1320110451900977153
1320110624215621637
1320110719518507008
1320111018312409092
1320111112143196161
1320111441672769536
1320111685357666304
1320111693792530433
1320111712297799682
1320111945626775552
1320111975284703232
1320112107862581248
1320112181124411392
1320112194684555265
1320112257812942848
1320112306664181765
1320112367011827716
1320112370304286721
1320112448712617993
1320112763147091974
1320112872144338944
1320113003623288835
1320113095612792832
1320113234196705280
1320113452036333569
1320113805934972928
1320113838319161345
1320113950604906496
1320114041591898112
1320114247821676545
1320114269304819712
1320114398749478912
1320114485194067968
1320114590831710214
1320114630056939521
1320114642367225862
1320114661258309632
1320114825075159040
1320114994487332865
1320115034987560962
1320115069703913475
1320115076276363264
1320115118873677824
1320115125785927680
1320115187152769025
1320115196778643458
1320115232547753991
1320115402962329600
1320115416585408517
1320115816533266432
1320115823130849280
1320115856790224897
1320115941905207296
1320116065989513217
1320116173153931265
1320116285104181255
1320116336882814976
1320116388888006656
1320116471293480960
1320116532484182018
1320116770053574656
1320116975620808706
1320117080402939904
1320117101584109570
1320117110463295488
1320117127622348800
1320117373068701696
1320117400021340160
1320117480015224832
1320117604879577094
1320117625368793088
1320117781073850368
1320118057323405312
1320118130191060995
1320118176441618440
1320118183160758273
1320118188529586181
1320118256779276301
1320118335846088704
1320118337901260800
1320118680378855425
1320118757562470400
1320118839535759360
1320119020809539585
1320119354810355712
1320119395725856774
1320119549983948804
1320119795795267590
1320119996148633601
1320120092512997376
1320120168710799361
1320120169667190784
1320120269323853825
1320120395379462153
1320120481471660034
1320120533699203073
1320120554158919680
1320120574786482176
1320120602154487810
1320120677987483652
1320120684945805313
1320120849568059403
1320120855960190976
1320121037288333313
1320121066816212994
1320121219002322945
1320121243417411584
1320121253663997953
1320121621898842113
1320121663422279680
1320121684943392774
1320121709731729408
1320122067329703936
1320122069598785536
1320122140436430848
1320122291863343116
1320122463603335170
1320122488446124035
1320122594440347650
