1331356923703255040
1331357061913980933
1331357109774999553
1331357110500659202
1331357194160205824
1331357241165963264
1331357415632211969
1331357585895788544
1331357674919907333
1331357754737520645
1331357771661516808
1331357830125936640
1331357973629853704
1331358151132712962
1331358342527250435
1331358355848302597
1331358375741800448
1331358389981630465
1331358454355726336
1331358481777999872
1331358575738843142
1331358610388103170
1331358653526511618
1331358668516962308
1331358733390188544
1331358786653728769
1331358927443750914
1331358963527528448
1331358998830911488
1331359003201462277
1331359071572815873
1331359073263104002
1331359088094146566
1331359134588035082
1331359188862324736
1331359197578088449
1331359254645620736
1331359447860580357
1331359507067396097
1331359525409001477
1331359675607117826
1331359885758324736
1331359923628892167
1331360036040318977
1331360100116795396
1331360283177099264
1331360507459108867
1331360512773328896
1331360589436887041
1331360618889273344
1331360623704227840
1331360693308813315
1331360806798127106
1331360955792547841
1331361131324030976
1331361164815708161
1331361384186081280
1331361415660187649
1331361472664973319
1331361576582955009
1331361655813337089
1331361686809407488
1331361753159110660
1331361788122849280
1331361845790322697
1331361952791212032
1331361958373765127
1331362021233790976
1331362086337830912
1331362147515977730
1331362207603560449
1331362213031006208
1331362299693600770
1331362324305874944
1331362572268838912
1331362572553969665
1331362667391541249
1331362735880335370
1331362750384271360
1331362753488023556
1331362780994281472
1331362870353805312
1331362925693440000
1331362979355344896
1331362983184883712
1331363026155565063
1331363075442712576
1331363113166278657
1331363301184466945
1331363362484215809
1331363540343672832
1331363703724384273
1331363771097509889
1331363878416990210
1331363900684636167
1331363927817674755
1331363944330645511
1331363975422885888
1331363993949093890
1331364007937097730
1331364018695520256
1331364030955495424
1331364074379124737
1331364135301505024
1331364168444891136
1331364234551181312
1331364310656815106
1331364364004306944
1331364379799990274
1331364428076310528
1331364534955749382
1331364547408650246
1331364707874193408
1331364721119944710
1331364723934289925
1331364743026782214
1331364764891680770
1331364772617605121
1331364858474860545
1331364858634375168
1331364875252031488
1331364934748344322
1331365081054015489
1331365230354587651
1331365239691079687
1331365310327255040
1331365313989005314
1331365623633506305
1331365787928580097
1331365880115159047
1331366031869300739
1331366116606816256
1331366130179403776
1331366194180481027
1331366264212697088
1331366392432529409
1331366406508699650
1331366424246431750
1331366528286142466
1331366530907467776
1331366544836792320
1331366568018673665
1331366578017988612
1331366648532635648
1331366738588524547
1331366780032471040
1331366837930643463
1331366886806843396
1331366956243496962
1331367059884707840
1331367137399558144
1331367153581355008
1331367223064031233
1331367417633763328
1331367440173948933
1331367517571477506
1331367567596810241
1331367570730049541
1331367601793097728
1331367677785464836
1331367692310200321
1331367808257691648
1331367837886148612
1331367963782426624
1331368026684481537
1331368093616984065
1331368116266348549
1331368190195216386
1331368271338201088
1331368280922099714
1331368298991165441
1331368359917711362
1331368475055460352
1331368486862344192
1331368505384439808
1331368516411265024
1331368538242691076
1331368551278665728
1331368612372725761
1331368710012067842
1331368716718653440
1331368726692769805
1331368854090498048
1331368909304303617
1331368927201529857
1331368932922408961
1331368939352428544
1331368943043432450
1331368948907053057
1331369001302290434
1331369061536702465
1331369112203710465
1331369132454006787
1331369134660194307
1331369205950799873
1331369300842647552
1331369312620335104
1331369416651489280
1331369458405924865
1331369469998936064
1331369531277709312
1331369619588849666
1331369635938177024
1331369675679264769
1331369692326490113
1331369708680073221
1331369744595705857
1331369849432416257
1331369890880614401
1331369892172492803
1331369902511448068
1331369911030063104
1331370075530682376
1331370109856866309
1331370145667833857
1331370187707338762
1331370363960307712
1331370371954610178
1331370424773476353
1331370461721210880
1331370493346271233
1331370557959532555
1331370567115677699
1331370592889675778
1331370625416503297
1331370650674601993
1331370667124551681
1331370719972769792
1331370768832233474
1331370843797155848
1331370975888289804
1331371142448287750
1331371178812911621
1331371404495888384
1331371432631283712
1331371470283362306
1331371498716753921
1331371520271257601
1331371574939832320
1331371604794871809
1331371629507702784
1331371655097151490
1331371692590043137
1331371694200549378
1331371709212061696
1331371781836451841
1331371844570529792
1331371894617100291
