1336037748919111681
1336037766048739328
1336037766044524549
1336037767554351107
1336037788903497731
1336037801637408771
1336037818762731532
1336037840938029061
1336037898563461121
1336037909158371341
1336037920046796801
1336037926606696450
1336037975659065345
1336037981958905856
1336038025508184065
1336038027681001474
1336038049629745152
1336038103950168067
1336038108752699392
1336038109910343683
1336038133620740096
1336038150074998787
1336038157465374725
1336038184107446272
1336038185067954177
1336038189283196928
1336038212612091906
1336038274867974145
1336038279519596550
1336038284070359046
1336038290424786944
1336038293084008454
1336038301233541120
1336038331809980423
1336038350843748354
1336038352391467012
1336038352005574659
1336038403016544256
1336038423681855488
1336038428341760000
1336038483161272320
1336038488207134721
1336038503252103175
1336038576887357451
1336038592523755521
1336038606788550657
1336038618440282121
1336038618880675842
1336038632969269249
1336038637088239619
1336038650262544385
1336038656059052041
1336038666305642497
1336038677961695232
1336038679777701890
1336038680549597186
1336038688883679242
1336038715622354950
1336038717954224128
1336038730835095554
1336038743606657024
1336038762921553922
1336038763848331264
1336038801366536203
1336038904814837760
1336038918110720002
1336038918026907648
1336038942940905472
1336038946166296576
1336038961521672192
1336038974511575054
1336038998209343494
1336039019096862721
1336039027225600001
1336039030346145792
1336039103817609216
1336039106439208963
1336039167424344067
1336039187049574401
1336039188962140162
1336039195958259712
1336039203805782019
1336039203998732293
1336039215587598338
1336039234281549835
1336039238094229506
1336039279856795649
1336039283497422848
1336039314812096512
1336039315692867584
1336039327843938306
1336039331140521984
1336039358017777668
1336039362597941250
1336039366230077440
1336039386023071744
1336039402464751618
1336039409075036160
1336039431694921735
1336039440003764233
1336039450405609472
1336039515090251779
1336039557318336512
1336039628525154304
1336039656601903108
1336039689418051593
1336039694568730627
1336039696644894721
1336039704949567495
1336039714583945216
1336039720346931203
1336039753167368194
1336039761002323971
1336039772196892672
1336039802072915973
1336039839381159936
1336039842057052161
1336039860008841217
1336039865411100683
1336039867667546112
1336039883480190976
1336039897052962816
1336039903574945797
1336039916153790466
1336039927226773511
1336039986039177217
1336039988643819520
1336040027810217989
1336040067941457920
1336040093723738114
1336040093790982150
1336040107657338880
1336040115538366464
1336040118495436803
1336040156722319367
1336040162250338306
1336040171914059777
1336040181045006341
1336040184396140544
1336040189412651015
1336040192369635334
1336040250074861568
1336040310485422080
1336040372229689345
1336040387392188418
1336040404010098692
1336040510067191816
1336040529470033926
1336040582838444038
1336040600353824772
1336040602044133376
1336040649045532674
1336040684554313729
1336040693475672065
1336040752774832132
1336040767039492096
1336040790217383943
1336040801797894145
1336040802989076488
1336040836891463680
1336040861319061504
1336040914314203137
1336040959331758082
1336040998766604291
1336041012356067328
1336041050700386306
1336041126827057155
1336041155579011077
1336041167683784704
1336041172305842178
1336041192614727683
1336041248289853440
1336041299384934401
1336041333811720200
1336041343072800773
1336041360223313920
1336041392481636353
1336041401230962689
1336041432180813824
1336041456209977345
1336041465173008384
1336041476887810052
1336041512715554816
1336041530054889475
1336041561755439106
1336041618030407681
1336041643275923456
1336041652289323008
1336041696178540544
1336041842010431488
1336041884305813511
1336041884309852160
1336041897291259904
1336042029059600385
1336042030720561154
1336042049905303559
1336042058486779906
1336042062471340034
1336042075297607684
1336042087981178883
1336042143614263296
1336042186056617985
1336042213848059904
1336042214653386753
1336042224619036681
1336042229727711237
1336042296576512002
1336042328725700608
1336042408820101120
1336042452042592264
1336042460347174913
1336042490009448449
1336042511148658690
1336042603406651393
1336042628765388800
1336042693072445444
1336042699296808966
1336042706066427906
1336042725616078848
1336042760340639745
1336042784038514690
1336042808264822786
1336042826078019587
1336042836978896898
1336042885959933953
1336042934207193096
1336042936492912640
1336043006961446913
1336043023768010752
1336043057477607424
1336043084271013888
1336043154479460354
1336043245642502145
1336043276810342402
1336043304681660418
1336043330342277120
1336043405022023681
1336043471782768640
1336043473653428229
1336043490333978624
1336043492590620675
1336043509753765893
1336043549947813889
1336043604008120323
1336043610400288770
1336043665748348934
1336043692898054148
1336043760866746370
1336043844048183296
1336043862670733312
1336043866085060615
1336043940932423682
1336043980002213888
1336043997714763776
1336044010029268992
1336044036386336777
1336044037263003649
1336044113192476672
1336044117038669830
1336044133111238659
1336044140497268736
1336044162748198915
1336044295112028163
1336044317807439874
1336044377597079555
1336044384048074757
1336044510720241668
1336044525089853441
1336044569301925889
1336044598695784449
1336044611979112451
1336044687908622339
1336044714466881537
1336044731269308417
1336044744779198477
1336044757592760326
1336044774701326338
1336044791088488451
1336044795173756934
1336044813603360768
1336044858247622661
1336044860739084288
1336044861506646016
1336044870327283715
1336044893764943872
1336044917005582337
1336044930213535766
1336044939881439232
1336044946655240200
1336045005937504258
1336045005841035265
1336045015106260994
1336045076607332353
1336045120395735040
1336045158551285760
1336045177581023234
1336045181204910080
1336045189048111106
1336045210183192578
1336045228864667649
1336045231784005632
1336045313514201089
1336045414026502148
1336045434939322368
1336045438311526400
1336045441402671105
1336045476815269894
1336045513171378176
1336045537783590916
1336045553361317888
1336045562265821185
1336045591063883777
1336045609929752579
1336045669702901761
1336045764167036928
1336045773784379392
1336045835759607812
1336045903342350337
1336045922569101312
1336045993427656704
1336046008468434946
1336046024327122958
1336046030798925831
1336046076269375492
1336046097857441796
1336046100789116929
1336046105243447298
1336046120326361092
1336046183551266824
1336046221643763713
1336046263725404161
1336046270742466567
1336046281328906241
1336046294851186688
1336046296650670080
1336046314358931456
1336046323833819136
1336046327038406656
1336046340766232576
1336046354641129473
1336046359552647171
1336046408403718144
1336046436559978496
1336046446701899776
1336046455124086786
1336046475856535559
1336046482303164422
1336046487403433987
1336046498312699904
1336046502301589509
1336046502951653380
1336046510685958144
1336046529765928960
1336046542940233735
1336046543510462465
1336046565937582080
1336046628483067910
1336046704039260169
1336046712847265795
1336046805339926528
1336046832502259712
1336046846246940672
1336046848310730752
1336046849531187201
1336046858259419141
1336046868715941892
1336046902132027392
1336046934386225152
1336046943383023616
1336047035989053440
1336047044222459905
1336047050409074690
1336047075608260608
1336047081627279360
1336047082298335240
1336047117102669836
1336047214620192768
1336047236095102984
1336047290218237952
1336047291321384961
1336047301597401088
1336047309944139776
1336047318479593472
1336047365371924482
1336047379670323203
1336047451405504514
1336047480027435009
1336047503796547584
1336047539645198338
1336047541675323400
1336047553863966724
1336047555449401346
1336047588806709249
1336047626979053569
1336047644112728064
1336047667818999815
1336047679873445888
1336047691978199047
1336047717555036161
1336047828120977408
1336047852515028992
1336047893329883137
1336047896228225024
1336047972967178242
1336047984690278405
1336048024922050561
1336048034635984900
1336048092399988738
1336048166563700737
1336048202701803521
1336048204719198210
1336048204954132484
1336048238722473986
1336048247232729088
1336048269345107969
1336048303037968386
1336048312559005703
1336048326626709504
1336048348688748546
1336048408931524610
1336048439101071361
1336048458315264002
1336048491496259584
1336048500027617285
1336048518696333312
1336048561016848384
1336048572039647233
1336048589643112458
1336048664276430849
1336048674829438979
1336048701152911361
1336048701702369280
1336048748309467137
1336048762716905472
1336048766307229700
1336048785932210176
1336048810603257856
1336048831419609093
1336048877984575488
1336048890399907842
1336048955797417986
1336048961556246531
1336049041273139200
1336049077872693248
1336049084021366784
1336049166385111040
1336049240506679296
1336049248266280968
1336049267471880192
1336049277697744896
1336049278465282055
1336049319011442689
1336049341169946624
1336049345762881536
1336049386489409536
1336049414834630656
1336049435504123904
1336049436074512384
1336049473160613888
1336049528877748225
1336049533445345282
1336049541401997316
1336049575778512898
1336049583949029376
1336049618048585729
1336049641012355072
1336049683345661953
1336049689767055365
1336049695152627724
1336049697186852865
1336049715725684737
1336049723527073800
1336049724634390531
1336049804963667972
1336049822462222336
1336049822680363009
1336049863520362496
1336049868821962754
1336049873414742016
1336049892066811913
1336049947376930816
1336049953387458563
1336049966226186242
1336049976296820745
1336050027207282693
1336050047964893187
1336050051978649602
1336050179317747718
1336050248049954816
1336050304475942912
1336050359563902978
1336050360889335812
1336050362315403269
1336050422113595398
1336050436143517697
1336050487943196677
1336050582621024257
1336050595799642113
1336050675893989376
1336050676716060672
1336050694760013825
1336050710794874883
1336050713533804544
1336050756152135698
1336050760518406154
1336050781431197700
1336050859747270659
1336050909026152453
1336050914264834048
1336051068367724547
1336051085677629441
1336051100655476736
1336051100894584834
1336051135006830594
1336051193110556672
1336051208033746946
1336051251595849728
1336051267077091331
1336051287645892614
1336051364154257408
1336051411113676808
1336051471721238529
1336051539228598273
1336051601874841608
1336051626675752960
1336051631343984640
1336051672771080193
1336051709035077634
1336051714261213186
1336051742136418306
1336051754895544320
1336051759400161280
1336051792421982208
1336051793533435905
1336051829503897602
1336051876958248960
1336051888844910601
1336051947628060673
1336051953420406789
1336051997242511362
1336052024551600129
1336052047574159360
1336052056939929602
1336052057715904512
1336052058835673089
1336052068621148167
1336052077135605762
1336052131229528065
1336052149449584647
1336052164414889984
1336052209620930560
1336052232404471810
1336052261496221696
1336052307369349127
1336052338587561988
1336052340231532544
1336052348582588417
1336052410259808256
1336052452932644864
1336052466270543877
1336052491738374151
1336052573527101440
1336052591176847368
1336052606674808837
1336052638853435392
1336052667269799937
1336052674182213633
1336052685880123397
1336052753651515392
1336052756499607552
1336052778267971585
1336052793396891650
1336052799252148226
1336052841086136320
