1323459887108624384
1323459890132754433
1323459900954075137
1323459934844014593
1323460007128686593
1323460034555224065
1323460067220365312
1323460235915395072
1323460321449807873
1323460350872870918
1323460575364481024
1323460580179496961
1323460680238977025
1323460687688060929
1323460755551735808
1323461035311976450
1323461103440044032
1323461103683330049
1323461206527643649
1323461307295813632
1323461488342872064
1323461520601341953
1323461613811388416
1323461630882140161
1323461632526147585
1323461650024960000
1323461703997263874
1323461741783748608
1323461821378998272
1323461827095859201
1323461834448556032
1323461887670059008
1323461961288425475
1323462038778187777
1323462220815208449
1323462410041282560
1323462461220159499
1323462482648846336
1323462638098092033
1323462668611653632
1323462741051387905
1323462786513514496
1323462819799588865
1323462922199273472
1323463055687229446
1323463071147372549
1323463074636918785
1323463141087469568
1323463157671710721
1323463232921751554
1323463261027815425
1323463380506693633
1323463399452233728
1323463471015567360
1323463531711373312
1323463576661692418
1323463678960705536
1323463686103728134
1323463736712192002
1323463762385330176
1323463767284305921
1323463775446573056
1323463780882386944
1323463843251716098
1323463862117527552
1323463907713929216
1323463927129346048
1323463997497188352
1323464178712150016
1323464206365110274
1323464233464467457
1323464289877921793
1323464388012101632
1323464526050824193
1323464602831720455
1323464625451601923
1323464708540825600
1323464738022412288
1323464759178612736
1323464794851233792
1323464858248138762
1323464902439133185
1323464902908899328
1323464952594767872
1323465019565199360
1323465075177508864
1323465088049754113
1323465238268751873
1323465241284485121
1323465258753642496
1323465361153351686
1323465473233747969
1323465514929295367
1323465533447118848
1323465560701755392
1323465603030503425
1323465634429108224
1323465636882821120
1323465927917248513
1323466065557573633
1323466142313189376
1323466147887517697
1323466214480502784
1323466221631770624
1323466260139581446
1323466301650751490
1323466370017906690
1323466416599781377
1323466432664002560
1323466529338466304
1323466643213848576
1323466711610413056
1323466809526358017
1323466882146574336
1323467022613794817
1323467094411956226
1323467189412921352
1323467244928700421
1323467286708129793
1323467427955548162
1323467540610322432
1323467549116403712
1323467594750308352
1323467743048404994
1323467745661472772
1323467945855586304
1323467948099469312
1323467982538973185
1323468017355935745
1323468144032337921
1323468167952404480
1323468432357101568
1323468660569186305
1323468891549556736
1323468898705039361
1323469453208805383
1323469557701386240
1323469787352150016
1323469877835927552
1323469896722927617
1323470117464875008
1323470166378844163
1323470189720199170
1323470475469721601
1323470495572914179
1323470496780877824
1323470561788465154
1323470708891070466
1323470853246517248
1323470921651408898
1323470935010250763
1323470958108311552
1323471038693474304
1323471206402633729
1323471223154647040
1323471253634715653
1323471301927907330
1323471452679581696
1323471489639817216
1323471530970521602
1323471695395528705
1323471890623696897
1323471898659811329
1323472090528321539
1323472092046778368
1323472232157380609
1323472261949607936
1323472283248197632
1323472327628173312
1323472360201199616
1323472784085913600
1323472885474799617
1323473024608313346
1323473080488849410
1323473083013885952
1323473318884765696
1323473371435278338
1323473428981055488
1323473465324773377
1323473782418395138
1323473835769782272
1323474343528157186
1323474424574730241
1323474484729315329
1323474534750707712
1323474538588475392
1323474825147518978
1323474832978112512
1323474854591553536
1323474927199158272
