1340854537083518978
1340854537624702976
1340854729203720198
1340854730281668626
1340854902235475970
1340854963623370757
1340854974167670785
1340855029998227457
1340855055985983488
1340855084083765254
1340855108117008384
1340855144695570432
1340855167168733189
1340855384614039552
1340855477136048131
1340855506450169857
1340855525316075520
1340855552822431750
1340855555791925252
1340855559243915271
1340855583013031936
1340855590856380417
1340855600784285696
1340855618782064643
1340855660506955776
1340855699878928389
1340855856376799238
1340855862882164738
1340855991349309440
1340856024375422976
1340856042301894657
1340856046173171712
1340856108726984704
1340856111335936005
1340856198317232130
1340856232589086720
1340856245360750592
1340856271507959808
1340856283323240449
1340856295390408704
1340856319939506182
1340856353074544641
1340856401372049415
1340856404584882176
1340856573397245957
1340856619891101696
1340856700228808705
1340856787210280960
1340856792809525249
1340856801097596928
1340856911953076229
1340856976331460610
1340857001199464449
1340857020690403329
1340857090928197635
1340857155235287045
1340857235229044738
1340857354900938753
1340857487726006273
1340857521096036352
1340857572237205504
1340857572497256448
1340857621482450945
1340857822959976448
1340857864311586817
1340857969332908039
1340857970976980997
1340858027570847744
1340858084294615041
1340858101113778177
1340858239823605762
1340858244621807616
1340858244747685890
1340858283054092288
1340858333662687232
1340858337806544896
1340858360028131330
1340858402570846208
1340858460099936256
1340858530560155653
1340858534628651009
1340858536251813890
1340858642757632000
1340858649640640515
1340858669198524416
1340858689633316865
1340858704086876162
1340858731836428291
1340858750891159552
1340858752522739714
1340858920139669504
1340858924854087680
1340858987160465409
1340859116215017478
1340859125811462144
1340859147882000385
1340859147881988096
1340859164944453632
1340859284914057216
1340859350185816066
1340859388911890433
1340859423644893191
1340859467798368257
1340859548655972353
1340859683880484865
1340859729669742592
1340859777820348418
1340859793238593537
1340859807234990083
1340859844136464394
1340859870753525766
1340859902269386752
1340859921609469952
1340859977762795522
1340860051553091585
1340860108960624642
1340860256063242248
1340860334022615041
1340860356529414150
1340860403006496769
1340860403354656769
1340860447701004289
1340860523638792192
1340860536498642952
1340860563463811072
1340860573458771970
1340860607441022976
1340860620011397120
1340860629683298304
1340860669260918787
1340860771014721539
1340860822394953730
1340860836194234368
1340860887461212160
1340860932927287296
1340860973675143169
1340861005216231425
1340861006717870082
1340861051265495041
1340861082974396420
1340861144337145860
1340861160246173701
1340861192789577729
1340861220505698305
1340861252013273090
1340861261949489157
1340861304093863936
1340861375036448771
1340861376441495552
1340861407009546240
1340861446012465154
1340861474487422976
1340861536533770240
1340861545438429185
1340861567332564993
1340861584311238656
1340861605840445441
1340861657036316673
1340861671120617472
1340861675424145409
1340861733678632960
1340861750015627266
1340861788481531904
1340861834899775489
1340861866667491336
1340861891871170561
1340861948309680130
1340861966374473733
1340861987014795269
1340861989560578048
1340862005503209474
1340862129566605313
1340862231249117186
1340862286370537473
1340862315110027265
1340862381421936640
1340862430293848066
1340862442415546368
1340862449151569920
1340862483486154754
1340862568106102786
1340862584061353988
1340862614428069892
1340862623693164545
1340862715053674497
1340862870750330880
1340862901180108801
1340862927352446976
1340862935686500352
1340862939285303296
1340862985317715968
1340862997393227778
1340862997787533313
1340863074006384642
1340863079093915648
1340863091156856833
1340863147746287619
1340863218361647105
1340863241245896704
1340863276339449857
1340863317787758593
1340863322199977985
1340863353028288512
1340863391540326400
1340863401183096836
1340863409009520644
1340863420296384514
1340863433357611009
1340863449748795393
1340863456002646016
1340863466601652231
1340863476932222977
1340863479326994433
1340863489691140101
1340863499510026243
1340863505805811717
1340863507546386433
1340863514223681537
1340863524399165440
1340863526215110656
1340863537242140674
1340863543365816323
1340863596943781888
1340863603042377732
1340863617491632129
1340863637477617664
1340863648122728448
1340863684038549505
1340863686282522626
1340863686894751750
1340863703391096832
1340863716896755713
1340863721804075008
1340863730213634053
1340863747305435137
1340863747922006016
1340863748312064001
1340863773855379459
1340863776481013761
1340863784735293440
1340863819992719361
1340863836870438912
1340863864825626626
1340863890004041736
1340863942306885635
1340863949118435331
1340864013295640577
1340864034480910338
1340864037077303302
1340864049068847104
1340864056304029701
1340864069046300672
1340864071005036544
1340864105851195393
1340864139061768192
1340864154127745027
1340864172691578881
1340864173086040066
1340864173996175360
1340864180228935683
1340864213942583296
1340864220716544000
1340864224210391041
1340864240186437633
1340864248495353856
1340864302127800320
1340864326538833921
1340864337838268416
1340864342435098625
1340864353403224064
1340864378090885121
1340864396361412613
1340864402833121280
1340864410022268928
1340864420340183040
1340864443614261248
1340864467605794816
1340864482126536707
1340864484127203331
1340864493081997312
1340864497343336449
1340864516616175619
1340864542180474881
1340864549243654144
1340864552917819394
1340864555296169984
1340864583754387456
1340864585587429378
1340864599818645506
1340864606848356354
1340864609624993793
1340864611659227143
1340864623495446528
1340864647705092101
1340864664478093312
1340864671637598208
1340864688226140162
1340864712762925057
1340864726847291397
1340864728243916800
1340864735701577728
1340864736284602368
1340864759902728197
1340864783994806276
1340864812239249408
1340864828114661376
1340864843587354624
1340864881377984513
1340864901376458754
1340864925393166339
1340864941201436674
1340864976433664000
1340864985606533121
1340864995865882630
1340865035761983488
1340865080385294336
1340865086785605632
1340865086995369984
1340865092699779072
1340865094880817155
1340865118704259072
1340865125822189569
1340865137259945984
1340865146080509952
1340865149855526914
1340865182407397376
1340865184143912962
1340865189068083200
1340865195338448896
1340865226850373633
1340865230096752642
1340865234924261377
1340865257158402049
1340865267044331521
1340865271846694912
1340865317938073600
1340865329224962050
1340865336019705856
1340865343502209024
1340865354747273217
1340865392785252352
1340865437207162881
1340865444232753153
1340865448007458817
1340865455993438208
1340865458287816706
1340865476956569602
1340865544568889346
1340865554983219202
1340865569197723648
1340865626701750273
1340865656602947587
1340865669169115136
1340865732637323269
1340865754275565569
1340865783837073409
1340865805257486336
1340865812488400897
1340865818914037761
1340865832432398337
1340865847439593475
1340865857367498754
1340865866855006216
1340865878515212288
1340865878959693824
1340865900715634688
1340865927152193538
1340865943845494784
1340865958332616706
1340866022149136384
1340866038104117250
1340866047969247232
1340866073608945665
1340866075211251713
1340866075735580681
1340866083054641152
1340866086464532481
1340866098166718465
1340866109528895489
1340866117460316161
1340866163497201664
1340866175874572289
1340866179263545344
1340866189635977216
1340866224314413057
1340866241863540736
1340866242291396616
1340866269948518401
1340866270690828290
1340866276487536642
1340866283747852288
1340866311988002817
1340866312390602754
1340866313242087424
1340866320838127617
1340866335962742787
1340866338206720001
1340866349640286208
1340866352521900032
1340866391608573955
1340866391981879299
1340866408133980161
1340866413393817600
1340866423506173953
1340866423942311937
1340866427717206016
1340866445031452675
1340866469299585026
1340866489910394881
1340866496847818754
1340866503093194754
1340866506926641157
1340866513633386496
1340866514908377088
1340866525637566465
1340866540258750468
1340866544360955905
1340866555895136256
1340866575029682180
1340866576476753920
1340866577348976641
1340866584718561280
1340866586954117120
1340866595564843008
1340866623264186372
1340866633787568128
1340866639399706624
1340866651625951235
1340866654838824960
1340866674174668800
1340866674388467713
1340866683846713344
1340866686019198976
1340866687977975808
1340866695041171457
1340866739211538435
1340866784988160001
1340866815384317952
1340866826650218503
1340866837521772550
1340866889350672391
1340866903401742336
1340866923110739969
1340866941347655681
1340866950193397765
1340866988634157056
1340866991247257600
1340866991381336064
1340867007705534466
1340867013351256064
1340867026190012416
1340867053268426752
1340867084297768961
1340867105596563456
1340867109719429121
1340867157715001346
1340867158662758401
1340867162538307585
1340867172067930112
1340867192800292864
1340867195841048579
1340867214543601664
1340867224605765632
1340867286773735424
1340867296978378752
1340867310458945537
1340867316465209345
1340867375034449921
1340867378381512706
1340867417304608768
1340867468835901442
1340867469645209603
1340867494106587136
1340867494555344896
1340867500771303424
1340867527606464512
1340867529493733377
1340867535143579648
1340867562394021888
1340867569767620608
1340867569822134273
1340867581415190528
1340867601380106244
1340867672372744192
1340867690349654017
1340867782594990080
1340867799124746240
1340867803079974912
1340867826970546178
1340867906796625921
1340867923926077442
1340867938698616832
1340867942980997120
1340867953466765312
1340867955848966144
1340867963327410182
1340867970042646530
1340867989709713408
1340867994331705344
1340868023087820803
1340868057607122944
1340868066112987136
1340868106927755264
1340868112783171585
1340868116725809154
1340868127886852096
1340868148208173056
1340868174942785537
1340868216244101126
1340868284170821633
1340868290671853568
1340868295097016322
1340868298825637891
1340868310393622529
1340868311660326912
1340868346473005056
1340868391956074496
1340868400969621504
1340868470146154496
1340868475183620097
1340868497564286976
1340868522730168323
1340868534331699200
1340868547983994880
1340868575498629120
1340868579969835011
1340868585674035203
1340868586173202434
1340868596487118849
1340868613511630849
1340868625649946625
1340868633103253504
1340868673515470849
1340868691139899393
1340868719304716289
1340868814364393473
1340868853497098240
1340868897889603584
1340868912527921152
1340869009626062849
1340869036104699904
1340869058036604929
1340869091624693765
1340869126881947650
1340869149694849024
1340869226572226561
1340869238853087232
1340869248072228864
1340869264018956288
1340869286424932356
1340869303906799618
1340869347091206145
1340869360840290305
1340869372265472000
1340869468495499264
1340869473411031040
1340869506781114369
1340869517581414403
1340869519871361024
1340869570840694793
