1512173356254220288
1512173359475441671
1512173362965106692
1512173372565864458
1512173376575471638
1512173381151567874
1512173393159806994
1512173395168825344
1512173410356396033
1512173425673994259
1512173428786167817
1512173444154245126
1512173444099571721
1512173453440425984
1512173455923314702
1512173456485457930
1512173457534251009
1512173475913469958
1512173492782960642
1512173500999499782
1512173502857629699
1512173505453957121
1512173511556612104
1512173518573780992
1512173524068311059
1512173531240488962
1512173585288376323
1512173607136362503
1512173608864522256
1512173618209468421
1512173620075892750
1512173622068191232
1512173626509991936
1512173628481277959
1512173634990788623
1512173644247617538
1512173656041947151
1512173661821845515
1512173669010874372
1512173690053709827
1512173696651300868
1512173710861643784
1512173711201292306
1512173721854824450
1512173738091073536
1512173741773660174
1512173754926907401
1512173759020556297
1512173764187938824
1512173768055083019
1512173776154230804
1512173784354197509
1512173794181656577
1512173794273677324
1512173798132711424
1512173807729053697
1512173814830010373
1512173815987535881
1512173825995296769
1512173838632685574
1512173853694328835
1512173878231310340
1512173895293575168
1512173906550947849
1512173912192339980
1512173916638355464
1512173920966877187
1512173921310760962
1512173934325686273
1512173941074313218
1512173957935366168
1512173958518358017
1512173957935366168
1512173958518358017
1512173961630547985
1512173991158755332
1512174037769748504
1512174043297947653
1512174044837294080
1512174069067644966
1512174072221863939
1512174078819553281
1512174085664608256
1512174089741369359
1512174091888910337
1512174092144754693
1512174117960785937
1512174128689676288
1512174147312386075
1512174152748204067
1512174162693005320
1512174164697878536
1512174186671734795
1512174193282068485
1512174200894763016
1512174201293127683
1512174236848304128
1512174275934912525
1512174266191593472
1512174294058602509
1512174266917310475
1512174315059429390
1512174345577279493
1512174340908875785
1512174357124165634
1512174324928905217
1512174361171705856
1512174345577279493
1512174365370163204
1512174276807380994
1512174267290599428
1512174266191593472
1512174367052025857
1512174280859025408
1512174278724272145
1512174276807380994
1512174267290599428
1512174404565966849
1512174266191593472
1512174387746820109
1512174391098028032
1512174423989796875
1512174428222033921
1512174452418699265
1512174324928905217
1512174369593769996
1512174383174987786
1512174501752045597
1512174340908875785
1512174544852852738
1512174419044564992
1512174464745750538
1512174357124165634
1512174276807380994
1512174267290599428
1512174592772636677
1512174361171705856
1512174413277397026
1512174266191593472
1512174278724272145
1512174603463917578
1512174280859025408
1512174475046965255
1512174492260335629
1512174612460699669
1512174379454861313
1512174504843247628
1512174478284914715
1512174567493705730
1512174513269755907
1512174549592277012
1512174429698203648
1512174494290378759
1512174705154928648
1512174590746787867
1512174587160760320
1512174632752742435
1512174659617370117
1512174646417932291
1512174526821400583
1512174626075459589
1512174706828398599
1512174713811918860
1512174864584617993
1512174749111177220
1512174730845073415
1512174710963986435
1512174801586171909
1512174763564748813
1512174647109947392
1512174809211449345
1512174745332056084
1512174619012349965
1512174793960960004
1512174742924636161
1512174667787763727
1512174824562511884
1512174756602290178
1512174833420967943
1512174906582368258
1512174889482006532
1512174706643947522
1512174876005744641
1512174867348553747
1512174776424431626
1512174753494323205
1512174918632366091
1512174930028343306
1512174858884554764
1512174769839374336
1512174910298378252
1512174857638793226
1512174874852270080
1512174915784482819
1512174992095682564
1512175015848030215
1512175082038300679
1512175041080819732
1512174929311059968
1512174847681462284
1512174971077943300
1512174957136068608
1512174969207275520
1512174902698479617
1512175039151439917
1512174870108516354
1512175102577754117
1512174957845008386
1512175115533959174
1512174989667143681
1512174979424604165
1512175198862258177
1512175059879792641
1512175209499045889
1512175100694601731
1512175046197870596
1512175059057754113
1512175186937892869
1512174995509706787
1512175270819737608
1512175301484290053
1512175138032205825
1512175137742888963
1512175055685529600
1512175214335074308
1512175272296071177
1512175251534217246
1512175316357296134
1512175282492518410
1512175336330461206
1512175281473306630
1512175201739579397
1512175286586159107
1512175320379625478
1512175346690494464
1512175334648840197
1512175288268083203
1512175366735118336
1512175379410309121
1512175381649915921
1512175385114521607
1512175401707225093
1512175405834416132
1512175409873489928
1512175416764739588
1512175460385501186
1512175463451537415
1512175474629386251
1512175486004252678
1512175486088237065
1512175508636766210
1512175510025027590
1512175531239874560
1512175534830149641
1512175543336243202
1512175560562298893
1512175572520214533
1512175572176318467
1512175575368187905
1512175600475283465
1512175601574162440
1512175605848100878
1512175607274221583
1512175620884770825
1512175630351314946
1512175632192471041
1512175638303903745
1512175641315012608
1512175643148050441
1512175651457060870
1512175652363206656
1512175677360930850
1512175682264129550
1512175686525624320
1512175735792111617
1512175735955505152
1512175746386591757
1512175750497009689
1512175751189209091
1512175752686436371
1512175765965713416
1512175776652689443
1512175788547874821
1512175798542864400
1512175820198096900
1512175830306226181
1512175832801988612
1512175838166491145
1512175842281070605
1512175853169377310
1512175863042768906
1512175872631091209
1512175875961372675
1512175883863293967
1512175893912903684
1512175894336577537
1512175897775906825
1512175905527025670
1512175906625888260
1512175924195860482
1512175924397150209
1512175926141935625
1512175952507379719
1512175952624861190
1512175957137936386
1512175987542437889
1512175998267273216
1512175999399645190
1512176024372584448
1512176037395894274
1512176039048347661
1512176046854053898
1512176061383016448
1512176067397799942
1512176068257538060
1512176082874679296
1512176086771138567
1512176096434921478
1512176109672370177
1512176112423550977
1512176115087032326
1512176126411505667
1512176134355566597
1512176147118784517
1512176148024893449
1512176148435795981
1512176154467344385
1512176155084070912
1512176158728724486
1512176160540610563
1512176162742616080
1512176166672687105
1512176201800253440
1512176216870109192
1512176227347570692
1512176242837045250
1512176244393230338
1512176244917428232
1512176255214530562
1512176256988717056
1512176273044426756
1512176273694490635
1512176292371726342
1512176301175721996
1512176309522345986
1512176321622913030
1512176321497026560
1512176330183483406
1512176330984538118
1512176333303992325
1512176333601878022
1512176342275604483
1512176348390961177
1512176352073502722
1512176355990978565
1512176364903931911
1512176365172260869
1512176394436222976
1512176400425385984
1512176409543913477
1512176425222221834
1512176428023963653
1512176428225536000
1512176443878481933
1512176445266837511
1512176456499187712
1512176463319031810
1512176465328148483
1512176468738318336
1512176469878919170
1512176471237820433
1512176474572435462
1512176484106055683
1512176489214754823
1512176493174083594
1512176509330628612
1512176512383942667
1512176541081419786
1512176543346610176
1512176545913262087
1512176563340644352
1512176567169998848
1512176594718232578
1512176595452243980
1512176595879952392
1512176643871232002
1512176656961744898
1512176669641134086
1512176674858696745
1512176678205804549
1512176678490963971
1512176680638586882
1512176684765945857
1512176687554998282
1512176702998384651
1512176706139967489
1512176716940251148
1512176717087096832
1512176719280713734
1512176733398704129
1512176743477661701
1512176747323793419
1512176751685812231
1512176758547693569
1512176759818575879
1512176765241892868
1512176771969527811
1512176772896407560
1512176776193081348
1512176806962634759
1512176808137043971
1512176815854522370
1512176864596533248
1512176880241229837
1512176880493162497
1512176882309079042
1512176904245293061
1512176904656224261
1512176906090827780
1512176913141596160
1512176922771472390
1512176925669834755
1512176946578444299
1512176968120569857
1512176968053268486
1512176969491828745
1512176975854645252
1512176980476760071
1512177005906829321
1512177021534810118
1512177022998511617
1512177026169507842
1512177026421202962
1512177034163748867
1512177035183276036
1512177040417603594
1512177054338658304
1512177055294803969
1512177076006182923
1512177077818204166
1512177082821869571
1512177092762427396
1512177104560996355
1512177121665466368
1512177127768182790
1512177132515983360
1512177134231556096
1512177137628897282
1512177141772869643
1512177174517846028
1512177179161133061
1512177193404743691
1512177208227516420
1512177215827587084
1512177218042093569
1512177226166505475
1512177226514673666
1512177241618358275
1512177273042001922
1512177287067844608
1512177294797905924
1512177297075634178
1512177331682652168
1512177367271178263
1512177374531518475
1512177384962891777
1512177421931454464
1512177450674962432
1512177463610298370
1512177472472768534
1512177494333718528
1512177502927704073
1512177511354011659
1512177515296882689
1512177519646187531
1512177537530884096
1512177552521113606
1512177564609040387
1512177573006286848
1512177579783979045
1512177585257857029
1512177589758185479
1512177602345250819
1512177615645421571
1512177627943084036
1512177653972975621
1512177668212490258
1512177669642801160
1512177672922742794
1512177685203755009
1512177701557317634
1512177710168113170
1512177720762925067
1512177737829605381
1512177742908903425
1512177743496052753
1512177746230738975
1512177765688426499
1512177779982352385
1512177799653695501
1512177800115101703
1512177813281021957
1512177821225197568
1512177827826728965
1512177830603358213
1512177830846730246
1512177852074106884
1512177851981828099
1512177868171792384
1512177874853404672
1512177880716902400
1512177882205982723
1512177882696761347
1512177893824212992
1512177894621122562
1512177915038892056
1512177921305284614
1512177928968470528
1512177932969680898
1512177943895703595
1512177947679117317
1512177963571183618
1512177963894194185
1512177967866290177
1512177968893898758
1512177976930193418
1512177982286315533
1512177987029852160
1512178001357770755
1512178026506854407
1512178059398447110
1512178060182835210
1512178060619100161
1512178064452583430
1512178064591298560
1512178072409284610
1512178077933219842
1512178086476922880
1512178099307356162
1512178101454733316
1512178103967268866
1512178112741605390
1512178115405094923
1512178117271601168
1512178126880653320
1512178127866376197
1512178130160693255
1512178130953322503
1512178164134559747
1512178172225224733
1512178181360558080
1512178193888907264
1512178240118525955
1512178240798208000
1512178267582865412
1512178273056292891
1512178277057761290
1512178278135595027
1512178288965287968
1512178292371169288
1512178305272741902
1512178308754345984
1512178310721142794
1512178316081463304
1512178317125845031
1512178321924186113
1512178323920719878
1512178339473248261
1512178341516046338
1512178341943689228
1512178346196709377
1512178355117989897
1512178358305509377
1512178359563866114
1512178362604732429
1512178362697097220
1512178365066797063
1512178384545193984
1512178399317536769
1512178431186059264
1512178435006812164
1512178441453457414
1512178442933993482
1512178442892197895
1512178445752565800
1512178449808568330
1512178462638833670
1512178463716769813
1512178469744312321
1512178469719142401
1512178481735643137
1512178490027778048
1512178513595543556
1512178514421710893
1512178527440883721
1512178542485798913
1512178552384507904
1512178552866811906
1512178578816970756
1512178593073299467
1512178618667048960
1512178625541709824
1512178626334277639
1512178627533754372
1512178634836086788
1512178636060823559
1512178637256151041
1512178645145726981
1512178660303847424
1512178667497029651
1512178674807812110
1512178680545509378
1512178691417255937
1512178694353268738
1512178694865006600
1512178698488799234
1512178706940264489
1512178715450556431
1512178718243966987
1512178732022308867
1512178740616380416
1512178755627745284
1512178776934961153
1512178777618481178
1512178781594828802
1512178789790457859
1512178813102293004
1512178816101220363
1512178830814887939
1512178854332301337
1512178872481165312
1512178880760717314
1512178897038848009
1512178913174241296
1512178918194774038
1512178936641323034
1512178945055145992
1512178962356703232
1512178962738393095
1512178969428344837
1512178970493865985
1512178974054514709
1512178977150058500
1512178987363336192
1512178994594172936
1512178996783448065
1512178997047742481
1512179001024036864
1512179001627869199
1512179021387374594
1512179030165913622
1512179047379337233
1512179051250733059
1512179052714491936
1512179061531230216
1512179084817838081
1512179086067597319
1512179087707570202
1512179089943240704
1512179098218643465
1512179103927001093
1512179107706155019
1512179117298438149
1512179121140477958
1512179125213339648
1512179140006346772
1512179142229381124
1512179143491813402
1512179146343940135
1512179146956451844
1512179147891785730
1512179151943389185
1512179166967480327
1512179167898517512
1512179171652370448
1512179197472837632
1512179229441540100
1512179232708997126
1512179236269871105
1512179246176821252
1512179251960815622
1512179263386042368
1512179264426180629
1512179266276020240
1512179272802533378
1512179279093968897
1512179293241356289
1512179295245926405
1512179299167744012
1512179318511783936
1512179326732615682
1512179329547055108
1512179333477007384
1512179340221587456
1512179364078649352
1512179373289644033
1512179376221310979
1512179386254041096
1512179386732085275
1512179399604547590
1512179407581970466
1512179418004815872
1512179420861136919
1512179422954205192
1512179426414501891
1512179444009558021
1512179451165040649
1512179451873878018
1512179454646403083
1512179471293505536
1512179479371780106
1512179488754335764
1512179490880847900
1512179492374020116
1512179493309493254
1512179502327103503
1512179507326820357
1512179509948256258
1512179512947232776
1512179521457467397
1512179522275213319
1512179531376963587
1512179533977321488
1512179536166850561
1512179540872757288
1512179552470061057
1512179553321451545
1512179561181728774
1512179566340571140
1512179567276195841
1512179569050140677
1512179568639197200
1512179570010587148
1512179574418911233
1512179575434133505
1512179581188517892
1512179595092578314
1512179601384120327
1512179603829403651
1512179606329176070
1512179618702409747
1512179618752704520
1512179623756398603
1512179632338083841
1512179635966017536
1512179638918914048
1512179641699774470
1512179646321754117
1512179653238263812
1512179660561559563
1512179661119401985
1512179661505134595
1512179663388483588
1512179664663445529
1512179672368431113
1512179677363900417
1512179696754065420
1512179704761049092
1512179718891704334
1512179724524695566
1512179742480420864
1512179745097666564
1512179745932279830
1512179755881226249
1512179757596962817
1512179761014997007
1512179768053178378
1512179771819573252
1512179774327865353
1512179775678435329
1512179778652196866
1512179780522704905
1512179784301772820
1512179801620054053
1512179806615523338
1512179823505989642
1512179841742909442
1512179844305625092
1512179865868505088
1512179870473805836
1512179874345091074
1512179874684973057
1512179888002076675
1512179890816122883
1512179904481304586
1512179931198984196
1512179931421179927
1512179936316039176
1512179942922067974
1512179943559598083
1512179952438886404
1512179960580120584
1512179976333787152
1512179991647248395
1512179992058380293
1512179993253748742
1512179994109571072
1512180009867235328
1512180018180358145
1512180032118030346
1512180050489225230
1512180051634442240
1512180056067555330
1512180058315800584
1512180074761519107
1512180074811850768
1512180084714917889
1512180103194705947
1512180107942658076
1512180111310741509
1512180120940908547
1512180134052339715
1512180134161395712
1512180136027717672
1512180136455536669
1512180141044105221
1512180147947986945
1512180151962030090
1512180157246844938
1512180162623852550
1512180163798536193
1512180170295291911
1512180173155696660
1512180176850878477
1512180179648479233
1512180187898785808
1512180196602003458
1512180197033918468
1512180200292892683
1512180206194368513
1512180211143507969
1512180221876731918
1512180246665220100
1512180269930921987
1512180272611143685
1512180284472631306
1512180288322949123
1512180292429176837
1512180294773735425
1512180295100940301
1512180299802853379
1512180300905865229
1512180301405069316
1512180323093778448
1512180329733554179
1512180341666164737
1512180349589241857
1512180352223170562
1512180356161622025
1512180371512868867
1512180373966495745
1512180374184493078
1512180390655635464
1512180396821151749
1512180417813782528
1512180423580921857
1512180424617099265
1512180429637529609
1512180438839799812
1512180442983661627
1512180457403981825
1512180460172070915
1512180460478251010
1512180464118759445
1512180466073616385
1512180475850227718
1512180478069014542
1512180523833122821
1512180529151442946
1512180544703922212
1512180550140043265
1512180551075119107
1512180554543869971
1512180566640132104
1512180567416131584
1512180582930948100
1512180585657155590
1512180589239042061
1512180591969677316
1512180594943397893
1512180604137209856
1512180608834936839
1512180615340347402
1512180616715980812
1512180623863021570
1512180630053953537
1512180663239147527
1512180669325398017
1512180702426578945
1512180713742811137
1512180722991308809
1512180725348401168
1512180740632498183
1512180759649562630
1512180768486875136
1512180768776224800
1512180771884253186
1512180772911861765
1512180775826849819
1512180779173904412
1512180780239400961
1512180796479602691
1512180797289103376
1512180800921513986
1512180804608163882
1512180816515792920
1512180818126508032
1512180819397279754
1512180823394504707
1512180829279059971
1512180844080865290
1512180867535450114
1512180872858021893
1512180874548183055
1512180876255408143
1512180881221427208
1512180896484532227
1512180899084914691
1512180902968786951
1512180918714347523
1512180930064138243
1512180931603300383
1512180936506585095
1512180946702843908
1512180977547853836
1512180991011573761
1512180993779662872
1512181003363700737
1512181009743286274
1512181013438423043
1512181015351275521
1512181034384777217
1512181046019776519
1512181054865813506
1512181060343316484
1512181060867555344
1512181062180372535
1512181069553958912
1512181070556454917
1512181080866103303
1512181085580537863
1512181089552400476
1512181114969993226
1512181123425738752
1512181127003398154
1512181127540359183
1512181129276796942
1512181138877526016
1512181152882298885
1512181178010329089
1512181179596029954
1512181179222536198
1512181184536657923
1512181185937563649
1512181201703952384
1512181202832162832
1512181219148148742
1512181219185864713
1512181220389572619
1512181225724674070
1512181235937943560
1512181240161615888
1512181266787057670
1512181274684895234
1512181276798861314
1512181278463991809
1512181301608165384
1512181314296094721
1512181314610475015
1512181322344771589
1512181325658210310
1512181326442496005
1512181327193387011
1512181331991560204
1512181339776299013
1512181346411900928
1512181351302193167
1512181380716892167
1512181382772047877
1512181391471087620
1512181396030296066
1512181397066338304
1512181410693791745
1512181419833020437
1512181427500199936
1512181431879061518
1512181439541960709
1512181442100482053
1512181450103209991
1512181455035662337
1512181461650186249
1512181469418033154
1512181491941494791
1512181528587116547
1512181530520657920
1512181539039182859
1512181541031534595
1512181544433115143
1512181583222038528
1512181585143083013
1512181591740612614
1512181593674293259
1512181601618509827
1512181617229545480
1512181623684431882
1512181639148830746
1512181641325821958
1512181643963994120
1512181645226516493
1512181646799290374
1512181652667174917
1512181658144882696
1512181662934872071
1512181665380061193
1512181675136016395
1512181690952679435
1512181695226781696
1512181696233447429
1512181697441419267
1512181701438590978
1512181701518184449
1512181715573555201
1512181719083876362
1512181719721410560
1512181725023158278
1512181728202608641
1512181733051056138
1512181735987027973
1512181752709935110
1512181772892655623
1512181775530872849
1512181778638852109
1512181796963864586
1512181805859983363
1512181808288382984
1512181811102765061
1512181817406799876
1512181819629785093
1512181820581990409
1512181842748735507
1512181861296099334
1512181887606865927
1512181889523761160
1512181890119262213
1512181896025096192
1512181918170820613
1512181932465045508
1512181942124527616
1512181963133755392
1512181966061330432
1512181966979825684
1512181971023134735
1512181989058641930
1512182007769432082
1512182016225251332
1512182019404726273
1512182024047636486
1512182049939017733
1512182066460327958
1512182067567673349
1512182068226179075
1512182085892644868
1512182085993201678
1512182086840451125
1512182095610851328
1512182105408786449
1512182127940435998
1512182129182060544
1512182154435960846
1512182164024143872
1512182180822278149
1512182199327629317
1512182219296714770
1512182225193816066
1512182231267127298
1512182246769401858
1512182251517321218
1512182254142861338
1512182256483282960
1512182271264104459
1512182289354088451
1512182305049128964
1512182314226302978
1512182345981341702
1512182347403513858
1512182368227975173
1512182373647011845
1512182391510556678
1512182396543713284
1512182405796450304
1512182407910240262
1512182425731874817
1512182430941147136
1512182431792697348
1512182455062695941
1512182455721201670
1512182459554803714
1512182467490467843
1512182470615179266
1512182484267855873
1512182484389306371
1512182486159163393
1512182488495534082
1512182505289535495
1512182506682003464
1512182518162010113
1512182529318703117
1512182571177762822
1512182575946682371
1512182595890520067
1512182602290982912
1512182603209715714
1512182608624377856
1512182613842276359
1512182614173528070
1512182621744164864
1512182621794578456
1512182650496200721
1512182668997275652
1512182674605096966
1512182676958040064
1512182677897588748
1512182690572775436
1512182699188006925
1512182705311604737
1512182705269751813
1512182707849240577
1512182713897431042
1512182753659301890
1512182791500402693
1512182795447279619
1512182797129207819
1512182809489727498
1512182824639508485
1512182859318112257
1512182863730548745
1512182878095904769
1512182878871953411
1512182880444850182
1512182883657658368
1512182885758951425
1512182893514174481
1512182904629215238
1512182907380580353
1512182981158486022
1512182983704293391
1512182985398833155
1512182991207903240
1512183006454239238
1512183009738379267
1512183021046312968
1512183028491055105
1512183028805685258
1512183032005939202
1512183036867186699
1512183036825251844
1512183053455552513
1512183063178055682
1512183069838651393
1512183077350608897
1512183078373969937
1512183084095098880
1512183084963278851
1512183089182949378
1512183090608754692
1512183091812524032
1512183107172065282
1512183112272609280
1512183115808092174
1512183120430252034
1512183144581062663
1512183145319186433
1512183147122860034
1512183151732346885
1512183184351498241
1512183193893580803
1512183203251245057
1512183211006341131
1512183213522886666
1512183221928271874
1512183242639749124
1512183243105349635
1512183262847934469
1512183263703490561
1512183271781675010
1512183271769128961
1512183286625447936
1512183286730174489
1512183298017144833
1512183319018065922
1512183323187056640
1512183340975206406
1512183354044694528
1512183376345673755
1512183381672566791
1512183387888361477
1512183388714713092
1512183389880819715
1512183405110185984
1512183418716667912
1512183424899076101
1512183426262224901
1512183447065874442
1512183448097730572
1512183448521355264
1512183450974965766
1512183453391138817
1512183455848837123
1512183458847760389
1512183465185226766
1512183469861965830
1512183470776545280
1512183480884543496
1512183487188537344
1512183497125142529
1512183517257641987
1512183543820083200
1512183544076025857
1512183549163544579
1512183549512028163
1512183550350553090
1512183563365634051
1512183564271595528
1512183565731385347
1512183574371647490
1512183580796936194
1512183583754100741
1512183598392262656
1512183612531216387
1512183613713903620
1512183619137155081
1512183632500301834
1512183638850424839
1512183642235469826
1512183642809901071
1512183644026245127
1512183652331003914
1512183668676206597
1512183674833408002
1512183695238733834
1512183699516796933
1512183706324291590
1512183709461491727
1512183714830241792
1512183717049282563
1512183738200952838
1512183771617021956
1512183782408916993
1512183783688228869
1512183787479785482
1512183789769957377
1512183797529583619
1512183802994511873
1512183804420575242
1512183810233966598
1512183813937537027
1512183823882149893
1512183843486322695
1512183875732127746
1512183890219352069
1512183893528662021
1512183894258462721
1512183896909230081
1512183922150445058
1512183926399410185
1512183932661477381
1512183995857002502
1512184001108320256
1512184004153606145
1512184015003992067
1512184026517622787
1512184032745992193
1512184034805305346
1512184040996151298
1512184050085113860
1512184051125346304
1512184075632603138
1512184078438608897
1512184086030589956
1512184087007666178
1512184087150305283
1512184105601019916
1512184115470430209
1512184122474700801
1512184128602529801
1512184134235570180
1512184136764911617
1512184138270638081
1512184169769623554
1512184169996111877
1512184191978545155
1512184211964317704
1512184222399705097
1512184223565766656
1512184223259537421
1512184241412620289
1512184245313286154
1512184247175372800
1512184247246807047
1512184248660381706
1512184249302069251
1512184257321578500
1512184282659360774
1512184291102494724
1512184321859334149
1512184327592890373
1512184339794124808
1512184340675194883
1512184342671372289
1512184353492676615
1512184353283059718
1512184356059590665
1512184362288222215
1512184371473698821
1512184383641333766
1512184429019643907
1512184441095192580
1512184449764667399
1512184455611535373
1512184460594368516
1512184470715043840
1512184472963358721
1512184474561351691
1512184503229366277
1512184508493168641
1512184517708165128
1512184533919178753
1512184545608704001
1512184548976742404
1512184549308047367
1512184557147242506
1512184559013699595
1512184560469090304
1512184566013865989
1512184567075155977
1512184570300428288
1512184570627559426
1512184580517806083
1512184585307799562
1512184590898769926
1512184594552045569
1512184600767967232
1512184609861160973
1512184621169098753
1512184630702616591
1512184638428487681
1512184647370878980
1512184647882612745
1512184661971243010
1512184667948130308
1512184672809332736
1512184674721968134
1512184677058199555
1512184682602848257
1512184691788496907
1512184694334533632
1512184702060408833
1512184735442911232
1512184745261682696
1512184752467546112
1512184753964957705
1512184758859612162
1512184759060942848
1512184768984928258
1512184801477935113
1512184809317179397
1512184814975307778
1512184822021697544
1512184828850016258
1512184828912939010
1512184829403893760
1512184850652016645
1512184851188928512
1512184871111868425
1512184880230277120
1512184882092462087
1512184886475468803
1512184903437275144
1512184910148034564
1512184936526225417
1512184960580571138
1512184963218690048
1512184978267848708
1512184981241573377
1512184981946253312
1512184996806672390
1512185000158015496
1512185007489486849
1512185013739134979
1512185026347212804
1512185027022692352
1512185028352135172
1512185043548086274
1512185044869255172
1512185055724060677
1512185056298926080
1512185076217708544
1512185081154129926
1512185093162418182
1512185123260846081
1512185139316793344
1512185150708371460
1512185152994168834
1512185156697612288
1512185158618980354
1512185162561372166
1512185165606436868
1512185174578057221
1512185197416132610
1512185199819382784
1512185205179658243
1512185211940835329
1512185217913528320
1512185228772708357
1512185252776939522
1512185259646984195
1512185275853778944
1512185275786702860
1512185278672343043
1512185304488325128
1512185304765149184
1512185306237534211
1512185308439269392
1512185309106167814
1512185315741601793
1512185332309057547
1512185338281791488
1512185344866795525
1512185349736345605
1512185353314213898
1512185367273050115
1512185382514868239
1512185383412506633
1512185387711709190
1512185394284179456
1512185403914211335
1512185417663135750
1512185418057490433
1512185420905598977
1512185422864125959
1512185440958390272
1512185451800670218
1512185457798385664
1512185466858131464
1512185468653383689
1512185476215713802
1512185477478207491
1512185477692112898
1512185482209284111
1512185485904523266
1512185492086865925
1512185505097551872
1512185508608331783
1512185512383156234
1512185518230020098
1512185525888716802
1512185529277816840
1512185535061807112
1512185536861306884
1512185538199146516
1512185542003367940
1512185551994109961
1512185553793724416
1512185555802628097
1512185574072934407
1512185576514293760
1512185579806539777
1512185582339862534
1512185602891952134
1512185620508168195
1512185641311735811
1512185647083139077
1512185649113219076
1512185650119815179
1512185657397059584
1512185663885615115
1512185666783924227
1512185679790419969
1512185679945646089
1512185681749098504
1512185688111861765
1512185705795133440
1512185707556605952
1512185729564217349
1512185738187710466
1512185759171756035
1512185766302162947
1512185769770860544
1512185782311784451
1512185827123638274
1512185858195087361
1512185858828677121
1512185861831806977
1512185864344207360
1512185874162794502
1512185876905963534
1512185880894754818
1512185892311650309
1512185915271258112
1512185916189818888
1512185931540967426
1512185973383258118
1512185984443723781
1512185992010158081
1512185992362438659
1512186001799663627
1512186012180660237
1512186019101446147
1512186025761816578
1512186029100384262
1512186032745189377
1512186035744215047
1512186036092391427
1512186047052107778
1512186049300115472
1512186081999204352
1512186091327033344
1512186100697255938
1512186103649943555
1512186103868149766
1512186108301488131
1512186114681024515
1512186126731259909
1512186138357899270
1512186145223888896
1512186156485554181
1512186172273045506
1512186174890291200
1512186182200971264
1512186209686106114
1512186218116694023
1512186258663038984
1512186261036953601
1512186274509168652
1512186276375670797
1512186278690930688
1512186284067987458
1512186286978867205
1512186323909627905
1512186348576428044
1512186357413818375
1512186361201270786
1512186361230467072
1512186364791607301
1512186374350589952
1512186374090276866
1512186392801124354
1512186394613006340
1512186405795078147
1512186410459086853
1512186424820346894
1512186441673187338
1512186442121850890
1512186445888376836
1512186453140602883
1512186454889312256
1512186455405256704
1512186458513154050
1512186467120041986
1512186478725640198
1512186481753919491
1512186484144623623
1512186485117972480
1512186486866784262
1512186500502409219
1512186521796767746
1512186527358472195
1512186531892498433
1512186534862204932
1512186550104305675
1512186553602387968
1512186558497054720
1512186561303302144
1512186572153704451
1512186575291043849
1512186583172136962
1512186595578945540
1512186617515188227
1512186618580549633
1512186634917318660
1512186637702385668
1512186644786425871
1512186649312079891
1512186653326163976
1512186656983560200
1512186674306035718
1512186674457231360
1512186681125834754
1512186693016764421
1512186701879267328
1512186705100476416
1512186724658647041
1512186725422055428
1512186727485558786
1512186733479137284
1512186742765461507
1512186743336087553
1512186754606022665
1512186785761316865
1512186787225120778
1512186790035312642
1512186797245181965
1512186828593549315
1512186844196356105
1512186844456304644
1512186847727865858
1512186851678846977
1512186862001135623
1512186864551219208
1512186865960595462
1512186870725238789
1512186878224900098
1512186878782590986
1512186893844234244
1512186901851164679
1512186903050821637
1512186909396664320
1512186920197144585
1512186924357799938
1512186928543809541
1512186935745392642
1512186946075901952
1512186955328417792
1512186956150501376
1512186964941844495
1512186975587029005
1512186976841367555
1512186983694614529
1512186995241594883
1512187035456618497
1512187040183463939
1512187044562411520
1512187050505736193
1512187050807672839
1512187052950970373
1512187065630294019
1512187089928048640
1512187091454763010
1512187104423555072
1512187107619622916
1512187122006040578
1512187122702200832
1512187132911263758
1512187141610258435
1512187149386498048
1512187152343392256
1512187152649666567
1512187158353879043
1512187174564909061
1512187175059734529
1512187175508525069
1512187189630701570
1512187196643627012
1512187202977075200
1512187204889587723
1512187221226442755
1512187222115733507
1512187231586467841
1512187237680693249
1512187239438069762
1512187246031515660
1512187271453237258
1512187272648663042
1512187272883580939
1512187276213866500
1512187276562173952
1512187277216264203
1512187289702707200
1512187294769373192
1512187295763668993
1512187307394183172
1512187310338715651
1512187319410991108
1512187324364648450
1512187328521023488
1512187333575348224
1512187341787516935
1512187344232886279
1512187345079918592
1512187366563328003
1512187370116096000
1512187371495862272
1512187373286662147
1512187384049324033
1512187391850725379
1512187394472173571
1512187396380667913
1512187409164906498
1512187416488161284
1512187445097414657
1512187465502793738
1512187481420185609
1512187491012468736
1512187495148097545
1512187497882693642
1512187503687745539
1512187509513629710
1512187513552744451
1512187515092049923
1512187541986111488
1512187544699613204
1512187548797476865
1512187552740093952
1512187556934426630
1512187563410350090
1512187571442311168
1512187577100484609
1512187594997600258
1512187622571102215
1512187626048167941
1512187628904398852
1512187646147276804
1512187671514427397
1512187684806029316
1512187689507897472
1512187695027654667
1512187697561063425
1512187698777411586
1512187716972290057
1512187741148262406
1512187749801070592
1512187794617163777
1512187795237912577
1512187800057270273
1512187807330095111
1512187818549956608
1512187821875888128
1512187823272738816
1512187829534793733
1512187853203255300
1512187862732750854
1512187866834685962
1512187867304718339
1512187868277796868
1512187879757271041
1512187882047520768
1512187883918135297
1512187887445585926
1512187891438571528
1512187929367650307
1512187939450667010
1512187968122990599
1512187971620941826
1512187974334787584
1512187981683175433
1512188011232043010
1512188011793903616
1512188019029258245
1512188023550619674
1512188048221650944
1512188049920249860
1512188057864257539
1512188065434976263
1512188087887147008
1512188092182151171
1512188111647825931
1512188116806811651
1512188117675032581
1512188141171576835
1512188149472141314
1512188155771994114
1512188161522376704
1512188179708841991
1512188180530827267
1512188184360366081
1512188194439462912
1512188204513783809
1512188209735901185
1512188210503249920
1512188217436553216
1512188220867547142
1512188230808092681
1512188242405298181
1512188245404446720
1512188247945973761
1512188253172031492
1512188262110175239
1512188270834200594
1512188273057181696
1512188274550325249
1512188278530793480
1512188278631452678
1512188281542393857
1512188306376724480
1512188309656973313
1512188318943150082
1512188331492540416
1512188334168236034
1512188335392968706
1512188372332199937
1512188393865764872
1512188395606654976
1512188400996163587
1512188405991583744
1512188414292070410
1512188433023877120
1512188436530274305
1512188442054123523
