1511267401207189507
1511267417598488582
1511267424846368770
1511267459440992259
1511267464881057798
1511267487274311686
1511267495855931394
1511267507210014723
1511267512197038084
1511267537505333251
1511267542488256516
1511267573375115264
1511267601267232771
1511267607608913921
1511267613162233860
1511267632984604676
1511267644669763584
1511267671605538817
1511267683043622913
1511267683500711941
1511267812949766146
1511267814946050049
1511267849335185412
1511267865898364929
1511267904503042051
1511267918432153600
1511267920109785092
1511267966054109188
1511267987545899010
1511268002087378946
1511268054726029313
1511268181595369473
1511268211781955593
1511268228223451139
1511268249178095628
1511268255582900224
1511268292509331456
1511268292870221830
1511268298281095173
1511268301325971460
1511268326214881286
1511268329629298689
1511268359806939139
1511268388814864386
1511268418703568897
1511268437665849344
1511268463427215362
1511268487196557316
1511268495048077314
1511268530251042822
1511268545740517381
1511268557979459585
1511268563415314433
1511268589399121920
1511268603290845188
1511268647016280064
1511268675516571648
1511268677177466880
1511268698258128896
1511268725215088641
1511268749780959235
1511268758282649600
1511268798028201988
1511268801215705088
1511268889770209281
1511268898766733313
1511268927275294723
1511268938851618817
1511268940865224704
1511268976256778241
1511268980756865029
1511268981696450560
1511268991553187840
1511269001611005952
1511269034574385153
1511269042014797828
1511269052743831557
1511269100282347523
1511269113116696578
1511269117600608258
1511269122272899078
1511269153428369416
1511269194867912705
1511269205596905476
1511269223485652998
1511269230523604994
1511269235988832258
1511269286630805508
1511269293803327490
1511269323163283456
1511269341161009156
1511269357023866881
1511269405828825088
1511269408232325127
1511269430164025345
1511269431695261699
1511269450380681218
1511269455128678400
1511269467539529735
1511269474405552129
1511269491027681282
1511269575022858240
1511269586980663298
1511269593918099461
1511269682573099013
1511269704534532098
1511269711996194819
1511269765444096000
1511269795039256579
1511269802911977473
1511269814005870594
1511269815582867464
1511269855877607426
1511269875708317696
1511269882935103490
1511269900572004356
1511269903222939652
1511269918729293824
1511269925750517763
1511270005186334723
1511270006050459651
1511270035972673538
1511270064376406020
1511270086065389575
1511270100145348618
1511270101986811905
1511270146148511745
1511270151752192005
1511270152700297218
1511270186065993729
1511270218773012485
1511270247394816004
1511270256559468544
1511270275530194946
1511270332941971459
1511270336683253760
1511270346799808513
1511270368664854531
1511270372284551168
1511270374595600388
1511270378731094020
1511270411211661316
1511270417557856260
1511270464294899712
1511270485081919489
1511270502622453765
1511270505634050049
1511270534570459139
1511270586269458433
1511270626979454977
1511270651268841472
1511270654829604867
1511270670533120001
1511270686924623877
1511270769237520387
1511270784588820483
1511270804784254982
1511270857141886981
1511270859201081348
1511270878876688388
1511270883801071623
1511270886413766661
1511270917703356422
1511270926725181442
1511270943921950725
1511270944588845059
1511270968588742659
1511270985915240451
1511270989300129792
1511270991879720963
1511271049073209345
1511271074079686657
1511271082359238656
1511271137837297668
1511271153553215489
1511271170628366340
1511271180782776324
1511271213863157760
1511271231584096256
1511271251985248256
1511271253352484866
1511271259862372352
1511271265281069057
1511271282150629380
1511271346675732486
1511271358122143752
1511271422408241157
1511271431744544769
1511271506797817862
1511271594169356289
1511271658572509184
1511271676406906885
1511271678021623808
1511271716806348804
1511271741305221121
1511271808795766788
1511271818832789505
1511271819130511369
1511271825711403009
1511271826109784068
1511271838865051651
1511271859320688643
1511271864039276547
1511271874252083202
1511271877653663745
1511271969513435138
1511271990702788618
1511271999934451716
1511272017265410049
1511272028745183239
1511272059514597381
1511272069639589894
1511272085460590594
1511272104775270403
1511272137696313344
1511272140795953152
1511272164145520645
1511272179396231168
1511272181807808518
1511272188158095364
1511272193887707137
1511272197792452608
1511272206390595591
1511272212690440195
1511272246567911440
1511272247041875968
1511272307129524228
1511272340964798468
1511272354134994944
1511272361466630144
1511272371319193600
1511272389300129795
1511272410812542982
1511272432073678849
1511272442110652417
1511272449195012098
1511272463262490626
1511272470015315968
1511272472645042176
1511272474415087618
1511272489237762048
1511272503125200899
1511272528680943617
1511272547387650052
1511272552785711109
1511272569059512321
1511272569176944644
1511272599912857602
1511272688970518529
1511272762530271234
1511272787507236866
1511272790191587331
1511272799243059202
1511272817559425024
1511272869573148675
1511272898753085445
1511272906407481344
1511272915085320192
1511272922026962947
1511272935797178368
1511272979145150471
1511272980294381571
1511273009159434242
1511273009654689805
1511273101237104642
1511273102545768454
1511273140005085184
1511273141641031685
1511273149190582277
1511273165019762690
1511273187765542912
1511273199631171586
1511273213342502917
1511273214130991109
1511273218992185344
1511273221693349895
1511273229196931073
1511273231143034880
1511273237644201986
1511273256371867652
1511273278119329795
1511273322637840391
1511273352568049665
1511273363184005122
1511273386516701184
1511273392187768833
1511273415986278401
1511273417223323655
1511273428099100672
1511273442603061248
1511273443097931777
1511273443404177410
1511273463285272579
1511273510236467200
1511273512316678148
1511273535171407873
1511273551759826946
1511273554125508609
1511273576766222339
1511273577932333061
1511273578691448832
1511273591052120071
1511273599335813121
1511273689484238848
1511273710258630659
1511273710589825027
1511273723596263424
1511273729833152517
1511273828923719684
1511273838633693186
1511273910003720193
1511273912155398150
1511273936452993032
1511273941456850949
1511273948281184256
1511273950722105350
1511273962738974722
1511273990874021892
1511274007554842626
1511274026999730182
1511274051704135686
1511274056485847044
1511274060432429058
1511274085757636612
1511274100475445248
1511274137515225090
1511274160496197643
1511274210202509314
1511274217408540673
1511274223678808069
1511274243060748292
1511274254175776775
1511274259469025280
1511274275545698309
1511274301043122177
1511274322073387012
1511274323335876608
1511274327571939334
1511274343661289474
1511274356709724163
1511274369661927427
1511274371310006272
1511274371637293056
1511274384132313095
1511274387428843523
1511274392675831808
1511274469226172420
1511274469964328960
1511274470060675076
1511274495205597186
1511274517041188864
1511274534531661824
1511274539849699330
1511274573349765124
1511274579020640256
1511274584951169026
1511274594648350720
1511274648507322370
1511274651598876680
1511274675677978627
1511274681273311240
1511274705809989633
1511274714269827072
1511274722335547401
1511274735560454149
1511274757723127814
1511274774097408002
1511274782700220429
1511274809543561218
1511274836286488580
1511274867165130756
1511274919468089346
1511274953903071237
1511274999625433090
1511275011193151488
1511275012103323649
1511275012963151879
1511275030126084098
1511275060295872516
1511275076322148354
1511275106395373576
1511275115249606660
1511275117124497409
1511275120601481216
1511275148636147718
1511275167011733504
1511275217536094211
1511275227870810117
1511275237811404803
1511275255125315587
1511275326092939273
1511275342094561281
1511275345634156549
1511275379461279744
1511275383902986242
1511275407508660226
1511275412361424898
1511275415511474182
1511275418397020161
1511275421526069253
1511275429508042756
1511275437254582276
1511275447924891648
1511275477926879232
1511275499204579332
1511275508427804673
1511275513058369537
1511275532792758276
1511275534126301188
1511275577831047168
1511275581056376835
1511275583459799042
1511275585565306887
1511275608948592644
1511275621946732544
1511275646063886339
1511275716939325442
1511275718327504896
1511275724921253889
1511275730314932225
1511275736904085505
1511275761063370757
1511275761298075655
1511275762195701762
1511275768608956416
1511275772165726210
1511275810795278340
1511275812112195594
1511275838100197383
1511275874447867907
1511275879640584195
1511275890243690501
1511275937291194368
1511275969054601219
1511275999614447617
1511276090764976133
1511276127989682182
1511276142086479876
1511276154048561153
1511276174713962498
1511276184046350339
1511276189251510273
1511276247229382667
1511276261267722246
1511276264061030406
1511276287788204035
1511276301721776133
1511276303839862787
1511276308319375363
1511276317815103488
1511276319773913090
1511276320067502087
1511276334399512576
1511276367824007175
1511276379291144197
1511276397993549824
1511276404175884288
1511276439852617728
1511276449382211596
1511276449709412357
1511276480285712384
1511276514389618691
1511276537143869441
1511276542168649729
1511276578914725893
1511276597835411459
1511276597717864448
1511276601232674820
1511276623030636549
1511276647877591045
1511276669578924039
1511276675463806979
1511276697047470088
1511276701099171840
1511276740236169222
1511276742383648772
1511276788797870081
1511276793411473412
1511276802479697924
1511276818304839680
1511276833475788803
1511276837699260423
1511276888538427400
1511276947753811969
1511276978459996166
1511276984978059271
1511276986903244802
1511276992251011074
1511276993454780418
1511277043975172098
1511277074199232517
1511277087487033346
1511277168420134912
1511277169476980736
1511277212397277187
1511277255879639042
1511277265002254336
1511277284124155912
1511277301715341314
1511277314138677251
1511277325408681991
1511277341334732801
1511277341988827144
1511277357478330368
1511277387681513478
1511277426634113033
1511277456749215747
1511277461153198081
1511277469227229187
1511277471089451012
1511277474499358724
1511277486348378112
1511277547060924416
1511277563985162240
1511277603994456066
1511277611657625601
1511277621870477312
1511277649615896579
1511277660093259786
1511277675930861572
1511277681077329928
1511277699309789188
1511277744822226949
1511277751239540737
1511277755824238592
1511277758206607361
1511277770537844740
1511277772240470016
1511277778875912195
1511277796231983106
1511277801458253828
1511277804125814785
1511277821703905282
1511277820919623680
1511277840150507524
1511277842218299392
1511277848711299073
1511277848845512706
1511277860056702979
1511277876825722880
1511277879207899136
1511277883959914501
1511277903719378946
1511277912930066435
1511277932680867843
1511277942717878278
1511277953396916227
1511278001807400968
1511278007331307521
1511278017225666562
1511278032488652805
1511278058967293955
1511278075564404745
1511278086238740490
1511278109105872899
1511278152076578816
1511278180782391302
1511278199988232195
1511278220812902400
1511278228664688641
1511278245257392130
1511278280946683904
1511278297124065280
1511278299087003649
1511278339876659201
1511278353999089665
1511278358713278468
1511278368800575489
1511278377285701634
1511278379797909506
1511278401465765891
1511278402728341507
1511278448215355400
1511278476770250754
1511278494394765316
1511278502485663746
1511278533498310657
1511278555333742592
1511278562757967875
1511278575110041603
1511278589781721089
1511278600972279808
1511278603111211008
1511278622719553537
1511278645314306048
1511278653975543817
1511278656143990786
1511278657855422464
1511278658090004484
1511278672111677440
1511278682890977285
1511278688913932290
1511278691309047810
1511278694966472708
1511278721004900354
1511278725807157254
1511278726918549504
1511278755649507335
1511278760967950339
1511278767838277640
1511278772452204546
1511278793884946433
1511278811194662913
1511278818639687682
1511278824398495749
1511278828479561730
1511278831314870274
1511278855595896840
1511278865603342345
1511278886579220480
1511278906351157256
1511278928501133317
1511278931256696838
1511278938936340481
1511278958024839173
1511278962407788549
1511279009107169289
1511279032683401218
1511279057312256005
1511279058499391490
1511279069106774018
1511279072290107393
1511279074358235138
1511279081731633161
1511279087444185088
1511279087976919042
1511279101583278080
1511279106889220096
1511279111909511170
1511279120738512899
1511279122626097152
1511279155970727939
1511279175881338881
1511279180079579139
1511279191026806785
1511279202464673792
1511279263391293447
1511279301609803782
1511279313605513217
1511279393833820160
1511279396937781248
1511279401291468803
1511279414172073991
1511279418185986054
1511279424775229443
1511279433067413509
1511279435202375681
1511279438914154497
1511279439908380677
1511279442378772485
1511279461240561669
1511279471931834369
1511279514244075521
1511279516030799874
1511279534628343813
1511279544401022982
1511279547571875840
1511279560893120515
1511279564776886276
1511279581319376897
1511279600315383809
1511279607672184836
1511279622494855169
1511279628450684931
1511279654195318784
1511279659308171266
1511279697329491973
1511279708050235395
1511279713456734213
1511279715809701895
1511279729336279044
1511279743219417089
1511279766736756739
1511279769182212096
1511279785804279815
1511279796700995585
1511279797799903240
1511279801574830082
1511279804087103492
1511279840120512512
1511279840518938626
1511279844109262849
1511279848593018882
1511279858810523650
1511279866037026821
1511279890963730439
1511279901319602184
1511279963194159107
1511279992763994118
1511280007213068289
1511280020962033670
1511280048103473163
1511280052587024386
1511280055980535810
1511280059377930241
1511280092466626566
1511280116885860354
1511280169012629505
1511280195524726790
1511280250113572870
1511280252500463616
1511280268723818498
1511280275422171138
1511280302978924544
1511280331340795905
1511280342312775680
1511280364286877699
1511280371224166403
1511280381731000324
1511280407018360834
1511280421841117189
1511280429692768258
1511280439444529152
1511280445878538243
1511280501578944513
1511280535045345281
1511280589378310148
1511280592247312384
1511280595787296771
1511280608395378690
1511280622119141376
1511280630532816897
1511280641718976514
1511280664057942024
1511280704759365639
1511280709662556164
1511280733117108225
1511280740025126920
1511280781645479937
1511280785583931395
1511280820589371392
1511280823986982913
1511280857092395010
1511280863346143236
1511280879284686848
1511280879485784065
1511280888746700801
1511280898737508352
1511280913258360832
1511280954777681920
1511281006162100227
1511281014257115143
1511281050701504515
1511281055193759747
1511281103834955778
1511281105487466498
1511281107139923968
1511281107085709315
1511281123392901123
1511281165046468609
1511281174752100355
1511281184969719809
1511281195904126980
1511281211725201412
1511281222370140164
1511281223544578050
1511281261339643908
1511281275885260806
1511281291852984325
1511281296068456452
1511281301982167043
1511281324425986054
1511281366012469251
1511281385050419200
1511281407620165633
1511281439182147584
1511281467246010369
1511281476062842880
1511281482106642433
1511281502914551814
1511281583457804291
1511281589933641730
1511281590940626956
1511281600054509568
1511281606383869956
1511281624851300358
1511281644191240193
1511281663875104773
1511281683819028480
1511281708347408392
1511281731612991495
1511281785539383299
1511281801922232320
1511281806397562882
1511281844595183619
1511281855450038273
1511281857438138369
1511281865814323200
1511281872273350661
1511281873858830349
1511281874097868803
1511281879252873216
1511281890296307715
1511281903801966592
1511281904955363333
1511281907966873601
1511281912819720192
1511281987113594883
1511282012665040903
1511282017102663682
1511282019514343428
1511282029249409025
1511282033783357448
1511282058580086786
1511282078826250242
1511282108848877576
1511282122765520897
1511282132206993413
1511282151622328326
1511282160296071174
1511282170802933762
1511282174493970433
1511282196853637122
1511282202717442050
1511282225391841281
1511282266172973056
1511282271982075908
1511282273567444997
1511282282543431680
1511282304924237836
1511282305293336578
1511282310951632899
1511282348884692992
1511282356828651520
1511282362809823234
1511282373639704580
1511282375103242243
1511282376793632770
1511282385748385796
1511282389187760134
1511282422360551427
1511282432254918656
1511282434171621380
1511282449753554948
