1510497341236817921
1510497423843594243
1510497426582372352
1510497478541459459
1510497495914364928
1510497586188374016
1510497588407021569
1510497595990298624
1510497607524798465
1510497616399806465
1510497629590876160
1510497649249636357
1510497674197442569
1510497698301968388
1510497707105914885
1510497713326104579
1510497721815375872
1510497722641526787
1510497729159770114
1510497746402242562
1510497753037963264
1510497757051691018
1510497758456688643
1510497763422703616
1510497765788471298
1510497799405977603
1510497824860909570
1510497864417390594
1510497879395340289
1510497901793153029
1510497920470360065
1510497935221751809
1510497940690796549
1510497949733769222
1510497988736532485
1510497996168962051
1510498017056784387
1510498033892532224
1510498047804932098
1510498051705741313
1510498075889979395
1510498102184185859
1510498121440186372
1510498141790867457
1510498150917750785
1510498176503005188
1510498187647209473
1510498221356855301
1510498222971662337
1510498285722644482
1510498294727942144
1510498295629688836
1510498304462835712
1510498307067432961
1510498308866912259
1510498334062137344
1510498345474670598
1510498364919619588
1510498367884955654
1510498372431630337
1510498391972724743
1510498401296785411
1510498411736276998
1510498413854535680
1510498432833699843
1510498451242463233
1510498483614072832
1510498492082364418
1510498501502939138
1510498507559514112
1510498515486756872
1510498521396490240
1510498536722468865
1510498539675160585
1510498546281291780
1510498584042799104
1510498589830696962
1510498611846692868
1510498622118723584
1510498645912694786
1510498651411398657
1510498655140294658
1510498703152496641
1510498708692955136
1510498718633500676
1510498780206219268
1510498784618373125
1510498797394468867
1510498810346479617
1510498815341645828
1510498828025495555
1510498849353347075
1510498857377013766
1510498891896000512
1510498937949638660
1510498944966557697
1510498946107383815
1510498958254264324
1510498987052175362
1510499004974612483
1510499043197145089
1510499056061415427
1510499062163906563
1510499078899175427
1510499095752097793
1510499101082746886
1510499114588332032
1510499130086408193
1510499137493557250
1510499193714094081
1510499198516477954
1510499199447715841
1510499208305864707
1510499219798302726
1510499230787543044
1510499247698939905
1510499248520970240
1510499253034299392
1510499254640340995
1510499257971019781
1510499271254155264
1510499281865633795
1510499302472568833
1510499304351440899
1510499356692332549
1510499357505822725
1510499375667023872
1510499393836929024
1510499406264557571
1510499412162023424
1510499413067804675
1510499419959046146
1510499440083144706
1510499452255039494
1510499486765883395
1510499487722180609
1510499488485588995
1510499515354464258
1510499516654526464
1510499515635318793
1510499526397906947
1510499549022142468
1510499584640008198
1510499587198443521
1510499633839185923
1510499634094895105
1510499637844533250
1510499639442968579
1510499650519945217
1510499658610712578
1510499659131027457
1510499696741126144
1510499698834034696
1510499720455950337
1510499728273940483
1510499737367064577
1510499757717966848
1510499761895636993
1510499808766701574
1510499822356246529
1510499851238268929
1510499860201549825
1510499874026160129
1510499906581983239
1510499913683062784
1510499917038563334
1510499919320260612
1510499928379957248
1510499947598135297
1510499951616626698
1510499970000257025
1510499970855571456
1510499972944257032
1510499975448256516
1510499975523811330
1510499994419097605
1510500042507165707
1510500052300611586
1510500075801260032
1510500076237770752
1510500103856934912
1510500131493367818
1510500170659934209
1510500198145232900
1510500235352711171
1510500239802830849
1510500255330152451
1510500269364326402
1510500290700746757
1510500306207272963
1510500310204170240
1510500336498520066
1510500344018739200
1510500349286633481
1510500375333425154
1510500398624301056
1510500443944009731
1510500482086805505
1510500522725453825
1510500527318212608
1510500533928402944
1510500582188290048
1510500589729468421
1510500631043362821
1510500635895947264
1510500646084038662
1510500660059516929
1510500677159694340
1510500683648159747
1510500713784299523
1510500719027179523
1510500742628474884
1510500748022452227
1510500793572540418
1510500797091835906
1510500837826523138
1510500838757711878
1510500882512814082
1510500883385262081
1510500894479196160
1510500898971127815
1510500899394777091
1510500922111242242
1510500943162396676
1510500943296614407
1510500952129749000
1510500963223851010
1510500968458293254
1510500970295402500
1510500985407344644
1510501001513500677
1510501041246142464
1510501041590185984
1510501070367506434
1510501090013417472
1510501110829785094
1510501123727118336
1510501131482501122
1510501147274006533
1510501182975840256
1510501185601654785
1510501188642701312
1510501200462249985
1510501243592261635
1510501247199203328
1510501249451446275
1510501254555860996
1510501265230417922
1510501266262269952
1510501270196469760
1510501284817764352
1510501321144774656
1510501326345551873
1510501341327609858
1510501352643829764
1510501361024077829
1510501362601103361
1510501374756237318
1510501383996329985
1510501385158246401
1510501388328968192
1510501403936149516
1510501405324464132
1510501420088406020
1510501424131543044
1510501427646541827
1510501444415336450
1510501450249502723
1510501466380845064
1510501472278097925
1510501477043019776
1510501521074626566
1510501524170018817
1510501526925504517
1510501546689134597
1510501551097344001
1510501551428694026
1510501572328898560
1510501609167589377
1510501622849445889
1510501650829561863
1510501662451982340
1510501673977872384
1510501675177492482
1510501689647767552
1510501696132493313
1510501705120690182
1510501706831912962
1510501710443200513
1510501779292635136
1510501781964529670
1510501794220109828
1510501822754353153
1510501827464290309
1510501830882603013
1510501837950099456
1510501846355353602
1510501846502162435
1510501856371515393
1510501870661472259
1510501875879010304
1510501891997806594
1510501893973622784
1510501907894190084
1510501921198678018
1510501935421530117
1510501961275260929
1510501963661725700
1510501989683183617
1510501995592908801
1510502013867819008
1510502015729901570
1510502057081552898
1510502087620186113
1510502090916855812
1510502098659848196
1510502119320989697
1510502136894742531
1510502137712852994
1510502165529300996
1510502170424057862
1510502175692439553
1510502187830759425
1510502201629814784
1510502224073535493
1510502260849184770
1510502301655777286
1510502317426151424
1510502344437366784
1510502357125185540
1510502357981102081
1510502384757215238
1510502386426597381
1510502427924983808
1510502428046622723
1510502430743703554
1510502486183800836
1510502509852479493
1510502510464626695
1510502513841254402
1510502514860314626
1510502525002256384
1510502526663237632
1510502528609406976
1510502564789473284
1510502603083632644
1510502608871383049
1510502630824493057
1510502632682663938
1510502648751042560
1510502655935852548
1510502667520741377
1510502696905842689
1510502700319924224
1510502713766793223
1510502745270276105
1510502759451480064
1510502762227720196
1510502764694093828
1510502779147665415
1510502833438740484
1510502920332394505
1510502938430652418
1510502950287798272
1510503022421426183
1510503031779258374
1510503046815514627
1510503055942246400
1510503058714738690
1510503082395947015
1510503102251962368
1510503116416118785
1510503117871149056
1510503120207499266
1510503133126049794
1510503146275151872
1510503161215307779
1510503176881025024
1510503181066772485
1510503196879323139
1510503210829881350
1510503216454291457
1510503229934739456
1510503238604308486
1510503260314124288
1510503276231467012
1510503314164572163
1510503317138382848
1510503355273125888
1510503357131079682
1510503373384175620
1510503376806719489
1510503393588039682
1510503405659496449
1510503407441911812
1510503409023168519
1510503417071951872
1510503459509837825
1510503461204365316
1510503465746898944
1510503465641984001
1510503476274507776
1510503476857655296
1510503506414874624
1510503510940565506
1510503513037565953
1510503524463001602
1510503574278574085
1510503597091479553
1510503605928873986
1510503645460443142
1510503657263017984
1510503683171229697
1510503703916482561
1510503714293153792
1510503748392661000
1510503759142653952
1510503771083882497
1510503806798282757
1510503872913096704
1510503874586677248
1510503877933776896
1510503894035615746
1510503917339418626
1510503921441116168
1510503935336927233
1510503946741288961
1510503953896656897
1510503956233207810
1510503962721484805
1510503987535126528
1510504009580351491
1510504011341869058
1510504023018909699
1510504034959966208
1510504051842031616
1510504068032045057
1510504097530605570
1510504098868740096
1510504104270843904
1510504110411366400
1510504196285644800
1510504211187908609
1510504222953209863
1510504233543606272
1510504240447471617
1510504246373888002
1510504246780776449
1510504248697507850
1510504266586374146
1510504318121787393
1510504332210356226
1510504340397637632
1510504348865998853
1510504380583317504
1510504393640222720
1510504417384185859
1510504426993188871
1510504435965108229
1510504454356934660
1510504482903371777
1510504499219152897
1510504502473990145
1510504534522609667
1510504546048610305
1510504550490275842
1510504550972616706
1510504551962583044
1510504553648689156
1510504556131926016
1510504611081293827
1510504630115086336
1510504638520381443
1510504655415123972
1510504659345154049
1510504689707589634
1510504697362358275
1510504702399627268
1510504714156351489
1510504765054201860
1510504781474795528
1510504787216777216
1510504822344077315
1510504827427729409
1510504874324201472
1510504883459436553
1510504883799019522
1510504885715886083
1510504926602047488
1510504937079570436
1510504961364291595
1510504961792110598
1510504966603030530
1510504980683272193
1510505014262915077
1510505050447171585
1510505075231399937
1510505093669531648
1510505105338269697
1510505136493580288
1510505215149154308
1510505234631729153
1510505261429301248
1510505273978503173
1510505303393116160
1510505325778116608
1510505380094570496
1510505433735254017
1510505445022175235
1510505456594157568
1510505492954636289
1510505500030517248
1510505534654320641
1510505593349492736
1510505611418427405
1510505689604571136
1510505733577928709
1510505784513159170
1510505791681400836
1510505815672766465
1510505838594695174
1510505843933913099
1510505846014464011
1510505852213637120
1510505889471639557
1510505914666668033
1510505924338728961
1510505939421519874
1510505941057253376
1510505947717935105
1510505951484612609
1510505960506372099
1510505974179643406
1510505986829611009
1510505995704881152
1510506042035167234
1510506062679584773
1510506067867824132
1510506083873587202
1510506099035852802
1510506114764267526
1510506133366136834
1510506143898288133
1510506156405538819
1510506161795059715
1510506188928008193
1510506196062588928
1510506246411010054
1510506289599758340
1510506293202612228
1510506334210375683
1510506337448476674
1510506353260781571
1510506353567145985
1510506356519940096
1510506383619223558
1510506386043846660
1510506386567966720
1510506387318534154
1510506394260324353
1510506451885723651
1510506454088060929
1510506462803468298
1510506475839541253
1510506477529845764
1510506483359776781
1510506485134024705
1510506507888054273
1510506529140899840
1510506559167602696
1510506563693330433
1510506570882289664
1510506612733235202
1510506615627202560
1510506651584851968
1510506676641800192
1510506676906045440
1510506678873391107
1510506680244895744
1510506779624546307
1510506800399155202
1510506802730872838
1510506806824611841
1510506811337682949
1510506839024480259
1510506839250989056
1510506842480427008
1510506870955397127
1510506876638834695
1510506899178885123
1510506903885029380
1510506908591038468
1510506916811665408
1510506917734539269
1510506925284331520
1510506925666062336
1510506938408316931
1510506947568893953
1510506950898991105
1510506971165827076
1510506987578183680
1510506993827598340
1510506994226147332
1510507005022130180
1510507010365612033
1510507015306633216
1510507021682020352
1510507024291082241
1510507037414895617
1510507049737756675
1510507052543754240
1510507055479603203
1510507058424004615
1510507071132905472
1510507102090973185
1510507115898626049
1510507128196374532
1510507149725782017
1510507180730068996
1510507243661320196
1510507270190239748
1510507332580823045
1510507359717806081
1510507378659270656
1510507386133364738
1510507391766626305
1510507424372989953
1510507428399439872
1510507434380562434
1510507436922535944
1510507447085010955
1510507487048335360
1510507521177440258
1510507525619265537
1510507531013079047
1510507543180853251
1510507553045762049
1510507561564647425
1510507568472498178
1510507585287380992
1510507593940480001
1510507602001625095
1510507605126438916
1510507617508020225
1510507619810615300
1510507621719105541
1510507642782900230
1510507661292290054
1510507718704082945
1510507723988746244
1510507740539633664
1510507752271007747
1510507778623819780
1510507804188364800
1510507816800321537
1510507837532778496
1510507846584389633
1510507888799797249
1510507905522577409
1510507920630304768
1510507934739943425
1510507939395776517
1510507940805242887
1510507952578437120
1510507972329361410
1510507984950075400
1510507997734256641
1510508034350620673
1510508051119362049
1510508060842016768
1510508073735290884
1510508079783153667
1510508085386878977
1510508088444403713
1510508091095191556
1510508110640824321
1510508116781240322
1510508162058706945
1510508162356584452
1510508221785686017
1510508228374929408
1510508238730522624
1510508243210371073
1510508275141427203
1510508279536967681
1510508281172619268
1510508284805066752
1510508302760747008
1510508321219829768
1510508325389148168
1510508344850755584
1510508356926066691
1510508381462704130
1510508387779424256
1510508425884667906
1510508449075011586
1510508449725128706
1510508462907789315
1510508475738210307
1510508494730022912
1510508507350634496
1510508511679102981
1510508566347915264
1510508574178484224
1510508600472576007
1510508602217295876
1510508621041311747
1510508626561355783
1510508627160883201
1510508641153163264
1510508644957364227
1510508659931238402
1510508666557980673
1510508668529577990
1510508687076773888
1510508690402680833
1510508718428880910
1510508753501790210
1510508761760337920
1510508763312267269
1510508764474060803
1510508769993760772
1510508778613243904
1510508783679680513
1510508821663432705
1510508864122363904
1510508878814924802
1510508883839971329
1510508928307961860
1510508952529903618
1510508955054882820
1510508975569133569
1510508981759975424
1510508985807482880
1510508999065669633
1510509012353273858
1510509025137467392
1510509026878054402
1510509060398886913
1510509080665890818
1510509097220722690
1510509124810911744
1510509136680833024
1510509137918107653
1510509144851238917
1510509163218018313
1510509164191264768
1510509169715171328
1510509171191517188
1510509207904296960
1510509214699245575
1510509235481702404
1510509235557261312
1510509249339736069
1510509250828972033
1510509275411628032
1510509287512186882
1510509310173929472
1510509310064803840
1510509338376429568
1510509374590300167
1510509405863026689
1510509422136774657
1510509433314549761
1510509448527499269
1510509474594832386
1510509476826206210
1510509494450761729
1510509541074432000
1510509545583480837
1510509558543880193
1510509584636596224
1510509612658618370
1510509641028964361
1510509717101051905
1510509729772146689
1510509730422210561
1510509735572824066
1510509735958753280
1510509745974566917
1510509757345386501
1510509775204851714
1510509782511333379
1510509786307178505
1510509836722929669
1510509856452747265
1510509894650241028
1510509906796851208
1510509954494791687
1510509956960710660
1510509975902187525
1510509979870109701
1510510006491561984
1510510019984433153
1510510030868869124
1510510095859388420
1510510099919511558
1510510103836962816
1510510120224104448
1510510135982055425
1510510147029790730
1510510149349228544
1510510161210884096
1510510171595980803
1510510186611744777
1510510189069414404
1510510200666664961
1510510203858407426
1510510211941158914
1510510227938058241
1510510236003713027
1510510257595949062
1510510311673147392
1510510346276339712
1510510356514304002
1510510368283676674
1510510374440738820
1510510389829959680
1510510406242029570
1510510415842791430
1510510460373651463
1510510462558883842
1510510466740912130
1510510468754022402
1510510486277668871
1510510531869822976
1510510532704579584
1510510550651973637
1510510553466351616
1510510573800550401
1510510598341103621
1510510599952015363
1510510604834029569
1510510623934738433
1510510634756349961
1510510641878028288
1510510665043165184
1510510695909101568
1510510704465350656
1510510730386284548
1510510740393771010
1510510828503633921
1510510833054679040
1510510833578778627
1510510838381170690
1510510875639230469
1510510888117280768
1510510895398539265
1510510912712675331
1510510930190348291
1510510995604705287
1510510998746460162
1510511002458152960
1510511029826240512
1510511031465873413
1510511037648277509
1510511039997046785
1510511050155651075
1510511051737112580
1510511072998047745
1510511100609056770
1510511115251425280
1510511116388126722
1510511117625397249
1510511135866466304
1510511137254785024
1510511155235930116
1510511155659239428
1510511192787234822
1510511267324301312
1510511296680439809
1510511321111879686
1510511385385455619
1510511432307077124
1510511437185228800
1510511446429478912
1510511458609610754
1510511472820256775
1510511487030280193
1510511501659938821
1510511503341862915
1510511515455078406
1510511531720515588
1510511545486348293
1510511547314937857
1510511583151202315
1510511589413498886
1510511591879426054
1510511600091885571
1510511625551302660
1510511641162571777
1510511649345708033
1510511664843567106
1510511667347603457
1510511699413147649
1510511714982371330
1510511719776403459
1510511756334055426
1510511772637097986
1510511796452483072
1510511815570165765
1510511816308244482
1510511820603277314
1510511831504281600
1510511835270815749
1510511854451232771
1510511929676255235
1510511989084278785
1510512026715508744
1510512084345315329
1510512085607755777
1510512089626218499
1510512094076186625
1510512140976807938
1510512151185825800
1510512152536256514
1510512157837824008
1510512177890967557
1510512180558499844
1510512188930551809
1510512214087647237
1510512214385598464
1510512222870466566
1510512225475248129
1510512255066165249
1510512273713901568
1510512305213251585
1510512313895464963
1510512358313316357
1510512361488138244
1510512381621063685
