1510240611856572426
1510240615979753473
1510240620983508996
1510240624569688072
1510240647701270529
1510240658589913088
1510240684158201856
1510240711878316035
1510240713644072967
1510240720887717891
1510240723760816132
1510240726143037444
1510240758569316356
1510240781658775559
1510240786436300807
1510240803041550341
1510240812889686024
1510240819227336709
1510240845504602114
1510240852815265794
1510240903398817793
1510240912164769792
1510240915469877255
1510240933723447303
1510240935422185477
1510240941688373249
1510240946490855438
1510240969047879681
1510240972231393292
1510240982217895937
1510240989394440194
1510241004884213765
1510241033052954624
1510241041978429440
1510241052929642507
1510241080238911494
1510241097049649160
1510241106688155654
1510241106881093640
1510241134488006665
1510241137876946946
1510241154582913026
1510241158794039301
1510241162564710409
1510241201496145925
1510241220672503818
1510241223038181380
1510241223465910283
1510241226963906571
1510241232945127430
1510241234081787906
1510241235004403716
1510241240742248455
1510241243355353094
1510241245511176196
1510241251634909188
1510241255128809473
1510241255829164036
1510241268336508931
1510241287567556613
1510241296421695490
1510241297298251777
1510241331381256196
1510241348397502464
1510241352155598848
1510241375148781571
1510241377334046721
1510241395302453249
1510241401837174789
1510241412016652288
1510241416630489091
1510241420115914753
1510241420308889601
1510241422578008066
1510241458741256195
1510241481738522626
1510241494392844288
1510241499564363784
1510241513367916545
1510241530627436550
1510241551435411465
1510241558427324424
1510241564865425412
1510241569265238021
1510241577112936448
1510241579033894915
1510241582842318852
1510241586013253632
1510241601766973442
1510241623124414466
1510241635451424771
1510241638941138944
1510241641629552642
1510241648386658318
1510241656271998983
1510241688970739713
1510241704351252482
1510241721430466563
1510241724463001602
1510241760538157056
1510241761108672531
1510241761381158915
1510241833443602439
1510241840636780544
1510241850757722115
1510241857434894343
1510241858559123457
1510241860756852739
1510241870949101571
1510241877412429828
1510241889898934279
1510241897691893763
1510241902112739332
1510241924573241353
1510241939790376963
1510241952452730880
1510241975638937604
1510242020538785793
1510242024397627399
1510242028755591169
1510242029946630151
1510242044605722629
1510242048279986179
1510242057545207810
1510242057805344770
1510242065640271877
1510242066755948549
1510242071273164803
1510242077405290505
1510242079703769097
1510242090520883209
1510242097764347905
1510242098917879811
1510242124696113161
1510242127044882434
1510242132782718979
1510242138277228544
1510242139854233611
1510242148049985540
1510242150851747850
1510242153640992776
1510242169680011267
1510242175577374720
1510242178777329665
1510242182871101444
1510242188382322695
1510242203653705730
1510242240144281604
1510242253696086018
1510242267344384001
1510242267507929093
1510242277687377922
1510242285421834242
1510242291335671810
1510242299648880640
1510242304044453899
1510242308490506247
1510242310839504898
1510242310860255238
1510242315109117953
1510242323002793990
1510242328824492046
1510242332381171729
1510242335015288837
1510242338030956550
1510242361393172481
1510242371673415683
1510242385350983684
1510242390900047877
1510242396059336704
1510242398047195139
1510242433195511813
1510242441680633859
1510242452623482885
1510242496265297925
1510242504360312832
1510242510291013632
1510242516322373642
1510242523989614593
1510242524090466305
1510242534261407753
1510242536744439817
1510242551525261317
1510242561616715781
1510242562061201410
1510242565752242177
1510242580323209221
1510242627043540993
1510242645800624129
1510242650749874185
1510242652767330311
1510242673168420864
1510242674590240774
1510242690797084675
1510242692818776067
1510242737005727745
1510242771000516613
1510242786125258763
1510242799035330567
1510242804961849344
1510242843251597317
1510242849404579842
1510242863568855042
1510242877967720454
1510242887757447170
1510242901984522246
1510242903448301568
1510242919256580097
1510242920749846533
1510242922993704961
1510242929859780612
1510242941196976130
1510242959635197953
1510242971630948352
1510242978589204484
1510242984033460232
1510242995378929665
1510243001632583687
1510243004501708800
1510243017004830722
1510243019705880581
1510243023266922496
1510243058167730181
1510243069676990471
1510243079147692036
1510243079671930881
1510243087360135175
1510243088928632833
1510243092246446080
1510243094171639809
1510243108558028800
1510243136945242116
1510243211507384323
1510243217593229315
1510243219556216833
1510243231396777988
1510243239986610176
1510243251974025219
1510243260454739969
1510243276389076996
1510243280272838658
1510243285260017670
1510243301353426944
1510243322983600131
1510243336514424844
1510243350858764290
1510243362867187714
1510243363022262273
1510243364121325571
1510243366876893187
1510243395628937218
1510243409553866755
1510243421491011587
1510243423214874640
1510243452847640577
1510243452889579520
1510243456614117383
1510243459688538113
1510243461034917892
1510243464943919104
1510243487886848004
1510243499320516609
1510243529397882880
1510243532409393157
1510243533361491972
1510243533734780936
1510243540810584064
1510243548955758595
1510243553624141824
1510243572737585157
1510243585114968066
1510243589917392898
1510243599077851138
1510243600063475719
1510243617855606787
1510243627590729728
1510243641805135875
1510243641951985664
1510243642614730752
1510243643105419267
1510243654895558657
1510243655214407687
1510243667377803267
1510243687778996224
1510243711120203781
1510243717520756742
1510243722688094214
1510243729122205698
1510243734180581380
1510243737967935491
1510243743923900418
1510243747120181249
1510243777755029513
1510243788190593029
1510243789541105669
1510243790472110082
1510243790472323078
1510243816841924611
1510243822650888192
1510243840040570881
1510243902145667076
1510243906579054594
1510243914682441740
1510243914690830341
1510243916246917122
1510243920491745280
1510243945384591369
1510243949503389699
1510243970013556738
1510243980004499463
1510243990859300869
1510243995250835457
1510243996957876228
1510244018701152267
1510244030122270721
1510244032726933507
1510244047876763650
1510244049072054275
1510244049152012300
1510244050213171205
1510244051542548480
1510244052402425861
1510244064821665792
1510244084509642755
1510244085868732426
1510244090222465028
1510244096299909122
1510244123676131333
1510244125735473152
1510244129401450498
1510244139035770882
1510244155527778304
1510244165308801031
1510244170463596547
1510244175119364103
1510244179036803077
1510244187614154755
1510244202013024263
1510244205431566342
1510244208602492931
1510244214680039428
1510244231868211208
1510244245248036865
1510244248070803461
1510244249593339913
1510244253213020160
1510244255079542789
1510244273744191494
1510244274146840578
1510244296628314114
1510244313028042753
1510244319566966791
1510244320355536903
1510244324965031940
1510244338537844740
1510244364500484105
1510244367067496451
1510244367277203466
1510244373430214661
1510244414647582722
1510244434713137152
1510244443898658826
1510244446578913286
1510244449510735877
1510244453243621388
1510244457647644674
1510244458562043907
1510244458465566723
1510244459883212803
1510244469240705027
1510244475184066564
1510244490489249797
1510244512416690176
1510244527595929600
1510244559363743745
1510244562484490244
1510244581429891073
1510244586408402957
1510244590288359431
1510244596114100227
1510244598437797892
1510244604347666436
1510244613113753604
1510244619698667520
1510244652154187780
1510244668981882882
1510244670454091780
1510244674384154631
1510244681833136138
1510244698237161474
1510244707279859713
1510244708827639813
1510244714527739907
1510244720471126022
1510244731187613700
1510244762095435777
1510244764712587271
1510244770148462592
1510244772849532935
1510244788708122629
1510244799915302914
1510244805753950209
1510244814624747520
1510244823294517255
1510244825882370051
1510244829342703617
1510244830114463751
1510244840415838211
1510244847751516162
1510244864088231940
1510244872875352068
1510244875865780231
1510244924872089606
1510244931729715211
1510244934917390336
1510244937748594691
1510244948083314688
1510244965435293706
1510244971433144322
1510244986209583106
1510244991746117638
1510244994917060609
1510244995395162113
1510245005297963009
1510245012277186572
1510245013526966272
1510245026432962560
1510245037241733123
1510245068917125130
1510245079688036353
1510245079847522306
1510245116568604677
1510245116790849543
1510245118930034688
1510245134641909768
1510245142359388162
1510245165843496962
1510245187414544387
1510245192967856129
1510245222764085249
1510245228745265153
1510245237154889735
1510245237490343943
1510245242003464197
1510245242758443009
1510245265273405445
1510245282004541441
1510245299612119045
1510245305291362308
1510245305828188173
1510245308927815687
1510245321674215427
1510245329353990157
1510245341647495174
1510245345749516290
1510245348593254404
1510245357774594051
1510245372672815106
1510245381963411460
1510245389332627462
1510245400023814146
1510245400543825922
1510245404365017092
1510245428721115136
1510245430663454723
1510245443795447808
1510245444802297860
1510245447205593096
1510245454616965131
1510245457313816587
1510245463403999237
1510245472782503943
1510245481380777990
1510245504122241025
1510245506668449800
1510245513806942215
1510245514624716806
1510245534640001030
1510245540260642823
1510245545029287938
1510245553854201859
1510245559709360128
1510245584694824962
1510245585013587971
1510245589975511047
1510245600729649153
1510245602700967939
1510245608648593417
1510245609814597642
1510245611215495170
1510245612465307653
1510245618844901379
1510245637845319681
1510245648985038851
1510245649320714242
1510245663149285377
1510245669570818062
1510245716740001793
1510245749287632897
1510245750537691143
1510245761359007745
1510245761862324224
1510245777712500739
1510245792304480256
1510245813485768710
1510245832372604931
1510245845446402048
1510245847891648518
1510245852731826178
1510245865948123141
1510245875267813379
1510245876710535170
1510245889108938760
1510245908990070792
1510245926698307591
1510245935112093700
1510245948479389698
1510245950597607424
1510245954317922310
1510245982377844742
1510246007212228612
1510246009636630537
1510246024866152448
1510246026694647812
1510246048945614858
1510246063332069376
1510246064640647168
1510246080981905410
1510246081610850320
1510246101202489347
1510246128402501633
1510246131825090561
1510246141669089281
1510246148799438848
1510246181015891973
1510246183561842694
1510246191400996869
1510246192424407041
1510246194525749254
1510246199470825479
1510246207314030593
1510246233092370440
1510246232983498752
1510246236955332611
1510246237492195342
1510246244567986182
1510246259092865026
1510246261315842051
1510246269549264898
1510246278596378627
1510246281716842501
1510246286988959750
1510246289254105091
1510246291011428357
1510246309793603587
1510246342790348802
1510246357176655876
1510246357570928644
1510246359399813125
1510246380022894597
1510246381243539456
1510246394833117188
1510246402722459648
1510246410863656965
1510246439607160832
1510246442409021441
1510246464370659332
1510246465356054532
1510246475590160389
1510246499438968832
1510246512055529477
1510246521219911682
1510246524390764547
1510246530795589640
1510246537376448522
1510246541503606785
1510246542711607300
1510246544502665216
1510246561657364480
1510246563414609920
1510246571098660868
1510246588253450245
1510246593194303489
1510246596088270848
1510246599762464778
1510246600697917443
1510246615357046796
1510246620159520775
1510246631416946689
1510246644226306051
1510246646176784391
1510246646759702530
1510246651121840129
1510246660156313605
1510246667492413445
1510246688832770055
1510246700375371782
1510246729353994242
1510246730608037891
1510246734093508611
1510246737935536133
1510246738862301184
1510246742544977925
1510246743694364678
1510246749981622279
1510246761197092866
1510246779433979906
1510246787705155592
1510246793589792780
1510246797960220676
1510246803136040963
1510246825403420675
1510246830164131841
1510246832261107718
1510246834777829378
1510246839358001164
1510246842818338822
1510246848354738183
1510246848757391361
1510246853962514455
1510246874254557188
1510246886942420994
1510246898694774787
1510246921063092228
1510246926951882757
1510246940621123584
1510246944634986497
1510246945561976836
1510246957708558339
1510246966109872131
1510246980143955977
1510246989010812928
1510246996732674048
1510247011915907076
1510247036578377728
1510247041334747144
1510247046795739141
1510247078605242380
1510247092945666049
1510247093398560770
1510247107369701379
1510247130446794756
1510247151137619973
1510247163451920392
1510247168262787080
1510247180723965956
1510247201049559040
1510247201746096128
1510247202064535552
1510247217084485633
1510247231974170626
1510247253641936898
1510247283476111368
1510247285841702919
1510247287598972929
1510247290719465474
1510247309526847496
1510247310558924806
1510247322709594115
1510247325331079170
1510247336445894664
1510247338748522496
1510247339549671427
1510247349590925318
1510247377835282438
1510247414002855938
1510247427718062090
1510247444252180480
1510247452800077843
1510247463969386498
1510247479845044234
1510247488074178565
1510247495783354374
1510247504360579077
1510247505992237058
1510247535935373319
1510247540662411270
1510247560690155527
1510247584920576006
1510247595482001409
1510247602536783874
1510247620194840578
1510247641346711553
1510247651362721796
1510247657599553540
1510247705964130308
1510247706848944133
1510247712360480769
1510247717087363083
1510247718341738503
1510247719352295437
1510247732300206082
1510247733399105544
1510247736205103106
1510247737178034181
1510247737048117251
1510247750406922245
1510247752592244746
1510247754831958023
1510247762620784641
1510247772620038145
1510247777300848649
1510247811325083652
1510247814772760585
1510247815435505669
1510247827393417219
1510247828047736839
1510247837300412419
1510247845017837576
1510247845777100800
1510247855914639361
1510247862486986758
1510247863456079876
1510247893864747017
1510247899107635202
1510247901406154759
1510247904203603971
1510247930342559747
1510247941163859969
1510247941625286663
1510247957743947776
1510247961023979521
1510247965968908291
1510247973640413184
1510247973585920009
1510247980523216900
1510247987595059208
1510247991118118918
1510248002123882503
1510248010684542978
1510248036320092165
1510248062421282821
1510248065671868421
1510248067081150465
1510248077004886019
1510248078904754176
1510248082801233925
1510248101818167296
1510248148077146116
1510248183124877316
1510248187285680128
1510248189227634689
1510248209930768389
1510248214892466178
1510248249524903945
1510248305409896449
1510248310212284421
1510248314951901185
1510248342617473030
1510248353946296320
1510248372422201348
1510248374502830080
1510248404017893386
1510248404638584833
1510248416978243585
1510248418035306497
1510248421990543361
1510248456014610433
1510248497680986118
1510248502915383302
1510248508149977092
1510248509471174669
1510248528228110340
1510248528823545862
1510248534154559493
1510248578215813122
1510248581210411016
1510248586419871749
1510248598734360582
1510248605667500032
1510248632620040202
1510248651834155011
1510248652433993741
1510248664513527809
1510248679260758020
1510248681244663813
1510248683366977540
1510248695039676423
1510248697942192136
1510248714849460228
1510248739495051270
1510248760663842818
1510248783527006208
1510248791877853190
1510248803680469002
1510248812321046529
1510248817173708808
1510248827369967622
1510248831182512129
1510248834789634048
1510248848559640576
1510248861175988229
1510248874174304258
1510248897247170563
1510248903232348160
1510248904893374465
1510248913621594117
1510248919581741057
1510248924862459904
1510248936069484546
1510248942105071621
1510248942772047877
1510248955111784455
1510248962695077889
1510248965794525191
1510248975651250178
1510248980491481095
1510248983888740360
1510248986279649291
1510248986795511811
1510248988871593988
1510249001404182529
1510249003673292802
1510249006756159490
1510249020404510725
1510249047638134786
1510249057410723840
1510249072250265601
1510249077216321536
1510249079661547532
1510249092504563720
1510249094027038727
1510249102465974277
1510249102491193345
1510249105922080775
1510249112897208323
1510249113736171526
1510249118580547587
1510249119260069889
1510249140097232897
1510249155154919425
1510249185798328325
1510249186033377289
1510249187396493318
1510249192517742606
1510249216718741507
1510249231570939911
1510249233529585666
1510249236251639818
1510249252001394690
1510249253200961540
1510249255822245889
1510249268858265606
1510249274134646789
1510249289120944135
1510249300713951236
1510249309681422336
1510249311082213383
1510249312781053963
1510249320309825545
1510249325963714568
1510249328329347074
1510249339884814337
1510249340429746179
1510249343219122181
1510249356686856201
1510249359778193414
1510249365121773569
1510249373115949064
1510249401310232576
1510249425368666113
1510249439469867009
1510249440904421383
1510249453239869445
1510249453520785414
1510249456607715328
1510249458197540871
1510249459569106944
1510249465008967681
1510249469132038148
1510249502912880646
1510249511884824581
1510249512517967878
1510249518549323779
1510249525037785092
1510249552397279232
1510249559267504130
1510249579517812740
1510249585935065093
1510249593254158341
1510249596328595456
1510249602280210437
1510249611092545555
1510249619988656131
1510249626661797889
1510249647704784897
1510249654801387524
1510249676381032448
1510249681032515593
1510249682173247490
1510249688322088967
1510249696677171202
1510249697025347594
1510249704835239938
1510249706630361095
1510249712040955904
1510249719238467586
1510249725387104258
1510249727413080073
1510249740989964290
1510249744353873927
1510249755041050631
1510249762435608583
1510249778633924615
1510249779330273282
1510249786649165833
1510249787358158850
1510249787391684613
1510249795335639044
1510249796304519170
1510249819717070848
1510249845176471556
1510249852164358150
1510249864906616837
1510249869440655363
1510249874574426112
1510249882623393797
1510249888474406915
1510249905410883588
1510249920313372675
1510249920539803653
1510249922280366085
1510249922351841286
1510249923215773696
1510249923475869701
1510249924516065285
1510249968681947136
1510249972989583362
1510249985912233985
1510249990685405189
1510250005696851970
1510250010708905991
1510250048424189961
1510250049455808521
1510250060646395906
1510250074412101634
1510250078551875589
1510250078925119489
1510250085392826370
1510250086336536585
1510250089519931392
1510250093668184067
1510250110395076610
1510250112924196865
1510250113695846400
1510250115566477320
1510250115906351112
1510250122038370305
1510250136152297476
1510250136412241929
1510250147380441089
1510250162471546881
1510250170931617794
1510250178183368710
1510250178342703105
1510250183581474821
1510250199444246529
1510250204422885380
1510250218020868102
1510250225495126016
1510250271179476993
1510250271573790727
1510250276758114306
1510250281728196613
1510250290896846852
1510250301105844225
1510250304029265920
1510250315257372677
1510250315425239045
1510250319451725825
1510250320282402819
1510250322685538305
1510250334509223937
1510250359444303877
1510250373935734787
1510250391644127241
1510250404332056579
1510250416616878087
1510250421343903748
1510250422489042945
1510250439522062340
1510250440121757699
1510250447868674050
1510250450016260102
1510250470035673098
1510250519637286912
1510250521030012934
1510250529586180105
1510250535542210569
1510250539304562695
1510250556513665025
1510250579834118154
1510250581708795904
1510250589602697218
1510250592609845249
1510250598314266624
1510250600163860489
1510250602265300998
1510250603972284417
1510250615254966276
1510250628865531904
1510250634766860292
1510250658863190029
1510250666060660737
1510250666626846723
1510250675543883779
1510250676714041348
1510250682128949259
1510250682670104584
1510250692367290369
1510250712252485636
1510250713544368131
1510250717663186948
1510250737309155329
1510250745433628675
1510250746926841862
1510250757320290304
1510250763771166724
1510250785879343109
1510250808562315264
1510250809564430342
1510250814358659077
1510250846080335875
1510250853671718920
1510250858793086979
1510250865516417032
1510250874974752771
1510250889294098432
1510250920562630667
1510250926283669506
1510250935179788289
1510250951164182529
1510250985691631619
1510250991954042884
1510250997477933059
1510251034136006656
1510251046509199367
1510251059612196867
1510251068030136328
1510251069410095104
1510251079023296517
1510251084350210053
1510251107095912453
1510251113903140873
1510251118256926722
1510251136544124932
1510251140176388097
1510251155934400516
1510251162012123140
1510251169632894982
1510251171369431053
1510251177757319175
1510251185252409344
1510251191720153088
1510251199919915009
1510251237761077254
1510251241225523200
1510251255691550730
1510251268534673412
1510251271147692036
1510251312440659975
1510251315636551685
1510251316618186753
1510251318618775557
1510251326911184898
1510251329301762050
1510251336293515271
1510251340437598215
1510251347576340485
1510251348348260360
1510251358959640581
1510251368929542149
1510251371177598976
1510251381130727427
1510251387178864649
1510251394355318788
1510251408465010690
1510251410578890754
1510251411090595840
1510251413816938500
1510251420670382081
1510251425321783296
1510251439121047559
1510251452006076418
1510251457185910793
1510251473489346568
1510251480317636608
1510251488194482180
1510251495316406277
1510251507471601670
1510251510969548802
1510251513326805006
1510251522193453066
1510251539016949767
1510251549200506885
1510251554745507842
1510251565759795205
1510251578195853316
1510251599784218625
1510251610533818371
1510251618637393920
1510251625595736087
1510251653416599554
1510251659045195778
1510251669551988742
1510251669782736901
1510251671363985412
1510251675549851655
1510251704276721667
1510251704733913096
1510251709053870087
1510251720974209032
1510251736698699776
1510251751642914822
1510251778276683777
1510251793883623428
1510251803115409408
1510251804373786631
1510251819246706691
1510251870123700237
1510251872061472770
1510251873290309633
1510251897260851201
1510251908451164160
1510251909143224324
1510251910590345226
1510251919305953297
1510251949727223809
1510251951199510537
1510251953498034191
1510251953737150468
1510251965204377604
1510252007009165315
1510252022473314312
1510252027426664448
1510252034540384270
1510252052353589256
1510252056996720647
1510252057965518850
1510252065892835332
1510252083584327690
1510252124118130693
1510252124625584135
1510252132884271104
1510252134423539716
1510252141746831365
1510252161485217807
1510252167436845058
1510252175812931590
1510252181131337736
1510252185984012288
1510252203549892619
1510252235288064000
1510252235766349831
1510252243194372102
1510252260571459597
1510252285460455430
1510252295858098178
1510252309145563139
1510252313914576901
1510252330389803027
1510252334697390085
1510252339625607169
1510252339701104641
1510252406356987910
1510252421171355654
1510252426367885315
1510252427588608005
1510252433972342792
1510252439706152960
1510252441807343623
1510252456428843009
1510252466230681604
1510252472526258177
1510252478868168707
1510252489580363777
1510252496345866244
1510252500955320325
1510252514163240961
1510252522254094343
1510252523638116354
1510252528700739585
1510252534170017798
1510252538452344834
1510252541682065411
1510252546841063425
1510252547621244936
1510252563240833029
1510252579783004166
1510252585726332932
1510252593137786883
1510252600448327681
1510252605842333704
1510252613253611520
1510252630169247752
1510252647491973125
1510252657457389570
1510252657994260488
1510252658694799362
1510252659311202313
1510252660372525056
1510252665418104833
1510252684061954048
1510252690651361280
1510252691959824388
1510252709794009092
1510252726101286915
1510252746464714756
1510252752974323718
1510252772112801792
1510252774499438597
1510252792946249730
1510252808460713986
1510252823262412802
1510252832909320196
1510252841100881923
1510252844187729927
1510252860201586695
1510252884293693443
1510252912168996866
1510252914748571651
1510252918414401546
1510252919274319872
1510252922831093760
1510252968636997635
1510252969287106563
1510252996336173065
1510252997749592066
1510253004502536193
1510253010684948490
1510253014065590272
1510253016074625037
1510253027072094213
1510253027495759882
1510253032747028486
1510253042825932802
1510253042641379331
1510253051286016002
1510253060328935428
1510253069233184771
1510253078141931522
1510253086840827908
1510253089357447170
1510253090099761159
1510253092658618370
1510253096320094217
1510253114980548610
1510253115789914122
1510253118839173121
1510253149201833984
1510253166281035778
1510253173570736129
1510253179102978048
1510253181401501696
1510253183561617411
1510253190825975808
1510253192449171460
1510253192579276801
1510253210610638850
1510253268093620228
1510253270509494274
1510253285730623492
1510253289077628930
1510253303203987457
1510253308845326336
1510253322036416514
1510253328621481986
1510253328508325901
1510253330655858690
1510253352516567050
1510253372800184327
1510253378986672130
1510253384988704772
1510253404051972104
1510253411249184768
1510253422720827404
1510253427397312519
1510253439934255113
1510253449321099264
1510253450231132161
1510253472301596680
1510253487296491521
1510253503167737857
1510253504845123584
1510253510612422664
1510253512629837827
1510253521337159689
1510253555973824514
1510253557907402754
1510253559253979140
1510253583060676610
1510253585296248842
1510253586801909766
1510253587858923520
1510253588563562506
1510253589674999809
1510253628589756420
1510253631404056586
1510253655483691009
1510253666741022722
1510253677864312842
1510253698148143108
1510253699376967685
1510253707098796033
1510253710508650499
1510253740565180429
1510253746055520258
1510253746311544835
1510253748026810370
1510253754251202570
1510253759145955331
1510253766305587203
1510253774589341698
1510253793471913987
1510253799247695879
1510253812954677255
1510253852821536769
1510253858164989954
1510253861474385926
1510253866092097540
1510253884228485122
1510253885641744385
1510253892885708800
1510253903526658051
1510253912695222277
1510253928721567749
1510253930307010564
1510253932018376706
1510253932878180358
1510253933914206214
1510253937936547844
1510253945469472770
1510253960925712385
1510253968643051528
1510253995327111172
1510253995272679426
1510254003199922182
1510254004562907139
1510254017645002756
1510254025366806535
1510254032161587203
1510254040063610887
1510254053598511110
1510254077405548551
1510254083260973056
1510254096678281219
1510254136138342402
1510254149727932416
1510254163703353357
1510254171403993089
1510254173970911239
1510254178018693126
1510254182326050819
1510254186071400463
1510254191352205314
1510254192832626692
1510254201951047687
1510254220330610692
1510254229138690054
1510254232099717120
1510254257743740934
1510254275498319873
1510254275380891648
1510254318443712519
1510254322596163594
1510254346990018565
1510254348605214720
1510254371455438853
1510254382734008326
1510254389428355077
1510254401516101639
1510254418217902086
1510254430716837894
1510254438698696707
1510254453202456586
1510254471959379971
1510254473817468933
1510254488304693249
1510254504360521737
1510254507321544705
1510254522253336585
1510254533020114949
1510254537055088648
1510254551579856899
1510254555015135233
1510254560698245128
1510254566717243396
1510254571892977671
1510254571716849665
1510254589362200583
1510254592201740288
1510254629933797387
1510254661994835972
1510254673718124553
1510254686229581827
1510254694630936581
1510254698871365636
1510254708543348736
1510254726754959366
1510254743456784385
1510254751354662912
1510254762062757897
1510254763392131076
1510254788717514752
1510254796384706565
1510254801677914120
1510254821726724096
1510254825837150212
1510254832099155968
1510254832480751617
1510254835131637762
1510254850415677445
1510254852395442187
1510254858124812288
1510254862453280771
1510254869977964549
1510254930539413509
1510254949439000576
1510254962009378817
1510254967839416327
1510254968460226561
1510254973795319821
1510254987825217543
1510254996176216064
1510255003704901634
1510255022075904011
1510255022843510789
1510255059480854532
1510255067844124678
1510255077356879877
1510255085997027332
1510255089537138696
1510255093752467464
1510255096503934976
1510255101713207297
1510255110366056455
1510255137146740741
1510255138476531718
1510255142586748928
1510255144147038208
1510255145577287686
1510255173909757954
1510255187474231297
1510255215039164417
1510255219069755395
1510255222974828546
1510255231149428742
1510255244436930566
1510255248471961607
1510255265085784070
1510255267375689728
1510255269447614465
1510255279203573761
1510255283888701451
1510255295456448516
1510255320811159552
1510255326087553032
1510255328188895244
1510255362628329474
1510255364956057605
1510255376738164740
1510255390885355524
1510255401115299843
1510255404894556165
1510255410040635396
1510255415531028486
1510255423080722447
1510255438507487234
1510255441036685315
1510255445486747650
1510255450369011713
1510255477686681600
1510255486674911233
1510255538084323329
1510255551770513413
1510255553284562944
1510255574008492035
1510255597844934666
1510255603503054852
1510255609081434114
1510255622398398470
1510255657378885633
1510255658301485060
1510255670825734150
1510255675946979333
1510255677297467392
1510255685346512898
1510255706489896961
