1489116420118138880
1489116422210998272
1489116424346173440
1489116427491504132
1489116430201147396
1489116435515252744
1489116437574828033
1489116438145216512
1489116439046803460
1489116440619802627
1489116446995193860
1489116450099023872
1489116451080445955
1489116453269917696
1489116463344594944
1489116464355299330
1489116466146336768
1489116468176306178
1489116468881022977
1489116469593997313
1489116471007584256
1489116477571674115
1489116481652772867
1489116484005629953
1489116484861407233
1489116489906933761
1489116493694525440
1489116495015604225
1489116496316010499
1489116503790260225
1489116507950829572
1489116509783924739
1489116512665354251
1489116514523484163
1489116518575128578
1489116520630394887
1489116522777772032
1489116524111544321
1489116523583221761
1489116524711317505
1489116527341162500
1489116529434275840
1489116535469723652
1489116537453629443
1489116542709092352
1489116545049673730
1489116549210382345
1489116557221543938
1489116558764900357
1489116558760701952
1489116559658287104
1489116561142992896
1489116562258898945
1489116565437968384
1489116575106056194
1489116578205503489
1489116579669413889
1489116579363184640
1489116582186000389
1489116589207298051
1489116599391039488
1489116601982935041
1489116602717114371
1489116606185689091
1489116607054069762
1489116607658053633
1489116611873329152
1489116620995772421
1489116630156292099
1489116638909591552
1489116641732411392
1489116644626640897
1489116648980156416
1489116650964140033
1489116654499991552
1489116654562947072
1489116656001552386
1489116656609554443
1489116658689921026
1489116666021564418
1489116666759946241
1489116669150515201
1489116672216616960
1489116673600724992
1489116679019765761
1489116681939079168
1489116692622213120
1489116696325640194
1489116698833784834
1489116700750532614
1489116714969100293
1489116717556977667
1489116717813047301
1489116719285157891
1489116719746592769
1489116720581079046
1489116724175597568
1489116724867653635
1489116738759319554
1489116747856859136
1489116748892696577
1489116755863621638
1489116755855298560
1489116756459220992
1489116758602514433
1489116760989220868
1489116761685385223
1489116764294291457
1489116765716103172
1489116778726842371
1489116784057798656
1489116796275855360
1489116799383707649
1489116806144876547
1489116814269427713
1489116816752447488
1489116818556006409
1489116819205988355
1489116829545115654
1489116832485322759
1489116835081502720
1489116835953795072
1489116837266792452
1489116838487228417
1489116842304098305
1489116842559897606
1489116849174462466
1489116849308520450
1489116850759749634
1489116851002961921
1489116851900760065
1489116853398118401
1489116867201576962
1489116869898358787
1489116870615654400
1489116872909885441
1489116879406997506
1489116880463749120
1489116882082750464
1489116883815178240
1489116894363742211
1489116896196808712
1489116903222104067
1489116904409153547
1489116904597819392
1489116908175593473
1489116915779964930
1489116920439717888
1489116925028360200
1489116929398693889
1489116935761580033
1489116947358834689
1489116948042436611
1489116952878407683
1489116953612410889
1489116955936133120
1489116956166811652
1489116969240571904
1489116971052396548
1489116973543866371
1489116987120762881
1489116988509016065
1489116988500852736
1489116997312942081
1489116997820502020
1489116998587928583
1489117000198762506
1489117012571869194
1489117014614417410
1489117020234915851
1489117020612284416
1489117027088445444
1489117028183121922
1489117028585717761
1489117035984347138
1489117050949849090
1489117052816470016
1489117055471267842
1489117056439971840
1489117058344394754
1489117066841911299
1489117074882449408
1489117082835091457
1489117089994403843
1489117094209671169
1489117094696337411
1489117107635712000
1489117108432740356
1489117116531974150
1489117116443676676
1489117118398296065
1489117119757225989
1489117124723281920
1489117132600143873
1489117133892108293
1489117136563806210
1489117140347142144
1489117145002741760
1489117146789687298
1489117150279307266
1489117154284687365
1489117167916363779
1489117179589152770
1489117180507697185
1489117180612468737
1489117182202163204
1489117188539703307
1489117191173672962
1489117200896368640
1489117202074718213
1489117203085594629
1489117204385726464
1489117205207736323
1489117207414071302
1489117207485423618
1489117210144428034
1489117214418554883
1489117214242271234
1489117217295896580
1489117222949773316
1489117226099613705
1489117230734454787
1489117233003466755
1489117245863346177
1489117249688735745
1489117250137509888
1489117250418270213
1489117252628717569
1489117259016511488
1489117265555513347
1489117267971477507
1489117268302864384
1489117275693191173
1489117277383536642
1489117283981144066
1489117285193158657
1489117287713968130
1489117290004058113
1489117290444595202
1489117291887403008
1489117293070143489
1489117298216648710
1489117302079762433
1489117303388229637
1489117308182306820
1489117312804220934
1489117313647398917
1489117314985250817
1489117321842999298
1489117331317948419
1489117340147011585
1489117341656834049
1489117351144480771
1489117360627798021
1489117362242547712
1489117364293705731
1489117368366342147
1489117368794193920
1489117368747974656
1489117370081755136
1489117370803122177
1489117373286256641
1489117377925103616
1489117390017208322
1489117391095099395
1489117392047276036
1489117392726757379
1489117398980456449
1489117404206702597
1489117414520467461
1489117415917113345
1489117416479072259
1489117419486556160
1489117426868441088
1489117437954039811
1489117439149449217
1489117439438692355
1489117441003339778
1489117441561092096
1489117443247202309
1489117445243740161
1489117452789116929
1489117453594492931
1489117457394679809
1489117463447060483
1489117464164290561
1489117472150089730
1489117477472813059
1489117477485244419
1489117482233200645
1489117484728963073
1489117486775779333
1489117487589298176
1489117492085772292
1489117492379369472
1489117497794207747
1489117500570669058
1489117504211283970
1489117507155898368
1489117509756366850
1489117510809042944
1489117516630835202
1489117518904143872
1489117527628263425
1489117527690997760
1489117532262785030
1489117534699855873
1489117535614214150
1489117536935366656
1489117538755629058
1489117540890525704
1489117541867819013
1489117544694927366
1489117547354021894
1489117556359061507
1489117563669737474
1489117565121138691
1489117571454492679
1489117574361231361
1489117579683807233
1489117581436854279
1489117584377188354
1489117585455316992
1489117590014545920
1489117596024664064
1489117597748449281
1489117598851776518
1489117610641928202
1489117619097858048
1489117622243262467
1489117625171038211
1489117631139487744
1489117633014292485
1489117635484733446
1489117635992297473
1489117646129971209
1489117646842855427
1489117650424893440
1489117651783892995
1489117655273332737
1489117658268196866
1489117658977079297
1489117665855967237
1489117669806821382
1489117673422209024
1489117676224282625
1489117682620407811
1489117682783993857
1489117684776067075
1489117684868558849
1489117685455601664
1489117685879382016
1489117685782876166
1489117688957849605
1489117689536602112
1489117690346229762
1489117698755739648
1489117699271704578
1489117700135739392
1489117702623043590
1489117719010152450
1489117721824399363
1489117727134519299
1489117727620882435
1489117730145931265
1489117731739746304
1489117740606525443
1489117754250743811
1489117759611060227
1489117759770447873
1489117760496214016
1489117762656116738
1489117764564496384
1489117765612965892
1489117768104427520
1489117773879988225
1489117774156812290
1489117774584684545
1489117776707002369
1489117777944145921
1489117781228331008
1489117787289182210
1489117788102930433
1489117792087515136
1489117794461368322
1489117803055652865
1489117803877740546
1489117805395992588
1489117807975354376
1489117811733676034
1489117814384439297
1489117815609040896
1489117818683416577
1489117819614556161
1489117827378421766
1489117827885895682
1489117829597220866
1489117841639059457
1489117842427555843
1489117846428786688
1489117848513384449
1489117849398525952
1489117852246458369
1489117853231947782
1489117859007500288
1489117860257583108
1489117863868653577
1489117865500422146
1489117871259193345
1489117872714563585
1489117873020809217
1489117876212715520
1489117876602638348
1489117893832835072
1489117893803782144
1489117900141117440
1489117900803870730
1489117907615248385
1489117914850807810
1489117916649902081
1489117916847132678
1489117920353558532
1489117920835817475
1489117924459638786
1489117930537160707
1489117934261714945
1489117936216334343
1489117943233343490
1489117944156024836
1489117947226468360
1489117948610555905
1489117950564921347
1489117950753873921
1489117956818808834
1489117957985021952
1489117959020765186
1489117961277353985
1489117963491889153
1489117966683848705
1489117973344305152
1489117982362152961
1489117985251987456
1489117987088977923
1489117990155022340
1489118005103677440
1489118014188494848
1489118016965070849
1489118017967509511
1489118019154501632
1489118025647149058
1489118027744362499
1489118034459561985
1489118050800574470
1489118052062957571
1489118052889333761
1489118053669355522
1489118058924941316
1489118063370780681
1489118063672840192
1489118069804863492
1489118071113584642
1489118071986049024
1489118082593222658
1489118082551402498
1489118083583299585
1489118085575413772
1489118087018434561
1489118087165222912
1489118088616460290
1489118096052785154
1489118099228045312
1489118114914701331
1489118116521074688
1489118120925093890
1489118122925723648
1489118130278264834
1489118130404093957
1489118130710278150
1489118135328415745
1489118138322984962
1489118140831256579
1489118142085447680
1489118143280652290
1489118146392961025
1489118149630857222
1489118151698747395
1489118151736451079
1489118159596507141
1489118160020197378
1489118160678621187
1489118162583015425
1489118164227035137
1489118166231891972
1489118166559203328
1489118170136854529
1489118170350641153
1489118174754660352
1489118176902205440
1489118180542984195
1489118180870086671
1489118182660984833
1489118192706351104
1489118195206148097
1489118209651347457
1489118211446554626
1489118216316194820
1489118232468500483
1489118233533767681
1489118234024587265
1489118234666283009
1489118242350186499
1489118243847503872
1489118247878234125
1489118248905981963
1489118254832525313
1489118260721242112
1489118262684262402
1489118265939042304
1489118267901833218
1489118272280793090
1489118277095800832
1489118281420132353
1489118282326372352
1489118284834385920
1489118287266934785
1489118291884974084
1489118301473099778
1489118303314456576
1489118306942742528
1489118307236130827
1489118310750777344
1489118311661158402
1489118318346838021
1489118320846512129
1489118331667992576
1489118337263357952
1489118337380622337
1489118346343858181
1489118348789096448
1489118352706613248
1489118353805520896
1489118354518466562
1489118356917698564
1489118358159167493
1489118360768028672
1489118367369744388
1489118370205249539
1489118375875944452
1489118382863564801
1489118384545431554
1489118386814476288
1489118389536649218
1489118390715359232
1489118392237772800
1489118394372739072
1489118397581316102
1489118400509059072
1489118404543930372
1489118406947180544
1489118407966732289
1489118408767520772
1489118416648617985
1489118418318106629
1489118426006278144
1489118427688194048
1489118428996653060
1489118435841757186
1489118436194230275
1489118437490188294
1489118444373135367
1489118444817567744
1489118446700974085
1489118448382726147
1489118451591675905
1489118452459745283
1489118453332164610
1489118457987805188
1489118463712919555
1489118467852808193
1489118468678950915
1489118469933072385
1489118470516129795
1489118470897815556
1489118476904153093
1489118479512911873
1489118483002454016
1489118483669569537
1489118484395143168
1489118485812817922
1489118488165822466
1489118488350187521
1489118489566711818
1489118498081157124
1489118498781425667
1489118499238678528
1489118505672884224
1489118510932533249
1489118515735023616
1489118518306029574
1489118536114925568
1489118541492076547
1489118543031455745
1489118543610220547
1489118548018487297
1489118550685995008
1489118554997739521
1489118559276044291
1489118560135778308
1489118571389231105
1489118577429041153
1489118585649836033
1489118589428903940
1489118591375060994
1489118593010728961
1489118597515558916
1489118598652383233
1489118602372526080
1489118603194642437
1489118608231858178
1489118608865185800
1489118610995904512
1489118612921077760
1489118613797801993
1489118614284546058
1489118616050036738
1489118617769754627
1489118620236013568
1489118633599111169
1489118637378007040
1489118652775473154
1489118653706477568
1489118665702260736
1489118666201333762
1489118670395564032
1489118713899061250
1489118717673984000
1489118725567438848
1489118743464718339
1489118744886407168
1489118747314962434
1489118755875524614
1489118760254730240
1489118761047052291
1489118769188417538
1489118769834246149
1489118770836561928
1489118773755981828
1489118773940523011
1489118774066233346
1489118775848939521
1489118781251198981
1489118801417621505
1489118803338301441
1489118805456347141
1489118808006483973
1489118809835376642
1489118815073886212
1489118835148214272
1489118840986300416
1489118848313819136
1489118851182694412
1489118851577090054
1489118858786979840
1489118859072311297
1489118862645809152
1489118870879277060
1489118871164317697
1489118876134621187
1489118877829185540
1489118880853532673
1489118886113038336
1489118886314188801
1489118887757156352
1489118890881921026
1489118893662773248
1489118901636063240
1489118908971892740
1489118909295099904
1489118913661181952
1489118919595999234
1489118919617138688
1489118928068493312
1489118931348566018
1489118932510334979
1489118933940645888
1489118937098989568
1489118946121109504
1489118947257552902
1489118948800884739
1489118953406615552
1489118953771192321
1489118957231616003
1489118964093497344
1489118967096659968
1489118967365091336
1489118974470234113
1489118983831891989
1489118984020668418
1489118986277367810
1489118988877668359
1489118991998193665
1489118996406300673
1489118996309893124
1489119010171985921
1489119011723952129
1489119013812994049
1489119015775744002
1489119018887749635
1489119020607586307
1489119021525995523
1489119023719587840
1489119030627606528
1489119032720691200
1489119045324521478
1489119049288241153
1489119071090233344
1489119071425597440
1489119071828611074
1489119072314957825
1489119073044631555
1489119076253421568
1489119077691846665
1489119079310974983
1489119086575775744
1489119086764179456
1489119089599594498
1489119091256295428
1489119093315751939
1489119097497346051
1489119098080538629
1489119102820048896
1489119103453335557
1489119113486159873
1489119113771307009
1489119121950142466
1489119122835316737
1489119123355451396
1489119126455189506
1489119130632421380
1489119137095843843
1489119142334586886
1489119149079113731
1489119151499141122
1489119152396816384
1489119152900038660
1489119153084506116
1489119158323204098
1489119159464071170
1489119163796709380
1489119163612155913
1489119164128428032
1489119165319426052
1489119169786359808
1489119181576486915
1489119190774546433
1489119190841757696
1489119215411888128
1489119215919452162
1489119223008096258
1489119227478827008
1489119229110800386
1489119231748804608
1489119233229295619
1489119239894183936
1489119243102732288
1489119247204634627
1489119249381543936
1489119250757287940
1489119251176865802
1489119252477001729
1489119260097929218
1489119262849609732
1489119266490044417
1489119268385918983
1489119273888923649
1489119275050848256
1489119275977641988
1489119276699062276
1489119279903494149
1489119284311691265
1489119287310704640
1489119288728465408
1489119289642655745
1489119290829643781
1489119291610140673
1489119294281555969
1489119298656342017
1489119304867987458
1489119311281020928
1489119312300236803
1489119316154863616
1489119319359373315
1489119319590006786
1489119323515863042
1489119323692023808
1489119323989938183
1489119324921122818
1489119334647537664
1489119335884939264
1489119340934819840
1489119343904444417
1489119351999537153
1489119353115222016
1489119356063735812
1489119355853934594
1489119357863038982
1489119359603658757
1489119362191663107
1489119366977314817
1489119371205091331
1489119382454214659
1489119386824851463
1489119389995573249
1489119398367404037
1489119399772672008
1489119403807592451
1489119406244380673
1489119407653613570
1489119425768919046
1489119426536361987
1489119426548883456
1489119426847068163
1489119427261960195
1489119427605917697
1489119437928411136
1489119443720433664
1489119445200998402
1489119448413786112
1489119457599320065
1489119467246395392
1489119480009666560
1489119479816593410
1489119484333932549
1489119485084717057
1489119490197520385
1489119493754437641
1489119496132386818
1489119503418114052
1489119509361606656
1489119513287270403
1489119513488543748
1489119513744400384
1489119530777333764
1489119532387954690
1489119539249909762
1489119539182718978
1489119539673587714
1489119543951867905
1489119546883592195
1489119551384031235
1489119558258495495
1489119561135771652
1489119563019169794
1489119577061482498
1489119581809491970
1489119583411789824
1489119588344283140
1489119591506669568
1489119597609779200
1489119597940727816
1489119601233436674
1489119603116716032
1489119603204804613
1489119613195489282
1489119619185246208
1489119619235254273
1489119620455882754
1489119632606781442
1489119639099494406
1489119641284886528
1489119651934076930
1489119655943983105
1489119661249679363
1489119662180737026
1489119669848092675
1489119676898574338
1489119678794387463
1489119679067082752
1489119680576974850
1489119682326061057
1489119686075850752
1489119689670373380
1489119689779429377
1489119690052014082
1489119711472275457
1489119724243853318
1489119734469640194
1489119742346465283
1489119746180235275
1489119746750615561
1489119757982969856
1489119775032758272
1489119775561244672
1489119779961118723
1489119783085764614
1489119788408479745
1489119788102139905
1489119789603766275
1489119798327844867
1489119799498182659
1489119799674228738
1489119804006957063
1489119808012656660
1489119816711434245
1489119820889006082
1489119826014527490
1489119840178683906
1489119840589672449
1489119841013272576
1489119844452679680
1489119845169958915
1489119847665520641
1489119854020145157
1489119855261462536
1489119856893075456
1489119859292180483
1489119860911063044
1489119861229768705
1489119869224337409
1489119870189027331
1489119870491185159
1489119873087119362
1489119882763386880
1489119887071096834
1489119889264549889
1489119894415323140
1489119901751345153
1489119904892481536
1489119908680003584
1489119917047619586
1489119924396060678
1489119924643459075
1489119926174449665
1489119929655861249
1489119931002396672
1489119931710980096
1489119953617764352
1489119967802974214
1489119968705019904
1489119969279619072
1489119973184524289
1489119975499616258
1489119979102511104
1489119981065609217
1489119985364578305
1489119989625982977
1489119995145568259
1489120002951237634
1489120004381413377
1489120009649418240
1489120010182139905
1489120010954219520
1489120016226308099
1489120017102905348
1489120021552975876
1489120039135494147
1489120041488449539
1489120042037903360
1489120056495775745
1489120060241166337
1489120067124137985
1489120068977971203
1489120078209896449
1489120085411250180
1489120089899257856
1489120092403216385
1489120094894673924
1489120095997595652
1489120096866156546
1489120100984627200
1489120101932621824
1489120102859427843
1489120105329926145
1489120109717123072
1489120109910241281
1489120121050525696
1489120163081322497
1489120169859371008
1489120171503788032
1489120171705114625
1489120174179602432
1489120185453740032
1489120188226224133
1489120192286404610
1489120196572942337
1489120219381514241
1489120220904148993
1489120223798063109
1489120229795975169
1489120231196930052
1489120231280627718
1489120232018907136
1489120233700741126
1489120243175809029
1489120247403614208
1489120259101573134
1489120259302899715
1489120262003986435
1489120264025624577
1489120266512908292
1489120268853420033
1489120279288860676
1489120280987512833
1489120288809762816
1489120290642620418
1489120290772852736
1489120308887842816
1489120310288953344
1489120313325490178
1489120322020331525
1489120327233908740
1489120331495317506
1489120337551929344
1489120343310708740
1489120345550245888
1489120347999723525
1489120351351050241
1489120352848564227
1489120355146895362
1489120363405524994
1489120365259460611
1489120366962294785
1489120369835319297
1489120380597932036
1489120385509441537
1489120385983344644
1489120389800288261
1489120396712546311
1489120397425401858
1489120400449720320
1489120408569843713
1489120413246394371
1489120419114196998
1489120421500780549
1489120421781950464
1489120428123508736
1489120429600083970
1489120432376541185
1489120434847162370
1489120441474105347
1489120441562243075
1489120441457254401
1489120442090729480
1489120452429910022
1489120453855645700
1489120458314338305
1489120460549750787
1489120462970011648
1489120467373936641
1489120468275802121
1489120469366104068
1489120474198003712
1489120477020889088
1489120477079613447
1489120477217898497
1489120479688335361
1489120482859397126
1489120489570127872
1489120491042664449
1489120494825598984
1489120498445389830
1489120504829022214
1489120507765006344
1489120514631258115
1489120515230822402
1489120523141275658
1489120523166486530
1489120528975601664
1489120531559243778
1489120538073047042
1489120545887117323
1489120547996790785
1489120548936302592
1489120549116776448
1489120551134281728
1489120574618181632
1489120575138193411
1489120584709541891
1489120585544314880
1489120607442980864
1489120611074981888
1489120619081998336
1489120630113021957
1489120634802249735
1489120637616627713
1489120650497179648
1489120651629654016
1489120652011450372
1489120653320015879
1489120658323918850
1489120661628932096
1489120666683162624
1489120672533995530
1489120673469394951
1489120674522464258
1489120679156862976
1489120682264850432
1489120687256072192
1489120687881003012
1489120689869127681
1489120693430140937
1489120697204891649
1489120705522319360
1489120709573939205
1489120710001938438
1489120714988863491
1489120715592941570
1489120717950099459
1489120721087336453
1489120723289313280
1489120726787543043
1489120727592800260
1489120727697707009
1489120734240718853
1489120735561932807
1489120738141421576
1489120741601824770
1489120750376259590
1489120750460190721
1489120759259742210
1489120766163443719
1489120777467162626
1489120786505891848
1489120788473131011
1489120796937048064
1489120801693773824
1489120804398944257
1489120808979304448
1489120810308616193
1489120811499888643
1489120812024033288
1489120816314957824
1489120822069321730
1489120823462043648
1489120829585731598
1489120830789505025
1489120836036575233
1489120839211520002
1489120858413182977
1489120869704093701
1489120873042829317
1489120881003618304
1489120891531415553
1489120891908857857
1489120896929390592
1489120898754007042
1489120906723086338
1489120909382152192
1489120916630302720
1489120924519571458
1489120928655020032
1489120935177248770
1489120943548948487
1489120954571956225
1489120958946455557
1489120959340683265
1489120960145854464
1489120961077014532
1489120963371356163
1489120970065719296
1489120987635499008
1489120988822478853
1489120991271735302
1489120992567848961
1489120996464349187
1489121002340724747
1489121004286840833
1489121005419302912
1489121009982590976
1489121023882637314
1489121026508156939
1489121027439226882
1489121031805706241
1489121034347458560
1489121045650886667
1489121046972141573
1489121049430081537
1489121052642873347
1489121053246906379
1489121057445498882
1489121064731004929
1489121067557810185
1489121068103061507
1489121071169417217
1489121072603611136
1489121078542745600
1489121079700475906
1489121083978620928
1489121084419018757
1489121085337473024
1489121088969875456
1489121092987985923
1489121106560577536
1489121111472226304
1489121112118104065
1489121113884041219
1489121114731077642
1489121119923748864
1489121123480391680
1489121129298075648
1489121132208816128
1489121138043236358
1489121140656148480
1489121152563875841
1489121161153810434
1489121166182674433
1489121170435805186
1489121171043930115
1489121176546951168
1489121182515281927
1489121182666440705
1489121190354505731
1489121195723157507
1489121203751059456
1489121214064959488
1489121224265383936
1489121227499257857
1489121231857233941
1489121236932345860
1489121243634626568
1489121245811462145
1489121245706829825
1489121248064020481
1489121252488921089
1489121253776834560
1489121256364462081
1489121258830708740
1489121274156785666
1489121276178354177
1489121282440540160
1489121284307001345
1489121286303453185
1489121296860516384
1489121299146305538
1489121301285543937
1489121313251860481
1489121314837352449
1489121315898470407
1489121321510477833
1489121325494984707
1489121335007752194
1489121345900142607
1489121345925382146
1489121353504546817
1489121355471671296
1489121356973326341
1489121361058402307
1489121367735865351
1489121370705469440
1489121376015376386
1489121374912323590
1489121392280973316
1489121393120014336
1489121393572679682
1489121393677684737
1489121400501653512
1489121403035168771
1489121409813315584
1489121409804681218
1489121413629939712
1489121417048338433
1489121417371463682
1489121418793340928
1489121421712400386
1489121421507063808
1489121424803459074
1489121426947067904
1489121428259569668
1489121430138540033
1489121430662905859
1489121442100756480
1489121450397429760
1489121454335664129
1489121459662471176
1489121461944131585
1489121462740942848
1489121464221507586
1489121476250935301
1489121477567795204
1489121481103532036
1489121485591613441
1489121495335026691
1489121496387760129
1489121501118930949
1489121502650040321
1489121507242504196
1489121517833236480
1489121525764530176
1489121527933149184
1489121528050552832
1489121531938713601
1489121533163233282
1489121547759534087
1489121553275043840
1489121555032457219
1489121562771230721
1489121563236388865
1489121564943536128
1489121566139236352
1489121566071791622
1489121567317667841
1489121576049995777
1489121576243056642
1489121586485604353
1489121589706772482
1489121602470301699
1489121607884804102
1489121611210846209
1489121611479408641
1489121612704235521
1489121614004297730
1489121614902005761
1489121615468281859
1489121634564784128
1489121644392058884
1489121653846319105
1489121656849068037
1489121662297538560
1489121666336575489
1489121667007737857
1489121668916289538
1489121670296182789
1489121674041696258
1489121675371286535
1489121680387502088
1489121681822019594
1489121682706948098
1489121685651410949
1489121693813526531
1489121696015659012
1489121698553106432
1489121698884595716
1489121703003246594
1489121703494094851
1489121707822653440
1489121716420939781
1489121725933670401
1489121731017068544
1489121735035158530
1489121741641236483
1489121743184662528
1489121746607546368
1489121752655405058
1489121759496441856
1489121761383772161
1489121767067115521
1489121769906659333
1489121776072286210
1489121782279950339
1489121789154189314
1489121800302710793
1489121803704352771
1489121818526945280
1489121821219692549
1489121824239665154
1489121829440659458
1489121830396837898
1489121836512292864
1489121836596142080
1489121842254295040
1489121843977998340
1489121852903493636
1489121858649657346
1489121859991973889
1489121869903151104
1489121871966752772
1489121872218365954
1489121875888201731
1489121876894957571
1489121886726406144
1489121887661834240
1489121889721196551
1489121890534936578
1489121892313227265
1489121894364323846
1489121897941901312
1489121905424535553
1489121905781084160
1489121908620623873
1489121912273965057
1489121914241093641
1489121917688758273
1489121919701975042
1489121928346578946
1489121928950345731
1489121932729470976
1489121934113751042
1489121937121067011
1489121947677986816
1489121948030443521
1489121948047130627
1489121950840541186
1489121953067810821
1489121955022311426
1489121960902676480
1489121963629248512
1489121964287422466
1489121966145560582
1489121969010143234
1489121970113363968
1489121974433759239
1489121980045475841
1489121981077200902
1489121981471494146
1489121983572762627
1489121988396437504
1489121988497059842
1489121988727562240
1489121989516308480
1489121991248416769
1489121993056210946
1489121993995833350
1489121994280951811
1489122016955351043
1489122018582802432
1489122019333615617
1489122020231200773
1489122023943159813
1489122028292648960
1489122028858880003
1489122029613699074
1489122032197378053
1489122040783290369
1489122040992968706
1489122041059962880
1489122041848545284
1489122042888794112
1489122042620243974
1489122055345872899
1489122064048918530
1489122072576077824
1489122074480107520
1489122089562947586
1489122090196164609
1489122094243880962
1489122097020473345
1489122101139230720
1489122102342930432
1489122107191668737
1489122112220504065
1489122114191773698
1489122116955820032
1489122118100942851
1489122121338945539
1489122124421902336
1489122126661570564
1489122133527646210
1489122138816749568
1489122142125846530
1489122152846540802
1489122153308069889
1489122159498706944
1489122161080033284
1489122164200648708
1489122177903472641
1489122177949392897
1489122178322817026
1489122185839001601
1489122191363002368
1489122191647985669
1489122194710011908
1489122195209023491
1489122200762269698
1489122202205454341
1489122222191316997
1489122222723715077
1489122223549997059
1489122233670782980
1489122248288051201
1489122250406219779
1489122254650851332
1489122254982111233
1489122255565033473
1489122260069740549
1489122269645328392
1489122276372975625
1489122282140102660
1489122285088874497
1489122294756782080
1489122298598731783
1489122304684658688
1489122308069343232
1489122308182659092
1489122310078418951
1489122312322433024
1489122316650958853
1489122318731382784
1489122323361787904
1489122326935486471
1489122327568830465
1489122333583454210
1489122336657879041
1489122338062876673
1489122339468070914
1489122348267569155
1489122350343860230
1489122362024996865
1489122372439400452
1489122374146482178
1489122383357120514
1489122388935471107
1489122389002788866
1489122396661436416
1489122396758024193
1489122398032961536
1489122400675545089
1489122401954963458
1489122404383162370
1489122407629524993
1489122414835470337
1489122416894771201
1489122420241756163
1489122424691912704
1489122424901804035
1489122425291821056
1489122425518231558
1489122434909360129
1489122435198816257
1489122447517716482
1489122447882436610
1489122453146251264
1489122453771145220
1489122466332958721
1489122467520348165
1489122471605415937
1489122479058472960
1489122487099015169
1489122498163609601
1489122504278900736
1489122508695498755
1489122511350497280
1489122514940817409
1489122517792874497
1489122521446297602
1489122522931109889
1489122528786223105
1489122529281130502
1489122529444696070
1489122532582211585
1489122536470487040
1489122541478166529
1489122543730667522
1489122548335792129
1489122551427129344
1489122571693875200
1489122573589762050
1489122585275252743
1489122587397746688
1489122587393368071
1489122592409600000
1489122593059835906
1489122595504939011
1489122601314234370
1489122603847589891
1489122604073951233
1489122605906812933
1489122609904062464
1489122611049242629
1489122615394717697
1489122625574129672
1489122630577934336
1489122664635457538
1489122666803990528
1489122669702246400
1489122679890186244
1489122684080427012
1489122687146467334
1489122690862624769
1489122691693043712
1489122692674555904
1489122697342865414
1489122699154628611
1489122708629561345
1489122714380120064
1489122718444363779
1489122720600440833
1489122721959010306
1489122725566324740
1489122730909659136
1489122733149462532
1489122735339016193
1489122736748195849
1489122736077258753
1489122744646180868
1489122756830502912
1489122757455536131
1489122758160171009
1489122764401221636
1489122765491814401
1489122768188628998
1489122769648463875
1489122785930756097
1489122796068384773
1489122796047417345
1489122797737725954
1489122801281683460
1489122803471491072
1489122803328634884
1489122804037402624
1489122806470438913
1489122809968275456
1489122823348097026
1489122829920444416
1489122831149694980
1489122831652773892
1489122832642879488
1489122844940201992
1489122845531807746
1489122848295866371
1489122852595015680
1489122854121660420
1489122855619117063
1489122860543139840
1489122863403651076
1489122871494393856
1489122882194223105
1489122882903019520
1489122886795288577
1489122889777369090
1489122894538055682
1489122903727939585
1489122907666239491
1489122909650137089
1489122918143434754
1489122920471445504
1489122923973681153
1489122926016217088
1489122928268836864
1489122933947654146
1489122935470178304
1489122935784689665
1489122941224718336
1489122942068092933
1489122944114511872
1489122945029099520
1489122959394586625
1489122961311375361
1489122961781100546
1489122964540776448
1489122969125371905
1489122973785079809
1489122974871470080
1489122980420632581
1489122983666925573
1489122987206922241
1489122989614546944
1489122997231177732
1489123009537445888
1489123012112752640
1489123014272638976
1489123026763407360
1489123044228481027
1489123049685217282
1489123049945264129
1489123054571888640
1489123055867621382
1489123059340660743
1489123068307984389
1489123078563115009
1489123087677284355
1489123095768190979
1489123096405622789
1489123108086763525
1489123108107735041
1489123108095082497
1489123112289550337
1489123116420898822
1489123118614515714
1489123131482865665
1489123139267305472
1489123164512604162
1489123167389945856
1489123172599353346
1489123173580820480
1489123177850675202
1489123179129880583
1489123186562244609
1489123189829550081
1489123206699143171
1489123207361802241
1489123210142572544
1489123210121592836
1489123210457382912
1489123210486423552
1489123215104524289
1489123216807317505
1489123221395976194
1489123224608727046
1489123225149665283
1489123226198364163
1489123232154222593
1489123239477526528
1489123241599795201
1489123250303025157
1489123252106526722
1489123252270247936
1489123255068008448
1489123258007842819
1489123263099854855
1489123267860471813
1489123267961147394
1489123269588385793
1489123276815220737
1489123291704872963
1489123292418035712
1489123293361750021
1489123294372532224
1489123295559569408
1489123303809716224
1489123312433250316
1489123314895228928
1489123316677980160
1489123318137511936
1489123322453381121
1489123321925050373
1489123326975004673
1489123329726300161
1489123330569523200
1489123333757145091
1489123337561382913
1489123338987266054
1489123344691900418
1489123347657023489
1489123373355573249
1489123390497587200
1489123390568996867
1489123393517596673
1489123394041778183
1489123399007932423
1489123402283507713
1489123404628123657
1489123409514545154
1489123415386583041
1489123424161042432
1489123424806989828
1489123432990191617
1489123434143625219
1489123437863784449
1489123438119686151
1489123440699363335
1489123446982430720
1489123447410249728
1489123449050128385
1489123451872948231
1489123452338548736
1489123456574705666
1489123459590496260
1489123472764723201
1489123482894057475
1489123483200200705
1489123488787054593
1489123494465916929
1489123495409823744
1489123496575840259
1489123499926966276
1489123501047001088
1489123504591093760
1489123508248580097
1489123512166064143
1489123521133527040
1489123524421824516
1489123525512376322
1489123525604651008
1489123532147728384
1489123532718190594
1489123538254630913
1489123540360056836
1489123542998425601
1489123543581343749
1489123549956624384
1489123555161690115
1489123560924889101
1489123562225119236
1489123563873259522
1489123563944644609
1489123571540676609
1489123575525036036
1489123584207470593
1489123586493276165
1489123591610322948
1489123595196370945
1489123599734788096
1489123603434065921
1489123605506105346
1489123606995087361
1489123616990052353
1489123617480667140
1489123620886622218
1489123623134797846
1489123625340858376
1489123625688989703
1489123628004298752
1489123630105739264
1489123631108079616
1489123632123056131
1489123636699189248
1489123638120837127
1489123644844519428
1489123645817442305
1489123646635491328
1489123649416314882
1489123652679479298
1489123653576892418
1489123653753131008
1489123660849979394
1489123664536784896
1489123666772197376
1489123666818322436
1489123667996930051
1489123672308973570
1489123683784269825
1489123684178485248
1489123686863216640
1489123687609643011
1489123687651426304
1489123690318991364
1489123698049224708
1489123698301095936
1489123699051704321
1489123706865659907
1489123714306568193
1489123717506641921
1489123721004552198
1489123723416268806
1489123727547809792
1489123745298014213
1489123750083629056
1489123750440484864
1489123750528393230
1489123752235487233
1489123758203805702
1489123761991426049
1489123767540674564
1489123767653703681
1489123771189690368
1489123776310644738
1489123776419622914
1489123784099438593
1489123784967737344
1489123789212303360
1489123794933399554
1489123796065951745
1489123798985023489
1489123803313709058
1489123808308961282
1489123809852596233
1489123818866200577
1489123820740952088
1489123825698680832
1489123826239565830
1489123833940525059
1489123844426276865
1489123844925259778
1489123847056015361
1489123848243277826
1489123859097862145
1489123863078359040
1489123876747587586
1489123877360136192
1489123884842455041
1489123895680585728
1489123901552701440
1489123907332362240
1489123909366603777
1489123910964682757
1489123913267351556
1489123914106032131
1489123919927775242
1489123922188591106
1489123922830258181
1489123924877221899
1489123929625178116
1489123933148393477
1489123938810609667
1489123943470358529
1489123946536443905
1489123947836755968
1489123951766691840
1489123958599274500
1489123960541233152
1489123963187855367
1489123965670871042
1489123968128851968
1489123978534735873
1489123981588242436
1489123984243404801
1489123985480556550
1489123988685180933
1489123988785676288
1489123992694710275
1489123994129166340
1489123998868848644
1489124004765978624
1489124006108307457
1489124006439849986
1489124009874796546
1489124011028135941
1489124017189625857
1489124024504389633
1489124025263702020
1489124025939144705
1489124028690272259
1489124029382336514
1489124034986004481
1489124037133492231
1489124048944590851
1489124049359835136
1489124050613981188
1489124053013172224
1489124059174498310
1489124064899776514
1489124082239119365
1489124089411551239
1489124093643218955
1489124095530831876
1489124098341220354
1489124102329692167
1489124110559244288
1489124113046118405
1489124115260792835
1489124115516895232
1489124118280785921
1489124118511464448
1489124123980750851
1489124126602186754
1489124126816096256
1489124131941531649
1489124134055415817
1489124144486793217
1489124148018393088
1489124149192658950
1489124151961047040
1489124157287804930
1489124160739577859
1489124172907352065
1489124178099900420
1489124188950614016
1489124194424180741
1489124196785569795
1489124201722261512
1489124206147104770
1489124221959692288
1489124229836689408
1489124239684870147
1489124242989875202
1489124255782653953
1489124258005413890
1489124262778650630
1489124264963944450
1489124268898230275
1489124272840785920
1489124273914478593
1489124275206475776
1489124288800067586
1489124289043472385
1489124295091671041
1489124295154434048
1489124313332879360
1489124315794608133
1489124320676823043
1489124322136322049
1489124333456805889
1489124334937513987
1489124337005174784
1489124339295395840
1489124341702963200
1489124341702746115
1489124346450825216
1489124348652830720
1489124350917627905
1489124354763808770
1489124356294787073
1489124365492965383
1489124371310551042
1489124372614762498
1489124374779023363
1489124380110163969
1489124381280247809
1489124383725703168
1489124385931898881
1489124387521499141
1489124396841246722
1489124401018662923
1489124401190780931
1489124402612486147
1489124406383329287
1489124421331791875
1489124424355758087
1489124429363920900
1489124431201017856
1489124431263899649
1489124435852472320
1489124436267704323
1489124449760727040
1489124454127050752
1489124457625051136
1489124457688051714
1489124458329948160
1489124466236227584
1489124473995501571
1489124477891866625
1489124478374363138
1489124488155627521
1489124490285961217
1489124494367244288
1489124500893544451
1489124507554127879
1489124516072550404
1489124519092523013
1489124519201501188
1489124532270952451
1489124535043604481
1489124536964591616
1489124546196258816
1489124551212642308
1489124551094988803
1489124551317282816
1489124552215048197
1489124556103045124
1489124559781457924
1489124560641220608
1489124562944118785
1489124564181291008
1489124567264100357
1489124568761450501
1489124570531610630
1489124570602823685
1489124570753904640
1489124572788101121
1489124576466333698
1489124579347886087
1489124581277585409
1489124581440851975
1489124582527324160
1489124584330780674
1489124594946502663
1489124603859402755
1489124613586141191
1489124617185038336
1489124618443141121
1489124622033375244
1489124623446732800
1489124626009853953
1489124628450709504
1489124632561008645
1489124634284879877
1489124644938473472
1489124646385422339
1489124657743630336
1489124662886170624
1489124666237067267
1489124666794987527
1489124671677108226
1489124673002831872
1489124673883361282
1489124677435940865
1489124678551670784
1489124688622141445
1489124690711166976
1489124693542068225
1489124699644866562
1489124704094986248
1489124707584536577
1489124709132349447
1489124714979082244
1489124720410648578
1489124727893348353
1489124754455887873
1489124765130534913
1489124766682267649
1489124769081569280
1489124775754706947
1489124777012965378
1489124787859427336
1489124788878680065
1489124802392694784
1489124812769280001
1489124814417764352
1489124818309943299
1489124818666459144
1489124819765497860
1489124823817064448
1489124837599498241
1489124845619187712
1489124849486209024
1489124852451717123
1489124854653546496
1489124855857532929
1489124856692150272
1489124857275109377
1489124860877963264
1489124869141049345
1489124871418179590
1489124884303122432
1489124885271961604
1489124886354317315
1489124887864172544
1489124888296112133
1489124889957048324
1489124891492339713
1489124895858454528
1489124897364135936
1489124901919367170
1489124902019895296
1489124904217849857
1489124906784772096
1489124908500238342
1489124916960104460
1489124922416939011
1489124932290293760
1489124934567677952
1489124938963304450
1489124939378544641
1489124942667034624
1489124949826551811
1489124952422993920
1489124961423921160
1489124966608293891
1489124967245807617
1489124983313997828
1489124984387739651
1489124987072045056
1489124992415674370
1489124995678683137
1489124999814258691
1489125002410561537
1489125010333704194
1489125022350278667
1489125024745283586
1489125025584013315
1489125028356497412
1489125029606563844
1489125034157572096
1489125042185068544
1489125051328720896
1489125057313980421
1489125059650334722
1489125063487942662
1489125064423493634
1489125084883214341
1489125085663350789
1489125088192462852
1489125100527841281
1489125109017235457
1489125110799904772
1489125111697489921
1489125139807617028
1489125140256284676
1489125140193595393
1489125140915003392
1489125141745332230
1489125147579670529
1489125153959292932
1489125154093338624
1489125156647845894
1489125158174564352
1489125172359671811
1489125174385516547
1489125175442370560
1489125183550103555
1489125192135806979
1489125193482391553
1489125195205857283
1489125195319234563
1489125196069945344
1489125201853894659
1489125205477834753
1489125207402901504
1489125211391684609
1489125218639441925
1489125219646197765
1489125221328166912
1489125228110249989
1489125234460401666
1489125239745302534
1489125240454062081
1489125247118839808
1489125258644934656
1489125260758642688
1489125264063881217
1489125265921884160
1489125276479111173
1489125276932055044
1489125277997445125
1489125279561777152
1489125283625988104
1489125289129033736
1489125295743373313
1489125297802776578
1489125297538670593
1489125307428790277
1489125309446180866
1489125316198952964
1489125324478504961
1489125324789010436
1489125328224145412
1489125330132553730
1489125330312851459
1489125334326775809
1489125334876405762
1489125342296088577
1489125342224654340
1489125350328131584
1489125354232967174
1489125357449973769
1489125361883705345
1489125362776739840
1489125364714586113
1489125365293453313
1489125366232850438
1489125368959225856
1489125371706441728
1489125375464677377
1489125375716249600
1489125375963648001
1489125376139964419
1489125378606174208
1489125384142606338
1489125385287741441
1489125386453938177
1489125393932111876
1489125398403330050
1489125400777216001
1489125405252407296
1489125406187810819
1489125406523412481
1489125409899925504
1489125415012773890
1489125416552083460
1489125421685768194
1489125421752987650
1489125430074478592
1489125446293807106
1489125454485147648
1489125457937133576
1489125466766143491
1489125468238450692
1489125473779023879
1489125475398078468
1489125476194865156
1489125481052053507
1489125481001717763
1489125489193148416
1489125494255919104
1489125497682292736
1489125500215861249
1489125501318795268
1489125504783376387
1489125514271158272
1489125518704353283
1489125524333080579
1489125524479827970
1489125527478755328
1489125531127885825
1489125542888628225
1489125543601659910
1489125547615526914
1489125552413810698
1489125567261822977
1489125572181520387
1489125573259632640
1489125576954703874
1489125581078020096
1489125585502670848
1489125612442701829
1489125616242855937
1489125621414477837
1489125631476613120
1489125633389207553
1489125633783390210
1489125640402087944
1489125652808843265
1489125654750797826
1489125659054153730
1489125660148727808
1489125663386660867
1489125671188131840
1489125672484098052
1489125673226706947
1489125673847652353
1489125675592081410
1489125680461799427
1489125682667945984
1489125684802834434
1489125690322534403
1489125701622009856
1489125703215841286
1489125709280956416
1489125724271390721
1489125726154477568
1489125726674722816
1489125733192581120
1489125737357406212
1489125738276012036
1489125743648915457
1489125746022907907
1489125752918401024
1489125760363237378
1489125765052612608
1489125769531985922
1489125771406974979
1489125775076954117
1489125776922267651
1489125781167038464
1489125787009646596
1489125789790445570
1489125819914113025
1489125828483072003
1489125829934297091
1489125831024816136
1489125846275301381
1489125856891056129
1489125858962853894
1489125879653359617
1489125881188474883
1489125888310620163
1489125901413486594
1489125905255387138
1489125908204163073
1489125909483372546
1489125909890498561
1489125918811598848
1489125922884100096
1489125925262295041
1489125925732114437
1489125927107940357
1489125927867068417
1489125929792249856
1489125932757655555
1489125943906078722
1489125945004806153
1489125949958459393
1489125951199866881
1489125952529448963
1489125954655903749
1489125957395005440
1489125959580241924
1489125962092625925
1489125967649927171
1489125969310928898
1489125969927540736
1489125972603334656
1489125973840826370
1489125978072920064
1489125983068295169
1489125983017963520
1489125985123540995
1489125989921792001
1489125995772841987
1489126000541769731
1489126008284672000
1489126009773469696
1489126012826832896
1489126021936910340
1489126022167633927
1489126023363014658
1489126030090641409
1489126041415204867
1489126048012902401
1489126054421843970
1489126061719769088
1489126062214680578
1489126066375434243
1489126070708097029
1489126071547035650
1489126075909214209
1489126076416761857
1489126082552995840
1489126090714931201
1489126092883603457
1489126098772402176
1489126105562763265
1489126106049429505
1489126106070335488
1489126110935846916
1489126111183265792
1489126117801803780
1489126127016628224
1489126130544119810
1489126138286948352
1489126138517594113
1489126141902217218
1489126145123627008
1489126149703839744
1489126151893172224
1489126176492818434
1489126182335434752
1489126187259596802
1489126196357091329
1489126199951446018
1489126200836603904
1489126206393962497
1489126208545587203
1489126218930606080
1489126220436590593
1489126231685705729
1489126233577304064
1489126236463026177
1489126242343346181
1489126249465274369
1489126249658306562
1489126253236006913
1489126253063929858
1489126255114932226
1489126257102974978
1489126264753377283
1489126265667870721
1489126271279722496
1489126279387377665
1489126282356998144
1489126282772488193
1489126285817393154
1489126289034330113
1489126290175270913
1489126293949927438
1489126294868480001
1489126309405986820
1489126313092796417
1489126312983904257
1489126329278627841
1489126333103972354
1489126333636616193
1489126338799992833
1489126342021033986
1489126343220641792
1489126347746144262
1489126349788925953
1489126350745059334
1489126356638183424
1489126365668380672
1489126366603661314
1489126375760011267
1489126380075982849
1489126393283813379
1489126393552281602
1489126397024952321
1489126400661483523
1489126403278839809
1489126405447516160
1489126413458358274
1489126423700942848
1489126423327813633
1489126427073327105
1489126429446926339
1489126434148954113
1489126438053703684
1489126446123552768
1489126457997930499
1489126458068856836
1489126463701983234
1489126467866873861
1489126469188079617
1489126476289122304
1489126476595306499
1489126481607462912
1489126482400227332
1489126491883552771
1489126494542737410
1489126495603904514
1489126496425836546
1489126498497974273
1489126510418145283
1489126512024436739
1489126519230251010
1489126519645552641
1489126526671073280
1489126527773995008
1489126534631804928
1489126540407283725
1489126543712526336
1489126545754972161
1489126554722578433
1489126555058065408
1489126556538707969
1489126558342074368
1489126575446528000
1489126581348048901
1489126589170343937
1489126597072465921
1489126597085261827
1489126604504772609
1489126606882885634
1489126607981842432
1489126610875920386
1489126624410931205
1489126635840602112
1489126639346798595
1489126640072503301
1489126641431465986
1489126643117568001
1489126645575344128
1489126646368116736
1489126651367596034
1489126665418866688
1489126670086950912
1489126688483020801
1489126689951162374
1489126690358013954
1489126696469118980
1489126697374928897
1489126703846903808
1489126707772542976
1489126715142123527
1489126718560518153
1489126718539706368
1489126719709585411
1489126729251627008
1489126731428601858
1489126734301642752
1489126734771359745
1489126744082862080
1489126745945034753
1489126748210200576
1489126753779998720
1489126758255407106
1489126762189660161
1489126769475084291
1489126769655377926
1489126771211517959
1489126789154623488
1489126789817384961
1489126791814029318
1489126797589504010
1489126797992239111
1489126801578332171
1489126811510325253
1489126815037751296
1489126818200403970
1489126821341937668
1489126823497764869
1489126827834679302
1489126829789167625
1489126832897146880
1489126836609208320
1489126838526169088
1489126838656016385
1489126845232472064
1489126849212911621
1489126852723625985
1489126853289951235
1489126858243260418
1489126864903974912
1489126869924519936
1489126870918516736
1489126871447056392
1489126882616377345
1489126896226820098
1489126897493626882
1489126897736843266
1489126897971834886
1489126917165191173
1489126918268067841
1489126921682173952
1489126931987587072
1489126932587372546
1489126934713757697
1489126938853715971
1489126940384526337
1489126943203147776
1489126947133210625
1489126964501749762
1489126973586640897
1489126987167842306
1489126989768245248
1489126992242888704
1489126994012954625
1489126998962323459
1489126999251689472
1489127007745044486
1489127014791401473
1489127016993640449
1489127021355622402
1489127030658584578
1489127035167412228
1489127037394735108
1489127038338232320
1489127039806414849
1489127046924029954
1489127052007542796
1489127052146008064
1489127064082989062
1489127070248538113
1489127081363800064
1489127085578801159
1489127088149962757
1489127088925798400
1489127090733690880
1489127095989149696
1489127097561927682
1489127097947897857
1489127098056904706
1489127107850645507
1489127109997973507
1489127119342878723
1489127131330367488
1489127136728338433
1489127142596173827
1489127145729310724
1489127147964809216
1489127154323542017
1489127159587237894
1489127165622775811
1489127167401340929
1489127169519337476
1489127171142598660
1489127173520867332
1489127190557982725
1489127204353105933
1489127206295064576
1489127208459382784
1489127208484753408
1489127209017266180
1489127211198140418
1489127212737601537
1489127213882650625
1489127217812566023
1489127220220239877
1489127227170033665
1489127231951720450
1489127232379387907
1489127243012001795
1489127254479314944
1489127262431625221
1489127264600018946
1489127266839789568
1489127270526685185
1489127271302500358
1489127271973720065
1489127272506343427
1489127279708217344
1489127283101089792
1489127285307420672
1489127285617618945
1489127295205851140
1489127296569004034
1489127298242686978
1489127304416665604
1489127306698317824
1489127309160321029
1489127309601046530
1489127313862053889
1489127316294877190
1489127323349630978
1489127324792459268
1489127331696451585
1489127337064992769
1489127337618817027
1489127341272051716
1489127343125712896
1489127345457811457
1489127345751576578
1489127348045819905
1489127356468019200
1489127357709688832
1489127370489434112
1489127373194682374
1489127387597926400
1489127388432814081
1489127389535903747
1489127390944976899
1489127401439256578
1489127402886340608
1489127404647768064
1489127412621271043
1489127413170769920
1489127417893597184
1489127419365793792
1489127428991725569
1489127429578932224
1489127435358539776
1489127436839178241
1489127442728038402
1489127443562577926
1489127464617988096
1489127465649729537
1489127481219112961
1489127492879192068
1489127493156151300
1489127495341207552
1489127503029587968
1489127505852346373
1489127505630015488
1489127507068702721
1489127507538366464
1489127510847725578
1489127516245741571
1489127517856276482
1489127517608820739
1489127518024175622
1489127520075190277
1489127523841712131
1489127525884493825
1489127533702434818
1489127534755155970
1489127536042803202
1489127541264760833
1489127544267816961
1489127545035366421
1489127550194491395
1489127559975424006
1489127563649761284
1489127570658381826
1489127570876428289
1489127576362577923
1489127578736680965
1489127578933743617
1489127579583930372
1489127581446148097
1489127582234820610
1489127582922539009
1489127585300762629
1489127587918004226
1489127588954005506
1489127590539542532
1489127591856328705
1489127603592208385
1489127606876196866
1489127609006903296
1489127610286231554
1489127612932927489
1489127617160568833
1489127618842701829
1489127619014828032
1489127619299844100
1489127625087983616
1489127632310444032
1489127636131532802
1489127667735556096
1489127670029983745
1489127674526191619
1489127674794545156
1489127679043555328
1489127689004847106
1489127701164134400
1489127708126756864
1489127710211416065
1489127714095353860
1489127715303272450
1489127723469611012
1489127723851476992
1489127725566676992
1489127728045596677
1489127728951398401
1489127729660370947
1489127736463425539
1489127736471953414
1489127738992586752
1489127743488937987
1489127745858666503
1489127749595762689
1489127756508147718
1489127757598629888
1489127758273916929
1489127758953394180
1489127760630927361
1489127766633107458
1489127769141219330
1489127769707585536
1489127771573993472
1489127778045755394
1489127782315851776
1489127784039337987
1489127784282734594
1489127790851108864
1489127798589595648
1489127799407321089
1489127800430903296
1489127804298043394
1489127805069713411
1489127807414382595
1489127810241384454
1489127811667443719
1489127814985293824
1489127815664611332
1489127816511868935
1489127817937776646
1489127826955587585
1489127834568171523
1489127836342534148
1489127836686458882
1489127837025988608
1489127838817009670
1489127839525965824
1489127843485208580
1489127851353939972
1489127855724408836
1489127856735014914
1489127866428268547
1489127866646208515
1489127877178273798
1489127877169713153
1489127880382726147
1489127884891566082
1489127898950868999
1489127911043080192
1489127911286517763
1489127913924530176
1489127926826213376
1489127926951858176
1489127938549501952
1489127938809204736
1489127940956860421
1489127949529858051
1489127951920738308
1489127952692482050
1489127954441392128
1489127961307484163
1489127965636108291
1489127967037046786
1489127981754863616
1489127982249783298
1489127982673252354
1489127985005346816
1489127986783825920
1489128002462318592
1489128003816853505
1489128004328562688
1489128005486071811
1489128029234339843
1489128031754985472
1489128032149385224
1489128032975659009
1489128036700094464
1489128043885047812
1489128058191765506
1489128063321493505
1489128064919420931
1489128074579005442
1489128078613831682
1489128088696811520
1489128090131255301
1489128098071252993
1489128098930954245
1489128100973756418
1489128102873612301
1489128114261467136
1489128115607588864
1489128115687370752
1489128117469945858
1489128119441055747
1489128119642505216
1489128123019022339
1489128135660605446
1489128138105757702
1489128143612956672
1489128148759363584
1489128149468135427
1489128150864785409
1489128151875670021
1489128153096273926
1489128157202497539
1489128159819841538
1489128167315066882
1489128167939923969
1489128171404292101
1489128173182889986
1489128176655769604
1489128184834576386
1489128193349062657
1489128197572673538
1489128197761699840
1489128199208554496
1489128199803998211
1489128205629857792
1489128222973472770
1489128235812196353
1489128243802353667
1489128245693849606
1489128248558505985
1489128251259699203
1489128256452415491
1489128260906668037
1489128264945782784
1489128268833775628
1489128269425577984
1489128271904133122
1489128272327630849
1489128273653075971
1489128278187122688
1489128283140673539
1489128288618491906
1489128289683787782
1489128291936223234
1489128292385017861
1489128296264736769
1489128299305472000
1489128301616529408
1489128311079018498
1489128312941199362
1489128314379845636
1489128326568591360
1489128331387686917
1489128335170961408
1489128339436539905
1489128355697987586
1489128357426089986
1489128357409087490
1489128358235586563
1489128359103762435
1489128361041530883
1489128368050110469
1489128372475076612
1489128383166521344
1489128383791476737
1489128385527877634
1489128393778028544
1489128395539636225
1489128398744084491
1489128398895161344
1489128400916680707
1489128408743391234
1489128409171206144
1489128414908878852
1489128416922198016
1489128416897126404
1489128422655725569
1489128427408052224
1489128440045322240
1489128440871763968
1489128442604011522
1489128444634238976
1489128446538272771
1489128447448436738
1489128449541300227
1489128454696185858
1489128479438168067
1489128482403663873
1489128483699703809
1489128488619683840
1489128488888004615
1489128488762155009
1489128489190137856
1489128489357758464
1489128489659871232
1489128500216872961
1489128502796304385
1489128513131139075
1489128524040581125
1489128525424513027
1489128525676400641
1489128529786654722
1489128543711862790
1489128546073137161
1489128551643107329
1489128556072292353
1489128560329732100
1489128560442830850
1489128561034231811
1489128567325614086
1489128567808176131
1489128574267404289
1489128574216859652
1489128578969047046
1489128580495941643
1489128593917501444
1489128593833615361
1489128595973115904
1489128598296428544
1489128606903291909
1489128608622948352
1489128612494286854
1489128616294289418
1489128618328535040
1489128621285380100
1489128629036531714
1489128631603539971
1489128638700158977
1489128644366663685
1489128646094643200
1489128659248205827
1489128659474530307
1489128664486735873
1489128666160267265
1489128674032898050
1489128680911691778
1489128685152059397
1489128689426173954
1489128690315194374
1489128693410660353
1489128695528923138
1489128697613410308
1489128703657639938
1489128707100925952
1489128713325203457
1489128714772402176
1489128715023962112
1489128715590250496
1489128721315672064
1489128725916655617
1489128744170053632
1489128744941985795
1489128745994981376
1489128767998111755
1489128769071812608
1489128789212815361
1489128799224565763
1489128803012124672
1489128807546204163
1489128808758210566
1489128820883947521
1489128823215964163
1489128828576440321
1489128832883990530
1489128837845643264
1489128844061601792
1489128846959906818
1489128849115914246
1489128858510974977
1489128864689397762
1489128865654005760
1489128866304167937
1489128871484137477
1489128874088665089
1489128887489544195
1489128888122818564
1489128889243009024
1489128893856587777
1489128896259780610
1489128904157962240
1489128910197461002
1489128912663855108
1489128923099275266
1489128926265884676
1489128929147248644
1489128931001307141
1489128932439777291
1489128934037938180
1489128939226284038
1489128939742441473
1489128943806398466
1489128944695582724
1489128945110827010
1489128947619188736
1489128951016529920
1489128969177866247
1489128977843240960
1489128980649181186
1489128988014481413
1489128996264570885
1489129000568033282
1489129002782662657
1489129011972296711
1489129012358221824
1489129025272520705
1489129036370440192
1489129041651277826
1489129045832859649
1489129056448643074
1489129061242843136
1489129061259497473
1489129069765607426
1489129074236686339
1489129080977035269
1489129084877787139
1489129095363452932
1489129097754292224
1489129100128112642
1489129105744437257
1489129108646907906
1489129111838728192
1489129123138224130
1489129124169850880
1489129130964799491
1489129138040541184
1489129143203778560
1489129152229875718
1489129154935246848
1489129155312508931
1489129160643645440
1489129164338876422
1489129165756375041
1489129167090118660
1489129179123695616
1489129179941584897
1489129185310384132
1489129193585745921
1489129196329005064
1489129198610493444
1489129199264796672
1489129200346746888
1489129202934763521
1489129206239875074
1489129206311272449
1489129206470651909
1489129216146911233
1489129218592051201
1489129220341182465
1489129233167568897
1489129246257983490
1489129247977271298
1489129247495045122
1489129250934648832
1489129254516248577
1489129258022752258
1489129258286862336
1489129258626789380
1489129269397794826
1489129274128875526
1489129275844599808
1489129294139772929
1489129294718713859
1489129300196352010
1489129308077629441
1489129309893640193
1489129312703893506
1489129327073521665
1489129327300329472
1489129332698193920
1489129333658693632
1489129344840744964
1489129345125953543
1489129346497277952
1489129348279853062
1489129351115198466
1489129351312560131
1489129353216679942
1489129356144242694
1489129356358262787
1489129359348744192
1489129362939072521
1489129365191462912
1489129370522308614
1489129371143065601
1489129378281934852
1489129380076929030
1489129384942481410
1489129408241799168
1489129409017638914
1489129411576143873
1489129416752078851
1489129420119953411
1489129421852356618
1489129421860704257
1489129425547497473
1489129426356953090
1489129434053373952
1489129437631328256
1489129440491671561
1489129441829785602
1489129448171622400
1489129458799988741
1489129460473470977
1489129463073886214
1489129464814616583
1489129477158236160
1489129488445235207
1489129494761902080
1489129496905019392
1489129501502148609
1489129504492589069
1489129504333352961
1489129510654312448
1489129511971016709
1489129514928160770
1489129519617220608
1489129526449815553
1489129540991418373
1489129548062945283
1489129548440559618
1489129554975334405
1489129559463104513
1489129561753227269
1489129562340532230
1489129565419020288
1489129565729574922
1489129575162519554
1489129576018022404
1489129577708277763
1489129578635272193
1489129580908593157
1489129583400169478
1489129584255721472
1489129585858039808
1489129590194847744
1489129592053202947
1489129591780552705
1489129592434606080
1489129597929025536
1489129600047357953
1489129607097831426
1489129611413782529
1489129623795290114
1489129624407724034
1489129633043865604
1489129637888376832
1489129638731272192
1489129639024885761
1489129639754625024
1489129639851315200
1489129642699403266
1489129659044286465
1489129659266744323
1489129659459461122
1489129660650823682
1489129663045718020
1489129669408428032
1489129689578942466
1489129691554271234
1489129702245617672
1489129712815333377
1489129713150967808
1489129719035568130
1489129727596007426
1489129728363667457
1489129744801021952
1489129746504036356
1489129755404533760
1489129761209208840
1489129774891114500
1489129780003983363
1489129785993592837
1489129787272486913
1489129787721461761
1489129789126492161
1489129794247839747
1489129796269330433
1489129798626512898
1489129817781932032
1489129821510668291
1489129834173370371
1489129834353545216
1489129842301968390
1489129842629038080
1489129842947895296
1489129845447532546
1489129845690875913
1489129856805785603
1489129877160620034
1489129877651562498
1489129878477807619
1489129889458393088
1489129891412918275
1489129893178875908
1489129910228684803
1489129916734095362
1489129920882163718
1489129922979262468
1489129925659402241
1489129930185232387
1489129943921532935
1489129946630995968
1489129948455399426
1489129949579472897
1489129952746168323
1489129954298286081
1489129956173127681
1489129959482347524
1489129965744447490
1489129969456406528
1489129980135157765
1489129994844577794
1489129997067563010
1489130002000093185
1489130004256460800
1489130008249761794
1489130024565456898
1489130024754196481
1489130024749846530
1489130025303560192
1489130032282816514
1489130037785866242
1489130040394715138
1489130046463746051
1489130049546727432
1489130050251366402
1489130055519272961
1489130066785275905
1489130074745958403
1489130075920355333
1489130081440124932
1489130086083305479
1489130103451762689
1489130111114776579
1489130112087908357
1489130116001275912
1489130116726800389
1489130122007363585
1489130122687168513
1489130123286781954
1489130126352683009
1489130126973431812
1489130132648325122
1489130138503688195
1489130140651048960
1489130142429442054
1489130145835327490
1489130152361664512
1489130152990846978
1489130155197014019
1489130165569531904
1489130170241925121
1489130172116836356
1489130177703538689
1489130178651607044
1489130180429811715
1489130183361806341
1489130188210376706
1489130192018751488
1489130193650429958
1489130195823087629
1489130196422823941
1489130197362176000
1489130202462629890
1489130202873544711
1489130204769497091
1489130207386742784
1489130213564829697
1489130217108951042
1489130226349187072
1489130227678777347
1489130228320329733
1489130233286602756
1489130236499283970
1489130244560887811
1489130245655564289
1489130254899757067
1489130258217549828
1489130264668393473
1489130267243655169
1489130268631789569
1489130275489529856
1489130280510279682
1489130282162671616
1489130285644095490
1489130286281637891
1489130287107698694
1489130288668053506
1489130288802414593
1489130292061384704
1489130298424049667
1489130302945386500
1489130305285935106
1489130310004580352
1489130310600036352
1489130314274246661
1489130317751275524
1489130319391465478
1489130329092800519
1489130345043800065
1489130349628051457
1489130360139128834
1489130373900644352
1489130379797614593
1489130380527484930
1489130382947618816
1489130384814219267
1489130387200692225
1489130389901746183
1489130403118022656
1489130413859778564
1489130420587438083
1489130421610852357
1489130428242014208
1489130432838848512
1489130439877013504
1489130447036907520
1489130447640530947
1489130447758147586
1489130448445792257
1489130449205022720
1489130449339310081
1489130454120898573
1489130455215403010
1489130455286923273
1489130460689182727
1489130464841453568
1489130466401665028
1489130467114815489
1489130468171816960
1489130469186850817
1489130471523065856
1489130474249334786
1489130474329067523
1489130474446462976
1489130486282825742
1489130498635059202
1489130510139940871
1489130523041665026
1489130523712790532
1489130525365350404
1489130530947829763
1489130537407381508
1489130540896710658
1489130542213828609
1489130542473777152
1489130544134639620
1489130548303904768
1489130552921759751
1489130554759032832
1489130557384626178
1489130561331507214
1489130571376705536
1489130574870716418
1489130575571173377
1489130577219375113
1489130588988592130
1489130598438342659
1489130600694964228
1489130602590785538
1489130602662088704
1489130609486221314
1489130610656305165
1489130613961641986
1489130618516557825
1489130623277142019
1489130625013538822
1489130627307872256
1489130627345661958
1489130627819786240
1489130644299034627
1489130649743151104
1489130652549419009
1489130654566551552
1489130659394297856
1489130661889953793
1489130670165090307
1489130672602112001
1489130679111725062
1489130688800563200
1489130694664077314
1489130697793183745
1489130698107719680
1489130701777686533
1489130708480241664
1489130709004476416
1489130710296403977
1489130717678391306
1489130718487736323
1489130728189313025
1489130728797310976
1489130747793391616
1489130750951792647
1489130753044754449
1489130755888332800
1489130756299440130
1489130773420691458
1489130784044699649
1489130789967171586
1489130799140016130
1489130807172255745
1489130814025650180
1489130823915913231
1489130825404747779
1489130831478145025
1489130846024093696
1489130858086866946
1489130859261218817
1489130865888473089
1489130869243539461
1489130875379986434
1489130876374073344
1489130878420750339
1489130886008168450
1489130891129634825
1489130899484536840
1489130905365057536
1489130908410126338
1489130909592961024
1489130911010598917
1489130918338084865
1489130921232150532
1489130922914250753
1489130924906217475
1489130935526346766
1489130943856136192
1489130950625619971
1489130957525463043
1489130959115018241
1489130959513530369
1489130966064922629
1489130967105110016
1489130972876619778
1489130973958598656
1489130975074435073
1489130979277037571
1489130983114690560
1489130986625507330
1489130996847026178
1489130998176657411
1489131006267437057
1489131007634808833
1489131015360630786
1489131022553956353
1489131025485955072
1489131027389984775
1489131029054976002
1489131029830897664
1489131032469192704
1489131035921031173
1489131037087076353
1489131050467004420
1489131055776944128
1489131062500413440
1489131066166333443
1489131066237538304
1489131067642499073
1489131068045283330
1489131068829614085
1489131071287574528
1489131081739935744
1489131082133880835
1489131082343587843
1489131092489609218
1489131093559177221
1489131096247873536
1489131098588303365
1489131103264948224
1489131118053888003
1489131118804807680
1489131120604057601
1489131122818752516
1489131126518079494
1489131126836719616
1489131129449771009
1489131129555009538
1489131134315163648
1489131145732235269
1489131146994720769
1489131147779244032
1489131155211403265
1489131157757345797
1489131165575684096
1489131174601498627
1489131180372885505
1489131181119524864
1489131184391176198
1489131194180538368
1489131197057974274
1489131199050108928
1489131202388717575
1489131206331543557
1489131209145864194
1489131211658129409
1489131215152103424
1489131217161265152
1489131218905931781
1489131224161562626
1489131226229182467
1489131226975903744
1489131229660295169
1489131230977273857
1489131247821598725
1489131251927851010
1489131253022474241
1489131253605572611
1489131256835104771
1489131268209999872
1489131270097432577
1489131278620594176
1489131286803333124
1489131291115143168
1489131292797067264
1489131294042824710
1489131296680857602
1489131301747707908
1489131301970001924
1489131306617384961
1489131309108588549
1489131313516974083
1489131313932214276
1489131315958280195
1489131320290988032
1489131321788178434
1489131324178898944
1489131326250881026
1489131329073696769
1489131330076041220
1489131336275214336
1489131338624122882
1489131344378671106
1489131344789524482
1489131350938595335
1489131359436414976
1489131361713725442
1489131362984415232
1489131368936198151
1489131369854906379
1489131374359588867
1489131376620175361
1489131383674994693
1489131385088778242
1489131386174939141
1489131395914022912
1489131396970864648
1489131404592132096
1489131406412242948
1489131410778693634
1489131411290345473
1489131412083011586
1489131414968803329
1489131417569222664
1489131424028377088
1489131424359739394
1489131432756887553
1489131435373985794
1489131437374595072
1489131444115066881
1489131447822831619
1489131460225376257
1489131460963536899
1489131467045179392
1489131472036454405
1489131474880065540
1489131486662082563
1489131487362367492
1489131490243977217
1489131492357947395
1489131492760604673
1489131495650385924
1489131496246067203
1489131503015583744
1489131503527235592
1489131506941452292
1489131509453754369
1489131513379635200
