1497949625226960906
1497949626812575749
1497949628519657478
1497949639563112450
1497949642323025927
1497949647167365120
1497949655233036292
1497949663512743936
1497949663609356290
1497949664934604808
1497949666197049348
1497949670806593542
1497949670852730884
1497949671444008965
1497949672639455234
1497949684060545024
1497949691383672832
1497949691492790276
1497949697243181060
1497949701554933763
1497949701890469896
1497949717140967431
1497949717782831106
1497949722010660865
1497949723533225988
1497949725462614021
1497949730403328005
1497949738817110029
1497949758727536648
1497949764360548353
1497949772677672973
1497949785290125327
1497949786280009729
1497949789165879299
1497949811236126726
1497949814863978501
1497949815602171905
1497949817586212868
1497949819700011017
1497949821696675841
1497949823357501440
1497949825601572868
1497949827015090176
1497949847730606080
1497949851576795139
1497949854395469827
1497949860728877058
1497949862779764742
1497949865912979459
1497949867045437444
1497949867821486081
1497949868006023172
1497949870304415747
1497949883717730306
1497949892718862338
1497949899249549318
1497949900176347136
1497949906148941830
1497949907478528000
1497949908762042370
1497949909420490757
1497949910968143877
1497949912968974338
1497949914239848453
1497949932099182601
1497949935685316609
1497949936607977477
1497949939728486404
1497949939988639746
1497949941838319616
1497949951988428800
1497949953162887173
1497949953221488646
1497949962436419588
1497949963988439047
1497949965095559170
1497949966807060483
1497949979490627591
1497949986096664576
1497949993558233092
1497950007328129033
1497950012872953856
1497950024663191554
1497950037132791809
1497950039594831874
1497950041482407936
1497950053436116997
1497950059492941831
1497950076647489539
1497950077498716167
1497950080044879877
1497950080082620417
1497950082611617792
1497950083941294082
1497950085618880526
1497950086994837508
1497950087816822789
1497950089259716613
1497950089830010882
1497950108549193729
1497950117202067463
1497950125972463619
1497950127931244547
1497950137431171074
1497950144901300231
1497950149540302850
1497950154313420800
1497950160839602182
1497950195287728131
1497950197204328453
1497950206280617988
1497950208092635138
1497950209804021760
1497950217269923845
1497950219002126336
1497950233694638084
1497950235959562240
1497950236693737481
1497950237238992899
1497950238425845765
1497950241558908933
1497950242439843846
1497950245006704648
1497950249150734340
1497950262664871938
1497950263226736643
1497950265848352771
1497950271888052226
1497950281241354244
1497950282105462789
1497950288921210885
1497950289562935300
1497950291655725059
1497950300316921858
1497950300438556675
1497950318348455944
1497950319019687937
1497950334026752003
1497950336832708608
1497950344181125121
1497950352087396358
1497950354637475840
1497950354763182082
1497950357032513536
1497950373847322625
1497950387239890953
1497950393950740487
1497950395351515141
1497950403186638852
1497950406948712455
1497950414355980294
1497950414322417670
1497950426766798848
1497950432538279940
1497950436472475652
1497950437126729733
1497950437185626113
1497950440109051911
1497950456462594058
1497950463672598531
1497950463823593474
1497950464461131777
1497950483104817152
1497950499101986818
1497950505267511296
1497950516994887683
1497950519872172033
1497950519880523783
1497950521038151683
1497950525152800769
1497950527002316805
1497950531171414016
1497950535680507909
1497950538918420480
1497950546774290434
1497950549450256384
1497950562096238593
1497950568345751556
1497950569637371908
1497950569805193225
1497950575274643463
1497950581108838401
1497950581440327690
1497950585659736065
1497950586100146178
1497950587505156096
1497950588176379909
1497950591359885317
1497950594211983362
1497950615200219145
1497950616836050944
1497950617444175872
1497950620921204736
1497950621785366534
1497950622691172357
1497950626659065857
1497950627477008385
1497950627837607937
1497950627850301445
1497950634305376256
1497950637052547080
1497950643687809031
1497950647894908933
1497950648549191682
1497950655738257409
1497950656828784642
1497950659899015174
1497950663946297348
1497950674373468161
1497950674637701121
1497950675648630791
1497950683991003147
1497950685400219649
1497950692476002306
1497950702093709316
1497950705147170823
1497950712759734278
1497950721940934658
1497950722360430593
1497950726764564480
1497950733324460036
1497950741197205511
1497950742627377153
1497950745366200324
1497950748029636611
1497950748814057477
1497950751301193729
1497950763422736386
1497950764924350466
1497950765716959233
1497950776060039168
1497950779004620802
1497950783865864201
1497950803335663622
1497950806552629250
1497950816312963072
1497950824437276673
1497950837980549125
1497950838991601665
1497950844272140290
1497950872151769089
1497950875893047308
1497950879860723717
1497950887796371465
1497950891311341571
1497950899339026432
1497950899595096068
1497950912454799369
1497950917710135297
1497950918343544839
1497950925083791361
1497950928896331779
1497950940514725903
1497950941680742404
1497950944847269903
1497950954586574856
1497950953173102597
1497950954586574856
1497950960659800065
1497950945128374273
1497950953173102597
1497950973284831249
1497950974589108226
1497950976996687872
1497950980406595589
1497950973284831249
1497950985334972419
1497950973284831249
1497950987436310534
1497950973284831249
1497950991748149250
1497950992851161088
1497950973284831249
1497950994700849153
1497950994839207939
1497950995829047301
1497951006826450944
1497951010894974979
1497951028909641731
1497951032810237955
1497951033741484033
1497951033938649091
1497951045116379137
1497951049994453000
1497951050493571074
1497951052062101512
1497951054322974721
1497951057015713794
1497951061734313989
1497951062296129542
1497951075164254209
1497951079430070276
1497951080944050178
1497951087130648579
1497951090528161793
1497951096039514118
1497951102163206158
1497951102674685953
1497951104683986948
1497951115458985989
1497951128947941378
1497951135088484355
1497951142805786635
1497951162175213574
1497951170442108930
1497951175055921153
1497951194194534403
1497951205032701953
1497951205812752385
1497951206890606593
1497951208694181890
1497951213253451778
1497951213660164096
1497951216390873089
1497951227317002244
1497951238067003397
1497951238637424641
1497951242164883458
1497951244270268419
1497951258996580355
1497951267792039941
1497951287572373505
1497951288004251651
1497951289606504448
1497951292286816262
1497951295814004741
1497951296497803268
1497951301979672578
1497951302432743427
1497951302990577671
1497951309886111748
1497951319524626435
1497951329519607808
1497951330371002378
1497951339883675665
1497951341343166468
1497951344627380225
1497951345529298952
1497951350734438402
1497951356593881089
1497951369747173376
1497951374348324868
1497951376411926529
1497951379188555784
1497951387354898434
1497951409865641984
1497951411660804097
1497951418577145856
1497951431822692355
1497951436117721089
1497951441838878722
1497951443395006474
1497951447366914050
1497951458834239499
1497951461245960194
1497951466153250817
1497951468405547009
1497951471416987650
1497951479444824071
1497951479629553664
1497951489846697985
1497951491352576003
1497951499779026944
1497951514366783493
1497951517160185856
1497951523094949893
1497951533262151684
1497951533379424262
1497951536617566210
1497951537703923716
1497951537892495361
1497951542820884483
1497951544632823814
1497951547879211009
1497951550580432897
1497951550970363904
1497951554602774529
1497951556632723460
1497951558771773446
1497951560252358657
1497951562865467400
1497951579646869511
1497951586584174593
1497951599179751424
1497951612706308099
1497951613167845380
1497951614908387332
1497951617165017088
1497951619815653377
1497951631169622019
1497951635154296833
1497951641236275203
1497951647154294784
1497951656637513729
1497951665470722051
1497951668989984770
1497951688489066504
1497951688572821504
1497951699692044292
1497951714946822150
1497951718679760896
1497951721502519297
1497951722211262467
1497951730071478275
1497951738669805569
1497951738904645633
1497951744948465666
1497951750082293767
1497951751256870913
1497951756164251652
1497951763047067648
1497951763315380226
1497951772446380032
1497951777370476545
1497951783116750848
1497951783016091655
1497951784039501831
1497951786845585412
1497951791236845572
1497951790385483778
1497951806311305219
1497951814624419842
1497951818768211971
1497951825592348677
1497951827412885509
1497951833381294080
1497951835063300109
1497951838884270082
1497951851014197248
1497951853170020353
1497951858316361732
1497951869263482884
1497951873982205957
1497951882517622785
1497951895058591744
1497951917246496769
1497951921356750849
1497951926830485514
1497951933922832388
1497951934367600646
1497951939589509132
1497951942164815875
1497951951912419344
1497951977086623750
1497951981054353412
1497951984128774146
1497951986288783361
1497951987106787332
1497951988742385664
1497951996682272769
1497952001946271744
1497952005221933066
1497952009697255424
1497952011328925698
1497952011748265988
1497952013862285314
1497952017934917634
1497952028055724039
1497952034187849731
1497952040420626441
1497952043914387459
1497952050583203843
1497952053838196746
1497952054702002176
1497952088080400392
1497952103289049095
1497952115007770630
1497952117360836612
1497952122251399178
1497952129042075654
1497952131944308736
1497952140702236679
1497952142195236865
1497952169852559360
1497952172490772487
1497952177855291392
1497952182808682499
1497952189939011584
1497952192321531904
1497952204702900224
1497952214047858701
1497952214803009540
1497952231836028938
1497952240614662146
1497952241604603911
1497952257819783173
1497952266359394308
1497952269542871042
1497952276543156234
1497952277079994372
1497952285548236802
1497952297149677572
1497952300253339652
1497952300685537284
1497952303055351811
1497952302942105602
1497952304447766530
1497952319589306376
1497952331169685514
1497952349570097158
1497952351411478528
1497952359003086848
1497952359972061185
1497952366787706888
1497952369337847811
1497952383049080833
1497952388245864448
1497952398421073936
1497952404179804162
1497952405094559744
1497952405744283648
1497952411851259904
1497952412270739466
1497952415315750915
1497952424371400706
1497952435574292480
1497952474082148362
1497952476359798787
1497952487084494851
1497952496077221892
1497952509683539971
1497952535809863682
1497952539823779842
1497952541644050437
1497952542617124865
1497952542914920450
1497952548648538116
1497952566122008582
1497952568835645443
1497952588678909955
1497952603841380358
1497952612854812672
1497952616411983874
1497952631288963072
1497952636598829057
1497952637345574919
1497952652583391246
1497952651115433992
1497952670136639491
1497952673110405121
1497952699685421059
1497952702030090244
1497952704324382727
1497952705024860160
1497952708787159042
1497952708854267914
1497952715233767425
1497952715258822656
1497952720036134916
1497952720652840972
1497952721290289165
1497952739187437573
1497952741703913477
1497952741938892800
1497952749253652484
1497952749752754182
1497952750885351429
1497952765246586884
1497952784183742470
1497952785450610689
1497952790395731970
1497952792555634688
1497952794258587648
1497952799145005059
1497952809878056966
1497952817666936839
1497952821320290310
1497952826357604352
1497952828651970563
1497952836591570950
1497952849690566656
1497952852572000256
1497952857831587840
1497952868912930818
1497952881865076740
1497952884180193283
1497952891713302529
1497952907290988550
1497952910704975878
1497952912076541955
1497952918800007173
1497952919294922763
1497952920532185092
1497952930057629712
1497952936990814213
1497952941021417476
1497952942728663046
1497952945060696066
1497952951997927428
1497952958163603461
1497952961762246660
1497952962571874306
1497952962995535878
1497952978573185024
1497952977734283266
1497952987745972227
1497952989193150468
1497953000714817542
1497953004993007617
1497953010118316039
1497953010932076547
1497953019358593029
1497953025394044928
1497953030104391686
1497953035527536640
1497953055605764105
1497953059380551684
1497953063625277442
1497953066276069382
1497953067081383943
1497953069094498312
1497953070596202498
1497953071820849161
1497953075436437512
1497953077709656071
1497953078154125312
1497953080796663812
1497953083430559746
1497953087046262785
1497953092205117441
1497953095585828870
1497953099389890566
1497953106117730314
1497953110265896962
1497953117555630081
1497953118532816902
1497953121850597381
1497953127038918667
1497953141223997443
1497953147079303172
1497953150011158538
1497953150740926469
1497953153488195591
1497953190129676289
1497953190947475456
1497953199826870280
1497953203790385156
1497953204272697344
1497953204826431493
1497953212053135361
1497953215115059207
1497953215589060611
1497953221226209283
1497953226938793984
1497953227102474252
1497953229107257345
1497953233012199431
1497953238749831169
1497953238993174531
1497953243955146756
1497953246564003845
1497953253241331719
1497953258492489729
1497953264146567173
1497953265832673286
1497953269834043400
1497953294265851904
1497953300221730816
1497953304944406529
1497953306425102339
1497953311772725256
1497953316692709377
1497953319725244423
1497953324905156612
1497953327530889221
1497953331095826433
1497953332714901504
1497953336141565952
1497953336963657731
1497953337769082883
1497953338486362115
1497953342093418496
1497953343573950467
1497953348670005248
1497953350175928320
1497953353497604098
1497953354898575363
1497953355510861826
1497953356660236293
1497953359017361410
1497953362016456710
1497953381272354816
1497953384418230279
1497953388918677506
1497953390558650380
1497953392429187072
1497953393809178628
1497953395344293891
1497953398892777478
1497953404202668038
1497953422082990085
1497953426163920899
1497953444170240006
1497953444329631744
1497953444388298756
1497953444702801921
1497953446976229379
1497953452281970691
1497953460662136833
1497953478894886915
1497953480253886469
1497953485769347075
1497953486821945344
1497953487891492866
1497953496976482304
1497953499153264649
1497953500486987781
1497953504241098755
1497953507474817029
1497953508095832070
1497953514504568838
1497953519185367043
1497953519156011017
1497953520250728455
1497953524025466882
1497953534154711041
1497953540618309634
1497953540635086855
1497953543462039555
1497953547513651207
1497953549933858816
1497953556082556929
1497953558523752457
1497953562717995009
1497953575649124353
1497953579268820998
1497953582200492032
1497953582124916737
1497953593810468866
1497953607043493888
1497953607186096132
1497953608909922307
1497953613271949318
1497953620641386509
1497953621584932870
1497953627893235715
1497953629868740610
1497953634117685252
1497953635392577536
1497953640799080453
1497953642279751680
1497953642761969670
1497953642837516291
1497953645995954184
1497953648696967169
1497953652006391808
1497953671619002368
1497953676144496647
1497953678212284417
1497953712412807170
1497953722881744899
1497953723133353989
1497953724207013896
1497953724630765576
1497953725981331469
1497953728883671048
1497953750824144908
1497953755035283459
1497953766770806787
1497953767068741640
1497953777982197765
1497953783099236352
1497953783791423489
1497953795225042957
1497953807891898378
1497953811410870275
1497953812002205697
1497953812337856519
1497953818687979524
1497953832424423428
1497953837830782979
1497953850203987971
1497953868063334402
1497953874723819521
1497953877848584193
1497953892428042242
1497953900569239555
1497953901898698753
1497953902309908481
1497953911499632642
1497953913554755586
1497953915253321735
1497953927890972672
1497953928016969729
1497953941937537024
1497953943908929536
1497953949940289538
1497953950619750403
1497953956026331136
1497953975982645248
1497953983188672517
1497953996362989575
1497954005208625153
1497954011617669125
1497954013127614465
1497954015828746241
1497954019322519554
1497954021998575622
1497954024259129344
1497954025001545730
1497954035558719491
1497954037806764033
1497954038893080579
1497954049731092482
1497954054164520962
1497954055511212032
1497954056748343302
1497954065631911943
1497954070933348357
1497954085277949957
1497954086339162113
1497954092034969608
1497954092974415872
1497954094253813772
1497954098225680395
1497954105012142087
1497954112671035392
1497954119289606149
1497954130438107139
1497954133961281546
1497954138126045184
1497954140240158720
1497954150713212929
1497954150826446850
1497954155868082178
1497954157411586049
1497954165879881730
1497954166089535492
1497954172368568325
1497954182862626817
1497954198062878723
1497954202840043521
1497954224700747783
1497954241528352771
1497954242815946753
1497954246246817794
1497954251510743041
1497954254736302091
1497954255311114242
1497954257823272966
1497954258150469637
1497954258213294086
1497954261811879937
1497954274550038530
1497954276110385153
1497954279105220620
1497954294967853058
1497954295488159745
1497954296373071877
1497954298482855938
1497954300709904388
1497954307144130561
1497954314719006723
1497954314781872134
1497954315570458633
1497954317755912193
1497954318258827264
1497954319295033347
1497954326303494145
1497954332179931142
1497954338735489026
1497954343563272195
1497954356292947973
1497954362685018116
1497954365562400769
1497954368095764489
1497954370729615362
1497954374982586370
1497954375364333578
1497954381055987713
1497954388354031621
1497954391655079938
1497954408424001537
1497954418335141895
1497954419186536448
1497954421979979787
1497954428476874753
1497954433870794764
1497954434449502210
1497954441282134016
1497954442154754051
1497954456100433920
1497954476749168649
1497954477755834375
1497954484210880517
1497954486706270210
1497954494046425091
1497954498349649924
1497954499905916931
1497954505924689920
1497954514107731968
1497954521389187084
1497954522169237514
1497954523276587008
1497954531363237896
1497954536102801413
1497954535947517955
1497954541190336513
1497954544805842944
1497954549163724803
1497954551743205376
1497954554939424769
1497954570328289292
1497954585939308544
1497954601684897795
1497954604423602183
1497954615165435906
1497954622559956994
1497954631539998723
1497954634756812806
1497954636946616326
1497954663278198789
1497954679396831236
1497954686665732098
1497954693112340480
1497954695402475527
1497954702197022726
1497954709566537739
1497954712531861504
1497954716071960576
1497954719259451393
1497954719737778180
1497954721935421450
1497954731590705156
1497954733851480068
1497954735709560835
1497954739236970498
1497954745109073926
1497954753288024066
1497954776960667652
1497954777090736131
1497954779850493959
1497954782236975106
1497954788729933829
1497954789098876932
1497954789623316480
1497954794769682433
1497954811177754630
1497954811722928130
1497954813027438596
1497954829406138370
1497954831478132738
1497954835903262729
1497954848448335877
1497954850797244416
1497954852269350916
1497954863266902020
1497954864554553346
1497954869470130179
1497954874557747200
1497954875191267329
1497954877888245767
1497954889934147584
1497954898205454340
1497954899455188996
1497954910708514819
1497954911644012546
1497954919340331012
1497954921848741907
1497954923069128706
1497954930107158530
1497954931755601920
1497954934280622088
1497954938722336777
1497954939942756356
1497954948549537795
1497954949103341573
1497954949472288770
1497954959937183745
1497954962692841478
1497954968464199684
1497954969093230595
1497954982682771456
1497954990035460098
1497954991314804737
1497954996104531971
1497955001338978305
1497955004543647754
1497955010176499719
1497955013636726786
1497955015612416004
1497955017742950400
1497955020075065347
1497955030166556674
1497955030422458370
1497955032364429314
1497955032565575681
1497955033392029701
1497955042682310656
1497955046503419910
1497955047765729285
1497955048982294529
1497955057148510215
1497955058654326791
1497955059983863810
1497955061942599683
1497955063054143493
1497955066166136837
1497955066657091587
1497955070461333505
1497955076190707716
1497955079588126726
1497955083723624449
1497955085015519240
1497955092212985861
1497955095908012036
1497955096843505670
1497955106393923586
1497955109879357445
1497955113217892352
1497955116065898503
1497955124387500044
1497955128074145795
1497955133099024384
1497955134801944576
1497955144377511942
1497955147363799049
1497955149398036487
1497955151654572037
1497955153512734721
1497955162387849218
1497955176010772483
1497955182352777216
1497955185280548870
1497955187977117696
1497955189948567563
1497955196596461568
1497955204167258112
1497955204637020162
1497955213994569732
1497955221800108033
1497955225512022023
1497955227969806341
1497955231874920450
1497955232789057539
1497955238191550470
1497955256864366597
1497955270328143875
1497955277294997504
1497955278393913346
1497955282344833024
1497955288413970434
1497955292662824960
1497955295909269508
1497955295720615938
1497955297431797763
1497955297792610313
1497955300522881034
1497955300908814338
1497955309997813761
1497955314175553536
1497955324938137600
1497955332085088264
1497955336300367872
1497955345318264833
1497955349713891333
1497955350019932162
1497955354595840006
1497955357716529155
1497955363034853378
1497955375970144264
1497955381674397698
1497955386585923588
1497955388473315328
1497955393007497218
1497955396950003713
1497955401261854726
1497955426138300420
1497955432580718599
1497955432819838980
1497955441548029956
1497955442563112976
1497955451769536516
1497955454936305668
1497955462901346304
1497955463928983560
1497955483801509888
1497955487983312903
1497955492416548864
1497955501891596290
1497955512914165761
1497955514986209282
1497955516848300032
1497955519402754050
1497955531650129921
1497955536167268353
1497955536859455490
1497955537077477386
1497955540038729728
1497955540319703041
1497955553917685770
1497955554194595844
1497955559261327361
1497955566521503744
1497955584683003907
1497955588025634817
1497955590903009280
1497955601548206081
1497955601778974727
1497955603439931394
1497955604266164224
1497955609962070023
1497955615087513608
1497955617893457933
1497955618841251842
1497955619105656832
1497955631470415875
1497955633647259648
1497955636180566020
1497955637212418053
1497955647123431429
1497955650093166595
1497955662470344706
1497955665163309057
1497955674625560578
1497955687539822595
1497955691620884488
1497955697039921156
1497955699250323461
1497955700743487491
1497955700802211848
1497955704036024322
1497955706820960256
1497955713481678857
1497955722730090505
1497955730820722688
1497955732188286980
1497955738077040648
1497955740333613057
1497955743131226115
1497955751276408833
1497955751373033479
1497955765927170048
1497955777721470980
1497955780368162821
1497955784507867138
1497955789344063494
1497955794985406467
1497955802086354948
1497955816141373443
1497955822068019200
1497955824429371397
1497955827377795073
1497955833564610562
1497955837209464833
1497955838857818113
1497955847502139393
1497955850597580802
1497955851772088330
1497955853156196357
1497955859967578112
1497955865814450182
1497955868310188034
1497955870965182466
1497955877105504258
1497955879030857733
1497955886840442885
1497955886937133066
1497955891324370951
1497955896554508289
1497955898936942592
1497955912916611074
1497955914581786626
1497955920877293569
1497955929790324741
1497955940821258241
1497955940942979074
1497955944172503041
1497955957338300425
1497955960802975753
1497955964489646083
1497955968805523456
1497955969686327300
1497955970970001416
1497955970986696704
1497955982780993536
1497955986333745159
1497955987990396933
1497955987894026245
1497955988120473603
1497955990418898958
1497955991358377990
1497955991513612289
1497955992516141056
1497955992516149261
1497956006248157190
1497956013357420547
1497956013730840582
1497956018390659072
1497956019774758913
1497956033200893954
1497956038036836353
1497956040830111747
1497956042638073867
1497956053513764869
1497956055346814977
1497956071754944513
1497956078520348674
1497956080730714118
1497956099898724356
1497956115803475968
1497956120962420741
1497956126918426635
1497956129980223489
1497956150398140419
1497956152100855812
1497956152268791812
1497956153698906113
1497956155796164610
1497956156114931720
1497956158467764228
1497956167607361542
1497956177358983172
1497956183537242112
1497956184912977920
1497956185323950082
1497956197491613696
1497956206673121282
1497956209608970240
1497956209676201986
1497956220761559042
1497956221990625287
1497956232551829505
1497956235932422144
1497956238272999424
1497956242412744704
1497956245826854913
1497956249849286660
1497956266836070407
1497956269285687302
1497956273911910402
1497956275593912322
1497956285278404612
1497956293059006468
1497956297131663362
1497956297764974600
1497956301409861634
1497956317478240264
1497956323480145924
1497956326718193667
1497956333320032259
1497956335828230152
1497956335949856768
1497956344489517059
1497956349564821509
1497956356795645962
1497956357932294150
1497956360306130950
1497956372494884873
1497956381546016769
1497956382246645761
1497956392971513862
1497956396792434694
1497956396955947014
1497956407714496512
1497956411678019584
1497956416371531776
1497956417193623555
1497956417055121415
1497956418011508736
1497956423954624512
1497956438018179073
1497956442082480129
1497956447392571398
1497956450517278726
1497956455969742848
1497956457651834883
1497956474387058697
1497956479860621322
1497956486374375426
1497956487142035456
1497956499586387969
1497956502610464771
1497956503726272521
1497956508264325122
1497956510780985346
1497956521031962630
1497956523674243074
1497956530213179397
1497956531521966083
1497956539348357122
1497956540828979205
1497956542905307143
1497956549364355075
1497956551084052483
1497956552380227596
1497956560731086850
1497956566766653441
1497956568008060931
1497956568503132164
1497956574081523714
1497956582096654342
1497956601411645441
1497956603856711682
1497956606746767368
1497956608281829387
1497956612773855238
1497956618004496385
1497956618348208128
1497956622475436036
1497956628594937860
1497956630243123202
1497956636161363970
1497956639739056138
1497956641450311687
1497956643702812677
1497956645208473604
1497956645623709700
1497956646882054145
1497956648739954690
1497956664670138373
1497956667597602827
1497956670353424393
1497956687004721155
1497956689231769602
1497956689575874564
1497956694738890752
1497956702603427843
1497956713026174981
1497956727706296327
1497956730315198474
1497956730612891649
1497956733729185795
1497956739584512002
1497956740553482247
1497956741664940039
1497956749336190977
1497956750753943555
1497956782618075154
1497956785214435333
1497956789366755338
1497956791639961600
1497956804734631936
1497956813135831046
1497956818626224128
1497956818596900873
1497956819611922438
1497956820601692164
1497956821558083593
1497956822027755521
1497956823843815425
1497956831573983237
1497956833813696512
1497956838125486086
1497956838498783235
1497956838561746949
1497956854936350731
1497956856093978624
1497956856945418241
1497956862972542979
1497956864172118019
1497956872497729537
1497956874964115459
1497956875169640452
1497956884569071616
1497956889866510343
1497956894236979204
1497956895855947777
1497956902289883137
1497956905255272450
1497956910775115778
1497956918249369605
1497956919977209857
1497956922514817024
1497956926323314691
1497956940672118790
1497956941372424194
1497956942878162944
1497956952130809859
1497956963203887104
1497956964306980867
1497956964575309825
1497956967716954118
1497956983462240257
1497956983986610181
1497956984640860161
1497956985093988352
1497956988768112641
1497956993101086723
1497956996598972421
1497957000604372994
1497957001023922178
1497957004366778379
1497957007726297088
1497957012772208644
1497957017188806672
1497957026399350786
1497957030090313732
1497957033793908739
1497957037505847300
1497957038088990727
1497957041079570435
1497957041528262656
1497957042010611717
1497957072574435328
1497957077968465921
1497957081328062465
1497957081722335237
1497957081873362949
1497957084452855809
1497957086021308418
1497957086566756356
1497957087845838849
1497957091029315585
1497957092304510976
1497957094229688326
1497957103255707649
1497957108918202369
1497957113506717699
1497957119370272769
1497957120838406150
1497957122805485569
1497957123455651841
1497957126370701313
1497957134704603139
1497957145605652481
1497957150181629965
1497957150496227332
1497957156271890435
1497957160319438865
1497957164157181957
1497957164765392902
1497957174001254401
1497957175762698244
1497957178161905669
1497957179759812609
1497957181928271876
1497957185212633097
1497957186915418119
1497957188479995910
1497957192435179532
1497957192946917378
1497957196340019202
1497957201255669764
1497957201725558787
1497957209648500742
1497957212756529158
1497957213280686083
1497957214182690826
1497957214950027264
1497957218712539137
1497957226069245954
1497957229592555525
1497957231635144710
1497957232301932545
1497957234906648576
1497957247464394760
1497957248550592514
1497957250064916484
1497957250245267465
1497957251801227274
1497957256733900808
1497957273364279297
1497957273615970309
1497957285284364293
1497957303051599874
1497957312174039051
1497957313700847622
1497957328309604359
1497957330750619652
1497957333824991236
1497957337939677191
1497957338082205696
1497957368092573698
1497957380360867841
1497957387591893001
1497957389982699534
1497957404474064896
1497957405174423564
1497957405807693827
1497957407799971841
1497957421548978184
1497957422907936772
1497957427165249542
1497957428373213187
1497957429417586693
1497957434878431233
1497957440402378755
1497957442038210571
1497957443195838465
1497957443279675397
1497957443866808322
1497957444361801731
1497957453392191494
1497957462082736131
1497957469255045122
1497957469930225664
1497957475114532877
1497957478801227776
1497957488100052995
1497957499768655873
1497957500838158342
1497957513265827840
1497957516814209039
1497957519372820485
1497957523805982725
1497957526997979137
1497957528612835334
1497957530378534912
1497957530466672646
1497957531624345603
1497957531414577153
1497957533386002435
1497957535441207299
1497957537945063431
1497957546467934212
1497957552042102785
1497957561680601093
1497957567456333824
1497957568848830471
1497957580584493061
1497957585273634818
1497957591133085698
1497957604307476480
1497957605603487745
1497957606282964996
1497957608912736260
1497957618660298753
1497957627950555139
1497957634313535490
1497957637530558472
1497957644669046788
1497957671894347779
1497957673429438468
1497957674167816192
1497957677309341705
1497957691171356674
1497957697861427209
1497957721827467267
1497957722641342476
1497957727435472897
1497957729238806532
1497957729528209408
1497957731642314759
1497957739435229191
1497957745261170696
1497957750135009280
1497957763317579777
1497957784498806786
1497957787300765698
1497957799006904320
1497957800864927749
1497957803100708866
1497957807135596545
1497957811166355456
1497957814873985026
1497957828467826691
1497957828937535500
1497957829424128000
1497957832011833346
1497957842959036416
1497957847308677124
1497957847786655750
1497957852299755521
1497957855495925767
1497957857324638215
1497957859887255553
1497957861539909643
1497957871723716611
1497957874831556611
1497957876018470914
1497957891164225542
1497957891814400003
1497957894070931466
1497957897094844417
1497957897216540677
1497957898688745474
1497957901100630020
1497957909766225925
1497957918301425670
1497957928678084611
1497957931064516617
1497957933912633345
1497957934017351687
1497957943110778880
1497957946814255120
1497957948559138817
1497957953428549633
1497957958684131331
1497957965566984198
1497957979005415424
1497957979571826689
1497957980540571653
1497957981241159682
1497957983149600770
1497957984797794311
1497957986353954819
1497957989063741445
1497957991923998724
1497957993907900416
1497957999083622408
1497958004381171721
1497958008608940034
1497958009804230660
1497958012111048705
1497958020252270592
1497958024513740804
1497958026711601155
1497958032013238279
1497958034076839939
1497958053240573958
1497958054645870594
1497958060626612225
1497958064565018624
1497958069652766723
1497958073104797696
1497958087541592064
1497958092339916802
1497958094139240451
1497958095586304005
1497958097469464579
1497958098958528517
1497958100757663746
1497958100669714433
1497958107036762113
1497958107292610563
1497958144193875973
1497958158521679874
1497958161734463492
1497958174283816964
1497958175776993283
1497958177081602048
1497958179988148225
1497958185113731076
1497958214138277894
1497958217485148174
1497958226909925379
1497958236166701064
1497958245377482755
1497958253745033219
1497958260049158149
1497958272531197952
1497958280051625984
1497958289237106691
1497958292693393411
1497958306756837385
1497958309332234244
1497958311408410628
1497958312284856323
1497958325115367435
1497958343826104322
1497958348779663372
1497958355175890948
1497958356031582214
1497958358392860674
1497958362494943237
1497958367951609860
1497958382355030022
1497958383076487168
1497958385907548171
1497958395416035332
1497958400910667782
1497958402034655235
1497958402596634631
1497958403469103117
1497958407004958723
1497958409198792707
1497958411144597507
1497958416467247105
1497958420745531396
1497958424340058114
1497958424541204484
1497958428651626499
1497958430010658822
1497958437275189252
1497958439670136839
1497958439770746880
1497958452718624768
1497958453763096577
1497958456892006405
1497958457672187908
1497958457789530114
1497958458380877827
1497958464827523085
1497958468329820162
1497958470309617664
1497958473081966597
1497958485165850628
1497958486717743105
1497958500697198595
1497958505889742854
1497958514278477827
1497958529839345664
1497958530153918464
1497958537644937230
1497958542501826561
1497958543009452035
1497958543487610886
1497958544699801603
1497958551616172032
1497958554380107781
1497958557949603842
1497958565440589831
1497958568036872193
1497958568846413825
1497958571450974220
1497958574286422018
1497958586886111232
1497958602258071557
1497958613943402497
1497958615457550339
1497958615231057923
1497958617051537414
1497958628665569284
1497958631094067201
1497958632331247620
1497958635300921348
1497958637645533190
1497958640308817923
1497958645065297920
1497958645723586563
1497958667655823361
1497958670210002947
1497958672772837376
1497958676887334917
1497958681207394304
1497958685619802113
1497958690531516420
1497958696692768768
1497958704095932419
1497958708856426500
1497958718805262338
1497958725839200262
1497958729483968518
1497958737994153987
1497958740103995398
1497958750094696451
1497958750552203264
1497958762438705160
1497958768008704003
1497958768272936962
1497958768373649413
1497958771959685122
1497958782403498004
1497958790909640712
1497958794487156740
1497958817862139904
1497958818730455040
1497958820718514182
1497958835755134992
1497958847847100419
1497958848090497026
1497958849248178179
1497958854965047296
1497958857133334528
1497958864989585413
1497958867170258945
1497958875819036676
1497958880588054532
1497958884861960193
1497958885327474689
1497958890373144584
1497958894479372294
1497958899298693123
1497958911588118531
1497958924720525319
1497958929627811841
1497958933427744776
1497958939715010561
1497958941577388037
1497958951089946631
1497958951601590274
1497958951408787456
1497958958480465921
1497958959944060929
1497958959986233348
1497958969796698114
1497958979833634825
1497958980441812997
1497958980513153031
1497958980869668864
1497958981246996481
1497958994438242304
1497959000377372675
1497959009164447745
1497959033810014209
1497959035282378758
1497959063552167938
1497959064889876485
1497959066030673920
1497959076034142215
1497959076277325824
1497959079003963395
1497959083135184897
1497959091448139778
1497959093381877763
1497959098750361602
1497959116031119360
1497959118782488581
1497959122632802306
1497959124658794497
1497959126743142400
1497959135547052034
1497959138764197897
1497959142719426572
1497959152525664260
1497959154262044676
1497959164403986436
1497959164806668289
1497959173153193984
1497959173102919688
1497959174885367810
1497959183924092931
1497959190056341505
1497959191092383744
1497959201301094404
1497959204434419712
1497959204983738374
1497959206602756096
1497959207286546434
1497959212311269380
1497959214907813891
1497959224424472577
1497959224688758787
1497959227150811137
1497959231680614400
1497959234830483465
1497959238567669760
1497959240035618816
1497959244372451329
1497959249032486915
1497959251129556994
1497959253142765572
1497959253557997568
1497959257035223043
1497959267365625856
1497959269777350660
1497959272759631875
1497959284285612043
1497959289436008449
1497959292661420033
1497959294091907076
1497959298579714052
1497959302182678528
1497959306657943559
1497959307249340416
1497959316099371012
1497959323657392129
1497959326907994112
1497959333061181440
1497959338475991043
1497959340984217602
1497959347279724549
1497959367756464135
1497959369723551744
1497959375444619273
1497959375427809282
1497959376623185921
1497959381056598022
1497959382067331075
1497959382478249984
1497959385028599810
1497959389944233986
1497959392133660674
1497959392943263745
1497959396986470400
1497959398664126470
1497959403810701312
1497959405677006853
1497959413667270658
1497959427642736652
1497959431950286849
1497959434995347461
1497959447397814274
1497959449415323649
1497959459787845633
1497959462602039297
1497959465030754308
1497959466091823107
1497959473339641865
1497959477907234822
1497959478280404992
1497959478699909121
1497959485956108291
1497959486295883783
1497959488132947968
1497959491274346500
1497959493702979585
1497959509414744064
1497959514431102977
1497959518763827202
1497959520953253893
1497959521397788673
1497959523440496644
1497959531871100929
1497959536468111362
1497959543589982209
1497959549130657799
1497959554415398915
1497959559155130371
1497959562032422917
1497959563169042443
1497959575605108738
1497959577161244677
1497959580319588352
1497959581556744196
1497959588146008069
1497959589895016449
1497959589958012934
1497959593024139264
1497959594378727427
1497959598824865792
1497959602524246021
1497959606840184833
1497959609805381635
1497959617812385794
1497959618496053248
1497959655019929600
1497959657092046848
1497959657868046348
1497959664595595265
1497959668580241412
1497959673970016257
1497959685080637443
1497959685693091840
1497959690633981954
1497959691837706242
1497959696170373125
1497959696434712582
1497959697902678018
1497959701912379394
1497959702474498049
1497959703028056068
1497959704311459841
1497959707297914885
1497959714994352131
1497959721239728132
1497959728743333901
1497959733642158087
1497959736066588675
1497959738365075469
1497959743574392834
1497959752881487872
1497959758866833410
1497959769226813448
1497959773588754435
1497959787623026691
1497959795357327360
1497959796984664076
1497959815640801282
1497959821915611141
1497959826525237248
1497959827556814849
1497959831495491592
1497959836625035271
1497959837510115331
1497959840450240516
1497959859509211137
1497959869344800774
1497959871542611975
1497959876152246279
1497959895466868739
1497959899963150336
1497959900965576707
1497959901783465984
1497959902982983686
1497959903759060996
1497959907924094986
1497959913619918861
1497959918929911810
1497959918866993153
1497959918934056965
1497959923761696774
1497959930984382466
1497959931533660161
1497959932020371459
1497959933907816453
1497959935329583109
1497959940065005571
1497959957618208775
1497959962576064512
1497959971413180422
1497959971815936016
1497959978774282247
1497959991051014145
1497959996713320448
1497959998353248257
1497959999678685187
1497960002828525579
1497960003076243456
1497960003642302464
1497960006335012864
1497960010789314563
1497960021467930626
1497960022797549570
1497960023565111296
1497960027356807175
1497960030984970247
1497960038190755842
1497960042246586368
1497960049934753802
1497960049955663877
1497960050563981313
1497960051251761157
1497960064124076039
1497960073229910021
1497960077885685762
1497960078489567237
1497960078841942021
1497960085175287810
1497960090732662785
1497960094784442373
1497960096034275329
1497960103756001285
1497960109074534401
1497960110295027713
1497960113440653312
1497960133632032772
1497960137121832961
1497960142561755139
1497960152711892994
1497960156180615168
1497960157694750724
1497960159984816131
1497960160656035840
1497960162006548481
1497960163629666309
1497960168457314304
1497960171586260993
1497960173477978118
1497960179060465669
1497960180373352450
1497960182105743362
1497960196341178376
1497960197192658949
1497960197276508162
1497960198580932612
1497960202947084300
1497960203802738690
1497960204578791434
1497960223545323520
1497960226506559489
1497960231501975557
1497960236384149506
1497960240968572931
1497960243355000834
1497960261893902339
1497960269070450692
1497960276259483658
1497960281930035203
1497960283721146380
1497960284069117952
1497960289291100161
1497960298375901184
1497960302431854594
1497960307603517445
1497960311592267778
1497960322342207489
1497960324904865796
1497960325261545478
1497960326867963907
1497960334027591684
1497960336850243588
1497960337907359755
1497960340272807940
1497960340549685250
1497960344139956228
1497960361848365058
1497960361705754627
1497960368492195841
1497960369410686983
1497960377530961928
1497960382874456070
1497960385168560138
1497960389857923072
1497960390692458497
1497960393020432385
1497960393422999553
1497960396015210496
1497960397063667714
1497960403183226883
1497960406886739968
1497960414092705793
1497960415304769537
1497960423382929408
1497960434229551108
1497960442286776328
1497960442949300231
1497960448028823559
1497960450935255041
1497960453879869441
1497960454982815746
1497960459537989636
1497960459701469190
1497960465581756416
1497960466806722562
1497960473739894787
1497960474100609030
1497960475669184517
1497960475820273667
1497960478139686916
1497960478873722883
1497960481247711240
1497960514667823109
1497960519210131459
1497960519629746188
1497960527011614724
1497960529179987969
1497960531189067782
1497960536381734915
1497960554434019335
1497960557479030785
1497960557801918470
1497960560524156937
1497960561929338880
1497960569101602820
1497960571366359044
1497960576441630723
1497960580816244736
1497960584071069700
1497960585643835392
1497960589460598786
1497960598042255362
1497960608431411200
1497960617507962891
1497960624294350855
1497960630422175744
1497960632448131072
1497960632812982272
1497960634385723394
1497960638412328961
1497960638957633540
1497960641381945346
1497960654002692103
1497960658901606404
1497960660566745092
1497960672927301632
1497960674437345290
1497960676127477766
1497960681034948610
1497960684059045903
1497960687016026124
1497960696847663106
1497960712349655044
1497960712332787717
1497960712857079813
1497960714350125060
1497960716338446337
1497960718754328582
1497960728782942216
1497960732981350402
1497960738123436034
1497960751947997191
1497960754061975562
1497960767844495368
1497960779026292737
1497960780108550147
1497960781366763520
1497960789952532480
1497960793530191876
1497960797510811651
1497960803387023362
1497960813012922371
1497960813960867842
1497960815114211330
1497960820063358977
1497960821644791819
1497960822328467459
1497960832260403204
1497960838400905220
1497960841735462920
1497960845149569032
1497960850413416452
1497960866649673735
1497960868008497157
1497960873565982721
1497960875508084738
1497960877298892804
1497960879039651840
1497960879844995073
1497960883422744587
1497960886505512962
1497960906268954630
1497960909162962944
1497960912694697984
1497960921964204046
1497960923390119943
1497960927601184771
1497960930935820289
1497960935545319425
1497960937378172930
1497960942851657730
1497960943833083904
1497960956168658948
1497960958458675201
1497960959910064135
1497960960526532616
1497960964053995531
1497960971192524802
1497960976016105474
1497960980583694348
1497960983880507393
1497960984950054915
1497960988313673729
1497960997126037506
1497961001743958025
1497961003753123842
1497961003648262149
1497961007435583495
1497961007276347396
1497961011244158980
1497961011218980869
1497961016008785925
1497961020131876868
1497961036812537860
1497961044353900547
1497961047092871179
1497961052759371779
1497961056769294336
1497961058270687239
1497961065635741697
1497961070148784133
1497961073038741514
1497961074741682176
1497961087949586438
1497961096606588933
1497961099249037319
1497961100016599047
1497961100075225096
1497961100599431169
1497961104231837699
1497961117510950916
1497961125383659525
1497961128319721479
1497961129930199040
1497961139551944713
1497961149190610947
1497961154802372609
1497961159248412672
1497961181222424578
1497961184544186372
1497961187216134152
1497961189602729988
1497961192454770689
1497961193415319557
1497961195445358592
1497961203141857282
1497961212268666882
1497961212780367872
1497961221428899840
1497961222213414919
1497961224440537096
1497961230438391822
1497961236562022402
1497961236335636484
1497961240085164032
1497961242958479360
1497961244472614912
1497961256413655040
1497961262550032387
1497961263338557444
1497961267176353793
1497961267646005255
1497961272981303298
1497961273568509960
1497961287833243650
1497961289871609859
1497961294602948610
1497961300252635147
1497961302802767883
1497961304543449092
1497961312189661187
1497961326567739397
1497961327758819339
1497961337204330501
1497961345882361857
1497961365553786885
1497961374823038976
1497961375477420033
1497961376232325125
1497961392841781250
1497961397434597379
1497961401746436102
1497961415822528514
1497961423540043778
1497961424659746820
1497961429269467140
1497961437532233728
1497961442661834755
1497961443240644615
1497961447971717124
1497961448005586944
1497961448223424512
1497961461204717568
1497961464400912387
1497961467051753472
1497961467496206337
1497961469790543884
1497961470016954369
1497961470897840133
1497961474165256202
1497961489260445701
1497961490166468616
1497961493542887430
1497961493433921541
1497961497552515072
1497961500316606465
1497961511326728192
1497961512803184642
1497961513180672009
1497961520243875845
1497961520877252608
1497961524324831238
1497961531631362051
1497961534605041665
1497961535863357451
1497961537318780931
1497961546781233154
1497961551642439686
1497961554905604104
1497961557329809409
1497961562719461378
1497961568843218949
1497961574732075013
1497961580155355138
1497961588028018695
1497961590540234753
1497961591152648193
1497961603244908546
1497961603794231304
1497961606776606721
1497961606768168960
1497961609544806408
1497961612493279232
1497961620521242632
1497961621930627077
1497961628377260035
1497961633334845451
1497961640154828800
1497961646244839432
1497961653517885448
1497961659377152001
1497961672299847682
1497961686199898113
1497961694437384194
1497961697285390336
1497961706483593216
1497961712636416004
1497961730865090562
1497961735264813056
1497961742592262152
1497961743640899597
1497961744483827712
1497961760719970307
1497961763228295170
1497961770991951877
1497961787924389889
1497961789870518273
1497961792252882952
1497961799106240513
1497961800792526855
1497961802767945732
1497961805485940737
1497961805968199689
1497961809407475716
1497961811798282249
1497961816181248001
1497961817770921984
1497961822158262274
1497961823122956301
1497961824938983427
1497961836649484288
1497961838419615747
1497961839749124099
1497961840743108610
1497961844526530567
1497961846548086788
1497961848913727490
1497961853846122498
1497961854827704320
1497961863186952198
1497961873001615366
1497961876973445123
1497961878861008901
1497961883713814529
1497961885551009799
1497961892031180801
1497961895302729735
1497961898981003268
1497961902776983553
1497961905637531655
1497961909827428352
1497961919323332612
1497961922951536650
1497961925820354561
1497961927288537092
1497961932510400513
1497961949451141124
1497961950755524608
1497961968430370827
1497961969445445632
1497961969868959745
1497961976135405580
1497961976403828737
1497961977012002816
1497961992421793798
1497961993390608384
1497961993927413761
1497961994250555402
1497961996209176576
1497962002018291716
1497962010939559938
1497962014114820111
1497962015003844609
1497962025502212096
1497962027498684417
1497962029155504140
1497962030606606336
1497962032720580615
1497962054157799425
1497962057882222596
1497962058930798595
1497962065918455808
1497962066262605835
1497962066300260353
1497962068112203782
1497962069378932740
1497962076815327232
1497962085241827332
1497962090576990210
1497962094205014020
1497962094741889030
1497962098621566980
1497962101867962372
1497962103466082312
1497962109027639299
1497962112982867977
1497962116439068672
1497962121258147844
1497962124882108417
1497962132381569028
1497962132528324612
1497962137121001478
1497962138903719941
1497962151151030272
1497962157023141890
1497962157648003076
1497962160076378116
1497962165441118212
1497962165793439744
1497962166892306432
1497962167164825602
1497962172261011462
1497962188501356544
1497962196998918147
1497962201285640201
1497962203235827713
1497962203978383372
1497962207036022787
1497962211737837573
1497962228246536201
1497962231388119047
1497962233330077702
1497962233267212292
1497962233879400448
1497962236069007370
1497962239424405509
1497962241798279175
1497962248500756481
1497962253836079104
1497962256226791426
1497962257728380935
1497962258873438214
1497962260026826765
1497962267262038018
1497962272290967562
1497962273792536580
1497962276787298307
1497962278158618629
1497962282034155520
1497962298148888581
1497962313437040642
1497962314351341569
1497962316205215750
1497962318847643650
1497962326640799752
1497962328473673728
1497962334580527105
1497962336203673607
1497962337101221892
1497962359377338375
1497962369590632448
1497962369544331269
1497962382034886663
1497962400514916352
1497962402695901185
1497962403904073731
1497962415085875202
1497962432366403584
1497962437215150090
1497962443359850498
1497962454155874306
1497962454395105283
1497962456479457281
1497962458492948492
1497962459663155203
1497962468659933190
1497962470324932608
1497962471100858370
1497962471155552262
1497962493271896064
1497962495146962952
1497962499487924224
1497962516265279496
1497962516571250689
1497962516428771332
1497962517087277062
1497962520019193856
1497962522023923712
1497962522170867714
1497962536204861440
1497962539300368391
1497962540072067073
1497962553967886340
1497962558606741508
1497962559764377608
1497962559722463234
1497962562431893509
1497962562645905409
1497962577770520581
1497962592106696708
1497962593952190469
1497962594316992512
1497962595638292489
1497962600465850369
1497962608699211777
1497962612532908035
1497962622024564741
1497962628811227138
1497962644765962241
1497962649505738762
1497962652722675714
1497962654509400067
1497962664793759744
1497962666463318018
1497962690169520134
1497962694237990912
1497962697329188871
1497962698251792385
1497962704295772161
1497962713661669377
1497962715742195715
1497962719252602883
1497962720209117191
1497962720313892865
1497962720787935234
1497962721186299904
1497962735295942669
1497962738869366785
1497962740161204229
1497962740383731712
1497962743621640210
1497962745546919940
1497962763536289797
1497962779923333124
1497962786420404234
1497962791600336902
1497962792799907844
1497962799150112770
1497962806645301254
1497962812261478403
1497962812441726985
1497962813142159367
1497962813918269441
1497962823892230150
1497962845320974349
1497962852459548674
1497962855735255042
1497962855726870531
1497962858994405386
1497962861573853188
1497962868913803268
1497962873246535680
1497962874521546752
1497962874945294337
1497962881077415937
1497962882847363072
1497962883212353539
1497962883635822592
1497962886383108098
1497962888924962819
1497962891277914116
1497962895803564041
1497962899138097160
1497962899838431234
1497962902560538624
1497962904099823617
1497962916389154822
1497962916330590214
1497962917802688515
1497962921762033667
1497962923225870337
1497962927550197763
1497962931392323584
1497962936672870408
1497962937973186568
1497962938178707465
1497962939743154180
1497962948391755781
1497962950895849472
1497962953789825024
1497962957174898688
1497962960463015939
1497962960983138308
1497962961259929611
1497962962169917444
1497962979660238850
1497962982655021061
1497962985876340740
1497962988069953547
1497963002661851136
1497963003236556808
1497963007023931396
1497963012317229064
1497963021737635852
1497963024887558149
1497963031237586944
1497963038187536392
1497963046404243466
1497963046517493763
1497963046349811713
1497963050145570817
1497963054662782976
1497963062212628485
1497963068801925120
1497963071259791363
1497963078482337793
1497963082328412162
1497963086812221441
1497963091644063744
1497963102419054592
1497963105917321219
1497963109000040450
1497963110266818568
1497963111260856321
1497963114830217220
1497963118185652227
1497963128662867973
1497963132982939649
1497963134560079876
1497963134463754250
1497963138045546502
1497963136359407621
1497963139928887300
1497963146664939521
1497963148791496706
1497963154772480000
1497963174682927108
1497963181448171523
1497963185491558402
1497963204143722499
1497963212410556421
1497963222661353474
1497963228936040451
1497963229963866116
1497963232065212422
1497963239518310409
1497963259697242115
1497963264734470147
1497963268186411013
1497963269637738503
1497963271587991554
1497963276352819203
1497963280454750211
1497963292584673280
1497963294560292868
1497963295634079744
1497963303594770434
1497963310431420418
1497963309718511622
1497963311962329091
1497963312079785987
1497963314457894914
1497963320699015180
1497963329356247040
1497963339921694727
1497963352605270027
1497963362931589128
1497963372117069824
1497963382036582400
1497963392627138561
1497963395789692942
1497963402723045376
1497963403889070085
1497963404249554949
1497963411052777472
1497963411564548113
1497963412604735488
1497963412843896842
1497963414395961349
1497963421870010380
1497963433928572930
1497963450420510724
1497963458624724993
1497963466442870787
1497963477566046211
1497963481508818954
1497963486550413316
1497963486680342529
1497963489234665476
1497963490342019072
1497963504694816774
1497963506188046340
1497963507375128579
1497963509446889473
1497963512437493763
1497963514488627200
1497963519618150401
1497963520650063874
1497963522713657348
1497963525175709713
1497963532381396996
1497963537376768005
1497963541806080010
1497963548021952513
1497963561888452617
1497963564211965953
1497963565432586242
1497963586983022593
1497963589092712453
1497963593773559816
1497963596134895617
1497963605463031812
1497963611272056838
1497963639390752769
1497963650115584008
1497963651285803009
1497963655664709640
1497963660760608770
1497963661222109189
1497963668658548738
1497963668738383879
1497963680561917952
1497963689105711104
1497963689697165318
1497963690720735233
1497963694159974405
1497963696739471366
1497963698819932162
1497963700074033152
1497963712035971073
1497963713726337024
1497963720651247624
1497963724065460226
1497963730490982407
1497963733297295360
1497963734949515266
1497963735989858307
1497963743032094726
1497963755816337418
1497963766104969220
1497963779098877956
1497963794395394048
1497963807179624448
1497963809197072387
1497963809348235269
1497963810061094916
1497963814356078592
1497963816440655872
1497963826502946823
1497963828268699648
1497963833150750722
1497963835071901701
1497963842449543171
1497963846425882628
1497963846761259015
1497963849970065410
1497963856747896833
1497963858727776256
1497963877300060162
1497963884832964611
1497963889304092673
1497963889543159817
1497963890340249617
1497963891329945602
1497963900087775233
1497963903363563528
1497963903954808833
1497963917762519045
1497963920421793797
1497963920849616902
1497963931649802241
1497963932589383683
1497963933780836352
1497963949014364162
1497963954588499968
1497963961718697985
1497963965132918790
1497963965573382148
1497963966718308357
1497963978085085190
1497963984120647681
1497963990974013441
1497963992479846400
1497963994896015361
1497963999773745156
1497964004706177025
1497964011077394446
1497964013036187653
1497964021084995591
1497964047567708165
1497964053427326985
1497964060779761664
1497964065154646027
1497964071223799811
1497964112009179137
1497964117008683009
1497964117201620993
1497964128329154570
1497964130422116359
1497964136122269709
1497964136281616387
1497964137560772608
1497964144951238658
1497964144863158285
1497964149858574337
1497964167860527106
1497964173950599168
1497964188077117441
1497964194372669443
1497964196604137473
1497964196847362048
1497964197757407232
1497964201796583435
1497964205110181895
1497964212697583623
1497964214065016834
1497964231077109773
1497964234625400836
1497964241818640392
1497964243118874628
1497964245614415872
1497964259195510785
1497964262295162880
1497964266770485251
1497964268490211331
1497964271564644354
1497964277461778432
1497964281291182082
1497964292179697665
1497964293039353862
1497964296566755328
1497964297846026242
1497964301021335555
1497964307409215492
1497964319119708171
1497964324177932292
1497964325318897664
1497964328632336393
1497964344130240519
1497964358441127936
1497964363352657921
1497964371691163649
1497964373142298640
1497964382772506628
1497964390041145352
1497964390733148163
1497964396722765831
1497964403173511173
1497964406080163846
1497964413327978500
1497964420319879177
1497964426896429064
1497964427215351808
1497964430302146561
1497964433871675392
1497964442360979458
1497964457179455491
1497964458328481795
1497964468202250241
1497964484488531969
1497964486879330307
1497964493736853506
1497964495544918019
1497964499701317639
1497964500213018630
1497964504818278406
1497964509457264645
1497964515283152903
1497964552599736322
1497964553031798788
1497964555900649472
1497964570547306498
1497964579342757889
1497964585676066819
1497964586141687812
1497964588167577601
1497964596111495172
1497964604290265092
1497964613660467202
1497964632165822471
1497964639203868674
1497964640558411778
1497964643532394509
1497964654022250500
1497964655700062222
1497964666361769985
1497964674695852032
1497964675954356231
1497964676575117314
1497964680035319816
1497964683831255043
1497964696355295232
1497964696820797443
1497964700662853632
1497964702126592007
1497964704911839235
1497964707256303618
1497964719688552455
