1494038853069463554
1494038857746030596
1494038863794388994
1494038866864459778
1494038867124662280
1494038873067999233
1494038873663488010
1494038874405806080
1494038876536508418
1494038877627207684
1494038878776434693
1494038879246196742
1494038880567414785
1494038880923766784
1494038882543112192
1494038885185486848
1494038885474705416
1494038890780532743
1494038893519331328
1494038901459238913
1494038904625938435
1494038913912123395
1494038915476606978
1494038919125557250
1494038921931595777
1494038923722604551
1494038926859943943
1494038927376003074
1494038929544298500
1494038932475953152
1494038933432246273
1494038933549850626
1494038939321221121
1494038939409305600
1494038941498056710
1494038944606044170
1494038945092575237
1494038947374190602
1494038949144272897
1494038951610535936
1494038954529763334
1494038959722274819
1494038964566736896
1494038964461780995
1494038967578238979
1494038974507192322
1494038982547628034
1494038987425648642
1494038996208529410
1494038998112772106
1494038998418927624
1494038999454953474
1494038999710765068
1494038998771195906
1494039003326259207
1494039004572188673
1494039007155699717
1494039009697349634
1494039015418441732
1494039016022454273
1494039021328211973
1494039022762696714
1494039025006657536
1494039025593823238
1494039028324253697
1494039028622102550
1494039029792321547
1494039032585666568
1494039038520705027
1494039041796304897
1494039050386382853
1494039051288068103
1494039053443948546
1494039057277628420
1494039069625499654
1494039072997842952
1494039073694097412
1494039074335858691
1494039080392622080
1494039083861090306
1494039086512087040
1494039091910000647
1494039105205944323
1494039120120799233
1494039121928544260
1494039124713553935
1494039127246790657
1494039132082999297
1494039135165853702
1494039139347406849
1494039144061939720
1494039145496330240
1494039150240043008
1494039153482383374
1494039153738199045
1494039155143327757
1494039156271595523
1494039156368019458
1494039163594686469
1494039185166114827
1494039192313155586
1494039193462448132
1494039199003119617
1494039204363440134
1494039205831450626
1494039206326194178
1494039208247189511
1494039209354698752
1494039211980251140
1494039214727516165
1494039215566254080
1494039221526487042
1494039223778918411
1494039236143628292
1494039240983945217
1494039245022920709
1494039247296282626
1494039247623446532
1494039249313796096
1494039249678569473
1494039253411631108
1494039254976106498
1494039256150380547
1494039256771309574
1494039258906398720
1494039259174555655
1494039259870896136
1494039262114762758
1494039264836870145
1494039263410888704
1494039269257756674
1494039269958209539
1494039270516195328
1494039273158307840
1494039274928640000
1494039279688896521
1494039280959713281
1494039283941974022
1494039292166950924
1494039297569210373
1494039301256003594
1494039301612609538
1494039306432040960
1494039315604779016
1494039319023136769
1494039322550583297
1494039323443744768
1494039331102543872
1494039336517611533
1494039336731430914
1494039336907591682
1494039345568915462
1494039347225636869
1494039350681636864
1494039353840046083
1494039357048725504
1494039362228600836
1494039366297133068
1494039366913691659
1494039368134189065
1494039376359215104
1494039383099551753
1494039389328097284
1494039404230463496
1494039406696534024
1494039408500264963
1494039413013106688
1494039413868924942
1494039415047569411
1494039416658137091
1494039418038104069
1494039419929649161
1494039421213052928
1494039422937055233
1494039427764600835
1494039428393848832
1494039435385753605
1494039436966776832
1494039440464953348
1494039441748467712
1494039441781972992
1494039447251275776
1494039451726712837
1494039453530300425
1494039461654515713
1494039467564404747
1494039468130672654
1494039474333958150
1494039475244130311
1494039481061683210
1494039482429059073
1494039485276774405
1494039488170971143
1494039491786510339
1494039492419670018
1494039493065674752
1494039497767632896
1494039497822117892
1494039500040794115
1494039505673801729
1494039509570400269
1494039512493789186
1494039517006901253
1494039517908504577
1494039523495350273
1494039528310337537
1494039528482516999
1494039531020038157
1494039543158390791
1494039543690907648
1494039547134554117
1494039548749250561
1494039549856522243
1494039550745878530
1494039551702044672
1494039552071196672
1494039552679419904
1494039555246379019
1494039558740131847
1494039560740696065
1494039565341839361
1494039565794897921
1494039576624590849
1494039580126892034
1494039580655427589
1494039583637520390
1494039589736038407
1494039589962584069
1494039594123337729
1494039596002250753
1494039602046328832
1494039603875041282
1494039613513482242
1494039613928656900
1494039614717317122
1494039617703661569
1494039618915811338
1494039622464131073
1494039629699424273
1494039634354917378
1494039635080941568
1494039640134852609
1494039640969465859
1494039649932779521
1494039651476193281
1494039654353752064
1494039656186486788
1494039656941371399
1494039657226682379
1494039659667595267
1494039672686735360
1494039675157233671
1494039675417231360
1494039676381843458
1494039680177696769
1494039683482808320
1494039683998703616
1494039684909252608
1494039686473523210
1494039687350165507
1494039688407044105
1494039689354899459
1494039693033418753
1494039693276508160
1494039694140588033
1494039695415812096
1494039697370370056
1494039700956405763
1494039701493141504
1494039703749685249
1494039704060444672
1494039704156655622
1494039706807328769
1494039708250386436
1494039709668069384
1494039710401925120
1494039716282478592
1494039716831895555
1494039721676193793
1494039724096245760
1494039726478827525
1494039730429652992
1494039730727514113
1494039738520506368
1494039738881388552
1494039738868813827
1494039751740903427
1494039751896277000
1494039755608272897
1494039757592035328
1494039762012971013
1494039762923053057
1494039765603213319
1494039769260740614
1494039769726300163
1494039773240909829
1494039785136140290
1494039789473251328
1494039790836142083
1494039794246164486
1494039805512110089
1494039811694505988
1494039811711451136
1494039816014643200
1494039816266153989
1494039821056344064
1494039822926635008
1494039824482902028
1494039828568031234
1494039832678604800
1494039842967142405
1494039843944517634
1494039846700072967
1494039849900388352
1494039850189787137
1494039850944761857
1494039852543021056
1494039852840468483
1494039858276405248
1494039863414431744
1494039863926030341
1494039865461297157
1494039867072069632
1494039867218534400
1494039867789086727
1494039869710086146
1494039870381211659
1494039870980997120
1494039878719344641
1494039880917155842
1494039886357274634
1494039889226121216
1494039891369410566
1494039902283051014
1494039916715679746
1494039918397562886
1494039925603270657
1494039927444676610
1494039930909040640
1494039936240082954
1494039938245005319
1494039939335471109
1494039945710817281
1494039946650275840
1494039949917634560
1494039951482122240
1494039954162343944
1494039959073964045
1494039962030944262
1494039962219872256
1494039964740472835
1494039965952626690
1494039971782668300
1494039974504632320
1494039977885376512
1494039984566796289
1494039995350491136
1494040006297595908
1494040006696050693
1494040017341018115
1494040017534164997
1494040017823543301
1494040019396300801
1494040022298804229
1494040024102359049
1494040026379788288
1494040035523444738
1494040037016670208
1494040049696096258
1494040050073411584
1494040050199416833
1494040051260571655
1494040051352842246
1494040053026222080
1494040057820467203
1494040058625671170
1494040070445170689
1494040076195704857
1494040077219028995
1494040081539248136
1494040082839478279
1494040083854413830
1494040086446583809
1494040088367480834
1494040088799584261
1494040089130905604
1494040090133385218
1494040091068706820
1494040093748826113
1494040094554079243
1494040096403869701
1494040097280434190
1494040105899622403
1494040108894277638
1494040112711315462
1494040114070183941
1494040115366313989
1494040120130818049
1494040121406103562
1494040123868008448
1494040125143199754
1494040129949687810
1494040141542928394
1494040143380025356
1494040147284819969
1494040152548724740
1494040154742431749
1494040158491930624
1494040161025347584
1494040162157965316
1494040166649970691
1494040172505092096
1494040173436444690
1494040175747362818
1494040184203227140
1494040192583446531
1494040196467376135
1494040202079260681
1494040210388127744
1494040211688353795
1494040212313411587
1494040217006710786
1494040217929531392
1494040228092387335
1494040231187824645
1494040233595211777
1494040235306459138
1494040239337205761
1494040240562085890
1494040241371500555
1494040243636420608
1494040245473406977
1494040245993881600
1494040257981042692
1494040263429435398
1494040264008413185
1494040293422682113
1494040294538555392
1494040299852632067
1494040301966610435
1494040303946420225
1494040307947634688
1494040310401404935
1494040311823175683
1494040312896966658
1494040321096749056
1494040325232418819
1494040328814444547
1494040336871481348
1494040336988991491
1494040337911881731
1494040339279237122
1494040342928236555
1494040345264357378
1494040348204613634
1494040349232226310
1494040350167425025
1494040360217108490
1494040361282555905
1494040365522894849
1494040365816594436
1494040366789582852
1494040366894690304
1494040369406914566
1494040370371571717
1494040384045031428
1494040386955710464
1494040388578983939
1494040391389089800
1494040392949387265
1494040395658977282
1494040395914915848
1494040395931598855
1494040399748362242
1494040420765945857
1494040422364106754
1494040422888267778
1494040427791585284
1494040432094982146
1494040436725493770
1494040437371412480
1494040442224230407
1494040444778471425
1494040449127895040
1494040449186676741
1494040456564465664
1494040464676343811
1494040464881823752
1494040468509892610
1494040469998911496
1494040471395393536
1494040475040428032
1494040475505987592
1494040481650593799
1494040488420204551
1494040493872893953
1494040500042702850
1494040503465115648
1494040505021124608
1494040508125130753
1494040511207944195
1494040516224331779
1494040522398257157
1494040525594238977
1494040535182594052
1494040536285646849
1494040537548083209
1494040538013655043
1494040538017841152
1494040546825834500
1494040547970924547
1494040552597192705
1494040553666879492
1494040554451177478
1494040554367332354
1494040555705274373
1494040561619189763
1494040564626378754
1494040566534975494
1494040568594272259
1494040578782384130
1494040580569112580
1494040585581346816
1494040588638957568
1494040590350180354
1494040591470112769
1494040592283848711
1494040593089060866
1494040597568626692
1494040598399143936
1494040599875534848
1494040604656996352
1494040607223959558
1494040607785988106
1494040608729673729
1494040608779943941
1494040609127948289
1494040619760566272
1494040622189080578
1494040626056544256
1494040625704050692
1494040626588905477
1494040627881070592
1494040628824576002
1494040629826887682
1494040631102308352
1494040636709740549
1494040637422854156
1494040637552922631
1494040638836330498
1494040645757026315
1494040647220834313
1494040650584666117
1494040650748248064
1494040652404834304
1494040653541556226
1494040654657122304
1494040656041361409
1494040656284585986
1494040657421291520
1494040659493363715
1494040661468852230
1494040663045771264
1494040664740446210
1494040665008844800
1494040678359314445
1494040684713627650
1494040684898107394
1494040687959887872
1494040698907025408
1494040701859885058
1494040702350761993
1494040712689729536
1494040729085267976
1494040729844211712
1494040748806885384
1494040751986126856
1494040754783670288
1494040759472824321
1494040763897950216
1494040765076361219
1494040765231681542
1494040768301969412
1494040777365803011
1494040780163403782
1494040780691820547
1494040785360232457
1494040787679649792
1494040789042835464
1494040790389207040
1494040792360439808
1494040792570089472
1494040794843566086
1494040802431062022
1494040809347371008
1494040817547288585
1494040817568210945
1494040819296358402
1494040819380203526
1494040820806299654
1494040829144539139
1494040839319924736
1494040842188644356
1494040846861156353
1494040850636189700
1494040854566084609
1494040865177624579
1494040865584656398
1494040865765048325
1494040867434536962
1494040871179894786
1494040872693948428
1494040878297587716
1494040882495901697
1494040884958142465
1494040885738233867
1494040899562749955
1494040900426678275
1494040901949214721
1494040909335441414
1494040910925111303
1494040912539836428
1494040913936465920
1494040917023641601
1494040920370593804
1494040927408726022
1494040930353127425
1494040930579632131
1494040940922560513
1494040946819973125
1494040950351482892
1494040950783418369
1494040951597285387
1494040956139708420
1494040958010372097
1494040973701230597
1494040974858887172
1494040978851864576
1494040984572813313
1494040985357242373
1494040985327874051
1494040987370360832
1494040990042181641
1494040994395926528
1494040999143821315
1494041001987657731
1494041004533587971
1494041005338906626
1494041009692495872
1494041018462707713
1494041022027993095
1494041022627647489
1494041030110416909
1494041037500649473
1494041038817841155
1494041044081684485
1494041047168659457
1494041049194450946
1494041049542676487
1494041060133474304
1494041062515810304
1494041062540660739
1494041068295311362
1494041075920646144
1494041076449091590
1494041082425974787
1494041083780771848
1494041085663866882
1494041086146359298
1494041088977522688
1494041092404047875
1494041091884077056
1494041094253805569
1494041096959180804
1494041098221666306
1494041104248983553
1494041114373808131
1494041128877936640
1494041129209241607
1494041134728769539
1494041135697707009
1494041140177383427
1494041141834137607
1494041144057028609
1494041149862031368
1494041159412428813
1494041160280645636
1494041160180170752
1494041161077563395
1494041162138669063
1494041162939781121
1494041164441214978
1494041176151932934
1494041182376132609
1494041183898812418
1494041192975249412
1494041194506211332
1494041194791424002
1494041196062461952
1494041196431347726
1494041202546589701
1494041209005875202
1494041217323057153
1494041220691206144
1494041226064154624
1494041233202814978
1494041239108345857
1494041241285238790
1494041241931198470
1494041248889462797
1494041251464859648
1494041251968028672
1494041254887563264
1494041255977930756
1494041256883896330
1494041257210957830
1494041258351804417
1494041266702725120
1494041268514537472
1494041268514705416
1494041269399601161
1494041274395017223
1494041275435266055
1494041277528219652
1494041278547476486
1494041280178896897
1494041282221461505
1494041282729365505
1494041291251929096
1494041297904185349
1494041310889713667
1494041316099043332
1494041316522696707
1494041317634043906
1494041323225104387
1494041325825675265
1494041330128809984
1494041342309277698
1494041359254179851
1494041363893178368
1494041373149908993
1494041373577781253
1494041376262135808
1494041377642004486
1494041378573012993
1494041379210768387
1494041391743201280
1494041396847730694
1494041401620901894
1494041404321906688
1494041406343503873
1494041407765495813
1494041412056276995
1494041414858117122
1494041418343456773
1494041418469462019
1494041422260944897
1494041423724822528
1494041425180336134
1494041426539290628
1494041429034913805
1494041429190057987
1494041431866068995
1494041436903387136
1494041439260471297
1494041444415381506
1494041449041694727
1494041455622430720
1494041456021061634
1494041459850366984
1494041461368705025
1494041463738421249
1494041470248144900
1494041474861867014
1494041477395140611
1494041489524944896
1494041489919205377
1494041490556964865
1494041491345448964
1494041492574412805
1494041493622960131
1494041495392894977
1494041503013945344
1494041505425670146
1494041507548254209
1494041507619393539
1494041512077897734
1494041516234399746
1494041517962502150
1494041529849110533
1494041530478338049
1494041533447823362
1494041534831882241
1494041535473922049
1494041545648967680
1494041546613616650
1494041549113638925
1494041560790491142
1494041562073874438
1494041564905017344
1494041570609356806
1494041571225911298
1494041574623174657
1494041579472011270
1494041580025659392
1494041586342273026
1494041588472823811
1494041588778946560
1494041593577295876
1494041593732485122
1494041595989020673
1494041600917323779
1494041601655844864
1494041603509469185
1494041605426368514
1494041606185443332
1494041612724408329
1494041613915590659
1494041616864133125
1494041620450357258
1494041620844617748
1494041621133881346
1494041624967585792
1494041628595601415
1494041637508587530
1494041637747572736
1494041638242562053
1494041647058931712
1494041652062834690
1494041657330872322
1494041661382483968
1494041665555808257
1494041666155520001
1494041666524614656
1494041668856651778
1494041671436222467
1494041675521564675
1494041679988498437
1494041683612233728
1494041690251960320
1494041705753956353
1494041714453094400
1494041714788605965
1494041717120528384
1494041719616249857
1494041720639660034
1494041722871062533
1494041723483267074
1494041724162691072
1494041726012510214
1494041728239685639
1494041728411652101
1494041730697424897
1494041736850595843
1494041750532333568
1494041754512801792
1494041762385510400
1494041767519399947
1494041768299356163
1494041768865771522
1494041770010857472
1494041772149903363
1494041774138204160
1494041776532996104
1494041785131221001
1494041786788061190
1494041788343992321
1494041796183265284
1494041798653657097
1494041798540410884
1494041799874154496
1494041809688821765
1494041810175410176
1494041812645736448
1494041825350492166
1494041827447656451
1494041837832753164
1494041839220969478
1494041846691028996
1494041854245015554
1494041854744174602
1494041856371564554
1494041863661056001
1494041866974765061
1494041875753451522
1494041876525056002
1494041886306283522
1494041886549442560
1494041891947659268
1494041893969219584
1494041898138304512
1494041900185178112
1494041900457750528
1494041901074460687
1494041906338168832
1494041914840129538
1494041919801937926
1494041925606854664
1494041925481115653
1494041926563024898
1494041927330807811
1494041930241495041
1494041936566665220
1494041941763256320
1494041943197638665
1494041943357247490
1494041949392752646
1494041951716487168
1494041968971857927
1494041970582298625
1494041971681374208
1494041972109189120
1494041973073850368
1494041974067929088
1494041981932421121
1494041989897236483
1494042001683058688
1494042002530639873
1494042002870132741
1494042005596303360
1494042006842183685
1494042011963375616
1494042020221894656
1494042020347797504
1494042022067556357
1494042023342522374
1494042032469327873
1494042033144561665
1494042037229801472
1494042042556628993
1494042045677252609
1494042048441298944
1494042049112428548
1494042051557695488
1494042053105303553
1494042053608673280
1494042055953190913
1494042056804556800
1494042059203923974
1494042061854621702
1494042066678075394
1494042068590731279
1494042072541716484
1494042074164957187
1494042074873618437
1494042080359981062
1494042085531475969
1494042086567559168
1494042094868078593
1494042095421644806
1494042096742842370
1494042097061531648
1494042097002844162
1494042108419837956
1494042110852542471
1494042111943266305
1494042111712407558
1494042119337508864
1494042119853412352
1494042123431292929
1494042126165762049
1494042130871902214
1494042136274247687
1494042137058766848
1494042137331175432
1494042143123546120
1494042144545378318
1494042150496919555
1494042150891241476
1494042151436664837
1494042157015089152
1494042158298451970
1494042160043368458
1494042161347629056
1494042161335185410
1494042162002018307
1494042162358591501
1494042163214274566
1494042165164462081
1494042167072886786
1494042168914178049
1494042168918306819
1494042169312612355
1494042174597459969
1494042174496804866
1494042176103329792
1494042176388419584
1494042178233851904
1494042178980564995
1494042181811666946
1494042185775427591
1494042186924580877
1494042199264165894
1494042200782508037
1494042211360595970
1494042216725110797
1494042222790070273
1494042224098791435
1494042227122790407
1494042250896150528
1494042255442726917
1494042257024065536
1494042258093789184
1494042259439992832
1494042259943137281
1494042261746860042
1494042264921903112
1494042270009634823
1494042271594987535
1494042286300315655
1494042291480121345
1494042292117643267
1494042292411322379
1494042300896399364
1494042306814435328
1494042306634137600
1494042307347243008
1494042309628813312
1494042313844264966
1494042315110764546
1494042316121718795
1494042317380067335
1494042321691852801
1494042330063687687
1494042329916846091
1494042338292748289
1494042342235332610
1494042343606997001
1494042345989365760
1494042347746693122
1494042357393596419
1494042360346382338
1494042362699468802
1494042366705025025
1494042368412106758
1494042375353741325
1494042383096455175
1494042390042140680
1494042400704155653
1494042401945567233
1494042406806827016
1494042407129788425
1494042410409947137
1494042412536123394
1494042420660424705
1494042424620240896
1494042431687475200
1494042435877486598
1494042436313698306
1494042436817010691
1494042439337840640
1494042439975411718
1494042440201908225
1494042441908989959
1494042447416115203
1494042448368226304
1494042449093615619
1494042454500298755
1494042456622518281
1494042458182897668
1494042469587062788
1494042472716156929
1494042482430349315
1494042482455289856
1494042482857938946
1494042485517127683
1494042487463333888
1494042495340195840
1494042496498020352
1494042501883342848
1494042507973476353
1494042508476698633
1494042510540386306
1494042517742006272
1494042519889399817
1494042533583859715
1494042535030886409
1494042538214400014
1494042540336685056
1494042541448126472
1494042546284204045
1494042553070415875
1494042556346376193
1494042558871265280
1494042563631669252
1494042564076343296
1494042567901683717
1494042568648101890
1494042571261181952
1494042572439752704
1494042574172004352
1494042576617357322
1494042578806845448
1494042586910240771
1494042587681992708
1494042592090144769
1494042594837413888
1494042595600777218
1494042598121652226
1494042599371329537
1494042605016940544
1494042605620973568
1494042605956521987
1494042609009913857
1494042610331123713
1494042611241426944
1494042611299930112
1494042612281806850
1494042613183234053
1494042618623414275
1494042621634830346
1494042622637350922
1494042631659266052
1494042632359534592
1494042635635286016
1494042635870294021
1494042637212405761
1494042639594831872
1494042641629171721
1494042646163111940
1494042648214401024
1494042649468284938
1494042650466742274
1494042658997690371
1494042659194814467
1494042659291385856
1494042661229150213
1494042661442961414
1494042663292747785
1494042663892492297
1494042667575132160
1494042677431652357
1494042679965069315
1494042680246292480
1494042680602546181
1494042680925556738
1494042681021845504
1494042685807595521
1494042688173543429
1494042690853359618
1494042693718224905
1494042705827180550
1494042706145943555
1494042707370651652
1494042707597361152
1494042710457544704
1494042710457552899
1494042719534006272
1494042721014751232
1494042721505398787
1494042722189164544
1494042724676239360
1494042726765051917
1494042726601740290
1494042728229130241
1494042734180519937
1494042734289727501
1494042736219103234
1494042737594802182
1494042743449993219
1494042747581317120
1494042752664973312
1494042756167000064
1494042759313113089
1494042762211389440
1494042761913327616
1494042763930726403
1494042766736826369
1494042768594718720
1494042769148493829
1494042774206705664
1494042790464045058
1494042795694342144
1494042796717715468
1494042800757030915
1494042803906629633
1494042808956735491
1494042819081736195
1494042819404652551
1494042819819802624
1494042820771987463
1494042823376707591
1494042823317987335
1494042825801019393
1494042827780603904
1494042832390262787
1494042837603606528
1494042837867892742
1494042844587347977
1494042845434445824
1494042846504136715
1494042855169531904
1494042860303360002
1494042862337597443
1494042863805546498
1494042865865048070
1494042873607634944
1494042873964158978
1494042877936029698
1494042879727071232
1494042880075313152
1494042883950886912
1494042889223122946
1494042889814482945
1494042895661232128
1494042905899458562
1494042910731472898
1494042915756257291
1494042915731030019
1494042917371097094
1494042917752782853
1494042919136862216
1494042919161974794
1494042922324430849
1494042927827402752
1494042930612482051
1494042938158030867
1494042941173768198
1494042949088329730
1494042952750014472
1494042954947772421
1494042955618742273
1494042955719446529
1494042955664998410
1494042957716066307
1494042962107396097
1494042969745367043
1494042971494391811
1494042973365059588
1494042981745135618
1494042985125789697
1494042988103753733
1494042988787470340
1494042990460997637
1494042990603649026
1494042994214727681
1494042994642669581
1494042996093992969
1494043003979284490
1494043012757872642
1494043018886008832
1494043022719393793
1494043024011243520
1494043025999286273
1494043029967093762
1494043033863692295
1494043040318889986
1494043041618972673
1494043043095269380
1494043045385359361
1494043059339862016
1494043061252415488
1494043063370584076
1494043063521779713
1494043064016515073
1494043071956221952
1494043076226080775
1494043077043916807
1494043081892511745
1494043082123145216
1494043086086889481
1494043086539821058
1494043088888631296
1494043090524401665
1494043096056696837
1494043096790753284
1494043100670357504
1494043111638638595
1494043113056313354
1494043114608148481
1494043114838835203
1494043115430158343
1494043124196335621
1494043129367994370
1494043131230232584
1494043131414986752
1494043134241779713
1494043135349075974
1494043136326316035
1494043139811647489
1494043146073817088
1494043149794217984
1494043152876859393
1494043153959108617
1494043153837535236
1494043160086994949
1494043160074465285
1494043166038577153
1494043167003398150
1494043168366632962
1494043168643248129
1494043174720790528
1494043174754566148
1494043182861979648
1494043184476966922
1494043189338152963
1494043189614886921
1494043191405953024
1494043193578561540
1494043195256102920
1494043197571489792
1494043199488561152
1494043200406888451
1494043211693965312
1494043212901609474
1494043219503591427
1494043221076369413
1494043222989017090
1494043224385589248
1494043225979592704
1494043229431414789
1494043234821046272
1494043235936727043
1494043239296417804
1494043243671076865
1494043246829338625
1494043249752825858
1494043255515852814
1494043256837005312
1494043261698121730
1494043262541123587
1494043265150201857
1494043269243842560
1494043280694206469
1494043281679958016
1494043285975101444
1494043286658592769
1494043289368018945
1494043290567651337
1494043290693345280
1494043299941949445
1494043303486046218
1494043303637131275
1494043305755090945
1494043308032729089
1494043309693616128
1494043309743955974
1494043315939037190
1494043319139282956
1494043319432888321
1494043320615645190
1494043321127243777
1494043321554980864
1494043323719376905
1494043324134666240
1494043333160845315
1494043333928304649
1494043334024871937
1494043335031414786
1494043338927865857
1494043340563619850
1494043340454580224
1494043341104680960
1494043347266113537
1494043348180602892
1494043350177316867
1494043358301466627
1494043359178014721
1494043359517757444
1494043364261388288
1494043365205291010
1494043365972885504
1494043368653008900
1494043376332718083
1494043376802738176
1494043388504592386
1494043389079142403
1494043392954748932
1494043402542985220
1494043409694089217
1494043416602284037
1494043421912317954
1494043423128662018
1494043425108369410
1494043426341412870
1494043429176844294
1494043433538703360
1494043434985926664
1494043436923695107
1494043437288636429
1494043438454644737
1494043444662214666
1494043445962448901
1494043448319655942
1494043451003965444
1494043451960307729
1494043454653018112
1494043457505030145
1494043463335038979
1494043464115183617
1494043465109446672
1494043467135205380
1494043468133396480
1494043469651668992
1494043473883901962
1494043478111793160
1494043478279532557
1494043485212717059
1494043491630043137
1494043491764211723
1494043494502920193
1494043503390863367
1494043507161456646
1494043508864290819
1494043510194032644
1494043512739975173
1494043515570954241
1494043515944382469
1494043517659889664
1494043520168079374
1494043521409560584
1494043528267247617
1494043529173245959
1494043530280509443
1494043531492614152
1494043535238127618
1494043539952521220
1494043540153769984
1494043541890158593
1494043542670487553
1494043542997635076
1494043544373313546
1494043553370103818
1494043557677703173
1494043560458473472
1494043566993440769
1494043568851275787
1494043571673985027
1494043576690520070
1494043579064492037
1494043584093425670
1494043587184848896
1494043594990174212
1494043600513953795
1494043603013931011
1494043603043246083
1494043606025486342
1494043605836705794
1494043610416697344
1494043615139618832
1494043616368599043
1494043617048272896
1494043619350790144
1494043621686841346
1494043622932635648
1494043624677560321
1494043625029783561
1494043626380599296
1494043627185651713
1494043627231797250
1494043635733909505
1494043638028025872
1494043644361261063
1494043645057503232
1494043646039101446
1494043647364509696
1494043647511310347
1494043653005848579
1494043655761367044
1494043657577680896
1494043667568283650
1494043669887922177
1494043675671863297
1494043679417327618
1494043680390270976
1494043683771011080
1494043689533984774
1494043692151328771
1494043693505990657
1494043704369115136
1494043705107488768
1494043709847056388
1494043711294087180
1494043713571590148
1494043716461473794
1494043716637675529
1494043717287788547
1494043718407671810
1494043723004534785
1494043723071737860
1494043729405091847
1494043740213813259
1494043741761327104
1494043743451693056
1494043743737061383
1494043744659820555
1494043751773257729
1494043766788919305
1494043769422983170
1494043779849932806
1494043780088877058
1494043801152745473
1494043801479962625
1494043801295503371
1494043803430232066
1494043810971721729
1494043813295316994
1494043818819145730
1494043822635945985
1494043830307405824
1494043833448939522
1494043834375757824
1494043834669576197
1494043835223003136
1494043835411873796
1494043835134922752
1494043842999459852
1494043850146418692
1494043855984934916
1494043858614767626
1494043865321508875
1494043869956259849
1494043872636194817
1494043874599182336
1494043879867224066
1494043880450318342
1494043891703730180
1494043898137792517
1494043898435411972
1494043898997530624
1494043900847308810
1494043902260744194
1494043903661588482
1494043908799713285
1494043909260984327
1494043923081277444
1494043930651811845
1494043935483772929
1494043935815131139
1494043941330640904
1494043941993435142
1494043946078588928
1494043952592396294
1494043956761358336
1494043955994009607
1494043959559168002
1494043962100883458
1494043962373464065
1494043977552564224
1494043979989594115
1494043996074614785
1494043998557810696
1494044002324303876
1494044004798791681
1494044005243703297
1494044009806848000
1494044012235444227
1494044014043176967
1494044015460765701
1494044016949997568
1494044020149997569
1494044020657561606
1494044021554966528
1494044022712717317
1494044025774428163
1494044027376832512
1494044031893921793
1494044035182379008
1494044045487837188
1494044047601807365
1494044054014902285
1494044055713374209
1494044059563925504
1494044061463982086
1494044073795235844
1494044078589284354
1494044079067262976
1494044078417354755
1494044080686440450
1494044083916091398
1494044084721397765
1494044089121218562
1494044089834258444
1494044090396286976
1494044092141129734
1494044101758570498
1494044104115699712
1494044107429359618
1494044107882311683
1494044110134517762
1494044121157324804
1494044121715159040
1494044124797886468
1494044124844113923
1494044133312405506
1494044136332271617
1494044146125836288
1494044147845668870
1494044151201079303
1494044152115433486
1494044156368412676
1494044160202055682
1494044162613604353
1494044164257951744
1494044166044602368
1494044170834616326
1494044176350130185
1494044182389964804
1494044183916691459
1494044185233477636
1494044186873585664
1494044188337487876
1494044189998395397
1494044191965396994
1494044191818723336
1494044192510783489
1494044197460004864
1494044201297793027
1494044203344486400
1494044204170940423
1494044206280724480
1494044206608035840
1494044210638606341
1494044212567986178
1494044220557910017
1494044221078188033
1494044221430456328
1494044223615688707
1494044225536774148
1494044226115588106
1494044227642302465
1494044228120236032
1494044234285912070
1494044235103981572
1494044237016403968
1494044238362906625
1494044243610021892
1494044246726356993
1494044255987318793
1494044260936597505
1494044262887002114
1494044265260986374
1494044280494694408
1494044283111936008
1494044283783028737
1494044289239859206
1494044290103742467
1494044293652094976
1494044295086620672
1494044298622423044
1494044302875545604
1494044308600676357
1494044311134035978
1494044313109553153
1494044313201696768
1494044316377010180
1494044318486745094
1494044319262539776
1494044321921880064
1494044324316651520
1494044327361724416
1494044328330727427
1494044331463700481
1494044335318261760
1494044341416779776
1494044345191837701
1494044350485045252
1494044350485086215
1494044351625928705
1494044360605843461
1494044361117601796
1494044364632379393
1494044364976406533
1494044365705994242
1494044365840424965
1494044366909980677
1494044366955954176
1494044371532259328
1494044379337613325
1494044381589999624
1494044382625939457
1494044382659760128
1494044385234894853
1494044388967821313
1494044390012030976
1494044411348537344
1494044412015480832
1494044412497862663
1494044414863360010
1494044415479857155
1494044418608967680
1494044419959390211
1494044423650435078
1494044424187355138
1494044429157650434
1494044431540006922
1494044443456024583
1494044443619454977
1494044445846740995
1494044450091417609
1494044456839962629
1494044467594240002
1494044477245181952
1494044476469358594
1494044480420421639
1494044480751734785
1494044481854873603
1494044482416922629
1494044487156338689
1494044487953174528
1494044494135709699
1494044495998066692
1494044496354594816
1494044499659706373
1494044500846694402
1494044505963651075
1494044507205246976
1494044507918061568
1494044507914096640
1494044517221154827
1494044523147710470
1494044527115616267
1494044532253601804
1494044538930880520
1494044544735797250
1494044549400133632
1494044551866208257
1494044556093919234
1494044557868412928
1494044559172673544
1494044563098456064
1494044563115331588
1494044564784566272
1494044569490628620
1494044571063533573
1494044580794322950
1494044584501923841
1494044585781342212
1494044587882647562
1494044589333823488
1494044590562627591
1494044595180605441
1494044603191857156
1494044603829440514
1494044606597533697
1494044608057290752
1494044612742291465
1494044613325250562
1494044618865844224
1494044620912693248
1494044635148087299
1494044639908749313
1494044640345010182
1494044648570068995
1494044648897413120
1494044650868461571
1494044660238458882
1494044666391584772
1494044673383583746
1494044676915187719
1494044683214864384
1494044688634032133
1494044690110468096
1494044694870962179
1494044695185530886
1494044695391002632
1494044698276921344
1494044698649919489
1494044700994506753
1494044702424903681
1494044703724957698
1494044704945901568
1494044707072192518
1494044707458285569
1494044708993175555
1494044709177769990
1494044721265528835
1494044734893047813
1494044736834969602
1494044741050187784
1494044741134127106
1494044745995198470
1494044761082437632
1494044761631514624
1494044764446113792
1494044766111105024
1494044766065016832
1494044768648761350
1494044769911070724
1494044775460261902
1494044779788873728
1494044790605950978
1494044791021125632
1494044794573582337
1494044800965877762
1494044814244921348
1494044818028257288
1494044819936751626
1494044823904714752
1494044828090486785
1494044827763318795
1494044829734477824
1494044831101898752
1494044831185870850
1494044839125700614
1494044841059119105
1494044842086834179
1494044845693976576
1494044846880927753
1494044848902619143
1494044851716956162
1494044860088737793
1494044860994699274
1494044865088344065
1494044865860145154
1494044869664378882
1494044870385848324
1494044874303324161
1494044875347705856
1494044880364003329
1494044884835221511
1494044892225769472
1494044895790583808
1494044896499535873
1494044900387663875
1494044902031777792
1494044902195400704
1494044907350102017
1494044912391798785
1494044917001187330
1494044918561443843
1494044920541241347
1494044920662966273
1494044923137458178
1494044931463135232
1494044937280757768
1494044938434056192
1494044942661992453
1494044956218085386
1494044957153267715
1494044957237288964
1494044957803524107
1494044959263002627
1494044962320752645
1494044963964960775
1494044964501786630
1494044965118177281
1494044966032588800
1494044967236509697
1494044971221016580
1494044972990926848
1494044973674737673
1494044974425464832
1494044978485551108
1494044978473050113
1494044979295141890
1494044980159123463
1494044980377108480
1494044980439965697
1494044982944092170
1494044984407994382
1494044984877617153
1494044985464872963
1494044986580602887
1494044990627999746
1494044993346019333
1494044993559973890
1494044997372440578
1494045003709960193
1494045011331235852
1494045014007205893
1494045017010278401
1494045024937463815
1494045025738493952
1494045028133527554
1494045029899321350
1494045030469808131
1494045035741986821
1494045042305949698
1494045042293424129
1494045043748921358
1494045046600916994
1494045061398544384
1494045063214780418
1494045064686936068
1494045066104487939
1494045069757792262
1494045070458114049
1494045075982020612
1494045077211078659
1494045087868854281
1494045094302957575
1494045097377230848
1494045102586617857
1494045103828213766
1494045104083984388
1494045105606610944
1494045106445459463
1494045106575454208
1494045108425089024
1494045109024747520
1494045109817462785
1494045114695655424
1494045122710933506
1494045124929675271
1494045126976364544
1494045128134123520
1494045128977227778
1494045131841757191
1494045139542548480
1494045140209520640
1494045143359541254
1494045145800458241
1494045146144555010
1494045146945622018
1494045148509982721
1494045148912631810
1494045149495762947
1494045151618113540
1494045152897343498
1494045162212839424
1494045162699300865
1494045163223764996
1494045166834880513
1494045167732797441
1494045170806898690
1494045175647293441
1494045180235763717
1494045182064566279
1494045187383107584
1494045187336777731
1494045189228437506
1494045191640010755
1494045192806187008
1494045201676963840
1494045205992984579
1494045218118815762
1494045221314719744
1494045221503606789
1494045222451523586
1494045227878735872
1494045235302703112
1494045236792008704
1494045237806866439
1494045238276632582
1494045238557655047
1494045239085965315
1494045241908686849
1494045248380719104
1494045248066146309
1494045250653806593
1494045251106795521
1494045253707382793
1494045254751772675
1494045260581797890
1494045271881310211
1494045272174903298
1494045276130078720
1494045277619109893
1494045279384838144
1494045290118135808
1494045293775622150
1494045294434025473
1494045294702518273
1494045298867507209
1494045300788506625
1494045308950487040
1494045311437877249
1494045314159890436
1494045317976707087
1494045318916108292
1494045320812154888
1494045323672625159
1494045328298983425
1494045332711350281
1494045343557857280
1494045350130298887
1494045357323563013
1494045359764643842
1494045360783708161
1494045363639971842
1494045364885889024
1494045369780654088
1494045369965154304
1494045371517046786
1494045374679560195
1494045376852152326
1494045378085330950
1494045381855830017
1494045381822451713
1494045384091521030
1494045387413499910
1494045390638825478
1494045394057191426
1494045396393508866
1494045399929217029
1494045402412335107
1494045402471051271
1494045408997232642
1494045409647349762
1494045412226969610
1494045414437359626
1494045414412238848
1494045417948000259
1494045418379878400
1494045421118705664
1494045421093728260
1494045422595325960
1494045427787780097
1494045430794973184
1494045430996512770
1494045434704273417
1494045436533002242
1494045436998524930
1494045438101577735
1494045440186089472
1494045441394192386
1494045441733791745
1494045444292415490
1494045444678242304
1494045447849193477
1494045450059583490
1494045450793594883
1494045458641002499
1494045466081779715
1494045466442579979
1494045471760867328
1494045476169125891
1494045487086944262
1494045492824707072
1494045499896340481
1494045511820709895
1494045518871285762
1494045520800595968
1494045523372032000
1494045528748867585
1494045542552326145
1494045544158797834
1494045547430223872
1494045550089433090
1494045553075929105
1494045556737560576
1494045558008393731
1494045561338617862
1494045566246035456
1494045568892551171
1494045571371307009
1494045572021604357
1494045572277452803
1494045584499613699
1494045585481080833
1494045591374123010
1494045601717182465
1494045604019908612
1494045607966748681
1494045619253567495
1494045619635187713
1494045622474883074
1494045627122073606
1494045628946698248
1494045631542968320
1494045631987556353
1494045631828144130
1494045632318918664
1494045636760535041
1494045638450827264
1494045639079915526
1494045639952506885
1494045643966345216
1494045646671822853
1494045654431121412
1494045656926900224
1494045657111400452
1494045660106088456
1494045663671336962
1494045663813844998
1494045670122139661
1494045678347042822
1494045680964354054
1494045684953083904
1494045692968460291
1494045694281363458
1494045696181555202
1494045697670320131
1494045697682731010
1494045699033518086
1494045702367821828
1494045702816600066
1494045705249378308
1494045706092490756
1494045709196312582
1494045709682810888
1494045709858836480
1494045717849067528
1494045726518616066
1494045726577414161
1494045731975413764
1494045737562296333
1494045737771933698
1494045738451492869
1494045739231723522
1494045741773426689
1494045743451353088
1494045748165554181
1494045751093125121
1494045751642521603
1494045753416765445
1494045753358315520
1494045754083532804
1494045761906135040
1494045763151798276
1494045764649054210
1494045766150762502
1494045769808203776
1494045784806932486
1494045786769969154
1494045791912091650
1494045793711497222
1494045799667412995
1494045803979030528
1494045808681000961
1494045812262797312
1494045813315706885
1494045813772886030
1494045816251568130
1494045821557526531
1494045821964333062
1494045826838061056
1494045827597324294
1494045827848818690
1494045829295972362
1494045831695151113
1494045833112825858
1494045835662868486
1494045840452767753
1494045842306707464
1494045844546404361
1494045847646003203
1494045851844493314
1494045855707549698
1494045857091506179
1494045863374589952
1494045867342381058
1494045868659515396
1494045869770895363
1494045870437724162
1494045870907658242
1494045876154732545
1494045876439982080
1494045879392776199
1494045880411959297
1494045884455260162
1494045891019386880
1494045893405941763
1494045902775926789
1494045904629755905
1494045910241878025
1494045915530809344
1494045918194249730
1494045920664731648
1494045922875088897
1494045924649222149
1494045931620081666
1494045934807887877
1494045935931838464
1494045935906738178
1494045940449099776
1494045940881444865
1494045941833220098
1494045948904980481
1494045950616084482
1494045951811817472
1494045956731457540
1494045957704798208
1494045962297167873
1494045965455613959
1494045969364631554
1494045975433732102
1494045983268761601
1494045989828800513
1494045993230168067
1494045995981672448
1494045998875922435
1494045998985154560
1494046003170713601
1494046005607731201
1494046008640249862
1494046010804703232
1494046013639872522
1494046013648084994
1494046015434870784
1494046019771846658
1494046022661591041
1494046026969190400
1494046027992772618
1494046028181479429
1494046029993607168
1494046033768169472
1494046035274043404
1494046037845032960
1494046038281252865
1494046043876564992
1494046047261413379
1494046048028921857
1494046048683118594
1494046052076326915
1494046052428746756
1494046059642847232
1494046060683182091
1494046061446705152
1494046062151016453
1494046064692760578
1494046066173480961
1494046067637243905
1494046068136300545
1494046070577537024
1494046074453045250
1494046076889755650
1494046078534041607
1494046078571892739
1494046078609797122
1494046079855181825
1494046081734250497
1494046083621834764
1494046092979318784
1494046096213032961
1494046098289274881
1494046103674798087
1494046105557864450
1494046105797025799
1494046108946944004
1494046114919718916
1494046114990858240
1494046119621451778
1494046125736996864
1494046128895049730
1494046131650764807
1494046143117856770
1494046144162414595
1494046147505184776
1494046150575497217
1494046150357184515
1494046152454557710
1494046152890765316
1494046154367057922
1494046157302947841
1494046159694106624
1494046167042338817
1494046171807076354
1494046181273526276
1494046186017366016
1494046194074537996
1494046196574277632
1494046198940172288
1494046202475782153
1494046202358239233
1494046202941571072
1494046208385601542
1494046208511389696
1494046209383751686
1494046208637251593
1494046210755235842
1494046213066350598
1494046218925735936
1494046219781423108
1494046223959007232
1494046226035220484
1494046236147691520
1494046236999143426
1494046237108187137
1494046237817024517
1494046245488365582
1494046250852888582
1494046252408971264
1494046258167746562
1494046263532261380
1494046264111075329
1494046266803646464
1494046268313722886
1494046281525874691
1494046285141352448
1494046289159458821
1494046292812746759
1494046299875905542
1494046300362346496
1494046303017447431
1494046304661606409
1494046306268065796
1494046309145317377
1494046314912387072
1494046316422332416
1494046321698869256
1494046322361569283
1494046328409792512
1494046329093300225
1494046330553053191
1494046334005002245
1494046342557351936
1494046356956090369
1494046363662880772
1494046371212664837
1494046378456227851
1494046380972777476
1494046384881819653
1494046388044324868
1494046391257243654
1494046391995441153
1494046392217657352
1494046393488531466
1494046394369388546
1494046394805489666
1494046399595491328
1494046407220596736
1494046409175220229
1494046415286378497
1494046419375771656
1494046420474556419
1494046430008209409
1494046432319483906
1494046435720970253
1494046438170537985
1494046438724190215
1494046439890210820
1494046441014116352
1494046443451011073
1494046444524769280
1494046445271502853
1494046445460242444
1494046458416447493
1494046468679901185
1494046473201328136
1494046479534764035
1494046480641966080
1494046486400745479
1494046492096614405
1494046497729568775
1494046500783071232
1494046501232066560
1494046501181562883
1494046502636953606
1494046503576301569
1494046510073331713
1494046511574880256
1494046512132808705
1494046512476794881
1494046515266002949
1494046519200141313
1494046528717131781
1494046534488539141
1494046536581488649
1494046543149781001
1494046543980158978
1494046543900520459
1494046544483569672
1494046552435793923
1494046564138037259
1494046565807398914
1494046567703187456
1494046568068046856
1494046568743198722
1494046569280286733
1494046569716490241
1494046573025656834
1494046580684439552
1494046584174166016
1494046585050837005
1494046587672162309
1494046594664128512
1494046601379258372
1494046602369011712
1494046602583056389
1494046602478112771
1494046613190463488
1494046615811891213
1494046624070488064
1494046637907451904
1494046639161552898
1494046639459377158
1494046647453687810
1494046647478796292
1494046648565178368
1494046656005918722
1494046657138216963
1494046659575222278
1494046660422508551
1494046661915643904
1494046664524447755
1494046665048834063
1494046665682128908
1494046669100699648
1494046687400280073
1494046690608918532
1494046691997143044
1494046698728919041
1494046700041822214
1494046701061033988
1494046701174333442
1494046703099396099
1494046714285604865
1494046715716030469
1494046715917258753
1494046719784464387
1494046727808159750
1494046737308139521
1494046738281345024
1494046738562564096
1494046741389320198
1494046742592954369
1494046743742205954
1494046746951012353
1494046748855177222
1494046750469939205
1494046753389264902
1494046754307653632
1494046755750621191
1494046759504564224
1494046768002043905
1494046770707329025
1494046770694963201
1494046773500735488
1494046773509296131
1494046776571138053
1494046779427414033
1494046782317375490
1494046781507661824
1494046785945415681
1494046787937529857
1494046788277387271
1494046795110010886
1494046797060354052
1494046798566019073
1494046799983611904
1494046800625512455
1494046800881332233
1494046808162676746
1494046809601105925
1494046813518761992
1494046814957236225
1494046818392588293
1494046819017498629
1494046819151659011
1494046819931676675
1494046822121328646
1494046823492825095
1494046825506033666
1494046832317452288
1494046840110649354
1494046842061041667
1494046842698543108
1494046844489543680
1494046844082659331
1494046848893521930
1494046851166871558
1494046851183558661
1494046875367870464
1494046876454244353
1494046888374550534
1494046892405268484
1494046898579292164
1494046898843496456
1494046905218830343
1494046906342952962
1494046907295010825
1494046924906844163
1494046925460586506
1494046925317939200
1494046925653524483
1494046925724782598
1494046927582904324
1494046930976092160
1494046934457278468
1494046935501602816
1494046937414348802
1494046937829584897
1494046938697715715
1494046938869739524
1494046944594997257
1494046945400262658
1494046949313589254
1494046951637241859
1494046960097153026
1494046963427418117
1494046963800723460
1494046972185124876
1494046972319260674
1494046979017646084
1494046987867627526
1494046990849789955
1494046996184944647
1494046997711568902
1494047008633597962
1494047011351502849
1494047012437827585
1494047019681390604
1494047020448993283
1494047024093794306
1494047027772198920
1494047029340868609
1494047030154563585
1494047032247566340
1494047033954639875
1494047040325697538
1494047042968162308
1494047044733919236
1494047047841988608
1494047049041555461
1494047050492792833
1494047065793568769
1494047072353501184
1494047076417949697
1494047077051121665
1494047087310385154
1494047088778301442
1494047091856977921
1494047096147968000
1494047096722317316
1494047097951301632
1494047101621309443
1494047101977829376
1494047103827468291
1494047103739441154
1494047104590921732
1494047114954870786
1494047115185692672
1494047116091613187
1494047116473380873
1494047116863410182
1494047121778954241
1494047122756300803
1494047123725340681
1494047128364417026
1494047141496442882
1494047142368854016
1494047142788358147
1494047143069466632
1494047148832432136
1494047150329589760
1494047151202177029
1494047153177698307
1494047154817622021
1494047156465930241
1494047157288161282
1494047160723075076
1494047164695252994
1494047166754611203
1494047169669578752
1494047176808443906
1494047177928286211
1494047181539622919
1494047187776544768
1494047191626780674
1494047196286787584
1494047196563578895
1494047200715808769
1494047201110249476
1494047207321968640
1494047213986721796
1494047215370653696
1494047218642436097
1494047222127808512
1494047235176235008
1494047239244820482
1494047239253245955
1494047241031593987
1494047244567265280
1494047247427944455
1494047247616856064
1494047247998373894
1494047250670301184
1494047258760912904
1494047262976225286
1494047268219101184
1494047275777245185
1494047275953397769
1494047282710339598
1494047294659911682
1494047299508609026
1494047301970632706
1494047307070947328
1494047311743361031
1494047312338771969
1494047312699867137
1494047315962773516
1494047324791873536
1494047324984594433
1494047338645573637
1494047339069476865
1494047345180356612
1494047346149281793
1494047347915083777
1494047348829622272
1494047349009793029
1494047351740280834
1494047353728294924
1494047354571403267
1494047357289254920
1494047365040414722
1494047365204000770
1494047365677793281
1494047367372455938
1494047367867342855
1494047369004044290
1494047370245558275
1494047375433871363
1494047384820588545
1494047385252773893
1494047389799391236
1494047390583586817
1494047391321923588
1494047393121251336
1494047394857725953
1494047400717172741
1494047406924652545
1494047409680240640
1494047416173187072
1494047416269488128
1494047419717152771
1494047427917086721
1494047438209966092
1494047440399667200
1494047441187971076
1494047444052684806
1494047444832710663
1494047453624033284
1494047453909241872
1494047454387396616
1494047460909465600
1494047463727976452
1494047463937912834
1494047468849438720
1494047470137102346
1494047474121650178
1494047477271511044
1494047478974324738
1494047478936653828
1494047479771373568
1494047480731820035
1494047492652027911
1494047492761001985
1494047499501244416
1494047501233569792
1494047509446299648
1494047513430614021
1494047517721432065
1494047518610452481
1494047521328574470
1494047523744325637
1494047524348317698
1494047530170134529
1494047535605948422
1494047542748794880
1494047546787958784
1494047548775931905
1494047557516935174
1494047561170276359
1494047561568722952
1494047568464171019
1494047570389352455
1494047575804162050
1494047576207032321
1494047581109985280
1494047582041038855
1494047582930284562
1494047585887297539
1494047589037187084
1494047591419555843
1494047592975671302
1494047595332837384
1494047597371269120
1494047599984267266
1494047601146089473
1494047610226704385
1494047614635069444
1494047617071857666
1494047619806547970
1494047622306451456
1494047623484948487
1494047629000396803
1494047631634538501
1494047634377494528
1494047641952567310
1494047642506211333
1494047645547040768
1494047656141803526
1494047659833044995
1494047663624536064
1494047669777580038
1494047671635660809
1494047673288167425
1494047678417625088
1494047681026531329
1494047682310119424
1494047690946134019
1494047693286481920
1494047695853559820
1494047696319139842
1494047699305328640
1494047699468886016
1494047700475592712
1494047700765003781
1494047715239604226
1494047721929461760
1494047724332892167
1494047724370542592
1494047737733599238
1494047738673065987
1494047738765455360
1494047739038121991
1494047739893927936
1494047740279599107
1494047743567880199
1494047744947802113
1494047747569188865
1494047754632384512
1494047754972188672
1494047768125526020
1494047769769791489
1494047769966825472
1494047770742824961
1494047774978961409
1494047779802525699
1494047781627043845
1494047782079848448
1494047782881144832
1494047783254376452
1494047788916621312
1494047793744334851
1494047796890120192
1494047799318614016
1494047800048459782
1494047800807628800
1494047801113776135
1494047802124500999
1494047805824024577
1494047808348999695
1494047811536666634
1494047815282089985
1494047815454322688
1494047816066478093
1494047819027697665
1494047821787545606
1494047821724536832
1494047823104458752
1494047824169689089
1494047823830081541
1494047829890940934
1494047832193523717
1494047832654893066
1494047833665724417
1494047836333350915
1494047845447614464
1494047851793424384
1494047857619632128
1494047858663821320
1494047859695849472
1494047861197225984
1494047862858174474
1494047864657526794
1494047868088377346
1494047871502405638
1494047876116365316
1494047877609496579
1494047880885194752
1494047887289995275
1494047887902269444
1494047888657293314
1494047896693583887
1494047897532383237
1494047897683386369
1494047902141923337
1494047907112128512
1494047910526435328
1494047919007281157
1494047923423694848
1494047926808633344
1494047929509761025
1494047931078377475
1494047933959913484
1494047939207041034
1494047939647451142
1494047940075270146
1494047941941731341
1494047945796329494
1494047948694380549
1494047952221970443
1494047952687570954
1494047959306047488
1494047962216894465
1494047965522051082
1494047967040327681
1494047967468269573
1494047967887740941
1494047973524840454
1494047979283816448
1494047981473042434
1494047984727695362
1494047984677691392
1494047986330087432
1494047988297220097
1494047988456607754
1494047991577067521
1494047992898277381
1494047998522716160
1494048002062778371
1494048001966419978
1494048008278708227
1494048020652077066
1494048024682807302
1494048031213334543
1494048032064737284
1494048033998204930
1494048037265715204
1494048038196858880
1494048042189824001
1494048044018540549
1494048051023028225
1494048052797218820
1494048070195163138
1494048073743745024
1494048081393897472
1494048083075911686
1494048086686986241
1494048088587132931
1494048091309281289
1494048094031253504
1494048096950657034
1494048097730715650
1494048101887135745
1494048102302425088
1494048102344499202
1494048103833427970
1494048106379464713
1494048110011723789
1494048113090338823
1494048114478661636
1494048115048988680
1494048115069833217
1494048118618435585
1494048120287731716
1494048124167458826
1494048139698790402
1494048149933068289
1494048150541467648
1494048151694548993
1494048152214806532
1494048152273530882
1494048153699553286
1494048154186137604
1494048165036707840
1494048172108357632
1494048173257596934
1494048173265805312
1494048175283486732
1494048176231227395
1494048176654802944
1494048177565044739
1494048178445955074
1494048180509589506
1494048181465792513
1494048183705612289
1494048188075896835
1494048189715996673
1494048189984423948
1494048190470836226
1494048193801330692
1494048195189653510
1494048195647012864
1494048198901575690
1494048199572701196
1494048204765212672
1494048208254865409
1494048210662395908
1494048217922682883
1494048227259211777
1494048228118986754
1494048232296624136
1494048234234421252
1494048235236872198
1494048236151132170
1494048249614852102
1494048250768371720
1494048255516319747
1494048257537945602
1494048261207998465
1494048261228961797
1494048262420152324
1494048262478782464
1494048263040733186
1494048263091200003
1494048264403963908
1494048265045692419
1494048265272238085
1494048265846804483
1494048266136207366
1494048273010765824
1494048273237217284
1494048273791066114
1494048274088660995
1494048282837987329
1494048285044133901
1494048286050635778
1494048291419561985
1494048294242242561
1494048300282318848
1494048300390961152
1494048304103055366
1494048313540284418
1494048313871826944
1494048316488704000
1494048318397161472
1494048321794629634
1494048323317104640
1494048325632344064
1494048326831906816
1494048327670722563
1494048331739238403
1494048333488295942
1494048336965513222
1494048339914076161
1494048340031463426
1494048340211810312
1494048347115507712
1494048351851008010
1494048352358576142
1494048353444847618
1494048357643337730
1494048358989799425
1494048364001910793
1494048365591633925
1494048366044631040
1494048365516136454
1494048378233434112
1494048390639931406
1494048391462019074
1494048395434106887
1494048396323262467
1494048397606670338
1494048398105845773
1494048398416224266
1494048402400808965
1494048405282332678
1494048415109500931
1494048416879415296
1494048420197249029
1494048421862608896
1494048423124815874
1494048427449143299
1494048430162948103
1494048433946124290
1494048434051035137
1494048434957037569
1494048437553278976
1494048445065166848
1494048447166513153
1494048452766216192
1494048463176220675
1494048469786546189
1494048473850671104
1494048476392525824
1494048478992949250
1494048479051661313
1494048480892882947
1494048483795419150
1494048486450413568
1494048486743941122
1494048491600965635
1494048493438132227
1494048493924663296
1494048497754161154
1494048498647375872
1494048498806886403
1494048500329463808
1494048500706791424
1494048517190529026
1494048521699405833
1494048522626293760
1494048527542013955
1494048529169281025
1494048556629508105
1494048558869274633
1494048561893359621
1494048564468752386
1494048567228575747
1494048574895583233
1494048578288832512
1494048579874439169
1494048580516167681
1494048592344096768
1494048594265006083
1494048594860691463
1494048594869067785
1494048594881654790
1494048599398776833
1494048600921358338
1494048619653128198
1494048620076670977
1494048622647791617
1494048623751016451
1494048624472473603
1494048632840019972
1494048637353086981
1494048638053539840
1494048658521788422
1494048661533118464
1494048665874223104
1494048667883425792
1494048670051930116
1494048670177808385
1494048670903197699
1494048678734143501
1494048687827210240
1494048689433853955
1494048692541837318
1494048699609014450
1494048700603289604
1494048706978619399
1494048709117501441
1494048713354137600
1494048716940283905
1494048717996965889
1494048719725109251
1494048726062665739
1494048728512180230
1494048729434841094
1494048730445586432
1494048737861193736
1494048738515509251
1494048739794690050
1494048742692950017
1494048745516072961
1494048749575983104
1494048754223259656
1494048756265897984
1494048757432090625
1494048760766341121
1494048762913640448
1494048766340460544
1494048770857877511
1494048772489367553
1494048781599445002
1494048781633003529
1494048783683915776
1494048789660905474
1494048802831011842
1494048806551404547
1494048808023601157
1494048809508298771
1494048810414215170
1494048812104499200
1494048818903470080
1494048819742490627
1494048820581130240
1494048825618669573
1494048827120181250
1494048829343158274
1494048831641587713
1494048843410944010
1494048848423141376
1494048850994413568
1494048859898580992
1494048859986837508
1494048860334964743
1494048864378183688
1494048874226401286
1494048880941584387
1494048886989590528
1494048887761510407
1494048892647788550
1494048892819845122
1494048892970799112
1494048895093063686
1494048896779264008
1494048898557648898
1494048899866128387
1494048899861938177
1494048900591857667
1494048904119267337
1494048904261902338
1494048906295930882
1494048907499872258
1494048917847220230
1494048918153351170
1494048918555922434
1494048919764062210
1494048920653250561
1494048923270488065
1494048925166317568
1494048929297887232
1494048930492997632
1494048932569169921
1494048932669841418
1494048932686704641
1494048936889401353
1494048940446126085
1494048940748066828
1494048940773285893
1494048945336586240
1494048945764552707
1494048946674708482
1494048952378970112
1494048955633655809
1494048955726020608
1494048956971634695
1494048962189406211
1494048964991197192
1494048967084187650
1494048975762169857
1494048982745690112
1494048991834783750
1494048993306984460
1494048993944424454
1494048994422669317
1494048998625136644
1494049002001600517
1494049002987220993
1494049007391240195
1494049009543036950
1494049009979125761
1494049011577331723
1494049018070155274
1494049021408600065
1494049024063725568
1494049024143417348
1494049024478904320
1494049025439404036
1494049028891451399
1494049030065643525
1494049031257001993
1494049032695472130
1494049040270565376
1494049044288712715
1494049047417696268
1494049048667512838
1494049050387267600
1494049051821674500
1494049052954181634
1494049055688708098
1494049057785876480
1494049058427600899
1494049066967306244
1494049069827862536
1494049074466676736
1494049075955707904
1494049076324798465
1494049080099672071
1494049080183382016
1494049080284168200
1494049084180729868
1494049093425012739
1494049109069676549
1494049110814429184
1494049115231109127
1494049118645374983
1494049129827241984
1494049132385902595
1494049133140881413
1494049137041580035
1494049139138592769
1494049143026819075
1494049143337230339
1494049153223069699
1494049161175396354
1494049166372503552
1494049173011722240
1494049172839968780
1494049178133184515
1494049180519743495
1494049187763302405
1494049188186886161
1494049191512977413
1494049195795361793
1494049199427620871
1494049199935033344
1494049203521085442
1494049204049784838
1494049204481576961
1494049206637629447
1494049207656800264
1494049208793325569
1494049216292814851
1494049219769950209
1494049226720002051
1494049228829741056
1494049231119785989
1494049234974294018
1494049241412603904
1494049246475128836
1494049250136702982
1494049255937429507
1494049256751218698
1494049257971671049
1494049259498340353
1494049275793317890
1494049285532528651
1494049285754679296
1494049285985480712
1494049287789023232
1494049288644669452
1494049289030574089
1494049291589062662
1494049292734144516
1494049293946146821
1494049295317848067
1494049295204438018
1494049296878030850
1494049298706800650
1494049299042291715
1494049301990887427
1494049302334910465
1494049303517618185
1494049310056529922
1494049310807318536
1494049313303023617
1494049316285169664
1494049317119827972
1494049317606227968
1494049320890351616
1494049320890507266
1494049321607569410
1494049322001784832
1494049328058359808
1494049341752832001
1494049343342399488
1494049343577407493
1494049348887498759
1494049349650812930
1494049351739584514
1494049354654564358
1494049360736305154
1494049361864519680
1494049366113456128
1494049366335705089
1494049373495435265
1494049375479218176
1494049380541911047
1494049382441828367
1494049392977977345
1494049399084765184
1494049401182035972
1494049402293469192
1494049403459575817
1494049405514567682
1494049406101905410
1494049409843310597
1494049411541790722
1494049417649082369
1494049418063933440
1494049418659696640
1494049421121789966
1494049421671034880
1494049422120005633
1494049423969722372
1494049426880483332
1494049429053083648
1494049430718328833
1494049430898626563
1494049434044411909
1494049437341327360
1494049438758801415
1494049439618678787
1494049440658767872
1494049454244179974
1494049456723054594
1494049465891758089
1494049469834399745
1494049470111043584
1494049473407987728
1494049478101270532
1494049496120139779
1494049501409071104
1494049540160339974
1494049548167114753
1494049550541144067
1494049554538242048
1494049559932243976
1494049560683065346
1494049565389033479
1494049565531869188
1494049567389614080
1494049578701754377
1494049579083472899
1494049583344885760
1494049586637385730
1494049587958530059
1494049591695708163
1494049599945859075
1494049600071778308
1494049602403639297
1494049605599875075
1494049607201918976
1494049611396390912
1494049611392208902
1494049611769683974
1494049612818264068
1494049614084952074
1494049614298767366
1494049615808811014
1494049618144944128
1494049618841292805
1494049624830746626
1494049626932060168
1494049628874018818
1494049629268230145
1494049631281553408
1494049634976735233
1494049639024242689
1494049640597106694
1494049644266934273
1494049644954927104
1494049647685521421
1494049652051746816
1494049654182453254
1494049655788822528
1494049667855917064
1494049676085108736
1494049678324756482
1494049681889976330
1494049685820125188
1494049687271260168
1494049687720140802
1494049688068116480
1494049688521216003
1494049692929376261
1494049692988153862
1494049694175141895
1494049699275296768
1494049703905869828
1494049704228831234
1494049708242874372
1494049712365871107
1494049718166605824
1494049722302148610
1494049723476426754
1494049730216996864
1494049731160403971
1494049733391831043
1494049736919298050
1494049738852900868
1494049740018761729
1494049743298863107
1494049744900935681
1494049746041851911
1494049747367301127
1494049750026498053
1494049752102678533
1494049752538927112
1494049755621646339
1494049756024348680
1494049756963913728
1494049757286731776
1494049758335606784
1494049760818257920
1494049761594417154
1494049772013080586
1494049775125241856
1494049779533369351
1494049779814436867
1494049780858712069
1494049781231931392
1494049784222601223
1494049785623494662
1494049786529558534
1494049791176814592
1494049801943535619
1494049802161901568
1494049804523130882
1494049811653447683
1494049815344271360
1494049815516233730
1494049816325857286
1494049816195715074
1494049816913002496
1494049825511424005
1494049829634428929
1494049831253389318
1494049841768550400
1494049843610025984
1494049843760799759
1494049845841391616
1494049849414615043
1494049863561924608
1494049868918280197
1494049873955631109
1494049876879069192
1494049877197832194
1494049877327765515
1494049879433388039
1494049882474442752
1494049884378382337
1494049886127501313
1494049886995550209
1494049888673275904
1494049891236122627
1494049891588485125
1494049894407057410
1494049895631798273
1494049909972082694
1494049910756450313
1494049914267258880
1494049916733333510
1494049917295562752
1494049919002451971
1494049923121270784
1494049925449064457
1494049932411555847
1494049941332758530
1494049944805986304
1494049947813130241
1494049947758518277
1494049954800619522
1494049958294704136
1494049963852156932
1494049975092887556
1494049981736669193
1494049982491631621
1494049983611674624
1494049985582837765
1494049988090814465
1494049989500223488
1494050000850010117
1494050004662726656
1494050004700442630
1494050004964716549
1494050005224767489
1494050009494425600
1494050014678581249
1494050015395958797
1494050018449412110
1494050034328952833
1494050036031885317
1494050036648456194
1494050037055303693
1494050038070267907
1494050041773707264
1494050042763784194
1494050048329588742
1494050050120597508
1494050051512946689
1494050060363051011
1494050064741933057
1494050066583408640
1494050067807887363
1494050070810882050
1494050072937517058
1494050074321510401
1494050080327970824
1494050080973680640
1494050085801365504
1494050089299582983
1494050098325725184
1494050101026689027
1494050101978828802
1494050102322810884
1494050104390688775
1494050104696709120
1494050104914989059
1494050106231902209
1494050106219413509
1494050116164009984
1494050118487752708
1494050121083990018
1494050121327480832
1494050122442977286
1494050125550866439
1494050130084904966
1494050134786809858
1494050140365201413
1494050148095168512
1494050150314135555
1494050150838255616
1494050151958261760
1494050155489677312
1494050156395831297
1494050159138848772
1494050161684885504
1494050171772149766
1494050174028636165
1494050179686752270
1494050182656311302
1494050187731292161
1494050199127400449
1494050199861444611
1494050204621934592
1494050206094184448
1494050211387346950
1494050214981865480
1494050216734986240
1494050219662712834
1494050220346265600
1494050220736458756
1494050226742734848
1494050227388518400
1494050229221576711
1494050230635008004
1494050231968747525
1494050233130442756
1494050238621007872
1494050242458705929
1494050242869796864
1494050243700264964
1494050245843451904
1494050246317404161
1494050247018004481
1494050248611614722
1494050249605894148
1494050258103513093
1494050258862493701
1494050265531572226
1494050265544155138
1494050268870320129
1494050272116715522
1494050272905150464
1494050273605697543
1494050278693351424
1494050285718806536
1494050293037903886
1494050293306339344
1494050304823898115
1494050306375798786
1494050306648379397
1494050307159982082
1494050307604721666
1494050308846235652
1494050309299220482
1494050312109400064
1494050314265284611
1494050315074605057
1494050315821363207
1494050318769917965
1494050327288590336
1494050335777820678
1494050340345290753
1494050341167501313
1494050350541651970
1494050351070302209
1494050351347302400
1494050351674179586
1494050352672301057
1494050352852787204
1494050353179885569
1494050361249714176
1494050367083933696
1494050373639847939
1494050374369562634
1494050374252179463
1494050374528995329
1494050374596055042
1494050376013733894
1494050377448185862
1494050385929150469
1494050386101116931
1494050389850656768
1494050390765182980
1494050391192965120
1494050392681897991
1494050399019421696
1494050400206528513
1494050401049473024
1494050412760080384
1494050412990812165
1494050413741367298
1494050415603707905
1494050417164144644
1494050418560696323
1494050420385206273
1494050422952271872
1494050424500125696
1494050430015447043
1494050432779530249
1494050432867520513
1494050440912199681
1494050444657639426
1494050447463788545
1494050460285554689
1494050463473410053
1494050464551342084
1494050464874303488
1494050469441781760
1494050470360403968
1494050472356888577
1494050479541669888
1494050483048116229
1494050484436537348
1494050485317238785
1494050489616502792
1494050492179271689
1494050493705834496
1494050497069789190
1494050499888390144
1494050500022521867
1494050500882452487
1494050502446772226
1494050510307004420
1494050519685509125
1494050520792711178
1494050526547296261
1494050530095771648
1494050531773353985
1494050536412360711
1494050537490329605
1494050538136252421
1494050540526911491
1494050544075231237
1494050545283346436
1494050546239553542
1494050549276323847
1494050553982164992
1494050558063300609
1494050563268349953
1494050574505066499
1494050577822609409
1494050578061836289
1494050582037995525
1494050588283351042
1494050593740140545
1494050597888212998
1494050598420889600
1494050605232377856
1494050607568543745
1494050622089400323
1494050628473135114
1494050629504880640
1494050630498799616
1494050631652462594
1494050632927526914
1494050636983320587
1494050641802452993
1494050646730985481
1494050648312082432
1494050654536359938
1494050655018704897
1494050667987550209
1494050669036195842
1494050670600720392
1494050673935089666
1494050673964552196
1494050677361836032
1494050677798191105
1494050685654077449
1494050689432965120
1494050689672228869
1494050691467284480
1494050697511383045
1494050700216647682
1494050700417974274
1494050702888353794
1494050705480507395
1494050707602825219
1494050708127158275
1494050714288631813
1494050727261528078
1494050728540835843
1494050734719094784
1494050736195448837
1494050737180971011
1494050738720239616
1494050742763728901
1494050744168767488
1494050753496952836
1494050763030634498
1494050768885854216
1494050772446633985
1494050776083226633
1494050778935349251
1494050779216371713
1494050794332725248
1494050795515490319
1494050795993681932
1494050797625171975
1494050805468520451
1494050812636672000
1494050817372049420
1494050824229568513
1494050825118924801
1494050825655791621
1494050826146525196
1494050826851131400
1494050827446718471
1494050830407847942
1494050833297809413
1494050846958624772
1494050847499722764
1494050848837619712
1494050848938332165
1494050853962932225
1494050854449598464
1494050857779871750
1494050862678827008
1494050862808932360
1494050872552300548
1494050873231745030
1494050876918480912
1494050879502229509
1494050879485485065
1494050879523233793
1494050885462331401
1494050893418930181
1494050899421016065
1494050906593280004
1494050907193065477
1494050912054267913
1494050913652248584
1494050916458287108
1494050917431316480
1494050918500909056
1494050919385899011
1494050935252959235
1494050937144582149
1494050937895194625
1494050942253248522
1494050942639083528
1494050943083626498
1494050945629577220
1494050945726136325
1494050946602737665
1494050949106749440
1494050951203856388
1494050952587792386
1494050955960147969
1494050956539056132
1494050961907761153
1494050962264059906
1494050965665693696
1494050969050664964
1494050970577297409
1494050972309594119
1494050973345587201
1494050973572022272
1494050974289170432
1494050975509671939
1494050976373817345
1494050976705101826
1494050976885575682
1494050976940142595
1494050979955851265
1494050980425576452
1494050981599924233
1494050987341930500
1494050988923265032
1494050993801412608
1494050996472922118
1494051006702923782
1494051016228093959
1494051016127438850
1494051017150894087
1494051020745367563
1494051022611881991
1494051022607577089
1494051029502939138
1494051030308466693
1494051036616695817
1494051037258387456
1494051040110559234
1494051047714734080
1494051048192888837
1494051053410693121
1494051054232735752
1494051058628407298
1494051058653478918
1494051062055116803
1494051063774826507
1494051075959230466
1494051078320504832
1494051079188893701
1494051079956287489
1494051080598179855
1494051086545653761
1494051086835011588
1494051089351471106
1494051095479468040
1494051096049954819
1494051103440310279
1494051110327361545
1494051117864566784
1494051119005413376
1494051124118102017
1494051130862571521
1494051132796190736
1494051144016044036
1494051145320443907
1494051148025761794
1494051151255257090
1494051151645675523
1494051164333170689
1494051167898320899
1494051173896232960
1494051176895053827
1494051177029320704
1494051181609603073
1494051183182311425
1494051183870324740
1494051184860139521
1494051190287462400
1494051190144917510
1494051194985230339
1494051199892561921
1494051202107166725
1494051204258742284
1494051211854684162
1494051216829173760
1494051217873543182
1494051218527772672
1494051219249246216
1494051221577117699
1494051221446926336
1494051231584641032
1494051232125652994
1494051236777136129
1494051237418999812
1494051240124108804
1494051251323031560
1494051251717292033
1494051251960614917
1494051253499875329
1494051278372155394
1494051290317729792
1494051294167851008
1494051296311132161
1494051309707743237
1494051313533190144
1494051313482547201
1494051319711109121
1494051322517200906
1494051322529603585
1494051325184667648
1494051326887669764
1494051327957213193
1494051329546895368
1494051331287486466
1494051332583419905
1494051334802214915
1494051336593506304
1494051338824548354
1494051339822845952
1494051340015702017
1494051342159126534
1494051359246716929
1494051361763246081
1494051365676531712
1494051373834547205
1494051375239634945
1494051378037235718
1494051381149380613
1494051382399311874
1494051385654009862
1494051389416353796
1494051391777689603
1494051394546020360
1494051399562321933
1494051401835499523
1494051402167242752
1494051405614755844
1494051407233757186
1494051412577296389
1494051412778491909
1494051414682836996
1494051414758379522
1494051415316070406
1494051415718825989
1494051416213651457
1494051416671145984
1494051419204292621
1494051420223455239
1494051429111189504
1494051434207215616
1494051435138334722
1494051436879138828
1494051439232131074
1494051440251314179
1494051443443183631
1494051445984821248
1494051448572637185
1494051461663240196
1494051467031887874
1494051471087788036
1494051471490490374
1494051473243533312
1494051475038760961
1494051475462447106
1494051480256589828
1494051500372467714
1494051503451131914
1494051503073546242
1494051505502146560
1494051507184050178
1494051509121736708
1494051512225570825
1494051513659965441
1494051531762671618
1494051539962535937
1494051541585575936
1494051542311260165
1494051547604422656
1494051548602806282
1494051551358377987
1494051551727468555
1494051552851550219
1494051559847698436
1494051562368352256
1494051568165212160
1494051573185589254
1494051574649438209
1494051575874174982
1494051583319056389
1494051586250731522
1494051588528553984
1494051589253857284
1494051590617063432
1494051591804047367
1494051592756211717
1494051596178575362
1494051596447137794
1494051596371562496
1494051604185718788
1494051605792325632
1494051617045467140
1494051617624424450
1494051619260010500
1494051622628044806
1494051623160537094
1494051624045662215
1494051625597648901
1494051629129076736
1494051630626611204
1494051635429052420
1494051638243311617
1494051639103299592
1494051657696649217
1494051657839173640
1494051659714072577
1494051664080293890
1494051664432705540
1494051665288351750
1494051666391453703
1494051673697923089
1494051683340632072
1494051684439396354
1494051691578413056
1494051695285858309
1494051699018715138
1494051699530424320
1494051699933298701
1494051701636034561
1494051703670415365
1494051704102338562
1494051704354000900
1494051707747282947
1494051710683209731
1494051716471218176
1494051723807055873
1494051725552017421
1494051726781194240
1494051737103130630
1494051738499887108
1494051739477192710
1494051740789968908
1494051740806619140
1494051745068208129
1494051759412678657
1494051764638830598
1494051766425382914
1494051773895651335
1494051777431601153
1494051778295263236
1494051778136055810
1494051782246473728
1494051788105781248
1494051795261341699
1494051796037292037
1494051797165608961
1494051801695461385
1494051804564262913
1494051809446354949
1494051811598217220
1494051824281821188
1494051829155606532
1494051829981728769
1494051831017844739
1494051831361769474
1494051833731551239
1494051838383083524
1494051839846895616
1494051840610156544
1494051842111770629
1494051842501885952
1494051846591332356
1494051847262326794
1494051857274187776
1494051864245153793
1494051868871299073
1494051869072707588
1494051872172560384
1494051875045445635
1494051879478697985
1494051879705214979
1494051881534042116
1494051883576606724
1494051886286229508
1494051893156450313
1494051893890400257
1494051897778614281
1494051903650471937
1494051904741122052
1494051907744284674
1494051913511456773
1494051913767215110
1494051923049295879
1494051925658148870
1494051927855968256
1494051929135190018
1494051944901791744
1494051945522372622
1494051957991825408
1494051951985762313
1494051959975792644
1494051952698826753
1494051971430588423
1494051982767796234
1494051991684669441
1494051992557305860
1494051998056001542
1494052000044134400
1494052003068190721
1494052008298377218
1494052009926074368
1494052016456413191
1494052019518287875
1494052020042407936
1494052021745369088
1494052022735233031
1494052029345505283
1494052030419288068
1494052030507331586
1494052037503623168
1494052039961182208
1494052043471953920
1494052047548788741
1494052055668957184
1494052058382614532
1494052058592423947
1494052059762634754
1494052061155110914
1494052065643016193
1494052071120666625
1494052072827854848
1494052075818344449
1494052077651337218
1494052086992052228
1494052088300675080
1494052089282142208
1494052096177414144
1494052096500457474
1494052099620933633
1494052099969060864
1494052101374492672
1494052101688741888
1494052105115488257
1494052112468254721
1494052113445695488
1494052114158714882
1494052125076500480
1494052126728855557
1494052129887207429
1494052131434807298
1494052135738253322
1494052137126477824
1494052141698371592
1494052142423977991
1494052144365780992
1494052151970394113
1494052152255385603
1494052155417784322
1494052156332204037
1494052156663603211
1494052158177751044
1494052160770031616
1494052168134922243
1494052169892380676
1494052170953547778
1494052172321161217
1494052174552350727
1494052178188992512
1494052180755562496
1494052182194274304
1494052182949199872
1494052183901446149
1494052191996424196
1494052202603855874
1494052203526443009
1494052207762673668
1494052210086494212
1494052213018222593
1494052214230462465
1494052214263795714
1494052215480332295
1494052218634387462
1494052219422916617
1494052235155849226
1494052243250814978
1494052248476917771
1494052249701699593
1494052250829811713
1494052252994224128
1494052254709653507
1494052255212920834
1494052259033874434
1494052258933260290
1494052259721887751
1494052260334247939
1494052263559581703
1494052264838844423
1494052274632486912
1494052275584651269
1494052275526201344
1494052276541005828
1494052280571682818
1494052281804898307
1494052284606697481
1494052285642596360
1494052285881765891
1494052286649167872
1494052289136537601
1494052293066559492
1494052293494386695
1494052306358349829
1494052306471452673
1494052306664542208
1494052307037831170
1494052320149131266
1494052324481941511
1494052325513641985
1494052329863016451
1494052331746476045
1494052331679326223
1494052339191357442
1494052343393964032
1494052350478233605
1494052357411418118
1494052358493544452
1494052360041152513
1494052367213412354
1494052371126792195
1494052374796718081
1494052375807807489
1494052379506921476
1494052381167788033
1494052382979903492
1494052396573593610
1494052398486151170
1494052402454056962
1494052402839891969
1494052404853153798
1494052414395195399
1494052416488099845
1494052417641590798
1494052417880612869
1494052421697482753
1494052424931229698
1494052426277539840
1494052431663181832
1494052437044482054
1494052438667632647
1494052445848313865
1494052458481393665
1494052482246402055
1494052489934651397
1494052492136652805
1494052492753059841
1494052493776490497
1494052502022598659
1494052503842963457
1494052504782446602
1494052504912470017
1494052505730400257
1494052506757857281
1494052513594896385
1494052515884769285
1494052524977901568
1494052525560979464
1494052525863051271
1494052535837024256
1494052540274683909
1494052541692190720
1494052541776416768
1494052542275280904
1494052543651065860
1494052544552841216
1494052552043909124
1494052553251819527
1494052556582141961
1494052561522884610
1494052565444882432
1494052566086438919
1494052572046503948
1494052571971203072
1494052576022704130
1494052579558313984
1494052581211099141
1494052592036495370
1494052592175001605
1494052595010351105
1494052598449594373
1494052602082111488
1494052606376824835
1494052613364625410
1494052613851078665
1494052616673898496
1494052625322500098
1494052627843194887
1494052630276063243
1494052632415068166
1494052633782460420
1494052640543674376
1494052641944526849
1494052642741387268
1494052653919313930
1494052655659995139
1494052663322943497
1494052670478458882
1494052672365867009
1494052674983145473
1494052675448623107
1494052675582840835
1494052675918471169
1494052678380527624
1494052681694035973
1494052684101562370
1494052688715296774
1494052692162842626
1494052694134124547
1494052694667198464
1494052695191212034
1494052698022420483
1494052699309936640
1494052700539043840
1494052700652199937
1494052700731977729
1494052702493364225
1494052703747686404
1494052707065282560
1494052708122349570
1494052713650442242
1494052716854886404
1494052727944531972
1494052729836158979
1494052731924873216
1494052735297089537
1494052737935458314
1494052739399172104
1494052749964632067
1494052767358410757
1494052768163766278
1494052770286125058
1494052772207263744
1494052772920315904
1494052780503408641
1494052781514117123
1494052786455023616
1494052795887980548
1494052797364375557
1494052804339638272
1494052810828169220
1494052811348262922
1494052813965570051
1494052817211953155
1494052822870118406
1494052824602144769
1494052824677707778
1494052831317299200
1494052844441378823
1494052846198792198
1494052847121575942
1494052848887386116
1494052850069950466
1494052853731643395
1494052855963078665
1494052857431175174
1494052861163958273
1494052865429573632
1494052866889326595
1494052870580150272
1494052877517479939
1494052878159392779
1494052881485414401
1494052885629386753
1494052897184645122
1494052899202248707
1494052899487461392
1494052908811358210
1494052922212208643
1494052923403210752
1494052926448455680
1494052928696553483
1494052930508320768
1494052940524494854
1494052956991152128
1494052957096185866
1494052957960159235
1494052958505480193
1494052959927169025
1494052961143726081
1494052966789222405
1494052970392080384
1494052972980051973
1494052976566046726
1494052975593107463
1494052984690511880
1494052992865083394
1494052995016888327
1494052998120681473
1494053008270897159
1494053009063833600
1494053009898283017
1494053011496513537
1494053014734258176
1494053017943183362
1494053021067657227
1494053021721903104
1494053027589808138
1494053027715686415
1494053030374752256
1494053033172353024
1494053035697491977
1494053040881647621
1494053051199545345
1494053055716892672
1494053056077520900
1494053062855561219
1494053063237472257
1494053063488847873
1494053068924768257
1494053073089617921
1494053082707152905
1494053083218907138
1494053091527770117
1494053092656091144
1494053095315148802
1494053099820007424
1494053100247732235
1494053101027807232
1494053101740994571
1494053102936375305
1494053103418720257
1494053104081248256
1494053106421800968
1494053106606174209
1494053109215240192
1494053109361954818
1494053109898919941
1494053111857561603
1494053121927966721
1494053130467749897
1494053138906574850
1494053140752175111
1494053141607768070
1494053151070199810
1494053156824645633
1494053157479108610
1494053159253078017
1494053163493699584
1494053166878543875
1494053175531167748
1494053178668568577
1494053180614889480
1494053184477798405
1494053206841860107
1494053207072456710
1494053207160545291
1494053207173402624
1494053213309394955
1494053214504857602
1494053215163330568
1494053218640441348
1494053218640347141
1494053219370156035
1494053224713707532
1494053226345287684
1494053228287184897
1494053230648692736
1494053232380985352
1494053236545781767
1494053237128896516
1494053237690978306
1494053240555458560
1494053242992431105
1494053246003990530
1494053248487292928
1494053251205025794
1494053254040547328
1494053255705509894
1494053257014042627
1494053271799054336
1494053274277740544
1494053277192765442
1494053280871182338
1494053280804130820
1494053280825151489
1494053281278136322
1494053288119271425
1494053298306904064
1494053301469388800
1494053304120209409
1494053307568226304
1494053313221910531
1494053313851150337
1494053314815791108
1494053315134513166
1494053315826569216
1494053316791308290
1494053320528330752
1494053326710788097
1494053328258486278
1494053329986809856
1494053334113738752
1494053341588078595
1494053344503119877
1494053346654973953
1494053351528484868
1494053352988151809
1494053356884660225
1494053358776340482
1494053360957280257
1494053361385021441
1494053363138322432
1494053363620712454
1494053363788488708
1494053365067751426
1494053370591682560
1494053379785568265
1494053383413460992
1494053383568826376
1494053387037556751
1494053388711047179
1494053389600231425
1494053390330085376
1494053403709870081
1494053404259360777
1494053405681074178
1494053411347742730
1494053413448916995
1494053413574881282
1494053416728936459
1494053416737423361
1494053417148420098
1494053423037227010
1494053423804674049
1494053430121443330
1494053433946800128
1494053437700464641
1494053446403645440
1494053448450547716
1494053449763373063
1494053456620883971
1494053459783569416
1494053463399055361
1494053464090894344
1494053467836624906
1494053472446074881
1494053474681737217
1494053479874183170
1494053483611410435
1494053489844105219
1494053501064089600
1494053502309605380
1494053513684570124
1494053520949006343
1494053521292943360
1494053529253818370
1494053529463439372
1494053532974161922
1494053536920788994
1494053538343034880
1494053543136874499
1494053545016016898
1494053548182712333
1494053550846091271
1494053553924628482
1494053557774942211
1494053560522141696
1494053568013348869
1494053568503898113
1494053570114588672
1494053570525777927
1494053575034646534
1494053575730860040
1494053576141799426
1494053580445302793
1494053584484413449
1494053584861863944
1494053585189019651
1494053590318551042
1494053591396585474
1494053591476224000
1494053594693353474
1494053605409796097
1494053609813778435
1494053611306848256
1494053615564034048
1494053617912979463
1494053625043247110
1494053627979309062
1494053629971480577
1494053637282271237
1494053638779584515
1494053638871920641
1494053645783998465
1494053648418189317
1494053651744186378
1494053652406804481
1494053653136781313
1494053653887475717
1494053655741452288
1494053656253157376
1494053657989591040
1494053671629381646
1494053673005113354
1494053674317979651
1494053678235410437
1494053678721994753
1494053679032197121
1494053680190009349
1494053685911072772
1494053689463656452
1494053690574966787
1494053695448764420
1494053702814076929
1494053710862987276
1494053714755309569
1494053722716098562
1494053723567501321
1494053724007723008
1494053735139614721
1494053737450680323
1494053738201419776
1494053741599014913
1494053741376544769
1494053744765513728
1494053751228932106
1494053752097370113
1494053755075141637
1494053756643594242
1494053763161731073
1494053767448256522
1494053770803744780
1494053771181269001
1494053771831349249
1494053776919085063
1494053778299002890
1494053780773552133
1494053787283378176
1494053791603118083
1494053797064286211
1494053797555228672
1494053800885243907
1494053810578198528
1494053811685629962
1494053815145746441
1494053818916614150
1494053821428944908
1494053822758473729
1494053824050434050
1494053824109027328
1494053826315403268
1494053826223120395
1494053827263270925
1494053828391440390
1494053835937136645
1494053836507553796
1494053843528601601
1494053845806174210
1494053847035170829
1494053847983087633
1494053851762155525
1494053856547848195
1494053857659265026
1494053865129496581
1494053866903638018
1494053868925247496
1494053874142957568
1494053874952507392
1494053882296778761
1494053893998723072
1494053895345254403
1494053896725090306
1494053897069019146
1494053902588821504
1494053903025025026
1494053905478533124
1494053906170720257
1494053910197129216
1494053910599790593
1494053911052836874
1494053912927735811
1494053915691782148
1494053924411609088
1494053927037247488
1494053935610413056
1494053935405015048
1494053938437537800
1494053949422194688
