1496530272891936779
1496530277526614020
1496530280630341634
1496530281230217219
1496530282123608066
1496530285130825738
1496530292940677121
1496530293737631749
1496530295562149894
1496530294681350146
1496530299580256258
1496530299768950785
1496530305221640203
1496530306773536769
1496530311328509963
1496530311743963137
1496530314990170117
1496530317036957711
1496530317544509444
1496530319318650880
1496530319746506753
1496530321210236928
1496530321516691457
1496530320522366978
1496530326784512003
1496530338784366600
1496530349219790851
1496530350260035592
1496530350276763655
1496530350603968513
1496530356392140810
1496530364491255813
1496530368777830410
1496530385961988098
1496530386083631107
1496530391733530625
1496530401090809858
1496530402495934469
1496530406316953604
1496530406816063488
1496530412444827649
1496530413480816646
1496530414957178889
1496530415095586826
1496530417427501057
1496530417717059584
1496530417578610689
1496530419898097665
1496530421550825477
1496530427888259077
1496530446158606342
1496530454354272262
1496530457386942464
1496530458284331024
1496530466991751171
1496530469403439105
1496530470162546704
1496530472540819472
1496530473987805184
1496530474906312709
1496530475124416514
1496530492208070658
1496530494523072518
1496530499900264448
1496530503167578112
1496530506728771584
1496530511073878016
1496530518812286978
1496530519772774408
1496530520435535879
1496530522629349376
1496530529109356544
1496530530367647745
1496530533488238600
1496530536852238338
1496530538273853448
1496530541516140548
1496530549347090432
1496530554287955969
1496530555449614347
1496530557425094661
1496530560939962370
1496530575003377666
1496530579793526784
1496530581093560327
1496530583085793290
1496530590060982283
1496530592900554753
1496530594632814606
1496530598483136512
1496530606158753802
1496530608201342986
1496530610315276291
1496530612055851013
1496530614014865409
1496530618137681929
1496530622067748879
1496530624760500226
1496530633912467457
1496530634239524873
1496530638299619335
1496530642280263681
1496530643425325057
1496530644024897537
1496530644347805712
1496530652321226752
1496530656364724227
1496530660135411712
1496530665906786306
1496530670256267266
1496530671380176900
1496530675612147714
1496530680699932678
1496530692053872641
1496530701302349831
1496530701704962057
1496530702145314818
1496530702233440261
1496530703122857985
1496530705219735557
1496530707467882497
1496530709389148161
1496530709925838866
1496530711561523210
1496530713130250248
1496530713876828182
1496530717437796357
1496530718486409219
1496530718956134405
1496530718247342082
1496530721455976459
1496530724069195776
1496530728871415811
1496530730922430473
1496530734055628808
1496530752174968837
1496530765315997697
1496530773369044992
1496530782332112898
1496530787197497344
1496530788711649291
1496530789772767237
1496530790016069632
1496530796064428038
1496530801932050433
1496530805023473667
1496530812728188934
1496530812921171973
1496530817002131465
1496530822283010050
1496530822924484615
1496530827357962351
1496530829803143172
1496530830449324032
1496530835935277062
1496530836581199877
1496530842008657927
1496530842897760256
1496530844487458817
1496530846475595776
1496530847297683460
1496530859847004164
1496530861772222469
1496530873423994890
1496530876318064643
1496530877546999819
1496530889450442757
1496530890062807048
1496530895272132614
1496530895519498242
1496530902540763137
1496530903715430401
1496530909700444162
1496530914104520720
1496530925177516038
1496530932781977601
1496530934941761536
1496530935487115270
1496530943238156295
1496530947331735558
1496530950699765761
1496530951287054338
1496530953048846338
1496530953388371973
1496530954713800707
1496530955179282436
1496530964528435210
1496530964641902593
1496530971398656000
1496530971683954699
1496530974884401152
1496530981678891023
1496530987970441232
1496530988406558725
1496530988704452613
1496530989799165978
1496531011349491718
1496531012213424140
1496531014281277442
1496531017146028034
1496531018714656771
1496531026075607057
1496531026881003521
1496531029363941385
1496531029154312203
1496531032534929417
1496531037568081923
1496531039027662870
1496531039862333441
1496531046380490753
1496531053623881728
1496531054185832460
1496531056316538893
1496531059852337154
1496531061081268227
1496531064449384448
1496531068618428425
1496531073177686019
1496531084233818113
1496531089099476992
1496531089598423040
1496531094870577157
1496531097269768192
1496531098104389636
1496531099882774530
1496531100096770057
1496531100889489409
1496531099811737601
1496531101959049223
1496531105683496971
1496531111941644288
1496531117821865993
1496531120497774594
1496531124218171403
1496531126617513984
1496531130241138689
1496531136725626885
1496531140294938630
1496531141007925252
1496531143306457094
1496531143990124550
1496531161232945163
1496531162734469124
1496531166098247689
1496531166580645888
1496531170602979332
1496531179150921729
1496531180388290564
1496531184242864130
1496531189296939014
1496531195194187781
1496531202542612486
1496531203230515211
1496531213942607874
1496531214773231625
1496531214840250371
1496531221978955780
1496531225011683328
1496531225846202370
1496531226882195459
1496531227872047105
1496531228769533953
1496531231919550468
1496531233190330373
1496531237502173185
1496531238970081280
1496531243076562947
1496531245643485185
1496531246083874817
1496531254245736448
1496531254891757573
1496531256858787854
1496531257777606657
1496531257865428995
1496531259492864010
1496531260264652815
1496531262500188166
1496531263930486785
1496531265230721029
1496531267667513351
1496531268766474244
1496531272948191232
1496531275343179776
1496531276416925697
1496531278400794632
1496531279629725704
1496531280011444224
1496531285598441472
1496531288102416384
1496531288202825752
1496531288735756288
1496531290853679110
1496531292686807040
1496531296218193923
1496531300936785920
1496531305751851009
1496531306007736322
1496531311086997508
1496531326987816960
1496531330980622344
1496531346935717892
1496531350220075008
1496531352979742727
1496531354628022274
1496531357945810952
1496531360516915201
1496531367492038656
1496531368045690881
1496531381513510921
1496531382323105792
1496531385141669893
1496531385041010696
1496531387423367175
1496531388643827713
1496531389558267905
1496531394230734851
1496531397456113672
1496531405106524163
1496531405894868998
1496531408751407112
1496531410219323394
1496531419132215296
1496531422911373320
1496531422940651524
1496531426543550476
1496531427227275274
1496531441953521676
1496531447489961987
1496531448702152707
1496531453546577924
1496531454075052047
1496531461662740480
1496531462178451457
1496531463399002119
1496531463382175750
1496531469002493957
1496531475126235141
1496531475533123585
1496531481144999937
1496531482424352775
1496531487201574917
1496531491903479809
1496531498228502534
1496531505186852874
1496531509926313986
1496531513202122753
1496531513386672138
1496531516008144898
1496531517908074500
1496531524334030848
1496531524728020996
1496531529333411852
1496531531657097219
1496531534911791105
1496531535939481641
1496531538212757512
1496531544869113860
1496531546236493825
1496531550032338945
1496531554948235264
1496531558584688640
1496531567921008642
1496531573138731013
1496531575751729158
1496531578549325828
1496531591954419717
1496531596194766849
1496531597599907844
1496531599831314436
1496531601936769030
1496531603140407301
1496531618168807435
1496531619775188994
1496531624657571840
1496531648376193028
1496531651668721671
1496531652935405576
1496531653082107908
1496531654709501957
1496531656647262210
1496531656466997253
1496531657289084934
1496531658270556162
1496531658648043532
1496531660950618123
1496531667246276616
1496531667326062594
1496531671843315718
1496531672409509889
1496531679812407302
1496531683666976769
1496531685059530755
1496531692911308800
1496531693892775943
1496531698829438983
1496531700670685184
1496531702705008650
1496531704768614400
1496531710426902528
1496531716051283974
1496531720736505859
1496531724104343557
1496531725325070346
1496531727061241856
1496531727011008515
1496531727124160514
1496531727254228996
1496531729921847302
1496531732169961472
1496531743490379784
1496531750360653824
1496531757360992263
1496531758917222400
1496531762859675661
1496531768786227202
1496531771479011330
1496531775459364869
1496531776721805313
1496531778785456129
1496531780479897602
1496531781947953154
1496531783093043204
1496531786184241154
1496531788084264963
1496531788373635072
1496531794086309891
1496531795478818821
1496531800327430151
1496531803280191492
1496531806459510786
1496531807591964673
1496531810511110154
1496531812054708235
1496531820241903625
1496531827732975626
1496531830975123462
1496531831545544709
1496531836255805444
1496531848704442377
1496531851044868106
1496531859282481165
1496531860381650945
1496531864445669376
1496531869038694403
1496531869063684097
1496531869600473088
1496531873555693589
1496531880891588621
1496531887153717249
1496531891297853442
1496531892723765249
1496531892929245185
1496531894942502912
1496531896121307145
1496531903549165580
1496531909819699209
1496531912151678980
1496531913850650624
1496531915620368385
1496531916077600771
1496531919919632387
1496531932305309696
1496531935761424394
1496531949384572929
1496531949946642443
1496531961573171202
1496531965901692947
1496531967759855628
1496531967847944193
1496531977217925121
1496531980581847043
1496531981563273223
1496531984788725763
1496531988848730113
1496531989318537221
1496531990715191309
1496531997421940740
1496532018250792968
1496532021841207299
1496532023116283906
1496532028287762434
1496532029055574016
1496532030401789959
1496532030619799561
1496532039474032640
1496532043437649924
1496532044804993034
1496532052371509251
1496532058201538562
1496532058411507713
1496532058608386050
1496532058537136132
1496532065902383106
1496532069073264640
1496532072135278593
1496532083216420872
1496532083266953216
1496532083270987790
1496532085334585354
1496532087779778560
1496532088501469184
1496532091328397313
1496532100614344710
1496532105572282368
1496532105806897152
1496532107660779523
1496532112039727118
1496532119765590017
1496532120021393420
1496532122135375884
1496532122756165633
1496532126996520964
1496532128196083724
1496532128854646789
1496532136236662793
1496532137775878146
1496532139801780225
1496532141886382086
1496532142024708109
1496532143635324934
1496532145996767238
1496532149780066308
1496532150140776450
1496532153429020679
1496532157220671522
1496532162543239177
1496532167379324931
1496532170571231247
1496532173708537860
1496532178414546949
1496532183049293829
1496532191479803904
1496532193555927040
1496532196370305034
1496532198035447814
1496532201063788547
1496532202741538826
1496532204251500547
1496532204448813061
1496532210941370373
1496532223478190089
1496532224015048704
1496532229723467781
1496532236082073600
1496532237378068484
1496532242784522242
1496532248774037505
1496532254759464962
1496532264859185152
1496532267518554112
1496532270001360899
1496532273813929987
1496532278020907012
1496532281959530496
1496532285247602691
1496532303421521928
1496532303421624332
1496532307179896832
1496532311181041665
1496532316348633088
1496532319456620544
1496532321553506308
1496532321868173323
1496532327111008266
1496532331787702281
1496532332513304579
1496532336116219909
1496532341283557382
1496532345213566978
1496532352067112960
1496532352469995521
1496532363580690435
1496532366038384644
1496532370111008769
1496532374128979968
1496532376192790529
1496532393666228230
1496532405456445440
1496532411567702017
1496532413295611911
1496532422460067841
1496532426474020866
1496532428130820097
1496532431637299201
1496532434237771785
1496532435907096587
1496532436288692224
1496532440361447424
1496532442613694472
1496532451002310672
1496532452323602433
1496532457365151763
1496532462482214913
1496532464357023748
1496532464969433090
1496532467309756418
1496532467087515662
1496532479007768592
1496532485622362112
1496532488994398209
1496532489828982786
1496532498016346116
1496532498364485635
1496532499857612808
1496532500105117704
1496532500457394176
1496532501975773190
1496532504563662853
1496532510032941064
1496532517867905028
1496532518090203144
1496532530740154370
1496532531394535437
1496532534406037506
1496532538998857733
1496532540148101127
1496532542442323979
1496532543897845762
1496532545411993603
1496532545546117120
1496532547379286016
1496532552173207555
1496532553502703619
1496532565846642695
1496532576785375232
1496532581122203651
1496532581361369093
1496532581982130176
1496532582024245249
1496532587753394178
1496532589917650950
1496532593474473990
1496532593654870025
1496532596339232772
1496532598616735746
1496532604127952900
1496532607579955201
1496532621962235908
1496532640815403008
1496532648323334145
1496532651288801293
1496532651762946052
1496532654166052867
1496532662869180416
1496532665654288386
1496532666048565259
1496532669622292486
1496532673573052416
1496532679013117963
1496532680212680710
1496532680401473539
1496532681068265475
1496532687963754496
1496532688349630464
1496532699305103368
1496532701272481792
1496532705680543744
1496532711602798593
1496532715935617026
1496532716950638599
1496532719857246209
1496532723481161730
1496532726442246146
1496532727176531968
1496532730682748938
1496532730414305281
1496532733652258823
1496532740342226950
1496532743508967432
1496532745354416128
1496532747992637442
1496532759732436993
1496532761687085061
1496532770549641224
1496532772340568065
1496532779638697987
1496532782390071301
1496532790611001347
1496532794960490503
1496532796369739783
1496532803902746628
1496532808931684360
1496532812769419266
1496532817299259393
1496532820634013696
1496532831073636352
1496532832432406541
1496532836022636545
1496532841362034688
1496532845665431553
1496532853672263682
1496532856084078592
1496532862065070081
1496532867337404419
1496532884185927684
1496532884185915393
1496532888460095497
1496532910278647809
1496532912556195842
1496532916058402824
1496532918772064259
1496532919086628864
1496532919640530944
1496532919980109825
1496532920395202562
1496532922219868163
1496532923427987456
1496532926627991559
1496532929245331458
1496532932856582145
1496532938787520513
1496532943413649412
1496532943950745601
1496532944302874637
1496532946970460164
1496532948728029185
1496532949503811591
1496532951072395264
1496532960245428224
1496532960941641728
1496532962480996354
1496532966205493259
1496532966671101966
1496532966935310348
1496532969695203328
1496532973486804992
1496532974908620805
1496532975542063107
1496532977722945538
1496532980860612609
1496532981334392836
1496532986908577798
1496532990482133001
1496532992961150976
1496532996874280981
1496532997390364674
1496533001697648640
1496533007976615943
1496533019288604672
1496533039974920197
1496533054071914506
1496533074523430917
1496533082480025605
1496533084531040258
1496533087496425481
1496533091963359234
1496533092131123201
1496533093863530496
1496533098724532224
1496533098833629193
1496533100205154309
1496533103392833540
1496533105544413189
1496533108715311115
1496533117586358276
1496533120333582337
1496533124804661254
1496533125589258240
1496533130324463617
1496533132283158538
1496533134984331276
1496533139140792321
1496533142403960837
1496533143054327808
1496533146262994947
1496533154978537485
1496533156069265408
1496533159730728960
1496533160213032969
1496533162368851976
1496533162662543363
1496533163979456520
1496533174725365762
1496533174993707012
1496533179586465795
1496533180647710721
1496533181150990337
1496533190550372353
1496533192232292365
1496533194409226242
1496533195231277061
1496533206690058248
1496533211979128838
1496533215020195844
1496533217041473537
1496533220137000964
1496533222368456709
1496533231768059904
1496533232321454082
1496533245000830981
1496533250277265410
1496533252403871746
1496533254064779266
1496533257865019402
1496533258221326341
1496533260205281284
1496533264001282050
1496533270997368833
1496533277896851467
1496533293365444613
1496533294455873536
1496533307391107076
1496533310176215045
1496533310574514177
1496533316413108234
1496533318543806470
1496533326932422658
1496533332527824897
1496533341306298371
1496533343399256069
1496533344435195907
1496533353171927040
1496533356372283395
1496533360260403211
1496533365012545536
1496533381819023368
1496533386814496772
1496533389486264323
1496533392514502660
1496533398344634374
1496533402987773953
1496533415088242690
1496533418057818116
1496533420972949504
1496533423124791296
1496533424357658635
1496533427356676097
1496533427587366917
1496533427977400332
1496533429483098122
1496533430846341120
1496533436789633030
1496533440505827337
1496533441214615552
1496533442183503875
1496533443122978822
1496533444855226373
1496533447644491780
1496533449896771598
1496533450693697544
1496533451318919168
1496533455752028163
1496533457312354309
1496533460609024008
1496533466980233228
1496533469861748746
1496533470268600324
1496533471610773511
1496533474408292359
1496533482163646465
1496533492121108480
1496533497732816902
1496533499326701570
1496533500912181256
1496533506050392065
1496533514304557059
1496533516057817095
1496533518406623233
1496533522571485190
1496533527109722115
1496533527575384070
1496533529634689030
1496533530389934080
1496533531551535118
1496533536513437698
1496533539453501442
1496533539684241408
1496533539642560512
1496533546110156800
1496533549163458567
1496533549847093248
1496533551415795728
1496533565550518276
1496533566271938565
1496533567282860037
1496533567882543104
1496533571246637056
1496533571066028037
1496533580557729795
1496533582663270404
1496533585465122821
1496533595648888837
1496533596865273859
1496533601852215299
1496533602217115652
1496533604947611651
1496533607686586371
1496533608995213316
1496533611654397959
1496533613596323845
1496533614288330753
1496533615265656839
1496533619942334466
1496533622517792769
1496533624652722177
1496533626598658056
1496533631971434497
1496533634051985408
1496533635016826880
1496533637541597188
1496533639408283649
1496533648484491269
1496533652116996096
1496533655551938564
1496533662464192514
1496533663600848900
1496533666918727681
1496533677173530625
1496533680235466759
1496533683582423040
1496533688234000384
1496533692071694345
1496533693825183746
1496533699508199424
1496533705459908610
1496533707213127684
1496533711285858308
1496533711759847426
1496533724439187460
1496533731447918595
1496533732790091786
1496533733587005444
1496533735168425984
1496533736212803584
1496533739651969031
1496533739958321152
1496533740822179848
1496533743963721728
1496533746580959235
1496533747675676683
1496533749378523138
1496533751064834049
1496533762959716359
1496533764377395207
1496533770463232006
1496533779745280001
1496533780336676867
1496533783298060289
1496533799143944203
1496533808690397186
1496533810573451268
1496533811345063940
1496533814881009669
1496533815883603968
1496533822703296522
1496533825429688329
1496533830357893129
1496533830475390982
1496533831469481984
1496533832132173824
1496533832815816704
1496533834816491525
1496533837697929224
1496533837547020295
1496533847873306626
1496533852722184192
1496533852944310273
1496533863476215814
1496533865883926528
1496533872112455680
1496533885924130825
1496533905926676486
1496533906862006274
1496533927162486791
1496533931017084934
1496533932480868353
1496533935333023749
1496533935257538563
1496533936629071879
1496533938843656209
1496533957382492169
1496533959857082374
1496533965896880131
1496533967910150149
1496533968522518529
1496533969671979010
1496533969772453898
1496533981189353474
1496533984913862665
1496533991402446851
1496533995923771393
1496533998608207879
1496533999971356672
1496534003767259136
1496534004958384132
1496534008171311106
1496534013162528780
1496534014445953026
1496534014894747650
1496534021131624452
1496534024004993026
1496534025565261825
1496534025565003786
1496534027016323079
1496534027356020739
1496534033995423746
1496534040584859659
1496534045374693377
1496534046788272130
1496534053650055169
1496534065343864836
1496534070687375366
1496534074151915524
1496534078644011020
1496534083572322313
1496534085245747209
1496534098990534659
1496534101591044100
1496534105525264384
1496534105814892547
1496534105676304394
1496534108948033536
1496534121832665104
1496534125746044935
1496534130276040704
1496534130640977920
1496534134595932165
1496534141801832449
1496534142502285313
1496534145501208582
1496534147485122576
1496534149062082561
1496534153973714949
1496534159220740100
1496534161456533504
1496534167898701834
1496534170184597515
1496534173254889476
1496534176497283073
1496534177478500354
1496534180221669384
1496534185695387648
1496534193987330050
1496534194016722953
1496534196147396610
1496534196223098880
1496534200501288962
1496534206549213188
1496534207325253633
1496534211435859968
1496534212391936004
1496534213465903104
1496534217693536271
1496534230268092422
1496534230679138307
1496534236601454592
1496534236517572610
1496534240791511042
1496534242381152262
1496534245711437829
1496534246458118148
1496534248349646848
1496534253609402374
1496534260643209217
1496534264762060810
1496534272458608650
1496534284726845443
1496534294013124609
1496534295409745935
1496534301244280832
1496534302582095876
1496534305971089413
1496534306415652876
1496534313558544391
1496534316184399873
1496534317811515397
1496534318830829569
1496534320634286085
1496534324778307587
1496534326430871557
1496534327525576706
1496534329324937220
1496534332475084803
1496534335230562306
1496534346223820811
1496534353698037763
1496534361377849352
1496534362455969792
1496534364800303104
1496534367388446721
1496534371687403534
1496534372513722386
1496534374002708481
1496534377454526464
1496534378788409349
1496534381389021185
1496534382345138178
1496534383771148290
1496534385361035264
1496534388724621321
1496534393216811010
1496534396698042371
1496534397163606016
1496534398904467457
1496534402616242176
1496534408744284163
1496534410786754573
1496534415295586314
1496534418869075969
1496534429434626052
1496534435348500483
1496534442814357505
1496534444626350080
1496534445473603585
1496534450448244736
1496534450825531396
1496534451760910338
1496534457184141319
1496534459147071488
1496534463697895434
1496534471239213074
1496534476129972226
1496534477832601611
1496534480680624130
1496534481435611145
1496534482278662150
1496534485479071745
1496534497785184257
1496534500288966663
1496534500867813376
1496534502407090183
1496534504776912900
1496534507108945922
1496534509159858182
1496534510669897728
1496534514885083140
1496534513924640770
1496534516852494337
1496534524901183494
1496534526482432003
1496534527770038273
1496534531423277059
1496534532383817738
1496534534787059724
1496534535580041223
1496534540604555266
1496534543326715906
1496534543624548363
1496534547378294784
1496534550931177473
1496534551564333077
1496534553116262409
1496534554147962888
1496534569452986378
1496534569981550593
1496534571881480197
1496534574616219650
1496534583852290048
1496534586737803275
1496534591737319428
1496534592068673540
1496534595353051136
1496534598561509383
1496534602248507393
1496534608464207873
1496534609282146304
1496534616055951370
1496534618702585863
1496534629486059532
1496534629750382592
1496534630031372296
1496534634670301189
1496534642371010565
1496534646246551556
1496534646204645377
1496534648045940741
1496534650688352258
1496534665171193869
1496534667331260429
1496534668887625731
1496534671999606796
1496534676240048141
1496534683517083653
1496534697312198656
1496534703737819144
1496534705147359233
1496534714706173952
1496534715360288772
1496534717360922631
1496534718904475656
1496534720833798149
1496534722880708622
1496534726009671685
1496534740341604353
1496534742044393481
1496534745546694670
1496534748415549443
1496534749451595783
1496534755201978374
1496534755873103873
1496534758460956675
1496534766476214283
1496534771354189831
1496534771895349250
1496534778719670275
1496534780380332042
1496534788370579459
1496534790702575618
1496534792728420358
1496534796545282053
1496534798369755137
1496534802710806534
1496534812139700224
1496534815402872833
1496534819093757958
1496534820641509381
1496534824491888641
1496534824798294016
1496534825322356736
1496534839691993105
1496534855638728714
1496534858830876673
1496534859006763009
1496534860542136323
1496534871208079362
1496534872671801345
1496534876308320258
1496534887083515904
1496534889503596545
1496534891160379397
1496534892569673728
1496534892821295104
1496534896873209858
1496534898563510275
1496534898919751681
1496534905941114885
1496534912853331975
1496534912786395136
1496534913557872642
1496534923498627074
1496534929764671492
1496534939919126536
1496534946378358787
1496534954477764609
1496534960643227653
1496534961364602880
1496534970030034951
1496534972064223237
1496534984479358979
1496535002963656704
1496535003429326849
1496535012015058949
1496535014200471552
1496535015550767115
1496535025663488001
1496535027710050314
1496535030964928514
1496535032743272455
1496535038288084998
1496535045913423881
1496535047519993857
1496535053760925697
1496535054692102149
1496535059708448768
1496535076381011968
1496535076997410820
1496535079966986245
1496535080059248646
1496535080432504837
1496535086103240712
1496535089563553798
1496535090410704899
1496535098019221509
1496535097788481549
1496535101458599939
1496535103236980738
1496535104260292614
1496535116440805379
1496535121717080067
1496535126280482835
1496535132488019978
1496535141505814532
1496535145326817283
1496535148359213057
1496535152310247425
1496535166411546625
1496535172531077130
1496535172489289730
1496535172589797386
1496535177593602055
1496535185281662989
1496535191669686279
1496535194689486851
1496535194861543429
1496535195868176386
1496535197768200193
1496535212150431754
1496535212917985283
1496535215388475398
1496535216021815302
1496535224028643340
1496535226809569293
1496535227853910018
1496535230874009600
1496535232538943494
1496535241867079680
1496535244517871626
1496535246539575298
1496535246594002944
1496535247860781064
1496535248640880655
1496535251379798016
1496535252394721285
1496535254139650052
1496535258849845248
1496535263136337923
1496535263631360009
1496535263862005762
1496535264885616640
1496535271713746944
1496535274469400583
1496535277350838282
1496535282866442250
1496535284216958976
1496535284539924492
1496535284581900289
1496535287367110658
1496535289195638796
1496535294799134722
1496535298443993093
1496535300025298948
1496535302160236546
1496535302793478145
1496535303556845568
1496535306148929541
1496535308007055366
1496535309907070979
1496535310695829510
1496535311094272000
1496535318417260551
1496535319222665220
1496535326235451392
1496535328588537867
1496535329339232257
1496535334049689606
1496535335895203840
1496535336172032001
1496535336515686401
1496535337962774534
1496535338495672322
1496535342912249857
1496535348561813511
1496535348800798727
1496535349560061966
1496535349786554368
1496535351816560646
1496535357223051270
1496535366299435010
1496535366534406149
1496535371152347136
1496535371211059201
1496535372838412292
1496535375128453120
1496535378098073606
1496535382527291393
1496535389494181888
1496535392413175811
1496535393835048962
1496535394145517581
1496535397551198213
1496535409463025673
1496535414643044358
1496535414357716993
1496535422125719556
1496535425363726346
1496535431755804675
1496535431978307585
1496535440937132038
1496535442946203653
1496535447719354378
1496535450173034497
1496535452366643202
1496535455550029826
1496535456401534985
1496535457315893251
1496535461963223044
1496535464785948677
1496535465482203136
1496535471639470083
1496535484411281408
1496535485128323081
1496535486545993732
1496535492006973444
1496535493823107077
1496535495811207179
1496535497446989832
1496535503969349633
1496535506309586946
1496535507286827009
1496535511216934918
1496535518066130947
1496535521077919747
1496535521958723584
1496535524298924038
1496535524663873538
1496535525339308032
1496535537217413128
1496535542292520969
1496535549473083402
1496535551599652864
1496535570310483975
1496535573628137475
1496535577189306368
1496535579063988235
1496535585753899014
1496535585749716993
1496535590229188612
1496535595463680007
1496535596143202309
1496535598303412226
1496535600157138950
1496535620788887552
1496535625696223234
1496535630666514445
1496535633166278665
1496535637310251009
1496535641735282693
1496535652380332037
1496535654481772551
1496535654607593479
1496535656557858828
1496535660496314372
1496535661880426497
1496535663566819328
1496535665617555457
1496535668704804864
1496535674027413504
1496535683716247553
1496535684257284097
1496535687440576512
1496535692784066561
1496535693857800196
1496535696659599361
1496535697536266255
1496535701357305870
1496535703156662273
1496535705492860928
1496535718319079426
1496535724295925770
1496535726514659334
1496535730042118144
1496535731765927938
1496535738636247040
1496535739617660934
1496535742385987597
1496535753001771009
1496535763126824968
1496535762963157001
1496535764246888449
1496535765009899520
1496535775990718471
1496535778184286209
1496535778800717828
1496535780382199812
1496535782764744704
1496535783934726144
1496535785272709129
1496535788791922688
1496535789194383362
1496535789848731650
1496535790574256136
1496535793732661266
1496535799550332928
1496535803308220422
1496535808446242823
1496535809474052096
1496535818563112962
1496535822807535626
1496535822983733252
1496535826649518087
1496535826884448262
1496535830223114241
1496535834471903233
1496535834857721857
1496535835604402179
1496535836078321666
1496535838490087433
1496535847008669702
1496535847784624135
1496535847633670154
1496535850812952579
1496535851966566401
1496535854457794565
1496535855128793091
1496535857951645703
1496535862154256390
1496535861759991809
1496535872669466633
1496535876414885890
1496535878205853704
1496535880143671300
1496535885764087820
1496535886414106630
1496535896417579013
1496535898703515656
1496535900968431616
1496535905989017615
1496535912401965056
1496535914822123525
1496535916986388482
1496535919154896900
1496535919201067009
1496535919247376386
1496535924976627717
1496535934724358145
1496535935021891586
1496535938507415553
1496535941195915266
1496535950586953732
1496535952839385089
1496535953972031488
1496535957557940228
1496535962054189062
1496535965439074305
1496535966026448899
1496535977506091012
1496535988063064065
1496535988230934533
1496535992542580736
1496535996309336066
1496535998305550342
1496536006006353927
1496536008124477442
1496536008678117385
1496536009923874817
1496536013283409933
1496536017733566466
1496536020107546631
1496536021311361029
1496536022825541640
1496536030366863360
1496536042387742722
1496536044983967752
1496536045139206156
1496536046472945676
1496536046699692034
1496536057516642305
1496536061627047939
1496536062130274314
1496536063451582471
1496536068912717825
1496536071827595269
1496536077523378184
1496536085953925126
1496536094745186304
1496536095969976320
1496536096540352521
1496536107466567691
1496536116643696642
1496536118149681156
1496536118543765511
1496536123589689344
1496536129398583296
1496536135790743552
1496536138319867904
1496536139263586320
1496536140425408517
1496536143348785154
1496536151217385474
1496536154635927553
1496536155663314951
1496536155898142728
1496536157974577153
1496536166493007874
1496536172545417222
1496536175502413825
1496536179726237696
1496536185279324166
1496536186663444480
1496536188726960131
1496536189519769602
1496536191231234049
1496536195085611015
1496536205781045255
1496536206871764992
1496536207890821127
1496536209367220228
1496536209958608896
1496536218397405184
1496536222172426240
1496536233522221060
1496536239868190730
1496536247761780744
1496536250504945675
1496536257060642820
1496536258470096901
1496536261263253512
1496536266418106369
1496536268507086848
1496536270616547331
1496536270977253378
1496536272483008517
1496536278128644102
1496536279525502976
1496536280745840645
1496536281345662980
1496536282834653190
1496536283916963840
1496536285544075272
1496536288706576408
1496536291659464707
1496536312408862720
1496536312945459210
1496536314950336522
1496536314015006736
1496536322408071168
1496536335305293828
1496536337738256385
1496536338870513672
1496536341227753475
1496536343907811332
1496536347644993538
1496536351163961354
1496536353731129346
1496536355790327810
1496536355739942914
1496536360643178497
1496536368092168198
1496536368440397836
1496536371573448706
1496536375562276874
1496536376216596485
1496536377554612228
1496536381874929666
1496536383825104904
1496536387830566925
1496536398660358147
1496536408437178371
1496536411876515851
1496536411729797122
1496536412765798421
1496536415290769415
1496536415311646726
1496536420894351368
1496536422769115136
1496536426116177942
1496536447918166020
1496536456680161280
1496536458206789637
1496536458253017091
1496536461448994821
1496536465127653378
1496536469028155397
1496536469699280900
1496536477702008836
1496536479438360577
1496536480881295381
1496536485964750854
1496536486631649288
1496536490490404864
1496536496899497984
1496536497314582531
1496536503127793672
1496536504293892099
1496536514255376388
1496536516012744714
1496536522132234248
1496536535377887242
1496536550900916230
1496536554524790791
1496536558807179265
1496536567967535114
1496536570811273222
1496536571134234629
1496536576154910720
1496536577027227656
1496536591292059661
1496536596711186435
1496536601723342852
1496536602612576268
1496536612800507905
1496536625697931267
1496536628524994560
1496536629414084610
1496536633641947144
1496536635202232320
1496536636808925184
1496536640550215680
1496536649051869188
1496536653539966976
1496536658879168513
1496536666760257537
1496536667091771394
1496536670400921601
1496536692488130571
1496536702155989000
1496536702537633794
1496536708829126678
1496536708871032833
1496536709516906510
1496536716135518226
1496536719407169541
1496536735332900880
1496536736838860802
1496536736838701063
1496536740194103299
1496536746590445572
1496536753041289221
1496536761182429187
1496536763032027141
1496536763111723008
1496536766450487304
1496536766878257157
1496536768480530436
1496536773714976780
1496536773513601027
1496536778353827853
1496536780958576647
1496536785458974730
1496536787954642961
1496536787849777157
1496536794023841804
1496536797047832580
1496536804404699145
1496536807504486400
1496536813405720584
1496536816228392967
1496536831084711937
1496536835262144517
1496536840756731906
1496536842438692873
1496536845081006092
1496536848059019266
1496536852836327431
1496536855143198729
1496536855436828674
1496536856242102275
1496536857991073793
1496536860629286918
1496536863875739652
1496536870632964097
1496536873908547587
1496536878262194181
1496536880015421447
1496536880867065856
1496536895148691457
1496536895353991170
1496536898021597198
1496536899531714562
1496536899980492800
1496536899619590144
1496536900399771649
1496536900748066816
1496536908712792070
1496536915113353230
1496536917990846466
1496536920276578311
1496536923346804738
1496536927654264841
1496536932524118018
1496536936584212481
1496536937259315209
1496536943789809666
1496536945136214024
1496536945962496001
1496536946726010881
1496536948156121092
1496536953491185664
1496536954904748037
1496536955697442821
1496536957295505409
1496536961766633474
1496536966720106505
1496536970759221254
1496536981639208964
1496536985812492295
1496536989453238274
1496536990954758147
1496536992808837122
1496536996222746639
1496536996483051522
1496536998168965129
1496537002124132353
1496537017173299203
1496537018469437441
1496537019790602247
1496537022193823754
1496537024815378440
1496537031001919494
1496537041689104388
1496537042070949891
1496537042917986311
1496537052027965450
1496537053147897866
1496537053273772042
1496537053957349383
1496537055366684680
1496537058629849095
1496537066808692751
1496537068863901698
1496537074140434435
1496537078007574536
1496537078196486151
1496537078708019209
1496537080972861444
1496537085066547202
1496537085578301444
1496537087948034054
1496537088510025734
1496537090493931524
1496537092314345476
1496537092511391750
1496537095330209792
1496537096370204679
1496537096466706434
1496537100799283200
1496537106381828099
1496537106855956485
1496537108638576643
1496537109531869187
1496537112014901256
1496537114338635776
1496537115357818888
1496537116678971395
1496537118826504192
1496537122697850880
1496537127210962946
1496537132810346496
1496537132923760640
1496537133506519040
1496537140037042184
1496537140406140930
1496537143795396610
1496537159662194693
1496537162266906631
1496537163244134400
1496537168310947845
1496537169254621197
1496537175114268678
1496537175411855360
1496537177219809280
1496537182445649923
1496537190607818775
1496537194491973632
1496537200158195719
1496537201781395461
1496537202557435915
1496537207536033792
1496537209519890443
1496537230478880776
1496537231712043014
1496537249500250112
1496537251429462020
1496537271620747265
1496537290436399106
1496537294450434052
1496537295633235977
1496537299227746309
1496537299240300546
1496537299273895944
1496537301991763981
1496537307784282112
1496537314826526720
1496537317737213957
1496537319482011656
1496537319993757706
1496537321142956041
1496537322489274368
1496537325802864645
1496537332744601602
1496537334619475968
1496537338326966276
1496537348217221134
1496537354391199753
1496537355616141313
1496537356786184193
1496537363241177094
1496537366844039182
1496537368119103494
1496537372464676864
1496537375425667079
1496537380588769288
1496537382371598336
1496537397592563717
1496537399995908100
1496537402663481346
1496537409911242758
1496537410032787458
1496537416039120903
1496537428181630989
1496537428777213955
1496537432820432896
1496537437346332673
1496537437933350916
1496537438726074371
1496537440340910092
1496537445768310786
1496537448935006221
1496537451556450321
1496537451954851842
1496537462893596679
1496537466114875393
1496537467738112014
1496537468111360007
1496537474797031424
1496537480169885696
1496537488013377546
1496537489808494593
1496537490638913541
1496537494048882690
1496537502563414018
1496537509806891011
1496537517377691652
1496537519911206912
1496537520540160013
1496537527368708096
1496537532942671883
1496537539792023553
1496537561359339521
1496537563296931841
1496537565809238016
1496537566530707456
1496537575825330179
1496537576227880966
1496537578912239626
1496537580120199169
1496537580459933706
1496537581512708099
1496537592325709826
1496537597400727560
1496537610382188546
1496537611221016576
1496537614240915457
1496537619852935175
1496537621509677057
1496537624558845953
1496537628698624005
1496537628677656577
1496537636755939331
1496537647778570247
1496537649733115911
1496537651268435968
1496537651381514244
1496537655059922949
1496537655642841091
1496537656095870977
1496537659669467146
1496537664819974150
1496537666862649357
1496537673259192320
1496537674764759047
1496537677784563712
1496537680347283457
1496537683987943434
1496537693798670336
1496537711867539466
1496537724492435466
1496537728510578690
1496537729873678342
1496537732885192708
1496537732620894211
1496537738815983617
1496537747544285187
1496537748089544708
1496537748215377927
1496537751956729859
1496537758336233475
1496537758663426049
1496537758994735109
1496537763872755714
1496537766607437831
1496537773733744642
1496537777563123716
1496537785570033665
1496537787155337217
1496537793182547972
1496537812883185668
1496537816800673802
1496537819007033345
1496537830948053007
1496537831996821506
1496537835947667463
1496537840829796358
1496537845162463234
1496537846542487571
1496537849524625409
1496537851927932941
1496537853844766722
1496537857829359624
1496537865928556544
1496537867216367618
1496537869757911045
1496537870399590404
1496537874694643717
1496537876741427205
1496537878708604931
1496537880788971524
1496537881736851469
1496537887273553920
1496537887822786560
1496537893057478657
1496537896458858505
1496537899457728524
1496537900871294977
1496537906214801412
1496537908337156099
1496537912816685062
1496537914859311119
1496537915631054855
1496537918495674375
1496537921511432200
1496537930814341122
1496537932299223042
1496537933679104002
1496537934052352002
1496537934199422977
1496537937248460801
1496537943514939393
1496537950305370126
1496537952389943296
1496537953706942473
1496537955330142221
1496537957636972551
1496537960610684940
1496537965035769861
1496537967745245184
1496537973491441665
1496537974430912522
1496537976729387014
1496537984069423108
1496537988096229377
1496537992701349894
1496537995125870595
1496538004009197571
1496538012267728907
1496538012360052736
1496538020157263876
1496538021973344267
1496538026603913218
1496538031179845642
1496538031771242496
1496538032211640335
1496538042601033733
1496538043079143426
1496538052700823557
1496538053095358466
1496538057507577860
1496538066126839815
1496538069020909568
1496538070241652742
1496538078290362379
1496538078722285570
1496538081205399552
1496538084049051649
1496538084263010305
1496538084951085056
1496538089384255494
1496538098150567937
1496538099630940163
1496538101954531331
1496538106060754953
1496538106920583176
1496538111500820481
1496538115653132301
1496538124176195584
1496538125190979584
1496538142937128970
1496538143121621001
1496538143960535042
1496538146879725569
1496538147055968264
1496538149379620873
1496538151325782028
1496538154983215105
1496538161845002256
1496538167305977860
1496538171139571712
1496538171303202835
1496538172725108737
1496538173031211008
1496538181193375756
1496538181675753484
1496538186654355461
1496538188399190021
1496538205466034176
1496538216027013132
1496538217637728256
1496538224839528448
1496538227146215428
1496538229658562571
1496538230132559878
1496538231013261324
1496538235044048899
1496538250894315522
1496538263158464512
1496538266904010762
1496538274650890243
1496538281806282755
1496538281953181704
1496538282888466435
1496538283572187146
1496538283597254665
1496538283945467906
1496538288433565697
1496538292317310985
1496538292585738245
1496538294771122183
1496538297916702724
1496538300533850112
1496538302870351872
1496538304451608577
1496538306846535681
1496538307471237127
1496538310323417089
1496538314932985868
1496538325368606721
1496538326312103943
1496538329726304258
1496538335434657796
1496538341701226506
1496538356112838657
1496538360369881091
1496538362802753537
1496538369328926723
1496538372151693322
1496538381014245379
1496538382847164417
1496538384197734401
1496538387997675529
1496538390791172103
1496538394444419081
1496538394834477064
1496538395870470159
1496538396960952323
1496538398500216832
1496538405185986561
1496538405747970051
1496538408424185857
1496538410785386496
1496538416607121408
1496538418066698247
1496538419912232960
1496538422302973954
1496538426098827270
1496538427243868173
1496538433933783045
1496538437410856968
1496538440267182087
1496538446718017541
1496538452757823493
1496538458524946439
1496538461041528836
1496538463151468545
1496538466083082242
1496538467047809025
1496538472735293452
1496538475021099013
1496538484919738383
1496538496437264391
1496538502309236742
1496538505631178760
1496538509217353732
1496538513575133184
1496538516255395844
1496538518818258944
1496538532734717952
1496538536052412425
1496538545921605637
1496538550153666561
1496538555694338053
1496538555765731339
1496538576040964100
1496538580864409602
1496538584899272710
1496538591882842120
1496538592218599426
1496538593455710215
1496538595607339018
1496538598191079427
1496538609251491848
1496538609834467332
1496538616566358022
1496538625630162944
1496538629069549584
1496538629191225348
1496538640222240773
1496538641983750159
1496538647453179909
1496538649101574146
1496538650062041099
1496538658458976259
1496538661898313728
1496538662636605440
1496538662305255427
1496538669682941963
1496538669766918152
1496538679686447110
1496538682228195335
1496538684895764489
1496538686833537027
1496538692298620929
1496538698200100867
1496538699311550475
1496538702411091970
1496538710472540168
1496538710799798285
1496538714650066947
1496538720660766720
1496538721046380546
1496538724557070340
1496538728772292611
1496538729078566912
1496538732589162499
1496538732501028872
1496538753644605448
1496538754919583758
1496538767854817285
1496538770576977929
1496538772103696395
1496538778575511558
1496538781456945154
1496538784153976835
1496538790764163072
1496538791028350979
1496538794828439553
1496538797907099656
1496538805104521220
1496538805871988741
1496538806173978631
1496538807654567937
1496538808262795272
1496538819797168144
1496538822015860746
1496538829657890816
1496538836964458499
1496538840739332107
1496538849580916745
1496538863652716549
1496538867222351875
1496538867960365057
1496538873568055306
1496538873962590208
1496538875669499919
1496538877976530946
1496538881575251968
1496538882317643776
1496538886633369600
1496538893042483201
1496538901313372165
1496538901359607810
1496538909291040771
1496538911300063237
1496538912369565700
1496538916324888576
1496538916383514626
1496538917268762624
1496538922708606980
1496538923094482955
1496538923459305474
1496538925158088706
1496538942698573825
1496538942983782415
1496538944196182016
1496538947673014276
1496538946817380353
1496538950953050118
1496538953717014532
1496538957051572230
1496538957303402496
1496538959647752201
1496538965989785600
1496538965851181059
1496538968451653639
1496538972239310848
1496538982678933505
1496538984960434176
1496538987967795204
1496538992380190728
1496538994569580545
1496538996754817028
1496538996885045248
1496538995278245888
1496539007832195072
1496539008725393414
1496539011380387842
1496539011581726721
1496539016006709250
1496539018573533188
1496539019093716994
1496539024823132161
1496539028132409344
1496539031337074699
1496539033413079045
1496539041118158848
1496539041294176259
1496539046344019976
1496539049078800391
1496539052182740992
1496539060420358144
1496539063716921345
1496539067328180229
1496539073422393344
1496539081337098256
1496539086680895488
1496539088568074245
1496539088534581257
1496539096424058887
1496539097577373700
1496539100601786369
1496539103160061953
1496539107216039938
1496539113750675459
1496539113796915208
1496539117991120904
1496539118473740289
1496539118741950468
1496539125603872770
1496539128250441729
1496539128099397634
1496539140774670336
1496539146193620992
1496539147841978368
1496539151457570821
1496539157958639619
1496539158395105280
1496539159246295042
1496539159497895938
1496539164250095617
1496539166645100564
1496539170612953095
1496539178812809220
1496539179630542851
1496539182793175041
1496539185095839747
1496539187331407876
1496539193836806153
1496539199314538496
1496539199687823360
1496539202875531267
1496539206054813707
1496539209812873219
1496539214489522185
1496539217073250309
1496539218297950214
1496539220105736200
1496539221519400960
1496539221682798597
1496539223402418180
1496539224333590528
1496539224996208642
1496539225403146240
1496539230696517632
1496539233204551683
1496539234278248458
1496539243908411393
1496539248983429120
1496539251588091906
1496539253332979721
1496539255643987972
1496539258370330624
1496539259477667852
1496539262803714048
1496539265030885380
1496539266117251077
1496539269246205954
1496539271188078594
1496539275697000454
1496539284299558917
1496539294403604480
1496539296580440069
1496539299617153027
1496539300023914504
1496539304738365447
1496539308555132930
1496539311549915141
1496539313286578176
1496539318038507529
1496539323654713347
1496539330315177990
1496539333263777795
1496539337705795584
1496539337864974337
1496539338124972033
1496539339882442759
1496539339911745537
1496539345976713223
1496539353409073157
1496539353723588613
1496539356462465031
1496539359671164937
1496539363592839173
1496539365375459333
1496539366503632896
1496539368168857611
1496539371910369280
1496539374015680526
1496539377551433738
1496539380466475011
1496539381519515651
1496539382962077700
1496539383582896128
1496539385742848003
1496539387106058242
1496539387471007746
1496539388116971521
1496539397709254657
1496539406714699776
1496539408438341638
1496539412871663617
1496539422912831493
1496539439216091140
1496539440046555139
1496539440453459977
1496539449316020227
1496539449806954497
1496539452289789952
1496539455611678729
1496539459176779791
1496539461106245644
1496539465858306063
1496539473676574720
1496539477392637953
1496539480697753615
1496539481654104065
1496539486565834752
1496539487240966152
1496539487811346434
1496539488381808647
1496539498209222656
1496539499135913988
1496539499962281987
1496539503250620419
1496539510087245824
1496539516013793284
1496539523194494979
1496539527199952897
1496539527502086153
1496539527623684109
1496539528445796357
1496539533298524164
1496539533294411787
1496539540529557505
1496539544094662657
1496539547437793280
1496539552143785988
1496539554291064833
1496539559865245709
1496539567133966341
1496539579876352000
1496539580106952708
1496539586314440713
1496539593021263873
1496539595856621586
1496539596838084615
1496539602118758402
1496539606375874568
1496539606531117059
1496539606963175424
1496539607856717825
1496539613632118794
1496539621173469184
1496539625623633922
1496539628597297160
1496539632405786625
1496539636034064385
1496539640559509509
1496539644086923273
1496539650743283717
1496539654589403139
1496539654694350849
1496539657043066888
1496539658612019201
1496539660557991945
1496539660616617999
1496539664936841216
1496539667122069508
1496539671752581122
1496539672666947587
1496539672289423365
1496539674709475330
1496539675200487424
1496539675724595213
1496539679134466058
1496539679226740739
1496539682812878850
1496539683437875211
1496539687787409416
1496539689439965185
1496539694234050560
1496539696737959939
1496539704879194112
1496539705885831180
1496539712844189703
1496539713645293569
1496539727092195330
1496539734721679360
1496539740090339334
1496539740622913538
1496539740778242058
1496539743219331074
1496539744620187662
1496539749032804353
1496539762739617797
1496539775725367298
1496539783958511620
1496539784684228616
1496539793391554566
1496539798504366082
1496539802816102407
1496539808319127567
1496539818372866061
1496539820990083075
1496539821422092297
1496539825415065604
1496539829269577744
1496539832742522882
1496539840749481994
1496539844864008193
1496539849427492882
1496539853026213895
1496539855291142148
1496539858419990530
1496539860554895370
1496539862920425474
1496539864627621897
1496539869572706310
1496539876375908353
1496539887193182209
1496539889885659140
1496539892238725128
1496539892251349004
1496539895703257090
1496539896101675013
1496539900056899584
1496539900291825664
1496539905551441928
1496539907392778244
1496539907891814403
1496539911234719750
1496539914350956544
1496539921875619852
1496539924312600583
1496539926598500358
1496539930755047424
1496539932613128192
1496539934894739463
1496539950183026694
1496539952196300800
1496539952670253059
1496539955476283392
1496539971574018051
1496539972106608650
1496539973268525056
1496540001718665216
1496540004486725632
1496540007901052930
1496540008894902272
1496540009062891520
1496540013730967553
1496540014460735490
1496540021050028034
1496540032840212482
1496540032882118672
1496540037244239875
1496540040989749253
1496540046824022019
1496540053434245121
1496540054625337344
1496540064247169029
1496540070215565312
1496540075122962443
1496540079547944968
1496540080961425409
1496540092160167938
1496540101295448074
1496540102931144709
1496540106244730885
1496540108564348928
1496540110841593867
1496540111667875844
1496540113198792704
1496540115673432071
1496540117154025475
1496540125253488645
1496540125609791490
1496540126536777735
1496540129149833227
1496540129980485632
1496540140285710339
1496540141699092492
1496540148590419972
1496540149030731785
1496540151379599361
1496540151727722503
1496540151979384839
1496540159399141378
1496540166521073667
1496540170333483011
1496540178520883204
1496540179976310787
1496540181586919427
1496540183449243651
1496540185139503107
1496540190634123273
1496540200012599297
1496540200796831745
1496540202776543239
1496540212054405120
1496540222255169537
1496540224356491264
1496540227560747012
1496540228756336643
1496540230090096641
1496540235995484162
1496540236649799689
1496540237698412547
1496540242505080838
1496540245688471558
1496540246758297600
1496540250621067265
1496540259970347009
1496540269248131073
1496540272653930496
1496540281097035777
1496540284238561281
1496540291653853194
1496540295135178753
1496540297433870337
1496540303582547968
1496540303536316426
1496540311589474319
1496540314160570375
1496540315905368079
1496540332514758660
1496540333681016834
1496540334351958022
1496540334964228097
1496540345554939907
1496540347639414789
1496540350722486273
1496540351468916741
1496540357647290368
1496540358049767437
1496540360285331465
1496540371777912837
1496540372973064203
1496540380866748421
1496540393734914061
1496540397996494853
1496540398260527110
1496540401087705088
1496540407638933512
1496540409488625673
1496540409459314692
1496540415616782337
1496540417038471178
1496540421001994251
1496540423111811077
1496540430854467589
1496540434214141952
1496540437129093129
1496540442275594245
1496540446956437507
1496540453369688065
1496540457261748230
1496540461569351681
1496540463113043968
1496540463670648832
1496540465440694273
1496540467445612546
1496540471304372233
1496540472260575232
1496540475981025289
1496540478594031622
1496540478522724360
1496540479491653632
1496540483384115202
1496540485271314438
1496540490887569411
1496540492909232128
1496540499741929474
1496540503105495043
1496540512106409987
1496540514086227972
1496540524915961863
1496540526367096838
1496540527688364039
1496540531052228616
1496540533837213697
1496540536630620160
1496540537997955079
1496540544197173249
1496540545136701453
1496540561020710912
1496540561918271489
1496540566531805190
1496540568746438659
1496540577068109824
1496540590124957696
1496540592146427904
1496540597510881280
1496540600363069440
1496540607975723012
1496540617299660800
1496540623150669824
1496540629022789633
1496540631979769861
1496540634831798277
1496540635142279171
1496540636606078989
1496540637033869316
1496540639189782529
1496540640053809159
1496540644646752256
1496540645351112705
1496540649596026881
1496540649835069440
1496540665588723717
1496540673201348614
1496540675021709319
1496540677953372161
1496540679694135297
1496540681770344457
1496540682080636929
1496540683271819279
1496540683339198464
1496540690926419972
1496540691794644998
1496540696022773760
1496540696043528192
1496540699793461249
1496540702234353669
1496540710815911939
1496540716746616833
1496540717723881477
1496540721775808518
1496540723855777792
1496540727026855941
1496540728818040833
1496540733909901316
1496540739563659264
1496540741987876866
1496540745448230912
1496540746501009420
1496540747230851072
1496540749135065094
1496540756768526336
1496540757485830151
1496540765425901572
1496540766587527179
1496540771834597388
1496540773361221633
1496540775001505792
1496540775366250498
1496540780403560457
1496540806899023875
1496540809638084608
1496540813425217538
1496540813576318978
1496540816684240901
1496540826519887878
1496540828701007888
1496540829573390338
1496540835810267141
1496540840155615237
1496540840390545413
1496540841329975301
1496540848988868615
1496540850477801476
1496540851446685712
1496540852918927361
1496540853157957636
1496540857318744064
1496540858065293313
1496540860762271749
1496540862913945600
1496540866684624896
1496540877547782149
1496540880966193154
1496540884250284032
1496540886574026758
1496540886838169609
1496540888696299527
1496540894715162640
1496540899412787201
1496540903665811460
1496540904441933824
1496540906463559680
1496540908879286276
1496540923655766018
1496540925060866052
1496540936578510850
1496540936821747715
1496540938516275205
1496540940869242895
1496540943801110530
1496540943486697473
1496540944291840001
1496540948796428289
1496540950780592129
1496540953414606848
1496540961085825030
1496540964369969156
1496540967440207873
1496540974323060739
1496540978563493888
1496540983609155589
1496540990991212552
1496540991930925056
1496540991859433478
1496541002659680268
1496541010704404486
1496541011442601988
1496541022620372998
1496541033835999235
1496541035392086017
1496541038474838021
1496541039850835970
1496541041629048832
1496541044208545792
1496541048700641289
1496541057168953353
1496541063254794247
1496541065557516290
1496541066996113409
1496541073287651333
1496541076412325890
1496541078132039682
1496541079402856450
1496541079381893127
1496541079713288194
1496541082993180681
1496541085359013888
1496541089704165379
1496541093361598471
1496541094707879938
1496541102081458181
1496541102576476160
1496541107097935878
1496541110830829571
1496541111309029381
1496541117193633793
1496541119504601088
1496541121891217409
1496541124940419086
1496541128358772736
1496541128635605006
1496541130921553922
1496541134599897091
1496541137578131456
1496541137955430403
1496541141918957570
1496541149737238534
1496541157278502913
1496541159224713219
1496541163469381636
1496541165923012613
1496541166803824649
1496541168687251457
1496541149741588485
1496541180267536385
1496541189189046273
1496541192280023051
1496541193232076800
1496541193613815819
1496541197136973829
1496541200723161095
1496541202329579525
1496541213142487048
1496541216984678401
1496541220927328256
1496541231819722755
1496541231945601025
1496541233543528454
1496541235590606848
1496541237423538176
1496541240879423490
1496541249083424773
1496541254368350211
1496541254385029136
1496541262165725186
1496541264581480452
1496541266477203458
1496541267223789568
1496541268356349954
1496541270029778949
1496541276283494400
1496541277780946945
1496541286236659713
1496541287536893956
1496541288035979266
1496541293564284928
1496541303668158474
1496541304351862787
1496541306050560006
1496541307069775877
1496541309775060992
1496541311289237508
1496541319631675395
1496541324635426820
1496541326535495681
1496541328444116993
1496541332071923727
1496541333510574082
1496541334630551557
1496541339919564801
1496541340129185800
1496541341588856833
1496541342494773248
1496541344432537603
1496541346219319299
1496541348689760259
1496541348824031233
1496541352108208131
1496541361717358593
1496541365286711298
1496541366784081924
1496541368805699585
1496541369002831876
1496541371578081281
1496541375860740097
1496541379308433410
1496541385389916171
1496541386497212418
1496541388120416263
1496541388955172865
1496541389299105801
1496541390448250888
1496541392935559168
1496541405824659461
1496541408550957061
1496541410983563275
1496541412607033345
1496541415513681920
1496541423298138112
1496541424317349889
1496541425126752265
1496541427131895808
1496541427576283146
1496541432252932107
1496541436455665668
1496541440175923200
1496541442822578176
1496541445309804546
1496541447683780613
1496541451395772416
1496541458425421830
1496541460736487433
1496541461684404230
1496541468139401220
1496541481343016965
1496541492659331073
1496541498657349633
1496541501169541128
1496541502239293440
1496541510568919047
1496541519356047360
1496541522262728706
1496541524217188360
1496541526247235587
1496541533788831745
1496541536112283653
1496541539686043648
1496541555758604289
1496541558791098368
1496541572464263170
1496541573806534658
1496541579649204233
1496541579934318601
1496541586469138435
1496541595902132227
1496541599626629122
1496541599601414144
1496541600226414592
1496541602663350273
1496541605045878785
1496541617255489536
1496541620749144066
1496541622242201602
1496541623106392066
1496541623488237568
1496541626373705731
1496541628550594563
1496541630442225671
1496541633537626122
1496541639183151115
1496541643306110981
1496541644296167424
1496541648003731458
1496541655125696516
1496541658292400129
1496541665615663108
1496541668815822854
1496541670070165504
1496541673870012422
1496541682896195586
1496541691855216642
1496541693188968460
1496541696179699713
1496541698725449736
1496541699400777740
1496541701825077255
1496541704094199808
1496541705469845504
1496541707659366403
1496541709571870724
1496541713984327692
1496541716194766850
1496541724159709192
1496541728077197319
1496541729734131712
1496541731298463744
1496541739443793932
1496541742451118085
1496541742832943104
1496541760985649153
1496541773505732609
1496541777800663040
1496541779193176074
1496541780451409921
1496541793889964037
1496541794858848256
1496541798218571776
1496541803658588167
1496541806061924354
1496541809224343554
1496541809497018374
1496541809975205896
1496541817105522695
1496541817566814217
1496541821383725059
1496541822025355271
1496541825028562944
1496541827847139333
1496541832335003648
1496541835933753344
1496541838228049923
1496541843303145479
1496541855080669190
1496541855651188737
1496541859342082053
1496541868301115392
1496541881269985282
1496541894201024522
1496541896566468608
1496541908218396673
1496541908914556932
1496541909548154880
1496541912584577031
1496541913620815872
1496541913985740800
1496541916036743168
1496541917986889728
1496541925247229953
1496541926665105408
1496541928850079753
1496541938727665668
1496541939486887942
1496541950509522944
1496541954213134340
1496541955119108098
1496541955312197633
1496541955777605643
1496541957249806342
1496541963482447880
1496541969044152332
1496541972932272138
1496541976183066624
1496541980033265664
1496541981769715714
1496541988166025217
1496541993572478984
1496541999838674950
1496542010123202563
1496542012161548289
1496542012719656967
1496542013621166080
1496542022785814533
1496542025310687236
1496542031833083907
1496542031795085318
1496542031904231438
1496542036706885632
1496542039516848129
1496542041509142531
1496542043048398850
1496542047880286213
1496542052359757831
1496542055719485440
1496542055660765191
1496542057741139970
1496542058097836032
1496542061918621706
1496542063072092163
1496542075591950336
1496542079706705925
1496542079958368259
1496542081870925827
1496542085037674503
1496542087273136129
1496542095137456139
1496542100300738568
1496542105317093380
1496542109297684480
1496542111491104780
1496542114049634308
1496542115337158659
1496542116277006336
1496542116876587011
1496542117409263623
1496542122916433925
1496542123830693888
1496542126695456770
1496542128763457537
1496542134962462726
1496542138984808459
1496542140549275648
1496542162028277770
1496542166155501573
1496542176226037766
1496542187491938311
1496542190012616704
1496542199219367942
1496542203660935170
1496542204801974275
1496542207578460161
1496542210778664963
1496542212217266176
1496542223751593987
1496542229179084801
1496542232253722624
1496542234359078924
1496542240147218434
1496542241137078275
1496542243892645889
1496542245859770388
1496542246082121731
1496542247088762882
1496542248112201734
1496542254810468353
1496542257461272579
1496542262951661576
1496542265745055744
1496542273298907147
1496542273718394885
1496542281175867392
1496542285814763526
1496542288176107520
1496542294287298570
1496542295860068354
1496542300243173376
1496542303187779586
1496542308699111424
1496542316059930624
1496542316768919552
1496542318719078413
1496542326130417670
1496542328831590402
1496542337715126274
1496542342182064135
1496542344593788928
1496542362352431110
1496542365686943747
1496542373295591426
1496542375002390541
1496542375581294598
1496542376235388940
1496542376839598082
1496542378320142340
1496542379091931140
1496542386016641030
1496542395151831044
1496542395688796160
1496542399627149312
1496542400440905734
1496542401942458375
1496542402911342594
1496542404408909831
1496542405658619906
1496542407911182337
1496542408011653120
1496542409253167105
1496542414043074569
1496542420451966981
1496542434653835265
1496542440311992320
1496542441557708801
1496542446519566339
1496542446683136006
1496542452194422785
1496542461463834635
1496542471811219456
1496542474034110470
1496542477448273920
1496542478584979457
1496542485807517705
1496542488043077635
1496542488101896193
1496542489070784519
1496542492694568962
1496542497656475648
1496542499174821888
1496542502727426050
1496542507282350081
1496542508997824519
1496542510377844742
1496542519294889987
1496542521547423745
1496542527767339008
1496542532364570624
1496542532913844224
1496542534029529094
1496542537288400900
1496542541222666247
1496542542179061762
1496542542347010049
1496542543932424192
1496542546503340034
1496542551666475019
1496542553751048193
1496542554665496577
1496542560302649349
1496542567160287232
1496542570050199552
1496542573179064321
1496542576584843267
1496542579768373253
1496542579688886273
1496542581131558917
1496542587922128902
1496542590044614657
1496542590635855875
1496542590925213696
1496542592275787778
1496542592980623360
1496542593550888963
1496542595325046786
1496542598307237890
1496542598953058313
1496542609287917573
1496542614123917313
1496542623640739845
1496542636311982081
1496542637050011655
1496542648190050305
1496542653403389953
1496542653445513226
1496542655311925250
1496542658780884996
1496542660961648641
1496542662790369295
1496542667563581453
1496542671275442176
1496542673783734276
1496542674349920260
1496542680003887104
1496542685766860811
1496542687637475330
1496542693702393857
1496542696483463168
1496542712195162116
1496542723360411658
1496542727625924617
1496542729869963264
1496542730025111559
1496542733225312257
1496542734236237824
1496542739240042500
1496542739818856452
1496542739290370050
1496542740674490370
1496542743228735489
1496542743778234374
1496542744268972038
1496542756248113155
1496542763667623941
1496542767530803200
1496542768172355585
1496542776548286467
1496542790389579777
1496542791224250370
1496542801231765506
1496542802112659460
1496542803622600714
1496542808399925249
1496542814070616066
1496542815429480451
1496542821888798732
1496542833565708288
1496542834266349568
1496542838305210371
1496542842839343108
1496542846702264323
1496542849235619841
1496542853199187974
1496542856042975235
1496542861470445574
1496542862217031684
1496542870941188096
1496542870928506883
1496542873436803075
1496542876993531906
1496542909033816064
1496542909734268939
1496542910950649860
1496542913819521038
1496542914159259666
1496542924997369857
1496542926033276929
1496542928122097669
1496542929850150912
1496542932098289669
1496542933004308487
1496542936057712641
1496542936351260678
1496542940172517376
1496542941384429569
1496542945310351363
1496542946618978305
1496542952671301635
1496542956186124288
1496542955624177666
1496542957767471115
1496542958535032833
1496542961844506629
1496542962129547265
1496542964428025868
1496542968077033476
1496542971621216256
1496542972829175809
1496542972896231424
1496542974523879425
1496542976033669125
1496542979385081856
1496542979774889984
1496542985017823239
1496542986792022020
1496542992928489472
1496542995964964870
1496543005104349188
1496543006769520645
1496543017704255491
1496543025807474695
1496543041272037376
1496543052554547200
1496543066483798018
1496543066664153098
1496543072850690057
1496543073412984832
1496543079339335680
1496543080253698048
1496543087740469249
1496543089850306563
1496543093276950535
1496543093834891267
1496543102949015554
1496543107621560331
1496543110746226690
1496543111505395721
1496543112491159555
1496543117000036354
1496543119705358343
1496543120871276546
1496543130379763713
1496543133810757641
1496543147224182784
1496543147479941125
1496543156309204994
1496543157097484289
1496543162210336769
1496543163640688642
1496543165335367680
1496543165406490629
1496543165804945411
1496543171970584577
1496543178144600070
1496543187019927553
1496543188663812097
1496543190421327874
1496543202299551759
1496543207806705677
1496543211720003589
1496543212802088961
1496543216577007618
1496543221744553985
1496543222948335616
1496543223552086026
1496543230032330754
1496543232259510273
1496543244334870533
1496543251767214082
1496543253050630152
1496543261359489034
1496543263565746185
1496543272810000395
1496543279734607875
1496543283278929920
1496543287532007433
1496543289855598597
1496543294683238404
1496543298437189642
1496543304699334665
1496543307719192581
1496543312391589889
1496543312630751236
1496543313708597252
1496543323993124869
1496543327356870656
1496543327956701185
1496543330704011264
1496543342427049986
1496543356658524161
1496543357665148929
1496543358377996293
1496543362303901702
1496543362983284741
1496543382121889793
1496543382918869000
1496543386509414402
1496543388388278276
1496543388187099136
1496543405601697806
1496543419816161285
1496543421724602372
1496543422525624327
1496543424601894912
1496543429282705408
1496543435553222656
1496543440867414020
1496543445317529606
1496543446303182858
1496543450803707909
1496543452246515717
1496543454670823429
1496543458475261955
1496543458919604231
1496543464024064005
1496543464644825088
1496543468126359552
1496543473843019777
1496543475084447746
1496543477592883200
1496543483456364552
1496543485083668481
1496543485616394251
1496543485998276611
1496543488753774598
1496543490209357824
1496543496852942855
1496543512179146754
1496543513063927813
1496543522027196428
1496543530856161293
1496543532882014221
1496543535633416195
1496543540612059137
1496543542101307392
1496543556458135559
1496543559868104708
1496543561277648896
1496543579459801088
1496543591069630467
1496543604965322760
1496543610011009031
1496543612867432454
1496543614658564097
1496543614964486151
1496543615610458112
1496543616868704267
1496543618815098880
1496543619146256391
1496543619288813579
1496543628751212544
1496543634346364932
1496543635202052111
1496543640637915146
1496543646665134082
1496543650838466569
1496543669003988997
1496543671927427077
1496543675106705421
1496543675677036546
1496543681427480588
1496543682601930757
1496543684086673416
1496543685860896773
1496543690030198784
1496543691015692291
1496543706580938758
1496543706786246657
1496543720363249669
1496543721789464576
1496543727325958146
1496543729766785027
1496543731553607693
1496543734032650240
1496543737744351235
1496543746485329927
1496543760896909312
1496543763208015878
1496543770367741963
1496543777586135041
1496543779985276929
1496543780090097664
1496543782837407746
1496543784171147265
1496543785467408384
1496543786607984641
1496543789871427584
1496543793935491082
1496543795244064769
1496543796062048259
1496543801988599812
1496543805419438084
1496543806375837700
1496543808083075073
1496543811056590856
1496543814252736515
1496543815401881613
1496543817780150278
1496543820179193866
1496543820271521795
1496543820472893444
1496543821143945216
1496543825044832257
1496543825745125389
1496543827930529793
1496543829452800000
1496543829893292034
1496543836599988224
1496543845508870145
1496543852274069512
1496543854383988736
1496543855071612941
1496543857567309829
1496543860243189760
1496543863061819393
1496543884196913153
1496543890748358670
1496543891331420167
1496543898121953285
1496543898763677696
1496543900026257408
1496543903394242563
1496543905533341699
1496543914651799557
1496543927847067648
1496543928207745025
1496543943718277124
1496543952413106177
1496543952681541635
1496543957437800449
1496543959228764167
1496543966891847683
1496543973187665922
1496543978807861260
1496543982926667783
1496543987854974981
1496543996725891076
1496543997858361345
1496544004611223565
1496544004976123905
1496544012714618884
1496544015004717063
1496544018922147844
1496544019136004100
1496544022436921346
1496544024123314176
1496544024794402816
1496544026690043906
1496544026849603584
1496544027512127491
1496544030309892097
1496544030980726800
1496544033560309775
1496544034013294599
1496544037465174021
1496544044998176773
1496544047028379650
1496544051600015361
1496544056993890314
1496544062522142720
1496544067508969476
1496544069362892809
1496544076967124996
1496544077411762181
1496544080771399681
1496544082990182406
1496544089566765056
1496544093576609805
1496544095912800257
1496544105148600325
1496544114422304769
1496544128142053376
1496544129005801478
1496544133435072519
1496544138019459076
1496544162501763072
1496544172911865859
1496544173884850176
1496544182311464960
1496544184089686023
1496544199885393920
1496544204813705227
1496544206097203200
1496544219082764293
1496544230608674816
1496544240322719751
1496544243392950275
1496544253329424384
1496544256516927494
1496544258446217219
1496544268156084229
1496544269406027783
1496544270295175180
1496544273197670403
1496544280638279685
1496544284438372353
1496544300087320582
1496544303178522627
1496544303753342976
1496544306643054593
1496544323210514440
1496544324951154691
1496544329212612614
1496544335575552000
1496544337877942278
1496544342638530563
1496544347705253888
1496544354944839680
1496544357113081856
1496544365937930240
1496544369217871877
1496544378550206465
1496544381213581313
1496544399194570756
1496544403938324487
1496544406920380421
1496544407872544774
1496544411253157891
1496544411974578187
1496544416009437191
1496544418874146822
1496544422871416834
1496544432082018309
1496544433696878594
1496544434930003968
1496544438218330115
1496544443532521484
1496544443964567564
1496544446854406160
1496544454773198868
1496544460934635525
1496544472850923520
1496544474402791424
1496544476013252610
1496544478777253893
1496544479511261188
1496544480966684672
1496544485685493761
1496544487618850822
1496544488872939521
1496544492685516810
1496544493960671241
1496544505100746753
1496544514236116992
1496544516974813192
1496544523409051649
1496544525904486400
1496544527796088834
1496544528915996672
1496544529327038472
1496544529499009030
1496544531784912899
1496544532804087814
1496544545529548808
1496544550823014400
1496544554077782016
1496544554316886017
1496544559358443520
1496544561459519502
1496544570154405891
1496544572415127558
1496544573262385159
1496544577486041088
1496544582330425347
1496544584687661060
1496544585673236489
1496544591083937793
1496544596272332804
1496544598487109632
1496544602458931201
1496544606523170821
1496544606816993281
1496544608012144640
1496544609706692613
1496544615775809536
1496544619412307972
1496544622759268355
1496544627385671695
1496544627758882823
1496544629000450057
1496544644917780484
1496544644997730304
1496544650769100800
1496544659191050246
1496544664773873664
1496544670104625152
1496544674336620547
1496544679990550528
1496544683442507779
1496544685879447558
1496544691424272387
1496544691701137408
1496544695014592512
1496544708398510082
1496544708381839361
1496544708381790211
1496544711984693250
1496544712605454343
1496544713784307713
1496544718502694916
1496544721417682944
1496544723078717443
1496544723049271296
1496544724345360392
1496544729718210563
1496544729902813186
1496544739566530568
1496544740141064198
1496544744679346180
1496544749385310210
1496544749213339649
1496544752065724416
1496544759107579907
1496544764866486273
1496544765801861120
1496544768721043461
1496544775587209219
1496544776350490629
1496544779928223751
1496544779982811142
1496544784449777673
1496544785804443661
1496544786706223104
1496544788123901955
1496544791395717120
1496544794532794373
1496544795543625731
1496544807145340928
1496544815487537166
1496544816477446154
1496544819258265600
1496544820009046016
1496544827009388547
1496544828301221895
1496544832701014022
1496544839500013575
1496544846559219712
1496544854389702658
1496544856021295110
1496544858303041546
1496544862975500288
1496544864082837505
1496544874644275200
1496544875256369162
1496544877340991502
1496544879815852032
1496544884446085127
1496544886828539910
1496544891538706434
1496544893107326987
1496544896710287367
1496544908697554945
1496544908840161287
1496544915869904904
1496544925571325953
1496544928184389632
1496544929077948417
1496544935352360968
1496544946756718599
1496544947709050881
1496544948912635905
1496544955304923137
1496544958874009608
1496544965777833988
1496544965916303361
1496544966990045187
1496544977035345923
1496544977383473160
1496544978264530951
1496544983041687557
1496544985746968576
1496544987516919824
1496544992344649729
1496545012032708610
1496545013366411267
1496545015505563648
1496545018441613314
1496545021746626563
1496545024665919491
1496545025949409282
1496545026830176257
1496545028772085761
1496545030303264769
1496545036653244422
1496545040210014214
1496545045058670599
1496545045075398661
1496545047596130310
1496545052537106432
1496545054881718273
1496545055326314496
1496545073282134027
1496545075240841216
1496545076016824322
1496545078789251076
1496545099152564239
1496545099454504963
1496545100490493953
1496545102830972939
1496545107595591680
1496545122355499011
1496545122854580227
1496545124033171456
1496545128638464007
1496545130999918598
1496545136834191365
1496545148985307136
1496545150188888064
1496545152344936448
1496545159550492675
1496545161135992832
1496545161010106371
1496545161937137673
1496545175816253440
1496545178450280449
1496545180136218634
1496545187421908997
1496545194547765257
1496545198536794112
1496545200021422083
1496545204073123850
1496545211274698755
1496545218405056515
1496545219789172740
1496545227837952004
1496545231298248710
1496545234326818816
1496545242249633799
1496545244371984387
1496545249669304322
1496545253804978186
1496545254761431040
1496545254798942216
1496545259039477763
1496545259601465350
1496545261266640896
1496545261816094725
1496545265800601604
1496545269332291594
1496545269709959169
1496545271618191370
1496545274877075458
1496545279973199876
1496545284264022017
1496545288294649857
1496545294364082177
1496545298675499012
1496545301057966086
1496545302446489600
1496545303616491535
1496545306510610436
1496545306779041792
1496545315847036931
1496545318225260544
1496545326580346892
1496545329617022977
1496545336222965766
1496545337816891398
1496545339255533572
1496545342568996864
1496545352484278282
1496545362135367688
