1494250254870654986
1494250259295395840
1494250270980816897
1494250282464657413
1494250286218719235
1494250290429710337
1494250292388450308
1494250296645537796
1494250310033981440
1494250313280327681
1494250319038935041
1494250324453908481
1494250332129484801
1494250332448169985
1494250336705409025
1494250346331394050
1494250348197908482
1494250350420938752
1494250358608207874
1494250359329599488
1494250362358079491
1494250379390988291
1494250380238241793
1494250391659233283
1494250396533018627
1494250401452941321
1494250409308966912
1494250428665679873
1494250453898567684
1494250463092359169
1494250473427292162
1494250476682022917
1494250480037470208
1494250480213630983
1494250498903392259
1494250507724103682
1494250515135348742
1494250517685538824
1494250529949634562
1494250551512600580
1494250557153886208
1494250559246946304
1494250562132529155
1494250566993723394
1494250574413447170
1494250578930765832
1494250584886714368
1494250594076278784
1494250602901168130
1494250619514671108
1494250643183357953
1494250645242667011
1494250646618443780
1494250652394037251
1494250656420536322
1494250656525336576
1494250662443552768
1494250666587422724
1494250668944674817
1494250679875121152
1494250680550264838
1494250688591073282
1494250689714872326
1494250693850714112
1494250697482776582
1494250701685510150
1494250710602596358
1494250719582601221
1494250734216491011
1494250751761207299
1494250761328463872
1494250762511470592
1494250763240960001
1494250773860995073
1494250776352505859
1494250778042994688
1494250778562863104
1494250780731363330
1494250782312439810
1494250810435383298
1494250811282673665
1494250813950148608
1494250821973803009
1494250825966710785
1494250845658963968
1494250848330866689
1494250848175603716
1494250854790090753
1494250859018043393
1494250869331791876
1494250874042187776
1494250879226200068
1494250881189130242
1494250882447384578
1494250899979526145
1494250906338144256
1494250911266443264
1494250916601421826
1494250919084498948
1494250928559509504
1494250933072584706
1494250947710980099
1494250954597748744
1494250967243571203
1494250968082386944
1494250969831514115
1494250981755953156
1494250991046250500
1494251000210808832
1494251011627757568
1494251018502168578
1494251019349499909
1494251024726786050
1494251047837216768
1494251049787740161
1494251052614692872
1494251057404383239
1494251075045662723
1494251100278595588
1494251109157847041
1494251113767337989
1494251114065190913
1494251125255639044
1494251126467616772
1494251132260352000
1494251135636770820
1494251138241249282
1494251138970968066
1494251145098838019
1494251147556761603
1494251151495397378
1494251159275646976
1494251172823441414
1494251190166634497
1494251196840038401
1494251197544415232
1494251215420547072
1494251223842627584
1494251224748769281
1494251228368408579
1494251229622554633
1494251230666833922
1494251232256483329
1494251242448728066
1494251244361240577
1494251244516306946
1494251256445030402
1494251287705272323
1494251293635928066
1494251294512582657
1494251295783280641
1494251307397488643
1494251321314394112
1494251326091538435
1494251338636615683
1494251349982126083
1494251373109854215
1494251373050933249
1494251387781222401
1494251390092607488
1494251402222264322
1494251403866431488
1494251410392821765
1494251410694811650
1494251411101659139
1494251414457131008
1494251421906227201
1494251434040254467
1494251443536240641
1494251443880361985
1494251456781860867
1494251457717358592
1494251458610540544
1494251459432660995
1494251465434619904
1494251477472268288
1494251485060022273
1494251490478854145
1494251497525239809
1494251501224701952
1494251508107558914
1494251511114838018
1494251560313835523
1494251562943799296
1494251583277780992
1494251589183356931
1494251592001884162
1494251596368261127
1494251604429651968
1494251608791650313
1494251615523864576
1494251628161118208
1494251639754354690
1494251657223450626
1494251662298525698
1494251664122986499
1494251665955848196
1494251673929359362
1494251677263745024
1494251689590853632
1494251689959952387
1494251695169224705
1494251704908460033
1494251707651567617
1494251710302334982
1494251710985953281
1494251720125341697
1494251728405151744
1494251730539851778
1494251735392694275
1494251737443667977
1494251740887011331
1494251743265370113
1494251744456499200
1494251754103443456
1494251754606714885
1494251763645534212
1494251778778415105
1494251785388797954
1494251790073794561
1494251790706962433
1494251800513458177
1494251811968274435
1494251812827844612
1494251814451126275
1494251822076280833
1494251834185338883
1494251836534140929
1494251843744301059
1494251843597254659
1494251847212744716
1494251852606672900
1494251862249328641
1494251872705728512
1494251876866572289
1494251879689302020
1494251892159004672
1494251894713331712
1494251895761870849
1494251907413684226
1494251916272062466
1494251929370771460
1494251960190525442
1494251964582006784
1494251970252713984
1494251974476378112
1494251994319851523
1494251996496359424
1494252020659892230
1494252026087227398
1494252046773592070
1494252048124100609
1494252056026451969
1494252068961681408
1494252071591284738
1494252080051142657
1494252086485295110
1494252093141622789
1494252099705597955
1494252107053944833
1494252115581181952
1494252121545445379
1494252139081871365
1494252142152060928
1494252146405085187
1494252158014926849
1494252163698237442
1494252172166508545
1494252174725066754
1494252187245236229
1494252189497315330
1494252189660770308
1494252190004748294
1494252190541701128
1494252192680787971
1494252199735701506
1494252204605284356
1494252214579347460
1494252214940016644
1494252221827006469
1494252223479619584
1494252228621778949
1494252234015600641
1494252248095993856
1494252261261856774
1494252277175050241
1494252281080029186
1494252285236428800
1494252290915586050
1494252293193183232
1494252303817322496
1494252306547814402
1494252316001767426
1494252324650459138
1494252350021992451
1494252353867890691
1494252354295808009
1494252354752950279
1494252363766325250
1494252385409110016
1494252395278348290
1494252405067812867
1494252407999844354
1494252412210581505
1494252414915919872
1494252415125700608
1494252416669302785
1494252418791624704
1494252419383164931
1494252420725022726
1494252432850931713
1494252442003058688
1494252443185688578
1494252444313952257
1494252447199543301
1494252449783496704
1494252458297724929
1494252460931698688
1494252463276367873
1494252476798746626
1494252501922689024
1494252519014473729
1494252522567045130
1494252525222084610
1494252545010814980
1494252546629812228
1494252552845930496
1494252555001552900
1494252562131922945
1494252582629298176
1494252586312118280
1494252614929641475
1494252621284229122
1494252625558126593
1494252627688886277
1494252630213808130
1494252640976445445
1494252644281372672
1494252646189969409
1494252665819348995
1494252671737466883
1494252674849591300
1494252679652118529
1494252685511602176
1494252691219963906
1494252691324903433
1494252710639456256
1494252716067012609
1494252718919237633
1494252732911345681
1494252752070975488
1494252759092187137
1494252783436181511
1494252794508984321
1494252805758099459
1494252812171153408
1494252812951339008
1494252827811713024
1494252857649999873
1494252876071424000
1494252877963046917
1494252879087124480
1494252880714698752
1494252897441394692
1494252906756939776
1494252909437063171
1494252913950081024
1494252919025451008
1494252920044457988
1494252928344989701
1494252945398980613
1494252953720528901
1494252959433207809
1494252964038557698
1494252970258665473
1494252980828262402
1494252985886863365
1494252991087620102
1494252994329821187
1494253012029779968
1494253018195406851
1494253023744630784
1494253025564704769
1494253026046976003
1494253044447551489
1494253046246871046
1494253051905032193
1494253054929031172
1494253070775201793
1494253076424712192
1494253090240966659
1494253093437034497
1494253093449576453
1494253107114618884
1494253107391434752
1494253109782192134
1494253112873336837
1494253147921002501
1494253162252980234
1494253175406223360
1494253176161198080
1494253184944336897
1494253247317659649
1494253262144299008
1494253263071457281
1494253263360827393
1494253266393309189
1494253269694259202
1494253275381649409
1494253283543859203
1494253287171923970
1494253292976758788
1494253299465396227
1494253302212608002
1494253309716144132
1494253312543232000
1494253320831127554
1494253321653211136
1494253330239000578
1494253334303227904
1494253347775393796
1494253350019342340
1494253369560608771
1494253374836920325
1494253377856888835
1494253379576643584
1494253399600209922
1494253403173797893
1494253403924582407
1494253410920452096
1494253421230272514
1494253428620787713
1494253449277423616
1494253451416637442
1494253467027845121
1494253470677073922
1494253472090312706
1494253479535255564
1494253493938536449
1494253495637221378
1494253516440940546
1494253516700925957
1494253524980363265
1494253533734002690
1494253540465905668
1494253541397049344
1494253545826177025
1494253565791154180
1494253584980008962
1494253587660095488
1494253592743657475
1494253616856719366
1494253623001464834
1494253634283995136
1494253637157150729
1494253647668158469
1494253675451019267
1494253690525564930
1494253715498352640
1494253730459537420
1494253733156433920
1494253733944782848
1494253749677834249
1494253755323367428
1494253761296019463
1494253762675830785
1494253776353611776
1494253776504430592
1494253789511049218
1494253804761403393
1494253807194288135
1494253826676776962
1494253846775754754
1494253853218590725
1494253857484206081
1494253912005746689
1494253922743033857
1494253922323771392
1494253925431922689
1494253927952355330
1494253928002715649
1494253930250911750
1494253936517259267
1494253947124842497
1494253950425608194
1494253955924246532
1494253958709268480
1494253980339298307
1494253993702617089
1494253998479716352
1494254005379383307
1494254006797021184
1494254008856367105
1494254022559162369
1494254027286134784
1494254031132311556
1494254048807354368
1494254048815587328
1494254071267667975
1494254075659300864
1494254087784722432
1494254089605111810
1494254096559357952
1494254107607117825
1494254111725961216
1494254113328037890
1494254117136465924
1494254145502691329
1494254152670752773
1494254165568233472
1494254180885663745
1494254207356096514
1494254208660697096
1494254215497011205
1494254224942813304
1494254227312586754
1494254238343770119
1494254250431553543
1494254258518204416
1494254263765450753
1494254265115811841
1494254265719832580
1494254287182245888
1494254298443796484
1494254305595035648
1494254311852937218
1494254312385650690
1494254316990783492
1494254318018572292
1494254318450528261
1494254319952179204
1494254322095374336
1494254326717558788
1494254427766730753
1494254430404988928
1494254430853730307
1494254437489160194
1494254444552376320
1494254449451171842
1494254468099100676
1494254482300944385
1494254482657579008
1494254483819302912
1494254488873357315
1494254495018242052
1494254496607838211
1494254497845153793
1494254514228142082
1494254526228017152
1494254536285949957
1494254541260599297
1494254542715826177
1494254555823063040
1494254560004739072
1494254581840105474
1494254583488602120
1494254590518337540
1494254595119345669
1494254610651004931
1494254614236991488
1494254618079019012
1494254649343369216
1494254650161528836
1494254657924911109
1494254721946771458
1494254723322503176
1494254729332989953
1494254752112074752
1494254763352940549
1494254768298106882
1494254777890451457
1494254781120012293
1494254786077949954
1494254795468816384
1494254803400237057
1494254826099773446
1494254833569873926
1494254837407809537
1494254849424191491
1494254855178891269
1494254865933119490
1494254869590511621
1494254872799203330
1494254891443060738
1494254899424804864
1494254912381009920
1494254913898962944
1494254922090618884
1494254922539446273
1494254926326685697
1494254941711773697
1494254942823014401
1494254955120951297
1494254958337830912
1494254961441525763
1494254962884415490
1494254978944442368
1494254979967696897
1494254988352278529
1494255012104613894
1494255013912264712
1494255014734348292
1494255026302328832
1494255034569265153
1494255036507033600
1494255037635248129
1494255039644323842
1494255044048605185
1494255058011054086
1494255061026881538
1494255077812580354
1494255103464783873
1494255104110874627
1494255105566248960
1494255106161786886
1494255109710041090
1494255130765582342
1494255140471201797
1494255149468065798
1494255151451975680
1494255159203057664
1494255164882145280
1494255173128105989
1494255177532063746
1494255178207399940
1494255180493168640
1494255189250949121
1494255202333081604
1494255204975656964
1494255211812204546
1494255213284249600
1494255230124531714
1494255235350417410
1494255237472796674
1494255253591506948
1494255255424536578
1494255257731350531
1494255289348018176
1494255324269797379
1494255344293486600
1494255345316909056
1494255361578225668
1494255368687566854
1494255371870900226
1494255386085498880
1494255387717033984
1494255399855296512
1494255408487317507
1494255418864029701
1494255421569343491
1494255421548535808
1494255425155383296
1494255431526531073
1494255433116180483
1494255442909962250
1494255444268916742
1494255457392906240
1494255466196910090
1494255474484846595
1494255477844320257
1494255484160905218
1494255486535106560
1494255489894563845
1494255520173027336
1494255521129447424
1494255522962358273
1494255527869755392
1494255529039843328
1494255538313793536
1494255539303424000
1494255540691603460
1494255541220167680
1494255563248746501
1494255567397072899
1494255582752264192
1494255605845876736
1494255606210826251
1494255617019904002
1494255630810443776
1494255636351180805
1494255638423248896
1494255638884630531
1494255643821506560
1494255657490563072
1494255660455936000
1494255671419838464
1494255671877021699
1494255683168092161
1494255684556242946
1494255684866641922
1494255690122248197
1494255700570116098
1494255724058316802
1494255732551675904
1494255734829510659
1494255741909315589
1494255749769297921
1494255761236578310
1494255767406333953
1494255768295686150
1494255778978746368
1494255792731525120
1494255793536970754
1494255799040118786
1494255801174794242
1494255806719610881
1494255808020119557
1494255811761164288
1494255821605195781
1494255823911940098
1494255828248842240
1494255854736089089
1494255857172979712
1494255870238150658
1494255875715960840
1494255888533626881
1494255896075120641
1494255896595156992
1494255897195036673
1494255917109497856
1494255920272007170
1494255924466360321
1494255940916645888
1494255948906520576
1494255956846387201
1494255957018357761
1494255960818434049
1494255969555333120
1494255985707339782
1494255990916714497
1494256028258553856
1494256028703068160
1494256035196022788
1494256062073118720
1494256066258952193
1494256077327659008
1494256083891859456
1494256091089276934
1494256096919396353
1494256100241117185
1494256124530364416
1494256124916293636
1494256125029629956
1494256132675842051
1494256136673202181
1494256136865783811
1494256140678569984
1494256146156294146
1494256152120545284
1494256157795434496
1494256158047096836
1494256159766859779
1494256178087571456
1494256183523393539
1494256188678348801
1494256190037049344
1494256207384952835
1494256208848560132
1494256210430021634
1494256213261004802
1494256218810064896
1494256223591571460
1494256224032165888
1494256228058468358
1494256232823021568
1494256248757395465
1494256254218350597
1494256262627815426
1494256273772187649
1494256283620618241
1494256287487569921
1494256291501379585
1494256292680060931
1494256322740908037
1494256326775562240
1494256333281177601
1494256334002397185
1494256341304680449
1494256347701026818
1494256348619497473
1494256350003662849
1494256352130211843
1494256370115350532
1494256372913000452
1494256382169735169
1494256387463036931
1494256430001815552
1494256432677810181
1494256436758650885
1494256444748845057
1494256447638618114
1494256469210013699
1494256477485162497
1494256477799960579
1494256478093410304
1494256497089343491
1494256507717779457
1494256508900720642
1494256512268709899
1494256522947284993
1494256538503942148
1494256549199589376
1494256551569379331
1494256552836009984
1494256553293189126
1494256554110951425
1494256563430866945
1494256568434524160
1494256573400895489
1494256576877809664
1494256577796263938
1494256580543623173
1494256581810135040
1494256587011207170
1494256607152201729
1494256609610006529
1494256612533583873
1494256616362938369
1494256631768657920
1494256648688386052
1494256651481882627
1494256669710340098
1494256698986483714
1494256716963360771
1494256718460899331
1494256723342856195
1494256730741833729
1494256742133342210
1494256758868557826
1494256766011465728
1494256771732439042
1494256775759282178
1494256796818878464
1494256801784766467
1494256803160465408
1494256827252441091
1494256858353254403
1494256866691620867
1494256870407688193
1494256885356277762
1494256885511376904
1494256911650283523
1494256942533029891
1494256954646179844
1494256962393055236
1494256970928373760
1494256976510943234
1494256977555324932
1494256980680003584
1494256982148235265
1494256984824205316
1494256987563044865
1494256988619956226
1494256991778267139
1494256995637022720
1494256997834936321
1494257005237702658
1494257020798521344
1494257021461450754
1494257026574262275
1494257027140358148
1494257032777674753
1494257059663024129
1494257060921618433
1494257062057963520
1494257063740022787
1494257070584909828
1494257083021250565
1494257098598793219
1494257100888944640
1494257102012956674
1494257102482776065
1494257108430241794
1494257131268284418
1494257132325146626
1494257153317687297
1494257168966639618
1494257184552718337
1494257203255156736
1494257224419475458
1494257254127878144
1494257263049326592
1494257275627839492
1494257279574880256
1494257282087256066
1494257282179375104
1494257290026827776
1494257298507710469
1494257306770579463
1494257314605400070
1494257316123787265
1494257322293661697
1494257322893398018
1494257331651104769
1494257333366575105
1494257336864677889
1494257344963821577
1494257349611208705
1494257359153025026
1494257359190904835
1494257389788405760
1494257396373352448
1494257396528656390
1494257401213583362
1494257401465348096
1494257405021999108
1494257406083223553
1494257419953872902
1494257421237121025
1494257433786695680
1494257435539869702
1494257444863807489
1494257454309335042
1494257461355765761
1494257487998066688
1494257514531237889
1494257516473159682
1494257517848895488
1494257530767568897
1494257558814695430
1494257560844709891
1494257570076413953
1494257571775062017
1494257572630896643
1494257582919360514
1494257591253356552
1494257593312763905
1494257600229040128
1494257626477215745
1494257634744180741
1494257636052652032
1494257636430209031
1494257639626260485
1494257642469998595
1494257643938283520
1494257651525558275
1494257662388842499
1494257663244447747
1494257671981178880
1494257675206602754
1494257683398070274
1494257693527359489
1494257708836532231
1494257719104217088
1494257719427190785
1494257731527921667
1494257742130950151
1494257747797413890
1494257748103634947
1494257751475863554
1494257761072336899
1494257763865829380
1494257770157256704
1494257776171880448
1494257789480443905
1494257797420224518
1494257802017009667
1494257807906025474
1494257815329849348
1494257824876138499
1494257829120819204
1494257831549317120
1494257832056786947
1494257852562685958
1494257853670076416
1494257859395207168
1494257869658914818
1494257886314311680
1494257905020850177
1494257913388486657
1494257918497144834
1494257927154278404
1494257939720589320
1494257959198674944
1494257959311863808
1494257961904279554
1494257967386005504
1494257967553662976
1494257986239627265
1494257986386153473
1494257996217692163
1494258003863912450
1494258011174494210
1494258017734303744
1494258047367008258
1494258048684146692
1494258059492790274
1494258091348701186
1494258105068457984
1494258111783313410
1494258117680721926
1494258118288678912
1494258118569742339
1494258129919483908
1494258130846248966
1494258132704534531
1494258136932311041
1494258139490930692
1494258141122674688
1494258151696310274
1494258152975613955
1494258154829398016
1494258158382231555
1494258159372083201
1494258161682989057
1494258163281014790
1494258173523673089
1494258173993177088
1494258187117252608
1494258213646176261
1494258224979136518
1494258234328334337
1494258246965727232
1494258248366669829
1494258261540802560
1494258267001786369
1494258277974163456
1494258305786691587
1494258310090051586
1494258316171788294
1494258323729920003
1494258327810805761
1494258332429086723
1494258350582038529
1494258355296165888
1494258359817674754
1494258361927286786
1494258366625071105
1494258376301293570
1494258379623059458
1494258379912806401
1494258388263440386
1494258422484807684
1494258428176437258
1494258440637595648
1494258446375415819
1494258456399777793
1494258459960881155
1494258465048518656
1494258479053393920
1494258498854522880
1494258501492817920
1494258502419849216
1494258533554180098
1494258542097928192
1494258552558469120
1494258571059646465
1494258571432718342
1494258579293024258
1494258581457231874
1494258589086666755
1494258596846125060
1494258604920213507
1494258611052322826
1494258613896032260
1494258625623248896
1494258636369059840
1494258638705340420
1494258639992991748
1494258656350806019
1494258658288492548
1494258661719429125
1494258684054183936
1494258711140786177
1494258713959579649
1494258716899688448
1494258725409992710
1494258726324289536
1494258739163336707
1494258740534599685
1494258747363020803
1494258763670425600
1494258767071961093
1494258800752271362
1494258767071961093
1494258804778745861
1494258767071961093
1494258804036444170
1494258767071961093
1494258800752271362
1494258804778745861
1494258800752271362
1494258804036444170
1494258804778745861
1494258804036444170
1494258828174581764
1494258800752271362
1494258804036444170
1494258804778745861
1494258804036444170
1494258800752271362
1494258839037825025
1494258828174581764
1494258804036444170
1494258848521142272
1494258857891278854
1494258828174581764
1494258804036444170
1494258877944274949
1494258882587369472
1494258885602861061
1494258886865424387
1494258889092579328
1494258903550500866
1494258924677177346
1494258943056482306
1494258956117717057
1494258971699552259
1494258998996045829
1494259008412303363
1494259016943341569
1494259020508680194
1494259034253312001
1494259046932754432
1494259050825064453
1494259070253121538
1494259074216742915
1494259074233417728
1494259078973034499
1494259098392612865
1494259101995606016
1494259116671438851
1494259118412120069
1494259133926846469
1494259135671537664
1494259147004514304
1494259149839945730
1494259152033820672
1494259164465573891
1494259171524427781
1494259180458622976
1494259182509637632
1494259189136478212
1494259190403108868
1494259207872425988
1494259211055734785
1494259213694029826
1494259219482165250
1494259225178308612
1494259226574823424
1494259227958943744
1494259231935148034
1494259266425098241
1494259273467113477
1494259294778593280
1494259297034940418
1494259298733600770
1494259301623414789
1494259302533840902
1494259303271776259
1494259314344792064
1494259357990760448
1494259385551695873
1494259389137620992
1494259393323577345
1494259396259553283
1494259396737585153
1494259400499871754
1494259405910691843
1494259411673653252
1494259423845433346
1494259425774911490
1494259434356641794
1494259436751310849
1494259442648551425
1494259446171807745
1494259446905810949
1494259451687231491
1494259451871866881
1494259467050913793
1494259480472653830
1494259495480012800
1494259498038566915
1494259522789064704
1494259523682504705
1494259540086464516
1494259545656287234
1494259561704095744
1494259571598135298
1494259585028263941
1494259589784686598
1494259590577405967
1494259593198800896
1494259595824402432
1494259631308345344
1494259637675298821
1494259650673401857
1494259656004358148
1494259657128382464
1494259661649948678
1494259673624506373
1494259674341945345
1494259678771126278
1494259699667304454
1494259706877067268
1494259714766651396
1494259751844253706
1494259760748580867
1494259767300272130
1494259773918924801
1494259791295877122
1494259806680584203
1494259810920906752
1494259812607180801
1494259813265588229
1494259821033533443
1494259825491992577
1494259850058027013
1494259872195514371
1494259885143429123
1494259888616312834
1494259902759505923
1494259929083002883
1494259931771387911
1494259942496346112
1494259945646157824
1494259958304624642
1494259980333027328
1494260011299749898
1494260017310011393
1494260049861963776
1494260052231921668
1494260065175748612
1494260085773594624
1494260093105446914
1494260100504162307
1494260106816638980
1494260113972019201
1494260123589648388
1494260127708454920
1494260130145263619
1494260143063801859
1494260146868047877
1494260169416617985
1494260174395215875
1494260176433692675
1494260178786607105
1494260189503102979
1494260204589961219
1494260213905559553
1494260219584520193
1494260227679653888
1494260240023490562
1494260248546316292
1494260248755978248
1494260252132397059
1494260252266713090
1494260254644871169
1494260257270468611
1494260258277109762
1494260266091089924
1494260267454283780
1494260280158822401
1494260282574913536
1494260283015106561
1494260284285988864
1494260295958732801
1494260298165157894
1494260301327441920
1494260305639227399
1494260311481847808
1494260320130543719
1494260321233432577
1494260344981798913
1494260357640167430
1494260372986945540
1494260375595978756
1494260382470393857
1494260393795108868
1494260396550729731
1494260410911916033
1494260411893485576
1494260418931425280
1494260420915437571
1494260428825841672
1494260439995273222
1494260452523757571
1494260472593457156
1494260486803804162
1494260490155233280
1494260502033272835
1494260504839311364
1494260506043035653
1494260521067024387
1494260522581168128
1494260524644966402
1494260527014592513
1494260527165489155
1494260565660913669
1494260566411464708
1494260567057575936
1494260574808686594
1494260587240382465
1494260588951834624
1494260589983518720
1494260603871023107
1494260610833555457
1494260612293091330
1494260631876341761
1494260632723595267
1494260658040418306
1494260661395898369
1494260671269253123
1494260679230263300
1494260688428097543
1494260695600439298
1494260707659075585
1494260718325022720
1494260719583473667
1494260722410602502
1494260740274163718
1494260745676152832
1494260748385726469
1494260760519847937
1494260763099557888
1494260764236222467
1494260766425247744
1494260781352951808
1494260792664940551
1494260795391283203
1494260808594898946
1494260818745393155
1494260845165035524
1494260848017215492
1494260876668542976
1494260878153236482
1494260891876999177
1494260904527020034
1494260906439675906
1494260908800888833
1494260914862051330
1494260943198425094
1494260944557391874
1494260946365206530
1494260956796538880
1494260960571310080
1494260980393689091
1494260981014405121
1494260981979140096
1494260985015771145
1494260993987338247
1494260995862241280
1494260997791621120
1494260997544189958
1494260998320144386
1494261014845657090
1494261027239833605
1494261032952516608
1494261034521141250
1494261051281530881
1494261082055221254
1494261083955159042
1494261083640668164
1494261088719970307
1494261089407750145
1494261098354290688
1494261098819854338
1494261109318062082
1494261131963211780
1494261134546849794
1494261151127027713
1494261159268331522
1494261163944677376
1494261172018630656
1494261171943317508
1494261196190408706
1494261198866505728
1494261206072311808
1494261217531203588
1494261232030863360
1494261242588012546
1494261246199316481
1494261246748676100
1494261254600503296
1494261295033561092
1494261297197858827
1494261304839872513
1494261313819787269
1494261321776480256
1494261344610275332
1494261365250441221
1494261367414603785
1494261370623193089
1494261378600873986
1494261395034152965
1494261400105009153
1494261406748839942
1494261406639792131
1494261423857287168
1494261429251330051
1494261443889356805
1494261463632035842
1494261468350787585
1494261482309234689
1494261484137992195
1494261487958773762
1494261504924860422
1494261532259233792
1494261548407214081
1494261551691612163
1494261562911170562
1494261569248808963
1494261572323225602
1494261593495851008
1494261595903561730
1494261621715501058
1494261626647851008
1494261629965455363
1494261653805883394
1494261655387185157
1494261682306179073
1494261690841501696
1494261691676299264
1494261692783640581
1494261697103609858
1494261697871179780
1494261705873842178
1494261721342566409
1494261723762610181
1494261734655336451
1494261736505069570
1494261741647273993
1494261752351141888
1494261752695255040
1494261775700799493
1494261783301083136
1494261805094371328
1494261825319628801
1494261826636238854
1494261836866535425
1494261841958260743
1494261849369550851
1494261858131660804
1494261871091851268
1494261879396515841
1494261885037948930
1494261892424032261
1494261896668934145
1494261905132859392
1494261922065178625
1494261922476314627
1494261925555097600
1494261926649638917
1494261930000728064
1494261937663881217
1494261941606490114
1494261942910918660
1494261946123575296
1494261949764354048
1494261949986746371
1494261955389018115
1494261959495241731
1494261967825121282
1494261973202063363
1494261983218184193
1494262000008183808
1494262000553443333
1494262010783371265
1494262023139766277
1494262024376926210
1494262054806597640
1494262055112740869
1494262063409111041
1494262073747984386
1494262075111219204
1494262088562266112
1494262092823683074
1494262097106059264
1494262099761053696
1494262108820807686
1494262118237216769
1494262132896112643
1494262148347932677
1494262149610303491
1494262160222040068
1494262163250184193
1494262177485963264
1494262189133291520
1494262194309115908
1494262199606726658
1494262201405816834
1494262202542575617
1494262215326978048
1494262225132929025
1494262237321588737
1494262238391287809
1494262241213964290
1494262242493485056
1494262256439332872
1494262256997224453
1494262262986686472
1494262268959543297
1494262275930267650
1494262281361887234
1494262297526685700
1494262299078635521
1494262301100281857
1494262302224175104
1494262302593499139
1494262312185827329
1494262352434413570
1494262357069111296
1494262373380759553
1494262376329269253
1494262378728501249
1494262384176812034
1494262398081015809
1494262413084045312
1494262416242266112
1494262425050402819
1494262435934576642
1494262436224184323
1494262444310597632
1494262445715689474
1494262451428380679
1494262453995290625
1494262466439786500
1494262480691937286
1494262495439114242
1494262500103098371
1494262508978327552
1494262512233103361
1494262531887566849
1494262540070789120
1494262552464961537
1494262554125864962
1494262561272905730
1494262571658063872
1494262572513701899
1494262582101876741
1494262589471219715
1494262591274860551
1494262591299932161
1494262601173581830
1494262614305779715
1494262618843922441
1494262634404794371
1494262637949038599
1494262638250971146
1494262642055200768
1494262643925864454
1494262643229696001
1494262656957566982
1494262672405139459
1494262675597139968
1494262682568040449
1494262698795835392
1494262711039008769
1494262725643546633
1494262727270797313
1494262728000778240
1494262731683377156
1494262734673911810
1494262777501868037
1494262790906855428
1494262792282640384
1494262796355538944
1494262805251657730
1494262816064290821
1494262834582147073
1494262837425975297
1494262848272232449
1494262850373578756
1494262854442127360
1494262870619602947
1494262879960326144
1494262885152960522
1494262897207574530
1494262905306497027
1494262905583247360
1494262916308422657
1494262916702519299
1494262929331392513
1494262929675681795
1494262941188870148
1494262941352402948
1494262958024806407
1494262960121909250
1494262961900331014
1494262978664882177
1494262984448921600
1494263005730721792
1494263007538556928
1494263020704333827
1494263027386187781
1494263028161863685
1494263052002545665
1494263061783486472
1494263064770023425
1494263064950157319
1494263069492621312
1494263071191158786
1494263071803650050
1494263075863683073
1494263078204186627
1494263112966434820
1494263133791473668
1494263135829573633
1494263151650553859
1494263152380456963
1494263157187137545
1494263168000012289
1494263188090675202
1494263197251129347
1494263201382514690
1494263227357794304
1494263230956511232
1494263240964165632
1494263247490498560
1494263248178356228
1494263249205927939
1494263258202652675
1494263296089862149
1494263298748940289
1494263328427884550
1494263338691403779
1494263341400956928
1494263341979602948
1494263345926574082
1494263350108295168
1494263356030660608
1494263361265143821
1494263362221486080
1494263363567763458
1494263380726665217
1494263398283894784
1494263418894827521
1494263426079760387
1494263436372590594
1494263440021635079
1494263448569589765
1494263454768713734
1494263458346455045
1494263459839713281
1494263470631624711
1494263472468627460
1494263477875191810
1494263497827536897
1494263500453130244
1494263517914009601
1494263541112934408
1494263549832855554
1494263550738669573
1494263554047979520
1494263554589233155
1494263558863040520
1494263571013939205
1494263571785654274
1494263585257795586
1494263618166214659
1494263637183451136
1494263638445547521
1494263651129499652
1494263652840624132
1494263679277154308
1494263682943139840
1494263685333803010
1494263688311705603
1494263707618226188
1494263720570200064
1494263724147945473
1494263725947179008
1494263732234784770
1494263742112182275
1494263747610873862
1494263760516956160
1494263763138224129
1494263765856096257
1494263770910236686
1494263778481000449
1494263781257809923
1494263794276655106
1494263798924201990
1494263812995919873
1494263835284451328
1494263835489882117
1494263845623599104
1494263854074929154
1494263856096497667
1494263863277146112
1494263868427624448
1494263871418343429
1494263886140215296
1494263887763488771
1494263898706522112
1494263905195016196
1494263916968484867
1494263917903851525
1494263927097675778
1494263930444787716
1494263942599876608
1494263957376598016
1494263961352650753
1494263964427075584
1494263968172744706
1494263982361923585
1494263994852548610
1494263999663333377
1494264028096516098
1494264035692400640
1494264049223315457
1494264055556718595
1494264061504417794
1494264065102864386
1494264066256388102
1494264074284281857
1494264094681178112
1494264106378956801
1494264112540438528
1494264114675335168
1494264117900754949
1494264120094474247
1494264120224407552
1494264128369610753
1494264128458080256
1494264131054092293
1494264131268001796
1494264162238746625
1494264173282271233
1494264177908752385
1494264183671693312
1494264196711825409
1494264198716608518
1494264202785136642
1494264205427367936
1494264210813067268
1494264220938117121
1494264220850044928
1494264229070737410
1494264229725192193
1494264249115451397
1494264250470121475
1494264252886102016
1494264258330337283
1494264268467937280
1494264278609969153
1494264283168972802
1494264290915856385
1494264302286651392
1494264313925840896
1494264319407628288
1494264325023932423
1494264325871226887
1494264327389736964
1494264337871126528
1494264401523843073
1494264403428093962
1494264405680398342
1494264406196248580
1494264408079482880
1494264422667329537
1494264430535843840
1494264442871513088
1494264443265507331
1494264443349393410
1494264450378989570
1494264453944295424
1494264466657226753
1494264494733754371
1494264504334622724
1494264518410752004
1494264548559310849
1494264549998198786
1494264556339802116
1494264556637589509
1494264563688263682
1494264567735910400
1494264570428354560
1494264574664744961
1494264581224550402
1494264584701632527
1494264586102530055
1494264586383814659
1494264591508983816
1494264593144852485
1494264597573943296
1494264611838873602
1494264618277089284
1494264618541367298
1494264626304978946
1494264628968181760
1494264640230072328
1494264642499084289
1494264662002655234
1494264674531307520
1494264678964465665
1494264682517090304
1494264710035750914
1494264710576832515
1494264721511522306
1494264743359569923
1494264753837023234
1494264759335665670
1494264763269877763
1494264767069966338
1494264773428580356
1494264778931400708
1494264783960424454
1494264792965652483
1494264797000577028
1494264818072760321
1494264834220826631
1494264834900344834
1494264845331578883
1494264846417682435
1494264847822819328
1494264848997400577
1494264849962094595
1494264857939648519
1494264859789303810
1494264867548954624
1494264882065285123
1494264884355379201
1494264888180744194
1494264898251014145
1494264903820926976
1494264912054571010
1494264932380073993
1494264938151428096
1494264942341632002
1494264943142744071
1494264943960641542
1494264944996585475
1494264946582237185
1494264951590035456
1494264962851782663
1494264967700307969
1494264983697657860
1494264983898763269
1494264988587991041
1494264998792683522
1494265004589256711
1494265009265733634
1494265012646707205
1494265043357110273
1494265045164908549
1494265067109781506
1494265083895193605
1494265105315467267
1494265113125269509
1494265113955782662
1494265118636474373
1494265133668835328
1494265137573900290
1494265138299420674
1494265138785968133
1494265141646753794
1494265141780639749
1494265143290695681
1494265144318492673
1494265155588431875
1494265156301467649
1494265172902432769
1494265176010686470
1494265191499927554
1494265196512219143
1494265209699061760
1494265227155677190
1494265227956924416
1494265240346763265
1494265241953259520
1494265255710511104
1494265257333772289
1494265269866446851
1494265275101097994
1494265283581825030
1494265300455505924
1494265303089430533
1494265309590536192
1494265317383712768
1494265324543393801
1494265338648838146
