1492377918462660608
1492377918529495043
1492377919271751683
1492377919305367557
1492377922249932802
1492377921440260098
1492377929497681927
1492377933192863746
1492377936313610241
1492377936887902209
1492377937634422785
1492377938381062144
1492377940277010432
1492377941770133505
1492377941988331524
1492377942307000321
1492377942500028416
1492377948070064129
1492377950020374529
1492377950691282947
1492377953707212806
1492377955921661954
1492377957045833728
1492377957108576258
1492377962280144896
1492377965212184578
1492377966419996673
1492377967728672772
1492377969251213312
1492377973726625793
1492377974481457154
1492377982303825920
1492377982781964288
1492377984203960323
1492377985113997315
1492377997092876289
1492378007079567361
1492378007905910785
1492378010695217156
1492378012817530881
1492378015049068544
1492378016378413059
1492378020308422656
1492378021030162432
1492378026352513024
1492378031272312834
1492378032358580228
1492378032530731008
1492378048066375683
1492378050847145985
1492378059290431488
1492378060087529474
1492378060896845824
1492378065149775872
1492378066546356227
1492378070552129539
1492378071462207489
1492378073953615874
1492378075153186818
1492378077602541572
1492378085806817282
1492378093561987073
1492378095827185664
1492378098440024064
1492378103556960259
1492378103754203139
1492378104236441601
1492378109894553603
1492378110326493184
1492378112541163523
1492378115083051011
1492378120837804035
1492378122775367681
1492378127913336834
1492378130106892290
1492378136368926725
1492378140534005760
1492378148322746369
1492378149136617481
1492378150029840386
1492378150319190017
1492378150516367364
1492378156983934976
1492378158368239616
1492378158754115588
1492378162595971073
1492378163376275456
1492378167411097603
1492378173723627522
1492378180992192512
1492378184649961472
1492378192484601859
1492378192514007041
1492378194082738178
1492378194242117632
1492378197136064513
1492378198448947201
1492378199971401729
1492378205453381634
1492378207785467904
1492378210218045443
1492378213598646273
1492378217034010633
1492378224969793537
1492378226802446340
1492378227830149121
1492378230052909057
1492378231894421504
1492378234972893184
1492378240538877952
1492378240421449728
1492378243139358720
1492378243176943617
1492378248491278339
1492378260226949125
1492378265280991232
1492378268871409665
1492378269471043585
1492378275200397314
1492378275246747652
1492378278702759938
1492378281286377479
1492378283928862726
1492378287003168768
1492378290207744000
1492378295740297216
1492378296780267520
1492378297891651585
1492378301339471876
1492378304506208263
1492378307341570049
1492378314752729090
1492378315595780096
1492378319865663488
1492378320020787200
1492378320414986240
1492378323711762435
1492378328971448320
1492378329755832322
1492378330313596934
1492378332402368515
1492378332532731904
1492378335220944899
1492378335682482180
1492378342665953280
1492378349326733313
1492378351000068096
1492378353239740424
1492378362098204674
1492378368645509120
1492378374513303552
1492378379982553088
1492378380775436291
1492378385368207360
1492378402178883588
1492378411511296005
1492378416867254275
1492378417894936576
1492378421594411011
1492378423217512456
1492378423708327943
1492378423804628992
1492378426023596034
1492378432864280579
1492378437964734464
1492378445099196417
1492378446265303041
1492378448848777220
1492378451760025602
1492378454758596610
1492378460517371904
1492378467962347523
1492378471514796034
1492378491979026439
1492378494323478528
1492378502556839939
1492378505438445570
1492378509267849217
1492378513235660802
1492378515164983302
1492378514435489792
1492378516112953346
1492378516452626433
1492378517530558464
1492378523285270529
1492378523629203459
1492378535499030533
1492378537847783427
1492378541211586561
1492378542964973569
1492378543258361862
1492378553576574979
1492378556730589186
1492378557347078145
1492378560689967104
1492378567619059729
1492378569368129537
1492378578477977600
1492378586447335424
1492378596123770880
1492378597998301187
1492378613361954817
1492378613789954049
1492378614784053252
1492378618613411840
1492378620400062466
1492378622753222656
1492378629573070848
1492378639085686784
1492378642193678338
1492378643200307200
1492378648124481538
1492378653652520962
1492378664347922434
1492378664792739848
1492378670480121857
1492378676733882369
1492378679233724420
1492378680340983816
1492378681372602372
1492378687060148228
1492378687999655937
1492378692412055552
1492378695297761281
1492378700603609088
1492378701975064577
1492378704109989891
1492378705745756160
1492378708489162752
1492378711760510977
1492378719565987844
1492378719528357890
1492378721067495424
1492378727107514370
1492378738209656834
1492378738163650563
1492378749899132929
1492378750188675072
1492378751031726081
1492378751333715971
1492378753636331522
1492378754575859716
1492378758040358917
1492378758346526720
1492378765460131845
1492378771344609281
1492378771789266949
1492378773680844802
1492378775853674499
1492378781272743936
1492378783399100419
1492378785349521410
1492378790210662402
1492378791531855873
1492378800750956544
1492378801078165504
1492378801715564544
1492378802919510016
1492378803653562369
1492378807889764353
1492378810129465351
1492378811505152004
1492378811874353155
1492378814453669889
1492378815003525121
1492378819222806555
1492378819755450373
1492378820460036105
1492378821428977666
1492378825379901441
1492378828718678016
1492378832963178499
1492378834955472898
1492378835551232000
1492378839208513536
1492378845743222786
1492378852169076737
1492378853192339461
1492378861493010432
1492378865448235008
1492378866098352131
1492378867176198145
1492378869227089922
1492378870204760066
1492378871462653956
1492378873345892354
1492378873627037698
1492378878152638470
1492378880333733892
1492378885517946880
1492378893285744641
1492378895840002050
1492378896439853063
1492378910549549061
1492378913447858176
1492378921953804294
1492378926055780353
1492378927742038016
1492378931454156804
1492378937812561921
1492378944070373376
1492378947761356800
1492378954291822593
1492378957806718978
1492378960445034496
1492378963678830594
1492378963884355585
1492378964538662913
1492378970536308736
1492378976299274240
1492378977574350850
1492378993831690240
1492379000064262145
1492379006074826757
1492379025993617416
1492379030095818756
1492379030682750976
1492379034642223104
1492379040086310915
1492379062643281920
1492379068695728130
1492379070323048450
1492379076794880001
1492379078904758274
1492379085934264321
1492379092154523663
1492379095988060161
1492379097040769026
1492379105819463681
1492379106108968964
1492379110638690307
1492379111557419012
1492379113314787329
1492379113239232515
1492379113943748608
1492379114979926025
1492379120709296129
1492379120696627202
1492379124974850049
1492379136526008320
1492379138237378563
1492379147657699330
1492379148089794568
1492379149146763284
1492379151374102532
1492379152045031429
1492379154234241024
1492379155845246977
1492379156188905472
1492379161859604486
1492379162442493954
1492379163667296256
1492379165781200896
1492379168956317701
1492379170935951361
1492379174497095682
1492379176556548096
1492379177273606145
1492379178133782528
1492379179412647939
1492379186043838464
1492379189613404164
1492379189663748101
1492379211205693444
1492379212774350848
1492379215479869440
1492379216108830720
1492379219460034565
1492379221561430017
1492379225646673920
1492379232772628484
1492379233741541381
1492379233863229441
1492379247662403585
1492379249822552065
1492379251005444101
1492379252784009219
1492379257129033728
1492379258165121029
1492379261591764994
1492379273037975552
1492379273298165761
1492379273381961729
1492379275797872647
1492379277173530624
1492379278419316738
1492379279962693633
1492379280935948288
1492379281519169536
1492379283213328384
1492379294361817088
1492379297398640640
1492379301483892737
1492379302075240450
1492379307993284608
1492379309457096706
1492379316927172608
1492379317048946690
1492379336170745859
1492379340058857475
1492379340629176320
1492379348363534336
1492379349437513728
1492379351148597250
1492379355691077641
1492379356160741378
1492379359939899395
1492379366428397570
1492379371260186627
1492379373227233280
1492379373512445952
1492379374770786305
1492379388226293760
1492379392340758529
1492379392504471553
1492379405347397634
1492379410380386308
1492379410934255617
1492379415787053059
1492379416911130625
1492379430647484421
1492379431360294918
1492379433935671299
1492379443737808905
1492379446111838209
1492379449408380932
1492379450524286978
1492379451551883264
1492379453032316930
1492379454890409985
1492379456564043779
1492379456870105089
1492379458401144834
1492379462234931200
1492379463803617280
1492379466231808002
1492379470694522880
1492379472363802624
1492379476575019008
1492379479343345664
1492379479284412419
1492379482484658180
1492379497525612544
1492379500981673985
1492379501296111617
1492379503825350656
1492379504081309706
1492379506027511809
1492379510955999234
1492379511328952320
1492379516735746048
1492379520879505413
1492379524822183938
1492379527468621824
1492379533777018881
1492379534741618691
1492379534968164364
1492379536226463744
1492379537757196289
1492379540202692617
1492379541163188225
1492379541955915777
1492379549409046531
1492379550138916865
1492379552894570497
1492379553620279310
1492379555239108609
1492379556707250178
1492379558858743808
1492379560809144323
1492379574679871489
1492379575896068097
1492379591838924801
1492379596951543808
1492379603092094979
1492379606183124993
1492379607110062081
1492379610419372032
1492379622251515906
1492379623216361473
1492379628270276612
1492379633530155010
1492379634474061825
1492379637573296130
1492379643260727297
1492379644204437509
1492379644469080065
1492379645404188674
1492379648671551488
1492379649254600705
1492379661703254017
1492379662995320832
1492379669739433985
1492379670779736064
1492379672125972482
1492379683303747584
1492379687003189248
1492379693445746688
1492379702048161792
1492379703667089410
1492379708792655874
1492379709459804162
1492379712722771969
1492379717990813701
1492379722914811906
1492379726379466752
1492379727067238405
1492379731009880064
1492379733715128322
1492379736823111680
1492379738702233602
1492379739704606722
1492379740140969985
1492379745765715968
1492379748881809416
1492379750429605889
1492379750668685313
1492379761624031232
1492379771522756612
1492379774668328960
1492379784231456768
1492379787641630720
1492379791022080006
1492379808646328324
1492379808935792640
1492379812903587841
1492379815466340354
1492379818780147714
1492379820466053121
1492379820306616320
1492379822219149317
1492379823725031428
1492379828854706178
1492379831081652228
1492379835305369600
1492379837138305024
1492379840355643394
1492379843039748097
1492379843702493185
1492379845166260229
1492379846030213121
1492379851009200135
1492379853693194242
1492379856830615555
1492379859292934144
1492379866192244736
1492379876665536514
1492379881317056512
1492379886224351234
1492379890842099712
1492379897251065856
1492379897410428933
1492379902804303872
1492379910857494533
1492379918348341248
1492379919787175940
1492379926015746050
1492379929673011200
1492379929824034817
1492379930784526336
1492379932449640450
1492379935973179397
1492379948077633536
1492379949356904449
1492379956399116291
1492379956495724546
1492379962669604865
1492379970697527296
1492379971289063426
1492379976657682440
1492379978545393665
1492379985092517889
1492379987122479108
1492379995003846656
1492379998782590978
1492380019783450625
1492380020354031616
1492380022023376902
1492380028201492480
1492380031825453063
1492380032047611907
1492380038183809026
1492380039614439426
1492380049843965953
1492380054025916418
1492380055208706049
1492380055393251334
1492380056898912260
1492380061625896984
1492380069817323522
1492380076205170689
1492380083348131844
1492380098942709761
1492380105074782212
1492380108291727360
1492380108409094146
1492380112280592384
1492380112767143936
1492380115254517760
1492380117925961729
1492380125744164865
1492380130441773057
1492380133453299717
1492380134522904576
1492380139056943104
1492380140898189312
1492380141883854850
1492380142571823105
1492380149274210305
1492380149773443073
1492380150213668864
1492380155054022658
1492380156593418245
1492380158543683589
1492380161307815936
1492380164277239808
1492380166559088647
1492380169616691201
1492380172426768386
1492380175559888898
1492380179406147584
1492380190432890880
1492380191200808960
1492380197118697479
1492380203812851712
1492380206174113793
1492380211580923904
1492380214126546946
1492380215426883590
1492380222741786629
1492380238927572994
1492380240634695680
1492380243994288131
1492380245139333120
1492380245332312067
1492380245307150338
1492380252965728258
1492380257864884226
1492380266194784259
1492380267536867330
1492380269420109833
1492380273803096067
1492380280123916288
1492380282288320515
1492380284020572163
1492380286625071104
1492380289904959489
1492380292941684740
1492380295617728513
1492380298738388993
1492380300571205634
1492380311761547264
1492380316371140612
1492380324625584132
1492380324487208961
1492380329956589575
1492380334435930115
1492380334939250689
1492380339670556679
1492380342027620352
1492380349384564737
1492380350168903685
1492380372323409921
1492380373971574786
1492380376127442944
1492380377708699651
1492380382150471684
1492380385354735618
1492380389507170305
1492380395047956483
1492380398919184385
1492380406519263235
1492380407341498368
1492380411527254016
1492380415897653249
1492380418133266437
1492380422759915520
1492380425586716675
1492380429701337091
1492380432477925379
1492380433589276672
1492380437125255168
1492380441101451267
1492380448147877888
1492380459078193154
1492380460424466434
1492380462328823810
1492380464652378112
1492380470046347264
1492380478506160129
1492380479575756801
1492380479852630020
1492380490199932929
1492380497338580999
1492380501537013760
1492380503248355331
1492380506876522498
1492380506947792898
1492380508843556866
1492380510550593537
1492380523120902146
1492380526459584514
1492380527168532488
1492380532138647556
1492380533019619328
1492380535422918659
1492380535791894529
1492380546370088963
1492380547431034882
1492380549318643714
1492380552883625986
1492380558831144963
1492380559263289347
1492380563038257152
1492380569371504641
1492380573620477953
1492380580834652161
1492380581870518272
1492380593342058503
1492380597125521410
1492380599067107329
1492380601147486210
1492380609762713607
1492380611247583232
1492380613315215360
1492380615198445572
1492380615228129282
1492380624690184193
1492380626321825792
1492380633208791042
1492380635003953156
1492380640192438272
1492380643124301826
1492380648085934083
1492380653119102980
1492380655375638529
1492380656147447814
1492380658320261120
1492380667732054017
1492380670269681664
1492380672614440966
1492380674619150337
1492380676418867202
1492380676569640960
1492380677815242753
1492380685931544576
1492380689144049665
1492380696639205376
1492380697008705536
1492380696769273856
1492380698988187648
1492380704742670336
1492380705313198081
1492380705619267585
1492380707427172356
1492380710006673412
1492380711931682818
1492380712585945088
1492380712762503171
1492380719980580867
1492380721289338898
1492380731603095553
1492380740150915073
1492380746094415889
1492380747713318913
1492380749126905861
1492380751291162627
1492380753778388997
1492380760451723264
1492380763626479618
1492380763886694401
1492380768626266117
1492380769230405632
1492380769624416256
1492380775899361282
1492380777069543425
1492380777891336196
1492380779229421569
1492380780911226881
1492380785902428163
1492380786301054986
1492380789266214913
1492380791275409408
1492380796434501634
1492380810464440321
1492380819603656706
1492380824053772289
1492380828546093058
1492380829091258373
1492380831507050496
1492380833885347846
1492380834711556098
1492380836481667093
1492380836905295874
1492380840520826883
1492380841309315078
1492380842370351106
1492380846950535171
1492380847105662982
1492380848976396291
1492380849576157192
1492380850197041157
1492380852269076482
1492380853116145666
1492380863127982082
1492380866336591874
1492380867758804999
1492380868517797889
1492380876151341057
1492380877279563776
1492380883466162178
1492380886918172672
1492380889514328065
1492380889237569536
1492380892345421824
1492380899157377026
1492380899857645568
1492380904932532228
1492380918048251909
1492380922519306242
1492380924255686662
1492380927489683461
1492380927812509696
1492380928257187840
1492380932657106949
1492380938017206272
1492380940559126532
1492380941330878464
1492380942173974528
1492380945889910789
1492380946691239936
1492380957021818880
1492380960918487050
1492380965892595712
1492380968870633474
1492380969495523328
1492380971152207873
1492380971781533696
1492380974986018819
1492380983974313984
1492380990202908679
1492380991431733248
1492380993231388673
1492380994493722625
1492380998813761543
1492380999333777410
1492381009333170180
1492381014911557634
1492381015423139840
1492381018115829763
1492381028513689602
1492381029113475074
1492381031768330243
1492381033282424833
1492381049808371713
1492381068510605318
1492381074797780994
1492381076995678208
1492381078308651011
1492381082175426560
1492381082913755139
1492381084067184640
1492381094921977858
1492381099619721216
1492381100483952642
1492381108905861125
1492381123653120002
1492381126429593602
1492381128472285188
1492381130334486528
1492381133497061380
1492381135036366848
1492381139390115840
1492381144267911169
1492381145949818882
1492381147254308868
1492381152933335040
1492381154066178053
1492381161250775043
1492381162966331404
1492381170704678914
1492381178090848257
1492381188232814593
1492381190623571971
1492381192913575942
1492381194901549058
1492381206922465280
1492381209053188097
1492381218737848321
1492381219316711424
1492381223980711936
1492381226677587968
1492381236744290304
1492381243908169728
1492381247598911500
1492381252615245825
1492381253714259968
1492381258177036289
1492381261637120001
1492381267903467520
1492381270143238147
1492381282235469825
1492381285007904770
1492381295040675840
1492381299323113472
1492381303991410688
1492381304872005632
1492381305597693953
1492381314581946369
1492381315613736960
1492381325868810248
1492381330780393473
1492381332047122434
1492381338770415617
1492381345699536901
1492381347016364032
1492381348174221318
1492381355719618561
1492381372664750081
1492381379849424897
1492381382424756224
1492381385268633601
1492381405229514753
1492381415778004995
1492381419712172039
1492381424053219328
1492381431103954947
1492381436632248321
1492381440411013120
1492381443346944000
1492381462389301255
1492381462410129408
1492381467812540418
1492381477245534210
1492381483549536258
1492381487584489486
1492381493599125506
1492381504546213890
1492381505691209730
1492381508212080641
1492381514939924481
1492381515862482948
1492381516386557952
1492381519763103746
1492381527140814851
1492381530869710850
1492381534560604166
1492381544161366022
1492381554059980802
1492381554827538432
1492381557130207232
1492381561265659904
1492381563304038405
1492381570572996609
1492381571696893960
1492381589921501186
1492381592605671432
1492381605091966977
1492381619260383238
1492381629859442689
1492381638101065728
1492381638751363074
1492381640022282242
1492381654572220418
1492381655087992832
1492381657558622208
1492381665695776768
1492381667763408900
1492381668505980928
1492381694732775424
1492381695676502018
1492381702517235712
1492381703624704000
1492381707462332417
1492381709643309058
1492381719445524481
1492381721039237125
1492381722092081154
1492381729876701187
1492381736256217088
1492381741901697026
1492381747707002882
1492381750219231233
1492381753381724160
1492381753842954241
1492381755474591747
1492381759505379329
1492381763431067648
1492381769303269380
1492381771337322498
1492381781978497024
1492381787565166592
1492381788609646607
1492381791726235651
1492381810587807744
1492381810776363008
1492381813817237504
1492381815352356864
1492381817202425858
1492381818422808578
1492381826169507842
1492381826450481152
1492381826551525376
1492381836995088386
1492381841118179329
1492381842019794944
1492381844192509952
1492381847245971456
1492381848781078529
1492381851020898304
1492381852610400257
1492381860990754816
1492381867961630721
1492381870289752066
1492381870138535938
1492381872344731648
1492381873992966148
1492381876115451907
1492381876769624066
1492381877176569867
1492381880515104768
1492381880683044866
1492381882394288130
1492381886634680321
1492381899590979593
1492381904859025409
1492381906637398019
1492381918515838979
1492381925742456834
1492381926681833473
1492381928892207110
1492381948773384195
1492381963801423872
1492381968805208066
1492381975864233984
1492381976291987457
1492381977621762054
1492381978535940097
1492381986786516994
1492381994352660486
1492381996391317505
1492382001684439041
1492382006138884097
1492382007166484481
1492382007854178304
1492382018147168257
1492382019090792449
1492382021812895751
1492382024463704067
1492382029341671428
1492382033594634241
1492382034509115392
1492382041060618240
1492382045875679235
1492382049105477632
1492382049642164226
1492382059041632257
1492382059435728898
1492382067291738115
1492382070277959680
1492382071431385091
1492382087025991683
1492382092134547456
1492382093338460162
1492382095154593793
1492382113353859076
1492382125173387265
1492382129300381706
1492382131531616257
1492382131938603009
1492382137038696452
1492382150548721665
1492382151316107269
1492382153614958594
1492382159792922630
1492382165551747072
1492382166415667202
1492382169049694209
1492382171033653249
1492382176985460737
1492382186112094211
1492382189375262721
1492382198992936960
1492382208518234122
1492382209277403138
1492382210443206658
1492382214201524226
1492382222577459201
1492382224834084864
1492382231633199104
1492382232794714116
1492382238742179840
1492382268702306304
1492382281654104070
1492382283604852736
1492382287115296772
1492382289157890048
1492382289501765642
1492382290365845506
1492382300629258243
1492382307528892419
1492382309902913542
1492382314898522114
1492382325153222658
1492382339405533185
1492382339334246400
1492382340563226625
1492382346112339971
1492382359173627905
1492382362377854978
1492382364550447105
1492382365280133120
1492382371986886658
1492382379662577666
1492382384666251265
1492382391591124993
1492382404572422147
1492382406476636161
1492382410373226499
1492382413476950017
1492382420829573120
1492382423954255874
1492382428207345664
1492382431185448962
1492382435245387778
1492382438789685249
1492382439611584512
1492382454426083328
1492382472432091138
1492382482888544258
1492382483752669184
1492382484100747266
1492382492392923144
1492382494691405825
1492382494963945472
1492382499216842755
1492382503113568275
1492382503583109127
1492382514932899841
1492382518632280066
1492382518586363908
1492382523371913218
1492382528296128514
1492382529244082176
1492382529860427777
1492382541092823041
1492382541109673984
1492382548592267268
1492382550911819783
1492382552883089410
1492382557861679108
1492382559266762752
1492382562899087362
1492382571962920964
1492382572168429568
1492382574471176192
1492382575742095360
1492382581211516935
1492382581786038273
1492382584340426752
1492382585565052929
1492382587637362690
1492382592036786177
1492382595853787140
1492382597430738947
1492382603978104836
1492382603952881665
1492382607413231620
1492382608369623042
1492382609061548035
1492382610152374274
1492382611209166849
1492382614501527554
1492382615227142144
1492382616313548805
1492382618092204032
1492382622638657536
1492382623473172480
1492382624546963460
1492382627160018947
1492382627365638145
1492382628456108033
1492382632436453376
1492382633627725825
1492382635850706944
1492382646051213318
1492382648983068674
1492382656717373440
1492382660156538881
1492382665592479744
1492382667643527170
1492382669392519169
1492382669824430083
1492382670319329282
1492382672076771329
1492382673515720710
1492382677479088129
1492382679127445504
1492382679806980098
1492382680293552128
1492382683795791873
1492382684034785280
1492382688589664257
1492382689092988933
1492382693585215489
1492382696168849411
1492382699859841024
1492382704125493249
1492382707539714054
1492382714313465862
1492382717484445697
1492382720793919489
1492382722416943104
1492382724908142593
1492382732491526145
1492382734534144000
1492382737831174144
1492382740343361544
1492382740607475713
1492382752833953792
1492382754406686720
1492382754893410306
1492382755065409536
1492382759116959744
1492382764355977218
1492382768810139652
1492382778188615681
1492382781821046789
1492382785637658629
1492382793480880134
1492382797369155584
1492382803127791618
1492382804381876228
1492382807666176001
1492382809851371521
1492382810077859842
1492382813601030144
1492382814674767873
1492382815488331777
1492382822308331521
1492382822925012994
1492382822916669442
1492382825680551937
1492382826485870593
1492382830453735425
1492382832454475780
1492382837621747712
1492382850477445120
1492382853736415234
1492382854596251648
1492382857989615618
1492382858513633280
1492382859545305091
1492382859931361280
1492382860891676672
1492382861479096322
1492382864821862403
1492382875257380864
1492382879141310465
1492382880084815875
1492382881406074880
1492382887781490693
1492382888997883904
1492382890121830401
1492382890532884482
1492382897940148224
1492382907976937475
1492382909457743873
1492382916155953155
1492382916843917312
1492382920295780354
1492382921948164098
1492382926687801346
1492382938666831872
1492382942491930628
1492382943599202308
1492382944173776898
1492382952881156097
1492382954932211720
1492382955309867008
1492382958212235264
1492382960560996356
1492382964159856640
1492382965170536449
1492382971101257730
1492382974200926211
1492382979959705604
1492382988100792322
1492382989854154752
1492382990814507008
1492382993553317888
1492382999249305604
1492383010133581830
1492383013933502466
1492383014973841412
1492383022389342211
1492383024960339970
1492383025086500865
1492383027833589762
1492383031159853058
1492383036285071363
1492383038939959296
1492383045466402819
1492383053041344515
1492383058619617281
1492383065691377667
1492383067927093250
1492383070963523594
1492383071500394496
1492383074063032320
1492383075111772163
1492383075568963584
1492383075799638017
1492383076223119360
1492383090261442566
1492383093679869954
1492383094095040512
1492383098666995715
1492383101158404100
1492383102211014659
1492383109240684545
1492383113732837380
1492383123979571200
1492383124017205249
1492383125330038784
1492383125934071808
1492383126521147400
1492383129784315904
1492383133529952260
1492383139339161600
1492383139586613251
1492383142220492804
1492383142572920832
1492383142434553857
1492383147018833921
1492383150286196744
1492383155155779585
1492383156732940295
1492383157412560897
1492383162709598212
1492383164945387522
1492383167705231361
1492383174147641345
1492383175011614722
1492383177083609091
1492383177209364480
1492383179264737286
1492383183060430848
1492383183916380163
1492383190262054915
1492383197556002816
1492383199741181952
1492383205583769600
1492383211422318593
1492383215474118664
1492383219848732673
1492383221501161472
1492383225238503432
1492383230590398466
1492383241076105224
1492383243676504064
1492383245433905155
1492383250513379330
1492383259661115398
1492383263721099265
1492383267323932673
1492383267995201537
1492383271665106945
1492383280120795139
1492383281282695169
1492383286852788224
1492383290816401410
1492383294264127488
1492383297485574145
1492383302203940869
1492383305207058433
1492383309090865155
1492383324337229824
1492383327940190210
1492383332587520000
1492383332742492162
1492383332939751426
1492383334332174338
1492383338379632644
1492383339734605824
1492383340560896004
1492383342171414530
1492383345627570185
1492383347561144323
1492383351352676356
1492383362106986497
1492383365781151754
1492383370080231430
1492383375440633858
1492383382222696454
1492383387394342919
1492383390233874434
1492383392096161795
1492383394071646210
1492383394361233413
1492383394834960385
1492383395862745089
1492383395871035394
1492383407631998976
1492383411679412225
1492383413025841152
1492383427110359040
1492383427919695878
1492383435079442432
1492383444604944385
1492383450090905601
1492383453190373378
1492383460756967426
1492383462875095040
1492383471049883649
1492383475235647488
1492383476208779265
1492383490372898817
1492383491438297092
1492383494487490561
1492383503056527360
1492383504784519169
1492383507183771650
1492383527035449347
1492383530487320580
1492383533066645509
1492383538439540737
1492383539999825923
1492383547025498113
1492383548740886533
1492383552545214472
1492383553568399364
1492383557603389440
1492383559599804417
1492383559738216448
1492383568651120641
1492383574099918848
1492383574716477441
1492383576536621056
1492383582794354689
1492383583578640385
1492383587861159937
1492383589366841349
1492383593888649218
1492383594077065220
1492383609327656961
1492383610699231234
1492383615006777346
1492383626247475200
1492383628046835716
1492383635692929025
1492383636607299585
1492383643171442689
1492383645897670658
1492383651673350144
1492383655569723396
1492383660649029635
1492383663169933313
1492383664415588353
1492383670560124930
1492383674175832065
1492383677057228800
1492383681381482498
1492383686788063233
1492383689526886401
1492383689908514818
1492383694702579713
1492383696531378181
1492383701073678337
1492383707319058432
1492383711693705218
1492383713279152128
1492383715212738565
1492383717423083522
1492383719004516353
1492383734733193216
1492383738222764032
1492383741158821889
1492383742408552451
1492383742433837058
1492383747173273602
1492383748301725698
1492383751594205186
1492383752663805956
1492383754886819841
1492383755864055808
1492383758854590478
1492383761635360778
1492383762470088706
1492383764357521408
1492383766018682880
1492383784729149442
1492383786398466053
1492383796452282370
1492383798549430274
1492383801535729664
1492383810083770373
1492383819801915393
1492383824168329216
1492383829813825537
1492383830493200385
1492383834574315523
1492383843265163264
1492383859958489088
1492383862399381507
1492383867608522752
1492383867751313412
1492383874155880452
1492383874734768131
1492383874738917377
1492383876907368449
1492383882078945292
1492383884767645696
1492383897090285570
1492383904589746177
1492383914081484800
1492383928455516161
1492383951893139465
1492383960839733250
1492383963956011010
1492383964379635717
1492383965705302016
1492383978996879362
1492383982973071361
1492383985120469001
1492383985283960832
1492383986525503488
1492383993001619456
1492383993282830336
1492384016477171713
1492384018448273408
1492384022361620483
1492384036357951489
1492384048299352064
1492384049062563840
1492384055781838850
1492384060097941505
1492384063675527170
1492384065994985472
1492384068503281666
1492384071367933954
1492384082746953729
1492384083007074304
1492384084450250753
1492384084693295104
1492384084911439874
1492384085863374849
1492384088497397763
1492384096386830341
1492384100472143874
1492384101592145920
1492384105157304321
1492384106721783811
1492384107564867590
1492384108760248394
1492384121464651776
1492384134097944577
1492384134945472512
1492384136710873090
1492384141739839489
1492384142452879360
1492384143761559554
1492384144344686592
1492384145569644545
1492384147825995778
1492384147905540096
1492384153907900421
1492384154482315264
1492384155656540160
1492384158756139009
1492384161365217281
1492384161969020931
1492384171284738049
1492384172651937792
1492384177920311297
1492384185570398209
1492384186904285184
1492384188900667397
1492384190817517571
1492384194307231750
1492384197696180228
1492384198652485635
1492384200795774990
1492384203052236802
1492384210253795331
1492384219376779264
1492384221322616833
1492384222199398403
1492384222652223489
1492384224648712192
1492384227836325888
1492384236640169990
1492384237495926786
1492384242956910599
1492384246199160837
1492384255439163397
1492384257473343491
1492384259075723265
1492384263345344515
1492384266847539201
1492384278667141121
1492384278780551174
1492384285638098945
1492384300091723779
1492384300951609348
1492384306773299205
1492384307507175429
1492384313534398465
1492384318039199745
1492384321637806080
1492384322938028036
1492384326507446273
1492384329732927490
1492384336280227840
1492384341330391040
1492384341472813059
1492384342290546688
1492384351480270850
1492384354022002688
1492384354198122497
1492384366907076608
1492384371893964803
1492384377489145859
1492384377841487872
1492384384963465218
1492384387127676928
1492384388763451393
1492384392173572099
1492384400700416001
1492384409990967297
1492384421206388736
1492384422569537536
1492384427938398209
1492384437253939202
1492384453531889664
1492384454559600642
1492384455767433222
1492384462516015104
1492384464600645633
1492384464831451137
1492384467197259778
1492384468966932483
1492384477045161984
1492384477347483650
1492384480828411905
1492384486369247232
1492384491696013314
1492384492241047554
1492384508762537984
1492384516362489857
1492384524927488003
1492384525976059907
1492384528265977856
1492384533437902852
1492384535094439938
1492384535799074817
1492384553037488129
1492384559488544772
1492384567843430402
1492384581571514369
1492384583186276353
1492384582649655298
1492384592971530240
1492384594573684738
1492384599833563136
1492384606578003970
1492384608465272832
1492384622142918658
1492384627486789632
1492384633509462020
1492384637422915584
1492384638026727424
1492384640455217153
1492384642283884547
1492384644075040768
1492384648625750016
1492384651847118851
1492384665679896576
1492384670066962434
1492384672781074434
1492384678342688771
1492384679072129026
1492384682134020098
1492384682360639492
1492384683778142211
1492384693899063297
1492384698634543111
1492384699838124035
1492384703134982146
1492384706721198081
1492384711452213249
1492384717944983554
1492384720608366597
1492384729986916355
1492384733547962369
1492384738358611971
1492384742129684480
1492384767060307971
1492384770122158082
1492384771384635395
1492384786299588611
1492384786404581377
1492384793216098307
1492384794663030785
1492384809066237953
1492384813692641284
1492384816171565062
1492384823985729541
1492384824564269057
1492384828464918528
1492384833628250113
1492384843245752323
1492384844143280131
1492384849818046465
1492384849952272384
1492384857196048384
1492384860807196673
1492384866012471298
1492384869049151494
1492384875189620740
1492384880134885376
1492384885666897923
1492384886904213508
1492384890964357122
1492384893267030023
1492384893430603777
1492384895297101824
1492384895691284482
1492384899000672256
1492384899277467649
1492384900858667012
1492384905551962115
1492384905690378244
1492384910262292481
1492384917036347392
1492384921641361410
1492384932165038082
1492384936052944896
1492384937890426880
1492384939567943681
1492384940268212224
1492384941656743939
1492384948564762627
1492384949718159361
1492384953388175362
1492384956319993856
1492384956923797505
1492384961092984836
1492384964205326337
1492384964473769985
1492384969590726660
1492384972153491456
1492384972581539841
1492384973059670022
1492384979082530816
1492384984006414339
1492384984845328388
1492384987655684096
1492384998829273088
1492384999194062848
1492384999751913472
1492384999928070146
1492384999932321797
1492385006156615681
1492385013182124035
1492385014671024130
1492385019138314241
1492385023822995463
1492385032509534210
1492385038066802691
1492385044190556163
1492385045587320832
1492385048128987142
1492385051480571904
1492385062603485189
1492385063975198723
1492385071122243584
1492385074133749762
1492385076381982721
1492385081582768130
1492385085332635648
1492385096334077956
1492385105834233858
1492385112222101504
1492385124192821248
1492385126570872833
1492385127099293696
1492385131142664198
1492385140500094981
1492385140798013444
1492385143448875011
1492385153875734536
1492385156170240001
1492385158141337603
1492385163338129408
1492385163359113216
1492385166819528708
1492385174122012674
1492385176067796996
1492385178336915456
1492385179414847491
1492385179356205056
1492385185727459335
1492385189619810312
1492385191263940613
1492385194778660867
1492385198704500741
1492385209244917760
1492385216064892929
1492385217264242688
1492385217537277955
1492385218946347008
1492385220523347969
1492385220762427392
1492385221139861505
1492385222536531974
1492385224071725056
1492385229901742082
1492385230514266115
1492385233722875904
1492385234880372736
1492385234708418560
1492385241851301888
1492385243030036482
1492385246788177920
1492385254409134082
1492385255210332160
1492385255470223361
1492385257198215173
1492385259324940289
1492385259861815299
1492385262403563524
1492385269227692034
1492385280208162816
1492385281957265410
1492385283693813761
1492385290509438980
1492385291444781058
1492385296297512961
1492385297954672642
1492385303860060160
1492385303998443523
1492385306061979652
1492385308549263371
1492385311065722880
1492385322268696588
1492385326328913932
1492385333526339584
1492385334193270785
1492385337213128705
1492385344167112705
1492385346650267649
1492385351159390208
1492385356745875456
1492385357035282433
1492385363469418498
1492385366590033922
1492385368364224515
1492385373976203270
1492385378921508866
1492385378610794500
1492385380380790786
1492385383983857668
1492385386747867137
1492385388219887616
1492385388652081155
1492385390740783105
1492385390891724802
1492385391277592576
1492385393907359746
1492385398756188165
1492385399158706184
1492385411024490498
1492385416145960960
1492385421661196288
1492385423531798530
1492385439998783488
1492385441936703496
1492385442414862337
1492385459221274625
1492385459607064577
1492385460366229508
1492385460617822208
1492385469786517506
1492385469899972608
1492385490225577984
1492385504129597442
1492385506520449029
1492385507728412680
1492385507975831553
1492385524643999749
1492385523788394497
1492385525092728839
1492385525927493648
1492385530138574851
1492385537973497857
1492385538686726144
1492385539739189248
1492385543702917125
1492385543845470212
1492385547670720513
1492385554461335556
1492385561201590274
1492385563541913601
1492385570844205056
1492385579752898560
1492385582856622081
1492385585826123776
1492385594793762817
1492385595519287300
1492385598912724992
1492385601718345728
1492385607947014150
1492385609993887746
1492385610308665345
1492385612980129797
1492385618428665856
1492385622350307330
1492385624795402242
1492385629883166724
1492385637391118337
1492385657347801091
1492385664981159938
1492385669464875012
1492385669410275329
1492385670119268352
1492385672669319168
1492385675534082053
1492385676750376965
1492385678742757379
1492385684660752385
1492385688452583426
1492385692298608641
1492385693145833477
1492385698464292866
1492385711613304833
1492385711978278913
1492385713739943939
1492385714222239747
1492385715380011012
1492385716646690818
1492385720916267015
1492385721902010373
1492385730303344640
1492385733788712961
1492385737798414337
1492385743859163137
1492385744974921728
1492385746417819649
1492385750188445696
1492385753388785667
1492385754534019075
1492385757754888193
1492385760057577472
1492385764235046918
1492385764574957569
1492385767536037893
1492385771923206145
1492385773047275524
1492385774503100416
1492385785970139137
1492385791380578308
1492385794706841600
1492385799458865152
1492385803770941442
1492385804907331585
1492385806174011393
1492385820065501185
1492385830496731138
1492385830588977152
1492385833340473348
1492385834275782656
1492385835152384000
1492385837216116737
1492385838113574914
1492385840005328899
1492385840428982277
1492385846527688706
1492385851120181250
1492385856132460547
1492385858837975040
1492385859890466817
1492385861207728128
1492385861983424516
1492385868140531715
1492385869877035008
1492385875862306818
1492385877426724875
1492385880811651072
1492385887031861248
1492385891293155329
1492385900717875200
1492385915032850436
1492385917855670273
1492385923526397959
1492385925183115267
1492385939141890052
1492385945227776000
1492385948562526210
1492385949887524866
1492385951795986433
1492385952756428804
1492385953847005190
1492385955210166273
1492385963158515714
1492385964861259777
1492385965154856964
1492385966409064450
1492385975632203777
1492385981265186816
1492385983660187648
1492385983861600260
1492385989913841667
1492385996884692993
1492386007269789696
1492386008477880321
1492386008880476164
1492386013171257346
1492386023908675587
1492386023694905344
1492386025364099075
1492386030519037954
1492386034625220618
1492386036625801218
1492386046587195397
1492386048898338824
1492386052962762753
1492386053231034375
1492386053386166272
1492386053956767745
1492386056527826944
1492386063163265025
1492386063960383489
1492386069064855555
1492386069983240193
1492386078984179712
1492386086701748227
1492386100136280065
1492386101570330628
1492386111993180165
1492386113423560704
1492386116745547776
1492386123330453504
1492386135124975619
1492386138430095366
1492386140967612416
1492386147099561989
1492386154410389507
1492386154796232704
1492386157434314755
1492386161066606593
1492386167358119938
1492386168561930241
1492386168972980225
1492386170478768130
1492386172672233472
1492386173020430339
1492386175625031680
1492386177197826049
1492386178992992260
1492386180683288577
1492386194075885568
1492386206985949187
1492386208722341889
1492386214149644288
1492386216242823173
1492386220222992385
1492386232009207811
1492386234408308737
1492386242637578244
1492386251357310977
1492386257518792707
1492386257531334659
1492386259033108480
1492386260631322624
1492386264422629376
1492386277412331520
1492386284790185991
1492386285071130626
1492386288795852805
1492386289311629316
1492386294563225601
1492386298912407555
1492386299973537794
1492386300460216321
1492386301697355777
1492386301928116226
1492386310040039430
1492386310593695744
1492386315765436417
1492386317514145795
1492386318676074497
1492386319204433923
1492386320471183361
1492386322010546178
1492386325810630659
1492386334127783940
1492386341941821446
1492386345754705921
1492386359176273924
1492386359746592770
1492386361315315716
1492386361923407875
1492386364629078021
1492386365618606083
1492386365643759617
1492386366251884545
1492386369124978690
1492386369704009729
1492386372816150531
1492386373793419265
1492386389329121283
1492386391296286721
1492386393611403265
1492386396195143684
1492386396627034113
1492386397004910599
1492386397839405057
1492386398464544769
1492386399936471040
1492386406483828738
1492386409189052417
1492386414042001409
1492386414612205569
1492386417787346951
1492386421017034753
1492386421323472897
1492386434426101766
1492386445629136898
1492386451303976960
1492386456098447367
1492386465808015361
1492386467666137089
1492386477287817216
1492386478844182528
1492386484942303232
1492386485357756416
1492386494526660608
1492386499316228098
1492386503108055042
1492386505142128642
1492386515443408899
1492386515833565193
1492386517347495937
1492386518173769729
1492386519423668227
1492386530132127745
1492386532837277696
1492386535500439553
1492386542375034880
1492386542723026944
1492386544568700929
1492386546757996550
1492386548930650112
1492386549924864004
1492386557617127425
1492386560465068033
1492386566106320896
1492386571470864385
1492386574776123394
1492386578593087490
1492386582430507009
1492386583391133696
1492386585110667265
1492386588877336579
1492386589204439040
1492386594107830273
1492386599140835332
1492386604161241088
1492386606334230530
1492386611161567232
1492386614760382470
1492386615091613698
1492386615427174401
1492386615930486785
1492386616354095111
1492386621009784833
1492386625120354307
1492386626177314817
1492386626445537282
1492386641247277056
1492386644078612482
1492386646708285440
1492386649631866886
1492386650017521664
1492386665645883395
1492386666513788929
1492386667814080515
1492386670255083520
1492386670108286978
1492386671664451587
1492386674034286593
1492386679285559296
1492386680354922496
1492386684272480257
1492386700458217474
1492386704237469697
1492386710943977476
1492386713292976130
1492386716124073988
1492386716480512001
1492386717789302785
1492386719655776258
1492386737175379969
1492386741864448000
1492386742086819841
1492386742476976129
1492386743672135681
1492386749355540480
1492386755923828738
1492386757945483264
1492386761456205824
1492386769664421890
1492386772822605826
1492386774190014466
1492386784432427014
1492386789352300548
1492386791478992896
1492386793328578560
1492386797875183616
1492386804246495238
1492386804649000961
1492386807660613635
1492386819367129089
1492386819547152385
1492386821791096832
1492386822315462658
1492386829626191873
1492386830142124034
1492386833430298624
1492386837826052102
1492386847904862209
1492386848370409472
1492386848642981889
1492386852367654912
1492386863419691009
1492386864774680576
1492386870214283265
1492386870533103616
1492386873729118208
1492386875822202880
1492386877508304899
1492386878452023297
1492386884118532098
1492386886530191360
1492386887834734594
1492386888656826376
1492386889143259143
1492386891747905537
1492386895707488259
1492386899633348609
1492386909225566208
1492386909527724032
1492386916884312065
1492386923096072193
1492386924182401024
1492386924635385857
1492386928317980675
1492386929903648773
1492386933212950530
1492386934110318595
1492386935205425156
1492386935721111554
1492386939248521221
1492386941534232577
1492386945489510400
1492386945997041665
1492386946919899136
1492386949776035847
1492386951244267585
1492386958345183232
1492386966708666370
1492386967891300352
1492386973868191745
1492386974442815490
1492386975684468740
1492386981623615490
1492386982219030529
1492386989437558788
1492386992331665410
1492386995913605121
1492386997087834112
1492387002762899456
1492387006428717070
1492387007372349440
1492387016650096642
1492387018847887360
1492387023914688516
1492387025978339329
1492387030890061827
1492387035579314179
1492387038116683780
1492387041308397568
1492387047230906369
1492387050229796864
1492387056181342209
1492387059746881537
1492387061596258313
1492387065027248130
1492387068386889731
1492387073390788612
1492387073738907648
1492387081015812097
1492387082706292740
1492387084514078720
1492387091547783169
1492387097574985728
1492387097964994560
1492387103258284032
1492387103996801026
1492387112007520256
1492387117116264453
1492387123219124231
1492387126486446081
1492387147105521667
1492387151442583554
1492387155422896128
1492387163492651010
1492387165900267522
1492387174716612614
1492387175505305604
1492387176251756547
1492387177023606785
1492387181473714180
1492387181691740160
1492387184929738753
1492387193251368961
1492387195537272835
1492387203166523393
1492387210750005251
1492387215133061120
1492387230857449472
1492387232304431109
1492387234938376193
1492387249417342979
1492387258300698624
1492387259529646081
1492387265540411392
1492387267184320513
1492387281209991170
1492387290089287682
1492387293897834497
1492387301099331585
1492387302005424129
1492387302718459935
1492387307399176193
1492387312990179328
1492387316836540418
1492387318455492610
1492387320099651587
1492387324197539844
1492387327162810370
1492387328609816580
1492387329201246209
1492387331369754625
1492387333190164480
1492387337254412290
1492387338822975492
1492387345060048896
1492387347735982090
1492387353784033280
1492387354140573696
1492387355126386688
1492387364710191106
1492387366677450752
1492387367705055245
1492387368036352001
1492387372989915138
1492387382041088002
1492387387737096193
1492387393529331714
1492387394896683011
1492387396368756738
1492387397295742977
1492387398449176585
1492387400034619392
1492387403247542272
1492387405084520448
1492387406779191303
1492387407215398912
1492387408045764608
1492387411460263936
1492387415851520000
1492387416644231172
1492387416996409344
1492387425280135172
1492387427671060480
1492387432376856579
1492387438400094208
1492387440769871873
1492387449795981314
1492387450370629632
1492387454686486528
1492387456238325760
1492387457391906816
1492387460441071616
1492387461166735361
1492387462752215052
1492387466405314561
1492387468238200834
1492387468573822978
1492387478615265280
1492387480976437249
1492387483790680064
1492387490849718272
1492387493127151618
1492387498768568320
1492387502350794753
1492387521052901383
1492387523816873984
1492387527222829060
1492387529693138946
1492387530091683841
1492387533388398596
1492387533811896322
1492387537045889025
1492387538069295104
1492387541852430337
1492387547477164034
1492387567450435587
1492387567110553600
1492387569547440129
1492387570608603142
1492387571334144003
1492387573473452038
1492387573561536518
1492387578800082948
1492387581622829058
1492387582872891392
1492387584252968970
1492387594319056896
1492387602225573888
1492387602678173700
1492387608856518657
1492387615806353408
1492387622538387457
1492387628485906435
1492387637990248455
1492387638904561665
1492387642767331328
1492387645585977345
1492387653823700992
1492387660228227073
1492387660878385155
1492387674447130627
1492387677156556804
1492387677886468096
1492387679698563072
1492387685809504257
1492387686862053381
1492387689978810368
1492387694642704387
1492387695829688322
1492387701865078785
1492387706361548801
1492387707275808768
1492387707347259392
1492387710123724807
1492387716612247560
1492387721242763266
1492387722773741569
1492387724938125315
1492387725760077826
1492387729673531393
1492387731569545216
1492387731909009411
1492387736514228226
1492387739525738497
1492387740801208324
1492387742730584066
1492387750183587842
1492387755258753024
1492387755547979777
1492387757263441922
1492387773830946819
1492387776322433026
1492387777865928708
1492387783175917568
1492387786653057024
1492387797604446217
1492387801035382785
1492387813681410049
1492387817028145152
1492387818798456833
1492387822308790275
1492387822354898946
1492387830848532483
1492387831204962305
1492387833184763905
1492387842688835586
1492387842978365440
1492387847529275394
1492387850284781569
1492387850804887554
1492387851526619138
1492387852151312384
1492387853539504131
1492387855263481864
1492387860665847808
1492387860749725697
1492387869146681349
1492387869767483398
1492387890751549440
1492387891904974858
1492387898221469697
1492387903074611201
1492387910670331906
1492387910863269890
1492387920937951232
1492387926256205825
1492387927418040320
1492387943088021506
1492387944044318722
1492387957289930754
1492387960775487491
1492387961379328001
1492387968811741185
1492387972733231105
1492387974813650947
1492387979557584896
1492387987115679744
1492387991352123392
1492387991959969803
1492387995852611585
1492387996078850051
1492387997416833027
1492388000445042692
1492388002718367744
1492388003867729921
1492388005902000129
1492388006371618817
1492388010167451651
1492388017600081921
1492388018837016576
1492388020544176129
1492388023165673473
1492388029574508544
1492388033827688452
1492388035006468100
1492388035916451843
1492388048105050113
1492388049916858371
1492388052307746816
1492388065079345155
1492388069231710213
1492388069093175298
1492388069583900676
1492388070968246273
1492388073249910784
1492388078849343488
1492388084125614080
1492388085509750784
1492388092216446978
1492388098201645062
1492388111225028608
1492388122897928192
1492388131638706176
1492388142728450050
1492388144137781251
1492388147157680128
1492388150651543552
1492388153176383489
1492388162596970499
1492388163138244610
1492388167395143680
1492388173699325954
1492388174236360704
1492388177520181252
1492388178690330626
1492388181072924672
1492388187351756802
1492388191869014019
1492388193102086147
1492388193307615232
1492388232113565697
1492388235556704257
1492388238132015111
1492388242032771072
1492388250266193922
1492388252451414017
1492388255429447680
1492388258709262338
1492388263595708417
1492388264099315712
1492388265231593472
1492388269857796099
1492388273859096579
1492388276254089216
1492388276929703939
1492388281669013504
1492388284202377217
1492388305996034048
1492388306843156482
1492388310622388229
1492388316733345792
1492388319141023744
1492388325210177543
1492388329567895555
1492388330306039809
1492388334420824065
1492388336543092742
1492388338250047490
1492388338225065988
1492388340766699520
1492388345518899200
1492388346290749440
1492388363327852545
1492388366318387200
1492388368163823616
1492388368214224897
1492388369757835268
1492388370714181632
1492388379635470339
1492388396152590336
1492388397867888644
1492388400418152454
1492388401433100288
1492388402536275968
1492388409641299968
1492388415207321604
1492388431296618519
1492388451211042818
1492388458580656128
1492388462376357889
1492388467757793280
1492388469754064897
1492388479711412225
1492388483490623488
1492388489874194433
1492388494638997504
1492388500611612672
1492388514444496896
1492388515799261185
1492388520597790723
1492388525618053120
1492388526142345222
1492388529376161796
1492388531028725763
1492388532501065728
1492388535227523074
1492388535722475526
1492388538972733440
1492388540562296836
1492388540482789378
1492388547483127811
1492388547562721282
1492388547625910272
1492388550553128962
1492388551698251776
1492388554558873600
1492388556496637956
1492388563828236292
1492388566063890433
1492388569150672896
1492388571466113025
1492388573378752515
1492388573789954048
1492388573747757061
1492388578084757504
1492388582966841344
1492388583679963148
1492388585345097733
1492388587454697479
1492388590634082304
1492388596531138560
1492388596606590976
1492388611953672193
1492388612607930368
1492388617989197825
1492388624024981506
1492388629586534413
1492388633218801664
1492388635215216640
1492388636914069505
1492388638746894336
1492388640521084928
1492388641124995075
1492388644539092995
1492388645759766528
1492388648544714754
1492388650352582666
1492388657281769472
1492388657117999108
1492388658216947720
1492388658787373056
1492388662436253701
1492388663577116673
1492388664093118465
1492388700776398850
1492388706615009285
1492388708498219009
1492388709966168065
1492388712595873792
1492388719835312131
1492388730438660098
1492388732342730756
1492388735412932609
1492388739225735168
1492388746972778496
1492388757122822147
1492388759337418752
1492388759542841344
1492388772389945347
1492388773274873857
1492388775762096129
1492388776328503297
1492388778530512900
1492388780036313089
1492388782292799488
1492388790001831936
1492388798566645760
1492388803516014592
1492388812483350533
1492388817126395904
1492388821303902210
1492388825708265472
1492388833366786052
1492388838794272769
1492388845106745350
1492388849565196292
1492388849552609280
1492388851221872641
1492388853067534336
1492388854065737729
1492388860168392705
1492388861485678597
1492388867713892352
1492388867814662148
1492388876979216384
1492388879122448384
1492388880305197056
1492388892313534466
1492388892728721409
1492388897610944517
1492388901050363907
1492388901629186048
1492388903088652295
1492388904753934337
1492388907169849346
1492388907723460615
1492388910130995200
1492388912232386560
1492388915797544964
1492388916523155459
1492388917856849930
1492388925964525571
1492388931027222531
1492388936693710857
1492388937276395521
1492388940376002560
1492388948752044038
1492388952417783812
1492388957371482112
1492388959875436544
1492388965411868677
1492388978288640001
1492388990917382144
1492388992758816771
1492388997150035969
1492389004511174657
1492389004867608581
1492389006239141889
1492389010307698690
1492389017178054657
1492389020793327621
1492389025298063365
1492389026715693058
1492389026652901379
1492389026778607618
1492389031040241673
1492389033326129153
1492389038019407872
1492389045292445698
1492389049042374656
1492389052401782786
1492389055794921473
1492389056122077185
1492389061125816322
1492389061859823618
1492389063294390274
1492389064070164481
1492389066213580803
1492389077739397123
1492389078880473089
1492389081623543810
1492389083607629828
1492389090825801735
1492389090938998784
1492389093338140674
1492389094256627716
1492389104041938944
1492389105656680451
1492389109905915905
1492389112636182530
1492389113068077056
1492389116851331076
1492389121490255873
1492389125818826755
1492389128008347648
1492389142814199811
1492389145540325377
1492389149558681602
1492389163311771648
1492389170878332930
1492389172191109122
1492389175299133440
1492389193921691649
1492389200070512643
1492389201341562880
1492389206030700548
1492389207809175560
1492389211759988738
1492389212255137798
1492389217107804161
1492389218190082081
1492389218353664001
1492389225668304903
1492389225999777793
1492389232068870144
1492389234212323328
1492389264067534851
1492389263219912704
1492389270287388673
1492389275215622148
1492389276180312067
1492389277950349316
1492389281683296261
1492389283935698945
1492389287140245505
1492389290206281728
1492389304647270405
1492389307910262784
1492389313656594433
1492389319801114624
1492389323928489985
1492389326969257987
1492389329251057666
1492389330555396099
1492389355062706177
1492389360989319176
1492389360922202120
1492389363661275136
1492389364583878656
1492389382615150592
1492389388550037504
1492389389229453313
1492389389565059076
1492389398452719618
1492389402856861697
1492389402768773125
1492389403334950913
1492389403683176450
1492389404694007808
1492389407969533952
1492389412650590210
1492389417025081345
1492389417851310082
1492389418652610560
1492389420636377094
1492389421513011200
1492389427322269704
1492389427884134400
1492389428786040836
1492389430170116100
1492389440186109956
1492389461082132483
1492389463271653380
1492389466182680579
1492389466555748352
1492389474239598592
1492389478387699713
1492389479734251526
1492389479855755264
1492389484016644100
1492389484436295683
1492389485979799554
1492389491771777024
1492389492954521600
1492389494317670403
1492389499191529475
1492389509266239490
1492389509929054212
1492389511778734081
1492389521589215234
1492389526525915140
1492389530174844933
1492389530359549954
1492389531571855362
1492389532506988547
1492389538446000133
1492389540241317894
1492389542514642946
1492389547367440391
1492389548415983617
1492389561632178176
1492389565768028161
1492389567059529731
1492389568682754049
1492389580674412545
1492389584876888064
1492389587464957953
1492389593143865348
1492389601566027778
1492389602404941824
1492389602799144966
1492389604346978306
1492389612215537664
1492389613180108803
1492389616799858689
1492389624207261698
1492389625121280002
1492389634323537920
1492389638803451905
1492389643660054530
1492389661246853122
1492389671338446848
1492389681144954881
1492389684869099523
1492389686278508546
1492389699754901507
1492389701084495875
1492389704179798044
1492389705056464896
1492389708042694657
1492389713965195269
1492389723456741379
1492389723909750785
1492389732046807042
1492389740892487681
1492389741580275713
1492389743119667202
1492389744650637314
1492389748647686147
1492389752032608275
1492389766104588290
1492389767958388738
1492389775956869124
1492389777852620800
1492389780365086722
1492389789584166919
1492389799956828163
1492389804209696768
1492389805841285120
1492389811071565824
1492389820383248388
1492389825172881408
1492389838825213954
1492389845661937664
1492389846182150145
1492389846937133063
1492389850326056960
1492389851198537732
1492389851571757062
1492389852058247170
1492389862581882882
1492389870463029250
1492389875688955907
1492389880839684096
1492389883431866376
1492389885293907968
1492389886850129921
1492389891526860802
1492389894886469633
1492389901081456643
1492389921415335939
1492389921583030273
1492389921927024641
1492389928650477572
1492389929409675264
1492389937211219970
1492389938016358401
1492389940184899585
1492389941032062976
1492389945138245632
1492389948732985347
1492389956303704064
1492389960900505605
1492389968404258816
1492389984326012929
1492389985370218496
1492389985483374593
1492389998422757376
1492390001019011073
1492390007822241794
1492390010200461319
1492390013048442881
1492390014885326853
1492390018844966919
1492390027111936012
1492390028391059457
1492390031461580806
1492390032010797059
1492390034573570051
1492390035068383235
1492390035370430468
1492390036284784642
1492390043255644161
1492390069067399170
1492390073018372097
1492390076780847104
1492390091599220737
1492390092249264128
1492390102194176020
1492390103536201731
1492390104890953728
1492390108833751041
1492390117813673984
1492390118329446405
1492390122838544388
1492390122926624772
1492390123434135554
1492390138638643201
1492390140441989122
1492390145621835776
1492390151053524998
1492390153796661250
1492390154518073345
1492390156216811521
1492390163833569281
1492390163657469954
1492390165670682626
1492390168346595331
1492390173120036865
1492390175774855168
1492390188156289025
1492390195328659457
1492390195903270912
1492390204123934720
1492390222163845123
1492390223405268994
1492390226307817472
1492390233836437509
1492390234113277956
1492390239142572032
1492390248092823554
1492390248420098051
1492390266430312449
1492390268405903361
1492390268540276736
1492390274865246213
1492390276366798848
1492390276626792451
1492390288224096260
1492390290174488576
1492390292984532994
1492390296625287170
1492390300521619457
1492390303407517697
1492390307903672320
1492390310311256066
1492390310411837442
1492390311439577088
1492390315948347393
1492390341495992321
1492390342829944832
1492390352321490945
1492390356272525313
1492390357644066816
1492390360357744641
1492390360408018951
1492390362501070848
1492390365332062208
1492390384030212096
1492390391093600257
1492390399100346373
1492390399662596100
1492390400304336897
1492390402401320960
1492390402648944644
1492390416330547211
1492390417341591555
1492390418801119234
1492390421548638209
1492390422122938372
1492390427210747904
1492390430914191364
1492390433174945794
1492390435775516674
1492390437260521474
1492390444105232385
1492390449268633602
1492390451566940161
1492390458726756358
1492390460136083457
1492390468583309315
1492390472534269954
1492390475814342657
1492390486316916736
1492390494802157571
1492390501051297792
1492390509876158468
1492390515932909571
1492390525965463552
1492390526930538497
1492390530524741636
1492390531711881218
1492390533091581952
1492390534886928385
1492390540377149440
1492390544202670080
1492390551357853708
1492390555858341891
1492390565530550283
1492390568256675853
1492390575663947780
1492390576372826112
1492390581900922883
1492390582546800640
1492390593531547654
1492390608996118531
1492390639253741568
1492390643326337024
1492390660053168129
1492390662662098946
1492390671239757827
1492390687320403973
1492390688926978048
1492390690038317056
1492390694396342272
1492390720015331328
1492390729821442049
1492390732664954886
1492390733520723969
1492390741175271430
1492390742312075266
1492390745759698944
1492390745956700162
1492390755423309826
1492390756849528833
1492390761824157697
1492390775761555457
1492390776357023745
1492390782489317376
1492390785584664577
1492390791628525577
1492390802814902272
1492390807420211201
1492390808464461825
1492390810947657736
1492390824331685888
1492390824834846720
1492390830434308098
1492390832548233217
1492390832682459136
1492390833806532609
1492390834167189507
1492390834175889409
1492390835589054466
1492390845512704002
1492390854203678721
1492390856044728320
1492390865217769474
1492390871773302788
1492390872129982466
1492390877116907523
1492390878417203201
1492390880119975937
1492390885220237313
1492390888571555840
1492390891356495873
1492390893655310336
1492390900827312129
1492390902408839169
1492390906317602820
1492390909509390336
1492390917231153153
1492390923212369923
1492390926269837313
1492390926676684801
1492390929063239680
1492390929222672385
1492390938840379395
1492390966228963329
1492390968682766343
1492390973116018688
1492390973435183118
1492390977339904004
1492390979885694977
1492390981617868801
1492390982326927360
1492390982867845129
1492390983606091776
1492390983962660864
1492390988723064839
1492390991101267969
1492390993802539012
1492391003482836992
1492391006821666816
1492391007433940996
1492391007597604865
1492391013729677312
1492391017932333057
1492391025884766213
1492391026660896774
1492391026660626432
1492391030448140294
1492391044763246593
1492391045736243201
1492391051528708097
1492391051587293186
1492391052874956802
1492391057589518341
1492391064971452419
1492391071296278528
1492391073007603712
1492391080041623552
1492391087054508034
1492391090141466628
1492391090842107904
1492391091097812992
1492391093240950791
1492391094792847361
1492391097884020736
1492391100937818113
1492391113197506560
1492391125725986817
1492391126698975232
1492391129542799362
1492391134034739202
1492391134483685382
1492391135418880004
1492391137444864000
1492391139252609024
1492391138665570306
1492391143480303620
1492391145862692867
1492391148098240513
1492391149142638592
1492391149855973376
1492391151202181120
1492391154209353728
1492391157535444992
1492391158667956224
1492391162040045568
1492391164598751232
1492391165232140290
1492391166486196227
1492391174476238852
1492391178851188738
1492391192209809411
1492391198065102852
1492391200917229570
1492391201420554241
1492391203895406593
1492391208299024390
1492391211352481798
1492391213386936324
1492391221737639937
1492391225395056643
1492391226670129152
1492391226980581379
1492391230021541889
1492391232198348800
1492391233561366529
1492391236497338371
1492391236933611522
1492391237034381320
1492391244429148161
1492391255518687241
1492391257464786949
1492391266151452679
1492391267178893314
1492391267132575745
1492391276850778115
1492391281217179648
1492391290830426113
1492391296937385984
1492391305212674049
1492391307423191045
1492391311860801538
1492391312292823042
1492391319599304704
1492391325655879680
1492391326406819840
1492391333658386433
1492391347155718144
1492391355099738114
1492391355590451200
1492391360837656581
1492391361852542980
1492391368290803717
1492391374137614339
1492391374234480642
1492391376855523335
1492391379598782467
1492391385768636416
1492391389962780675
1492391391800008705
1492391393301606409
1492391395121713152
1492391396757872642
1492391398246551554
1492391399299375105
1492391400180264962
1492391412553306114
1492391415900516352
1492391419016892417
1492391420392579073
1492391421168476161
1492391427564736514
1492391440588361730
1492391442513559552
1492391443037573128
1492391452407701505
1492391456580915200
1492391460758593537
1492391463321313282
1492391469168009217
1492391471718481920
1492391473379037184
1492391477283938304
1492391481167908864
1492391484401741827
1492391504094142466
1492391506484805634
1492391506874810378
1492391508925992962
1492391511161544704
1492391511870353409
1492391513095036930
1492391513711681547
1492391515452317704
1492391515506700290
1492391530065055746
1492391542174064640
1492391543671504896
1492391545810882562
1492391546041380867
1492391546280460290
1492391554119516160
1492391556451422208
1492391568233353216
1492391569843908610
1492391573459451907
1492391581885759488
1492391586541580289
1492391588777140224
1492391593709654021
1492391599325724672
1492391602521735168
1492391607186116608
1492391607718404098
1492391608335183875
1492391608884547585
1492391617923272706
1492391625234030595
1492391627855482880
1492391632359944194
1492391635493146626
1492391645664342020
1492391648625528833
1492391649607094281
1492391652220030978
1492391665637675015
1492391669014179842
1492391670876446740
1492391672445079555
1492391673833443328
1492391680229711874
1492391681659920387
1492391686802391040
1492391689197178881
1492391697392627713
1492391713813381121
1492391725159038982
1492391737448443904
1492391745748815874
1492391749301506051
1492391752430342150
1492391764631506945
1492391767404068865
1492391771652849665
1492391777533235200
1492391781505241089
1492391819845709825
1492391824543162375
1492391826212671488
1492391831874715651
1492391837692309505
1492391839453745156
1492391842582695936
1492391845107802118
1492391845812326400
1492391847154626562
1492391851659202561
1492391852569333761
1492391854083612677
1492391864556785667
1492391866582585353
1492391878154600452
1492391884274208771
1492391891622629376
1492391894361337857
1492391899419668480
1492391905606258695
1492391907237842950
1492391916347936770
1492391917346304005
1492391918696689664
1492391920240320513
1492391920328396800
1492391928050159619
1492391929031454720
1492391929870372865
1492391931900485633
1492391932613611520
1492391933045399564
1492391936606433281
1492391939815129089
1492391940339699712
1492391942856101891
1492391945301336064
1492391946429468672
1492391955115896834
1492391957871562754
1492391958630834176
1492391961655115777
1492391963630489609
1492391969330384896
1492391973868560384
1492391980168781824
1492391985361027074
1492391986208428039
1492391995096150018
1492391997461594114
1492392002209599491
1492392002817769476
1492392008006074370
1492392012795957250
1492392017715937280
1492392020140335104
1492392027635339265
1492392038159032328
1492392039643766791
1492392041489350660
1492392047784960000
1492392053157728256
1492392054311337992
1492392054424485889
1492392057305911296
1492392062120988672
1492392064373329920
1492392072069931008
1492392074846646276
1492392077237231619
1492392093255450627
1492392105892667397
1492392112033353728
1492392122326007809
1492392136855080961
1492392148397740034
1492392153623977986
1492392156794867712
1492392158074220547
1492392166244564992
1492392166437621760
1492392171567292421
1492392171722485763
1492392172947132420
1492392173735538689
1492392175090475011
1492392185055961088
1492392197349855233
1492392198209474561
1492392203590959105
1492392218149097472
1492392221571756032
1492392223035559936
1492392224033849345
1492392227988856836
1492392235488489472
1492392242698326017
1492392247215726595
1492392255759347714
1492392263158222848
1492392276974133248
1492392278714847232
1492392280740835331
1492392283701977088
1492392284536467457
1492392293592023040
1492392302949679104
1492392313150185475
1492392314374922240
1492392319127019531
1492392324239822858
1492392325137448960
1492392325989154816
1492392331798097920
1492392337045012481
1492392337082748931
1492392338324344832
1492392338554949636
1492392345073070082
1492392347254067201
1492392349862932485
1492392354132553733
1492392354170474496
1492392355411869697
1492392359346245637
1492392363121000448
1492392364819857411
1492392370050064384
1492392373732593666
1492392374525640710
1492392379587964930
1492392385375997958
1492392394268065794
1492392403533107205
1492392411699503107
1492392413884682240
1492392415306534913
1492392415763877889
1492392427012907012
1492392428958932992
1492392432528502786
1492392439667036161
1492392441441177603
1492392462723256324
1492392469916311553
1492392480905392128
1492392490854273025
1492392491382833154
1492392492292968449
1492392496487628803
1492392496650932231
1492392509707722755
1492392510630600704
1492392510412378113
1492392514602471425
1492392515928047622
1492392521816752128
1492392525784436738
1492392540812759040
1492392544675770368
1492392546135379968
1492392553777451020
1492392560085590019
1492392563621482501
1492392578989256704
1492392580293685249
1492392580667293699
1492392583904956416
1492392586660691968
1492392590666350592
1492392590964051968
1492392594428465156
1492392600858288130
1492392602938875904
1492392605547651075
1492392611470061573
1492392613906841600
1492392615341350916
1492392626003357698
1492392632739192837
1492392636614946818
1492392637214646273
1492392644496003073
1492392650518843393
1492392658236416001
1492392665563938816
1492392665765359623
1492392667807989760
1492392668474888199
1492392668780843009
1492392687294631937
1492392701362376704
1492392701798535170
1492392709642125313
1492392711348834304
1492392727455035392
1492392747478695936
1492392753854128139
1492392754407743488
1492392763299618819
1492392766218940419
1492392768278126592
1492392767116525570
1492392770467733504
1492392772942196741
1492392778147536897
1492392781385453570
1492392791988740098
1492392792114569216
1492392794769534977
1492392797240012801
1492392800758861825
1492392800880529411
1492392807092346881
1492392809621450754
1492392811760693249
1492392813480353792
1492392815128580097
1492392818190569477
1492392825044017155
1492392828340686856
1492392834288209920
1492392838411153417
1492392839765901312
1492392848121110531
1492392856052396033
1492392861001605121
1492392861018427393
1492392867196768256
1492392868786458624
1492392871646965765
1492392874150817793
1492392881696358400
1492392895739047936
1492392908154187776
1492392913321574404
1492392916852953089
1492392922666307587
1492392926160330756
1492392935966531585
1492392936893566976
1492392937791098881
1492392940471152641
1492392947341533187
1492392949183037440
1492392950445187077
1492392953045823489
1492392958380822535
1492392968648638464
1492392968912658432
1492392968942075907
1492392974553997316
1492392977762709506
1492392986122072065
1492392988923908103
1492393000999129088
1492393001204781057
1492393003679248385
1492393005499572225
1492393005956935686
