1494431441974804489
1494431443661082634
1494431445971976207
1494431447955824641
1494431454692057089
1494431455950393351
1494431457531596804
1494431458865393664
1494431461906202626
1494431466473852929
1494431469124521984
1494431475667804173
1494431484324765698
1494431490704355331
1494431491199156228
1494431491388059648
1494431495854960642
1494431497947791365
1494431500439281673
1494431500871376896
1494431507640954891
1494431508014120965
1494431509129969666
1494431511730393090
1494431514683228166
1494431516620955653
1494431517791043595
1494431520794329098
1494431521289211909
1494431529661046792
1494431537298874376
1494431541325438979
1494431542030094336
1494431544890380288
1494431550636797952
1494431551123345418
1494431559822331915
1494431571616886786
1494431574569463821
1494431575513214978
1494431581771112457
1494431591115989014
1494431592776978432
1494431599718457356
1494431614369087489
1494431616000835584
1494431617460289540
1494431619477815296
1494431622829064196
1494431629938466827
1494431634413740033
1494431637139906560
1494431639128231937
1494431640835211264
1494431641749671944
1494431653967515648
1494431654349193217
1494431656048054276
1494431661638893570
1494431663937372167
1494431667468914690
1494431667762733056
1494431668953919489
1494431670019280900
1494431674897211393
1494431678621630470
1494431682568470540
1494431688201433092
1494431699740020738
1494431702537678863
1494431705356197895
1494431707222528000
1494431708468371462
1494431714629853195
1494431715066064902
1494431716475383815
1494431725912408071
1494431726562594817
1494431732963033094
1494431733479096320
1494431740038979591
1494431741234266118
1494431742685548551
1494431749237002243
1494431752261095435
1494431753439698946
1494431754320752646
1494431756157603842
1494431757851971584
1494431762113572869
1494431763988467712
1494431770225356801
1494431776940437506
1494431778748223495
1494431779805007874
1494431790886526976
1494431791842828290
1494431796833906689
1494431808758460423
1494431811761582080
1494431813204262929
1494431813674188802
1494431814659629056
1494431819332304897
1494431826017861648
1494431828350021634
1494431831634104321
1494431841654382603
1494431843571093505
1494431845991292933
1494431846809092096
1494431851490029570
1494431855986282498
1494431857341046786
1494431858406440969
1494431863145840645
1494431871035400196
1494431874940391429
1494431878153220099
1494431882255249413
1494431892799733761
1494431897606410249
1494431898281693185
1494431902576615426
1494431903897698309
1494431905546133515
1494431907135701003
1494431912814915584
1494431913716563970
1494431918586306563
1494431929923420167
1494431945647923207
1494431950706196480
1494431952522383361
1494431956448288768
1494431956960006152
1494431963746295810
1494431968146116611
1494431969320620033
1494431972516675586
1494431976644018176
1494431977025544204
1494431981236543497
1494431987251175427
1494431989436502021
1494431995270684674
1494431996017352708
1494432004225781760
1494432004871372806
1494432006612008961
1494432007673331719
1494432009158074369
1494432013029240832
1494432018234437633
1494432028627980291
1494432039726112772
1494432056482402306
1494432056691937282
1494432059410034688
1494432067395928072
1494432067614093314
1494432068196917248
1494432069035900932
1494432071724384269
1494432077634281479
1494432079702020100
1494432081648275456
1494432088069586960
1494432089156079623
1494432090275917828
1494432094465970177
1494432095589974018
1494432095644667907
1494432098614140933
1494432100665204738
1494432103169155076
1494432104905588736
1494432111591366660
1494432113722109958
1494432115173249028
1494432115282399237
1494432115202609153
1494432128506871821
1494432129228230660
1494432132772638728
1494432139898675203
1494432140771176453
1494432149499523073
1494432149688270851
1494432153962266624
1494432156084580359
1494432157309317123
1494432158231924737
1494432160320786444
1494432164603179012
1494432166385696776
1494432168319205379
1494432178436030467
1494432180868628480
1494432184777654273
1494432185989808147
1494432189236322311
1494432197109067778
1494432199420092435
1494432199453597697
1494432214213591043
1494432218575482891
1494432224472547345
1494432227807019026
1494432230122430466
1494432230365548545
1494432230508478464
1494432242495598600
1494432245037383680
1494432245809139722
1494432248006852610
1494432249458139136
1494432249663705090
1494432258219982851
1494432261625692160
1494432264905637897
1494432265136394250
1494432268294701056
1494432273831190531
1494432278453305350
1494432280479105024
1494432283176026123
1494432286678388737
1494432295750668296
1494432302771978250
1494432303363280897
1494432304449703939
1494432304969756676
1494432305926090757
1494432306861387777
1494432315287785479
1494432319897231366
1494432323496026114
1494432326478094338
1494432327161815045
1494432340386406405
1494432342773010436
1494432342928240647
1494432345822216198
1494432348942831620
1494432352944078853
1494432354282004481
1494432365304856579
1494432369633280007
1494432370073784325
1494432377405280256
1494432388222443525
1494432392836104203
1494432399744188417
1494432403469012992
1494432404995555333
1494432405016428546
1494432406178177026
1494432406669082626
1494432413774069787
1494432414332030981
1494432415791529985
1494432420212490241
1494432421944590340
1494432423857250311
1494432427774599168
1494432432975712266
1494432434737201153
1494432439929872392
1494432443020951556
1494432443071401988
1494432445848076291
1494432448599502855
1494432453519360005
1494432459861200902
1494432459982884876
1494432462272962562
1494432462386216961
1494432466261602306
1494432468744560640
1494432471546535936
1494432475682123777
1494432475568910338
1494432480002289677
1494432488969555969
1494432489695285253
1494432491439996939
1494432492064948224
1494432493520363523
1494432493969227782
1494432494569021452
1494432497525932037
1494432505067356164
1494432506820677637
1494432514777104395
1494432518811963392
1494432525753720833
1494432526219165715
1494432528471625735
1494432534049918976
1494432535169929223
1494432539884363778
1494432540874002433
1494432541918515208
1494432542170169350
1494432546330923012
1494432547178102786
1494432552077213703
1494432552765042688
1494432558200856579
1494432558184120325
1494432560839073794
1494432562076397569
1494432563192115203
1494432564626526211
1494432568443297798
1494432569995235332
1494432572700508162
1494432574130692100
1494432575070171136
1494432584499093506
1494432585560338433
1494432586982207491
1494432588068372493
1494432591772016641
1494432593504264194
1494432601867800583
1494432605042663424
1494432607077081088
1494432607462989828
1494432607609708550
1494432609568497670
1494432619794399236
1494432620716904454
1494432622491095040
1494432624215003139
1494432649477115907
1494432649791868932
1494432650051919878
1494432652660654080
1494432655298871304
1494432656230125572
1494432657287098372
1494432659887558656
1494432665134632970
1494432669601513476
1494432678933893121
1494432681462951936
1494432683102978051
1494432687121215492
1494432689331621889
1494432692989050881
1494432693672681479
1494432695258075137
1494432695841013762
1494432697074302980
1494432700362543114
1494432701444759554
1494432713486450713
1494432722932023299
1494432723393523713
1494432732184780802
1494432734453764097
1494432733761785857
1494432740363718657
1494432741487697922
1494432741651542018
1494432746395123719
1494432752594296834
1494432762551435265
1494432767127470083
1494432767421173766
1494432769581228033
1494432774740066305
1494432775029596164
1494432778619789313
1494432779878207497
1494432780553711622
1494432783044861955
1494432784064004103
1494432784638623751
1494432791160832000
1494432791571750912
1494432791592853510
1494432792792518660
1494432798312054788
1494432799755059202
1494432800295960578
1494432802158231564
1494432802594566149
1494432803160797185
1494432806092488711
1494432812925177856
1494432817912205319
1494432818604261377
1494432818721656838
1494432820151795712
1494432820894314504
1494432823083614209
1494432828351827972
1494432830293790727
1494432830373384195
1494432832470622215
1494432833997348867
1494432836090306565
1494432836790603776
1494432837457563648
1494432841442238471
1494432841492578308
1494432843237363717
1494432844663382016
1494432848748720128
1494432854138257408
1494432855111438336
1494432857191849991
1494432857753858050
1494432859569864716
1494432861583069189
1494432863470571520
1494432864657719301
1494432870227709962
1494432871628562432
1494432872186454016
1494432875080564748
1494432878750543873
1494432884672942083
1494432888539922453
1494432891580948480
1494432893766184960
1494432893816512513
1494432894873395201
1494432899793403908
1494432899843563520
1494432900837785609
1494432903014535174
1494432903295483904
1494432903891148804
1494432906542215172
1494432906667827203
1494432912032284678
1494432913345200144
1494432915371044864
1494432919581913088
1494432920106422279
1494432921511514115
1494432923889680384
1494432927677046784
1494432928033611777
1494432930743173121
1494432932383137800
1494432932974542854
1494432936233672704
1494432940872413184
1494432943602872323
1494432944156549121
1494432947662958592
1494432954919137281
1494432956454113280
1494432956663746561
1494432957431533576
1494432958341693449
1494432959335747585
1494432960099282946
1494432960342286336
1494432960417878018
1494432963290972169
1494432968592474117
1494432971478216717
1494432972128555009
1494432972140789771
1494432972308680707
1494432973306970112
1494432976632958979
1494432977308299268
1494432978939756555
1494432981573935107
1494432981594771456
1494432986405691395
1494432994974703625
1494433004462256138
1494433004537593868
1494433006303723520
1494433006915829762
1494433007209484299
1494433013047996425
1494433013517721614
1494433028852039691
1494433034078203910
1494433042336661519
1494433044651982850
1494433050112901120
1494433054781321216
1494433058090622977
1494433059835297797
1494433062075219969
1494433065204162570
1494433069683511297
1494433077443325952
1494433082685935620
1494433083797426185
1494433084514582536
1494433090839916545
1494433094916620290
1494433095956811781
1494433105368735746
1494433111597277184
1494433115275726854
1494433133931937792
1494433134745694209
1494433137593667589
1494433137924849670
1494433143167897601
1494433144052797447
1494433148943286281
1494433149153157128
1494433152110104587
1494433155310403585
1494433159118741511
1494433163325681670
1494433165779345420
1494433167255773193
1494433168732086273
1494433169428422668
1494433173022949381
1494433175170338822
1494433181822554125
1494433186016739335
1494433192853610502
1494433201363853312
1494433201598738438
1494433203053993985
1494433225283973122
1494433229205798914
1494433232451895296
1494433242832781314
1494433244477116419
1494433247534718978
1494433249887727616
1494433251167211520
1494433273384214534
1494433274382495747
1494433278622842884
1494433281982754817
1494433286462001159
1494433287321923584
1494433287502282752
1494433287934255105
1494433290207608832
1494433290350206981
1494433293441417220
1494433295811035142
1494433298533142528
1494433303356661763
1494433303453057037
1494433310063280140
1494433316715573253
1494433317768384516
1494433322029694981
1494433323950690311
1494433327218049027
1494433332909654020
1494433346612609025
1494433348105781248
1494433351163252736
1494433352916484098
1494433365784776704
1494433366917234688
1494433374508883979
1494433377419677701
1494433383778340872
1494433389906210820
1494433393450237970
1494433393811075072
1494433397271412738
1494433402547748867
1494433402178584592
1494433405852794897
1494433411351838721
1494433412593381376
1494433418456682496
1494433421057273864
1494433423863136262
1494433426723651588
1494433429173252098
1494433430007857154
1494433430242832388
1494433435968020487
1494433440242061315
1494433441303175172
1494433441836068866
1494433446948605952
1494433447732989955
1494433453554733060
1494433454947196932
1494433456981426187
1494433459934154753
1494433463205707776
1494433464589950981
1494433466158567424
1494433471250399232
1494433474542911507
1494433477663547394
1494433479613943808
1494433482726002689
1494433486924664847
1494433495099314185
1494433498429489153
1494433499104821249
1494433503798341636
1494433511238877189
1494433516007874569
1494433520915296261
1494433524874625032
1494433525306691586
1494433539043078146
1494433545225392132
1494433546773188611
1494433555522408451
1494433561302257667
1494433567232958467
1494433571913846786
1494433572454903816
1494433577789972483
1494433584374968321
1494433590368681991
1494433590989393920
1494433594701455363
1494433596559396864
1494433602909708300
1494433607577972741
1494433609960333316
1494433610560114694
1494433614804758531
1494433621779701760
1494433622857695236
1494433625521201153
1494433631489691651
1494433631942684672
1494433632437485576
1494433633947500547
1494433634501242880
1494433635629350920
1494433641908383758
1494433646224232449
1494433647461642244
1494433652280807424
1494433657263644674
1494433661453799425
1494433664398245894
1494433664305881088
1494433666155569152
1494433668475019275
1494433669620154377
1494433669762715653
1494433692575576068
1494433692802068484
1494433693330391040
1494433693938733057
1494433697768038404
1494433699257106432
1494433701693833228
1494433714629230594
1494433721344471041
1494433724548542464
1494433731901157376
1494433735340699654
1494433737647407107
1494433737689350147
1494433747135082508
1494433751304220677
1494433751698395144
1494433752453468163
1494433757037842442
1494433759139020816
1494433759235510273
1494433761324408837
1494433761987076103
1494433764654657536
1494433769054679042
1494433770224635905
1494433772103602179
1494433773890510858
1494433778487468035
1494433779200450561
1494433781712920582
1494433783738732544
1494433786322423815
1494433787362648067
1494433790114123785
1494433814889865218
1494433816815022083
1494433817771323393
1494433818211762180
1494433827586023430
1494433829834137601
1494433832250089472
1494433851199963142
1494433869436706824
1494433870837530624
1494433870942556165
1494433873589161987
1494433884552904729
1494433884829888515
1494433885727465474
1494433899690270726
1494433902588411907
1494433902819045376
1494433910054342657
1494433910482247697
1494433914265354248
1494433915087597572
1494433920816930818
1494433922830282757
1494433927137800197
1494433928702312448
1494433928731664388
1494433936075902976
1494433945185923072
1494433946511319040
1494433948595888141
1494433953092145158
1494433957609455617
1494433960088199177
1494433960767770627
1494433962479042568
1494433963007524867
1494433963875704838
1494433967646277632
1494433973556035592
1494433975653351427
1494433976529924096
1494433987560939527
1494433988466941953
1494433991470067719
1494433993382666249
1494433997543424002
1494433997740396547
1494433998172348417
1494434002630950914
1494434004363268097
1494434004983955463
1494434006619897856
1494434009991954434
1494434016195493888
1494434020456816644
1494434034075807744
1494434035187261444
1494434035266830337
1494434035287969795
1494434039310262276
1494434042854481928
1494434047535239171
1494434048948772869
1494434050009882624
1494434053730279425
1494434053965205507
1494434056792010754
1494434057714745355
1494434058322919431
1494434072189362182
1494434080879828994
1494434080812933126
1494434082205286416
1494434086353518592
1494434090434510936
1494434095819997208
1494434100261924866
1494434105462702091
1494434107216039941
1494434110496026625
1494434111645118464
1494434113545252865
1494434119404511232
1494434123145957377
1494434125478039554
1494434135682662418
1494434136307679234
1494434138685784073
1494434139331780611
1494434141139570694
1494434141793828874
1494434144385843224
1494434150908141569
1494434152829140996
1494434154011770886
1494434154917740556
1494434155429605381
1494434156423659525
1494434161532313602
1494434162496921605
1494434168788303873
1494434170910687236
1494434171082747909
1494434171657363463
1494434173997572096
1494434180314374147
1494434180624703490
1494434188249997316
1494434189004849158
1494434190712090624
1494434192142315521
1494434195686531078
1494434201021530127
1494434202023981056
1494434203076812806
1494434205014663170
1494434208026144773
1494434211280863241
1494434217442230275
1494434222387433476
1494434228293050369
1494434229807108096
1494434232470491138
1494434232554463233
1494434237226831873
1494434239101681676
1494434242058719239
1494434245338615810
1494434248132026375
1494434248412971021
1494434249096712202
1494434251055550464
1494434252968325120
1494434253978812434
1494434258571575311
1494434260207357952
1494434263172726789
1494434266243076102
1494434270315749376
1494434272748261376
1494434275671744514
1494434279337697285
1494434279367098368
1494434287822651395
1494434295515070470
1494434297994002432
1494434304537018368
1494434308576133130
1494434310576873472
1494434312061689862
1494434316750921731
1494434321696014341
1494434323885277192
1494434327333117959
1494434332131278860
1494434335017033728
1494434336770301958
1494434341719584771
1494434348258398208
1494434349017616389
1494434359461531650
1494434361357529088
1494434370861600768
1494434375932727299
1494434388133752833
1494434398548148224
1494434399781326848
1494434403333783552
1494434407108780039
1494434408044056578
1494434408253702168
1494434415656636419
1494434422455681030
1494434429531525127
1494434430949154817
1494434438985523200
1494434451367120902
1494434451920601090
1494434455045357573
1494434461110439943
1494434468194500610
1494434469629284352
1494434471227052035
1494434474410618885
1494434474796335117
1494434478252515329
1494434479661727755
1494434480383459329
1494434482467782661
1494434487601709062
1494434488293732352
1494434488545386506
1494434489753292810
1494434497093373961
1494434506748665859
1494434510791839744
1494434511249186818
1494434516173307904
1494434530656235520
1494434532254179332
1494434533634187269
1494434536876384259
1494434537530695680
1494434538315042819
1494434541393567747
1494434547752185862
1494434553490030592
1494434553754234882
1494434554903502854
1494434555276759044
1494434556556070912
1494434557227151362
1494434558313472008
1494434558690930694
1494434561148788736
1494434563803660309
1494434565162770435
1494434565628342275
1494434576688717839
1494434580694282245
1494434582220849154
1494434586675273731
1494434587661017095
1494434588399079425
1494434592018812929
1494434592639500292
1494434592677318657
1494434593457389585
1494434604257722378
1494434610360594433
1494434613724266524
1494434614647083011
1494434624734388233
1494434627611553792
1494434628727410689
1494434635119566854
1494434642228875272
1494434643982139393
1494434650269401089
1494434653788327940
1494434657902997508
1494434660432154625
1494434665121394695
1494434666496999454
1494434676093566981
1494434677188448261
1494434680363442181
1494434683542777857
1494434685451177985
1494434686545936389
1494434697895624708
1494434698856214528
1494434701498466309
1494434704082276355
1494434709467803653
1494434712881930246
1494434716413575171
1494434718170812417
1494434719471058963
1494434723350732800
1494434726509219844
1494434736026132481
1494434736961376259
1494434739817783296
1494434742090940425
1494434750022537220
1494434753092669442
1494434753222778880
1494434757157007360
1494434765247815687
1494434766464196608
1494434766837403653
1494434767412117507
1494434771094716418
1494434771673366531
1494434774248792064
1494434782582910978
1494434795551666178
1494434795908173824
1494434795996254208
1494434812492398596
1494434814031642625
1494434838560264192
1494434839226994691
1494434841085022208
1494434842565615618
1494434846231314432
1494434846499823617
1494434849159106567
1494434851285569539
1494434857941966849
1494434863818031112
1494434865713983492
1494434870352756736
1494434870860333061
1494434878192070662
1494434879534256130
1494434881199230977
1494434906130169874
1494434907082342405
1494434913877123074
1494434914724368389
1494434916729176071
1494434919807782912
1494434920063807490
1494434921829449738
1494434923633000461
1494434925436719107
1494434929446461441
1494434935666524162
1494434937264611328
1494434937264611334
1494434940003368972
1494434940372586505
1494434951437205512
1494434960492609538
1494434962300444675
1494434964582055942
1494434970575814666
1494434975588012032
1494434976024215555
1494434982751883266
1494434982999298048
1494434984169717760
1494434995150151682
1494434999436783618
1494435007112396813
1494435010035728384
1494435011633762309
1494435012921344004
1494435013030744064
1494435017853919234
1494435019770642442
1494435020777607168
1494435022643896327
1494435031829331979
1494435032399818753
1494435034392104962
1494435043183247423
1494435046878588936
1494435050305331205
1494435055917322245
1494435060384210951
1494435061155860480
1494435061722226688
1494435070375079944
1494435072971317248
1494435081406095360
1494435081901199360
1494435082488238084
1494435082706112513
1494435087252799501
1494435095612112906
1494435107419013130
1494435110065782785
1494435113882603520
1494435116285845506
1494435123592376322
1494435125865684993
1494435126444498950
1494435134983979016
1494435139690151936
1494435143469121544
1494435143867637764
1494435144203227138
1494435147529297923
1494435161148215304
1494435162758828037
1494435167716450309
1494435174737752066
1494435178235768834
1494435179561041924
1494435180336988165
1494435180295168008
1494435186129477632
1494435186573983748
1494435188360761346
1494435188981608457
1494435190600462337
1494435195457454092
1494435195751383041
1494435209445576707
1494435209776807939
1494435227468455943
1494435229897048066
1494435231561965569
1494435235756490754
1494435236054122501
1494435246548271121
1494435247580188675
1494435249970991106
1494435256115638277
1494435262239326213
1494435264906895367
1494435274067038209
1494435276294221824
1494435280090247169
1494435280878813184
1494435281050689549
1494435281759518733
1494435282569277441
1494435283189776384
1494435285941243909
1494435289053417476
1494435294216658945
1494435301623676946
1494435302160666626
1494435304505323522
1494435305922908160
1494435308317941765
1494435313439031307
1494435316769464328
1494435316987535371
1494435320330395656
1494435333454323713
1494435334104530944
1494435337619197953
1494435340131581974
1494435341863899137
1494435344686596105
1494435346402226181
1494435346305757194
1494435349946421250
1494435350051131393
1494435351129214984
1494435353406554117
1494435353457045509
1494435362713780224
1494435365389844483
1494435366194987008
1494435379335901188
1494435384364830721
1494435386881462278
1494435387560890371
1494435388055822340
1494435389469184000
1494435393512656896
1494435394418802689
1494435399346835459
1494435412370153473
1494435412504367105
1494435414656131073
1494435417596342281
1494435422801473536
1494435430770610177
1494435446503481346
1494435446943887364
1494435448441094160
1494435449577738243
1494435452274688002
1494435452748804105
1494435455806455812
1494435464001962010
1494435467416125452
1494435473468669955
1494435474051637249
1494435475372789760
1494435476668915715
1494435483430133762
1494435486189830147
1494435486764515340
1494435490942095367
1494435499636924417
1494435504049176583
1494435511120777217
1494435518469193740
1494435519131963392
1494435523779182611
1494435524404133888
1494435526216228870
1494435528930115584
1494435533791145987
1494435538832695297
1494435543593148416
1494435551696633866
1494435551767842821
1494435561632903173
1494435563335667712
1494435569325129743
1494435572642983942
1494435578519113742
1494435579009945605
1494435579286601739
1494435589806084104
1494435596659527680
1494435597880115202
1494435598437957632
1494435600690257921
1494435600920821770
1494435602699366408
1494435606377779207
1494435610613927942
1494435615110279174
1494435618415419397
1494435618650144791
1494435619723886600
1494435625776267271
1494435637004587016
1494435640842272777
1494435645229522944
1494435647595196416
1494435647754489861
1494435657745416195
1494435660677070861
1494435662375923720
1494435662791168003
1494435665659904029
1494435669841793039
1494435671250976768
1494435682647175168
1494435688405614605
1494435689051697152
1494435703177953286
1494435714901196805
1494435719183405057
1494435724401287172
1494435731741233152
1494435733175779330
1494435735323262977
1494435747981582340
1494435748375773188
1494435750057844739
1494435763320078348
1494435763542450187
1494435764150673415
1494435766507872257
1494435766977585152
1494435774036688896
1494435775454359554
1494435779149701120
1494435779858382851
1494435779996790784
1494435780273455107
1494435781020385281
1494435783066927112
1494435799407861760
1494435801265893377
1494435809268678661
1494435810149548039
1494435811219152897
1494435813450399750
1494435817338540033
1494435824884137989
1494435828084326407
1494435829585960961
1494435837563518978
1494435838083547149
1494435839316672533
1494435847726419973
1494435849664086024
1494435852553895945
1494435852625317889
1494435861911515138
1494435863035617287
1494435873030656001
1494435878848061441
1494435886246809607
1494435888654270474
1494435892353810434
1494435899899510785
1494435904903004167
1494435905893019654
1494435910062125056
1494435918530416640
1494435925497204741
1494435928445755396
1494435935689351172
1494435936435781638
1494435936825921544
1494435938537193472
1494435938923003915
1494435942542700544
1494435943016808458
1494435944400932878
1494435946741313542
1494435950545485824
1494435955931062276
1494435955868065797
1494435960792104960
1494435962075717635
1494435964621623298
1494435967297540098
1494435969159741440
1494435972183834652
1494435975061127174
1494435979322613762
1494435980136390658
1494435982426480642
1494435984594898945
1494435992539140096
1494435993222537220
1494435995407716352
1494435995474931714
1494435999081906187
1494436001090977803
1494436001317638155
1494436002185691139
1494436004803104768
1494436012327686149
1494436015980756992
1494436019206250501
1494436019692834816
1494436027557036043
1494436029868097542
1494436031701176321
1494436034582495232
1494436034985148427
1494436037602394124
1494436049359151110
1494436056673910784
1494436057533890564
1494436062214733826
1494436066870239233
1494436070288769024
1494436071320563717
1494436072809545728
1494436073069428754
1494436078257946628
1494436078048141318
1494436078819987459
1494436079906209794
1494436079931478023
1494436081114259458
1494436084826062857
1494436086520561666
1494436093319651334
1494436098977800201
1494436100131422209
1494436101376856064
1494436102404550657
1494436107680948226
1494436111610961927
1494436112420462598
1494436114320568323
1494436120658001938
1494436121467625476
1494436126593060876
1494436133354283011
1494436137871425542
1494436138647494657
1494436144913727489
1494436147363201033
1494436147803475970
1494436156271837187
1494436158184505344
1494436160411934723
1494436163213426689
1494436169769226244
1494436170138550272
1494436174181679106
1494436185451610117
1494436187544588288
1494436196675727369
1494436200630960128
1494436202920951814
1494436203579547649
1494436207685734403
1494436213184507904
1494436214312771588
1494436226325102613
1494436232700518404
1494436232796987392
1494436234575454208
1494436244885057539
1494436251784654851
1494436256134041600
1494436258545868806
1494436259284070400
1494436265000935425
1494436266334732290
1494436270499680259
1494436270617026560
1494436272865259534
1494436278913286159
1494436279240441872
1494436279294959618
1494436282365362185
1494436293543084041
1494436300899893252
1494436304041484292
1494436305090007057
1494436311629025280
1494436314460012548
1494436316012072964
1494436317781901322
1494436319866470409
1494436322634784771
1494436325717651457
1494436330973057025
1494436332692721671
1494436334684946453
1494436335519686666
1494436339978231816
1494436340590526464
1494436342335356945
1494436342507491329
1494436345284112385
1494436347121397760
1494436353660047364
1494436358123044864
1494436358491815949
1494436366247157762
1494436366788268033
1494436368637960194
1494436373805551618
1494436382684635140
1494436382978228228
1494436383837995010
1494436385293545477
1494436390494355459
1494436394156048388
1494436395187847173
1494436395506708482
1494436401944932355
1494436405518475264
1494436411407319040
1494436411969191950
1494436413122781184
1494436423839141888
1494436426217369601
1494436430403223558
1494436436615041028
1494436436585684993
1494436438959661061
1494436439873896454
1494436443942535174
1494436445641396228
1494436446597378050
1494436452180049920
1494436452620455936
1494436456332509185
1494436461701070849
1494436487655407621
1494436490402795523
1494436499626110976
1494436502167826437
1494436514889142283
1494436517745467393
1494436519347687424
1494436521755099159
1494436525609783298
1494436528138895363
1494436532941373443
1494436540981915653
1494436546711334918
1494436557742227473
1494436565422120968
1494436567720640514
1494436568148295696
1494436571541508098
1494436571973570560
1494436584392994817
1494436588566167568
1494436591204503552
1494436591586222087
1494436594153103363
1494436594043928591
1494436597915336716
1494436603334311941
1494436604932460550
1494436612826140672
1494436613790879746
1494436615262912522
1494436615993049089
1494436620472356866
1494436620543705088
1494436621281738772
1494436623119167488
1494436632941973505
1494436633646714886
1494436635076804613
1494436637555712010
1494436643188654081
1494436654924320777
1494436657571012611
1494436663606587395
1494436664202215424
1494436670883741698
1494436676873117701
1494436680627064843
1494436686553661449
1494436686725623815
1494436689854570497
1494436689938464777
1494436689955143683
1494436694136967170
1494436697672597513
1494436703259484161
1494436704337412096
1494436704484306958
1494436707827134473
1494436713971826688
1494436715934666753
1494436720061919232
1494436727074734081
1494436735572488192
1494436736746803207
1494436739410182146
1494436742459375626
1494436744674033675
1494436746330718223
1494436747400265739
1494436748448862213
1494436752680964096
1494436756971667464
1494436759538647043
1494436761652678666
1494436762197835777
1494436764706131971
1494436770049626121
1494436774088744960
1494436777204989953
1494436783936835585
1494436791490781184
1494436793009197061
1494436801297137666
1494436805772464132
1494436831781400580
1494436832825655307
1494436834662920201
1494436837162684419
1494436842065825795
1494436844100014082
1494436856540368909
1494436860420304896
1494436864366948354
1494436866141179904
1494436873439256577
1494436876056674304
1494436882549256195
1494436883820072960
1494436886735110150
1494436903260729347
1494436913813544963
1494436914811842560
1494436915411623938
1494436918976733186
1494436919606116353
1494436920474030080
1494436924244705314
1494436927080181773
1494436928178962440
1494436937708539909
1494436940900352002
1494436948185792551
1494436948592640006
1494436950383628289
1494436953609146369
1494436957430038532
1494436960651333632
1494436960936644620
1494436961339256837
1494436964937969667
1494436977282007042
1494436980255440912
1494436983678115849
1494436985842573313
1494436990246338568
1494436990476959749
1494436990770880512
1494436992121290757
1494436992922365956
1494437001369694217
1494437003869437959
1494437007073820681
1494437007401050116
1494437009103863819
1494437010433458211
1494437011016634373
1494437012077641728
1494437013931634691
1494437014040571904
1494437015491915784
1494437016557264900
1494437025801379841
1494437030452998147
1494437036715085825
1494437036652220420
1494437041513250828
1494437042939379712
1494437044201967622
1494437044063408128
1494437051684593671
1494437052334710797
1494437058013810688
1494437060744200192
1494437061096525825
1494437064892420102
1494437067329191947
1494437070890221575
1494437073411096577
1494437074421764096
1494437075101396993
1494437080637845511
1494437086643961877
1494437086761566208
1494437088447668225
1494437089936838656
1494437091287130112
1494437098312634377
1494437098992119808
1494437100778766342
1494437102351757315
1494437103735771139
1494437105958854661
1494437106537488384
1494437109612093442
1494437112573308930
1494437117275029504
1494437119401496578
1494437133561606144
1494437135318929416
1494437138909130754
1494437143002890243
1494437151601147923
1494437152989462538
1494437156294918144
1494437157175451649
1494437161466306560
1494437164255309824
1494437164519731201
1494437180810436611
1494437187655385107
1494437190939590660
1494437208492756995
1494437208673169411
1494437210631909378
1494437214310252553
1494437217514762244
1494437219712524294
1494437220065099778
1494437235663544327
1494437237043314719
1494437239190917123
1494437244001734656
1494437251270512646
1494437255666094081
1494437259885662209
1494437260300853255
1494437262511452160
1494437262809092107
1494437263949774857
1494437265136926724
1494437280580263940
1494437282211934215
1494437284858548224
1494437287211384845
1494437289765715970
1494437292005629957
1494437293582532611
1494437297063870468
1494437300561928195
1494437302755631104
1494437307419541507
1494437310842163205
1494437311865577472
1494437311752323074
1494437313212043266
1494437314965159936
1494437321512472579
1494437334338584587
1494437335492141057
1494437337715118090
1494437338264453120
1494437341712297990
1494437342240722946
1494437350327291904
1494437350663155712
1494437357197697024
1494437358296449040
1494437366169317376
1494437372536111120
1494437377372303366
1494437383495901184
1494437387052609536
1494437388717735945
1494437394250145793
1494437394883428353
1494437400185081856
1494437401619582980
1494437405239099404
1494437405822173186
1494437407080390657
1494437413137133570
1494437414416363522
1494437417578807300
1494437421899001856
1494437435492769795
1494437443243761664
1494437444296400899
1494437450198007818
1494437451775025165
1494437455369543680
1494437456401379330
1494437457386954755
1494437459073146888
1494437463963623428
1494437470720573442
1494437474243862534
1494437478090125315
1494437481705615361
1494437482112471044
1494437486130520064
1494437489662218248
1494437499753713667
1494437501485862915
1494437501817311239
1494437509056667656
1494437510830776326
1494437517302681602
1494437517428412417
1494437522914508801
1494437532439756818
1494437533215870976
1494437538454712320
1494437542459949079
1494437548814393353
1494437548965433347
1494437549556711430
1494437553608577030
1494437571841175558
1494437580921884677
1494437594742013957
1494437599150166017
1494437599183790091
1494437604149837824
1494437611296940034
1494437617391316995
1494437620616777731
1494437632406814720
1494437632360824834
1494437634420064257
1494437633816088578
1494437635196026882
1494437637301620737
1494437644431867915
1494437646294208521
1494437654494158849
1494437656108875777
1494437658143391745
1494437663469887491
1494437665785389056
1494437666829619200
1494437667655852039
1494437673301573632
1494437673863639042
1494437677441105921
1494437687838883840
1494437691508801541
1494437696139321346
1494437697917698048
1494437702392967170
1494437703659982848
1494437712652349446
1494437714237829123
1494437721485553671
1494437722433683456
1494437727479087114
1494437727680753664
1494437733942575107
1494437737511854080
1494437741312024577
1494437741936979971
1494437742326988812
1494437750665355264
1494437761243234308
1494437765056020496
1494437776057675781
1494437783447949322
1494437783661948935
1494437786363080709
1494437795976392704
1494437812547960838
1494437812602613761
1494437813567115268
1494437818311094274
1494437828063035392
1494437841598058497
1494437842696736772
1494437849122451461
1494437849881616387
1494437849952927745
1494437856181305354
1494437861336227842
1494437866025455621
1494437871641632776
1494437875080962052
1494437875600936960
1494437881712050177
1494437884388331522
1494437885243637780
1494437887030571012
1494437888251117569
1494437895570178052
1494437896790675462
1494437897193521152
1494437898413875204
1494437914553589763
1494437927128080389
1494437928541503492
1494437932186451974
1494437938645643271
1494437939014680585
1494437945650171904
1494437951304048641
1494437954403680262
1494437956924293128
1494437959331983360
1494437960334381056
1494437967888330754
1494437977430265857
1494437979275862022
1494437985055649800
1494437998372474880
1494437998364086272
1494438002730352643
1494438004726935554
1494438004953333761
1494438007377924098
1494438016361902088
1494438016387063812
1494438020841365514
1494438024486301697
1494438025622962184
1494438026382041095
1494438030437859331
1494438037203292160
1494438041548640259
1494438046598582274
1494438054261571585
1494438058762067972
1494438062398468096
1494438065464619013
1494438065611292678
1494438069860188164
1494438073572249610
1494438079603613696
1494438080543084546
1494438081470074883
1494438084963811354
1494438088122122246
1494438089351122951
1494438091788013572
1494438096745611267
1494438104228413446
1494438105780301824
1494438110079459329
1494438119046799362
1494438120879755280
1494438133475254276
1494438134624538628
1494438136633516033
1494438155554070532
1494438158787915779
1494438159853232131
1494438161115713536
1494438162025922566
1494438161967198209
1494438162906562577
1494438176181698562
1494438183576219650
1494438184482222090
1494438185648078855
1494438185841090563
1494438191587287049
1494438192501587968
1494438195236384773
1494438198482804737
1494438204539224078
1494438209417273352
1494438209866055684
1494438212772712448
1494438218346872838
1494438227876331532
1494438229336023049
1494438233505153030
1494438235472527360
1494438237808386048
1494438239591182340
1494438245513453568
1494438249003040778
1494438252257820689
1494438254120415232
1494438269030830080
1494438276513636353
1494438282826067970
1494438283186618375
1494438283962638336
1494438286382841861
1494438288706387973
1494438314136506369
1494438320599883779
1494438326841053188
1494438328455868416
1494438330871726080
1494438337301594112
1494438340950736896
1494438341194170374
1494438341923815426
1494438354674495489
1494438356868030464
1494438360064143363
1494438360634564609
1494438361938935814
1494438363822112786
1494438365529194514
1494438367353782276
1494438367622152196
1494438368545222660
1494438370122022925
1494438371648757764
1494438373741760517
1494438374391758853
1494438378745466882
1494438379777404932
1494438386014302208
1494438387419586561
1494438390569353220
1494438395698896896
1494438398001651712
1494438398248960028
1494438399264145413
1494438399624851457
1494438402535694337
1494438419048513560
1494438424610279424
1494438429941243909
1494438430394269709
1494438431430262788
1494438434555019266
1494438435435659267
1494438436589260801
1494438436811550727
1494438437100953600
1494438443535024136
1494438445460045826
1494438445778939904
1494438446290640902
1494438450115842051
1494438466687492098
1494438471754125312
1494438477122965504
1494438477361922059
1494438477936701440
1494438479866081281
1494438485431889927
1494438485540814850
1494438490389499906
1494438493782749185
1494438496009797676
1494438498081800192
1494438501068255234
1494438505338056704
1494438505568780288
1494438508370477060
1494438512220950531
1494438514133540871
1494438514242600961
1494438516952125452
1494438522085941250
1494438529610678273
1494438529786593284
1494438530008899591
1494438532705931265
1494438533943083019
1494438543111901185
1494438547209654272
1494438548959031297
1494438550208753667
1494438550686810116
1494438551068495872
1494438552037330944
1494438556491784198
1494438557041242118
1494438558005870595
1494438567250214915
1494438568550445060
1494438569812897795
1494438572836929538
1494438573046919168
1494438575093747712
1494438577513676800
1494438582706188288
1494438586200084484
1494438589484060672
1494438591237603328
1494438593460375555
1494438593942761472
1494438594685067267
1494438594932473856
1494438596815765510
1494438598426386434
1494438598552268803
1494438601693831171
1494438602943897601
1494438603145023490
1494438605401440266
1494438606080917508
1494438611957202947
1494438622325616642
1494438634665259011
1494438635948896256
1494438639434022928
1494438642319826956
1494438645616427016
1494438646136832001
1494438646388178955
1494438647701155840
1494438650054000649
1494438650704191494
1494438652205748230
1494438655443800070
1494438656685260807
1494438658140692482
1494438664130424832
1494438664969105412
1494438666399358983
1494438666495741957
1494438673609285638
1494438674892668948
1494438675190538249
1494438676255977475
1494438678848016387
1494438679351382026
1494438679686885376
1494438689862131714
1494438689900011527
1494438709252530183
1494438709999153161
1494438711093833733
1494438712855474183
1494438714445074433
1494438717271908352
1494438719507603459
1494438721235701763
1494438722053541888
1494438725480243201
1494438727204151305
1494438733667516424
1494438733764038662
1494438735068413964
1494438738109284356
1494438745461899267
1494438746099486722
1494438748582465540
1494438748565745668
1494438753712029699
1494438758027960321
1494438760469180416
1494438762176303105
1494438764260769799
1494438770317217792
1494438772980731908
1494438777640599555
1494438777875537925
1494438778827644931
1494438782929616898
1494438787497271305
1494438788860366852
1494438789518794753
1494438793235120135
1494438797035122689
1494438802898706436
1494438802936549377
1494438809781485576
1494438810213658629
1494438810364493840
1494438816706437120
1494438821051699203
1494438822532288520
1494438823501176834
1494438825501802509
1494438825942294529
1494438827431276544
1494438828802723841
1494438836646019073
1494438839351328771
1494438842241359872
1494438843835199491
1494438844598562816
1494438846565695490
1494438847903580160
1494438848306233345
1494438848583057418
1494438856841740296
1494438862659194894
1494438863342690306
1494438865297416196
1494438868170711040
1494438870703919107
1494438878542905357
1494438879981621253
1494438879889342466
1494438881495851008
1494438883211235328
1494438886776270848
1494438888433139716
1494438889871880198
1494438896893050886
1494438901578186758
1494438901913632771
1494438901838135301
1494438908410867712
1494438910017130498
1494438911862525958
1494438912013574146
1494438920406327303
1494438920800636930
1494438924294529031
1494438927800934407
1494438933689741317
1494438935057117187
1494438936361459716
1494438944280576001
1494438944603353089
1494438945832251398
1494438945874067463
1494438946738212868
1494438947367239682
1494438953549713416
1494438954967478272
1494438955986526208
1494438962600964097
1494438964337520648
1494438965147013127
1494438973631971339
1494438973787320320
1494438984977727488
1494438985548062726
1494438985459900417
1494438990195433476
1494438993081114625
1494439001205448706
1494439002232930306
1494439002727927812
1494439002950144002
1494439003222786068
1494439011963842565
1494439012131831809
1494439012085350407
1494439016728563720
1494439020406968325
1494439020537028609
1494439025725386754
1494439026119512065
1494439044662509589
1494439047707738114
1494439050383540237
1494439051667165184
1494439051780399107
1494439055832064005
1494439057107177472
1494439058428284935
1494439061448282116
1494439062043779072
1494439063159508994
1494439069417291783
1494439072932282370
1494439072907075586
1494439075587239950
1494439082373623813
1494439087305945088
1494439087385817095
1494439088824336385
1494439090527387654
1494439092762787844
1494439093526151177
1494439098441875488
1494439101050896385
1494439103995203585
1494439104871747584
1494439104976601090
1494439105861599234
1494439109846315012
1494439114644627459
1494439115173117959
1494439118054600704
1494439122714312709
1494439128867426304
1494439131124015107
1494439135825707014
1494439137633570816
1494439144159956992
1494439146793881601
1494439150270955523
1494439158433075205
1494439160802910209
1494439171900981250
1494439172274278407
1494439177752092673
1494439184756625413
1494439189101912065
1494439197327118336
1494439198002085888
1494439202989264896
1494439205791047693
1494439208299245570
1494439209817587713
1494439216100823042
1494439221838426112
1494439233469177864
1494439235021123590
1494439242549927939
1494439245485944834
1494439248627658758
1494439258542813184
1494439260258455552
1494439263668092940
1494439265484353538
1494439267610906629
1494439271008288768
1494439271322771458
1494439273193484291
1494439273323540485
1494439278809698305
1494439286527119365
1494439289349935104
1494439294387175432
1494439303878950914
1494439304021659652
1494439305435045890
1494439313211367424
1494439314092183557
1494439316914937858
1494439320752644096
1494439322551926791
1494439326704406530
1494439326461018120
1494439326704443394
1494439328042438661
1494439329984393220
1494439335835443206
1494439337844486146
1494439340163936256
1494439343691292682
1494439344798580738
1494439347680002109
1494439355691122715
1494439376415506433
1494439382295592964
1494439383340093440
1494439387744112641
1494439388754837504
1494439393561493515
1494439400507424770
1494439402654732289
1494439408531120129
1494439411974610947
1494439420212219909
1494439420547657729
1494439421764116481
1494439427514384390
1494439430387482632
1494439432883163137
1494439435127115790
1494439435177689090
1494439443440222214
1494439445034156037
1494439446451822593
1494439452374142976
1494439459118465030
1494439461564055552
1494439471013679105
1494439474784190487
1494439476785000455
1494439480165650436
1494439482824826884
1494439484079099904
1494439500830883847
1494439504916090880
1494439506791084033
1494439507373932547
1494439508573671424
1494439513640390659
1494439515301322753
1494439519583715338
1494439525262950401
1494439531105460228
1494439531457691649
1494439534943219715
1494439542610280449
1494439544715890688
1494439546268057602
1494439547261890563
1494439547672879104
1494439550122434560
1494439550759813130
1494439554752946177
1494439561304293388
1494439562780852226
1494439564647272453
1494439568338264065
1494439568887595025
1494439573455347717
1494439573623087109
1494439575275585546
1494439575300808709
1494439576227950592
1494439579604107266
1494439582108205057
1494439583202873346
1494439583874011138
1494439584381354008
1494439587862700034
1494439589628583946
1494439593017544704
1494439592644206599
1494439614899228680
1494439615117336577
1494439615293493250
1494439616845393926
1494439617889595393
1494439618736967684
1494439620452368388
1494439621404803072
1494439623971389447
1494439625376649223
1494439633631035398
1494439634016870407
1494439635279298571
1494439638752116748
1494439638701944842
1494439642430689281
1494439645056155656
1494439645572128776
1494439652996042755
1494439654287892480
1494439659186839559
1494439666870796296
1494439670108733445
1494439670368903174
1494439671291682819
1494439673812652032
1494439677515997188
1494439684604248064
1494439690895872005
1494439696394596352
1494439697732538371
1494439697707376641
1494439698768580612
1494439699456438272
1494439699976372233
1494439702459559941
1494439712475561991
1494439716975833088
1494439722403438598
1494439724039159808
1494439729219133443
1494439734252351489
1494439740405391364
1494439743743934493
1494439744947855362
1494439745698480151
1494439745870573570
1494439747502100485
1494439747724484615
1494439747619471371
1494439748559015936
1494439748857135105
1494439754045300738
1494439759837597700
1494439763381829641
1494439769555836935
1494439772521054218
1494439777067802624
1494439779483758604
1494439792058277899
1494439796709670918
1494439798332801038
1494439807618990083
1494439812958502915
1494439818842947598
1494439821892276224
1494439824601726989
1494439826992648192
1494439827537813506
1494439829316194308
1494439831006588929
1494439835070722049
1494439837402742804
1494439837503524864
1494439842272448514
1494439844809949184
1494439852929994752
1494439853814992896
1494439855404695553
1494439858831560704
1494439863382388738
1494439866079358979
1494439871171084295
1494439872769232898
1494439874371338250
1494439875197734915
1494439875885830145
1494439879597568000
1494439889919741960
1494439891836760064
1494439895242354692
1494439896408551424
1494439905828786177
1494439907619753997
1494439909381263360
1494439917350371329
1494439919879700480
1494439922773766148
1494439924979879938
1494439926284398598
1494439929128046598
1494439930755493894
1494439931451691011
1494439931674083329
1494439931455881217
1494439941803483143
1494439943074103305
1494439951269777413
1494439954092474368
1494439956546306050
1494439961864679431
1494439962988597250
1494439964074987522
1494439967245811729
1494439968709955585
1494439975013830657
1494439977350012930
1494439985054826505
1494439986514567168
1494439987248607237
1494439988905353224
1494439991224811520
1494440003727937542
1494440010216624143
1494440013194477570
1494440013752328198
1494440017460019210
1494440017938292737
1494440018751864835
1494440021000355844
1494440021641859072
1494440021860163586
1494440022073921544
1494440027673223170
1494440028663070722
1494440028906430464
1494440048485613568
1494440048703459335
1494440050754404364
1494440052176338944
1494440052361162752
1494440054294560768
1494440056064393219
1494440056991334418
1494440057767399424
1494440063740043279
1494440070090145813
1494440077103034368
1494440079175008259
1494440079443517442
1494440082476093444
1494440090235711488
1494440091648991237
1494440092567494662
1494440094161412098
1494440097630113799
1494440099244920834
1494440100914212866
1494440102629675013
1494440110007336971
1494440111630692362
1494440114348605444
1494440116428980225
1494440117846646784
1494440118136061955
1494440118761172996
1494440119499214854
1494440120283381768
1494440127002722306
1494440128034574339
1494440132698521607
1494440138511945730
1494440143092080644
1494440143708643335
1494440146346913799
1494440146686648321
1494440155486179328
1494440155675078658
1494440157621194754
1494440170283806722
1494440169625329668
1494440172016267264
1494440176428462086
1494440177351393281
1494440179968483330
1494440182002683917
1494440185337110535
1494440187526533123
1494440190504419331
1494440196162703365
1494440202420506626
1494440203527749632
1494440212067336192
1494440212289634304
1494440215192092683
1494440216404369414
1494440217519931396
1494440221403983876
1494440222066712584
1494440222163099653
1494440223597600779
1494440226764115968
1494440235173773312
1494440243851837440
1494440244686503940
1494440245156524032
1494440246032883721
1494440248952111106
1494440253809209346
1494440254463705088
1494440257583923211
1494440258603266053
1494440264546467860
1494440276693245952
1494440277846732802
1494440287091015690
1494440288219275280
1494440288311517184
1494440293713727501
1494440300865110019
1494440307370639360
1494440313074565121
1494440316765720579
1494440318774571010
1494440321492688911
1494440322805473287
1494440331898761226
1494440338274107395
1494440339951783937
1494440340287209481
1494440340299911168
1494440350118731777
1494440355764133888
1494440357152669700
1494440357446225926
1494440359308451847
1494440363674718210
1494440368393400324
1494440371262144538
1494440376253521922
1494440380095467525
1494440381425098753
1494440386240020480
1494440391411654661
1494440394016313350
1494440394813161478
1494440395735977985
1494440399779377165
1494440408226709511
1494440420545339396
1494440422269145096
1494440423649001488
1494440427876925440
1494440434948579339
1494440437758705671
1494440440799510563
1494440444797001729
1494440446860406786
1494440457836900362
1494440460278190080
1494440464744808448
1494440466305142793
1494440469593407490
1494440478628061186
1494440480624545796
1494440481748566020
1494440482725937154
1494440482671374341
1494440482901934080
1494440488681685002
1494440492079226881
1494440493337362474
1494440493366890508
1494440504129306633
1494440504599232514
1494440504464920581
1494440512882946048
1494440523494531075
1494440523939164162
1494440525214232577
1494440527877521413
1494440528225751040
1494440529878138890
1494440530687639557
1494440532248047618
1494440532595994624
1494440533137113117
1494440537851842560
1494440540506628097
1494440543102902273
1494440546097823748
1494440548211601410
1494440549377576962
1494440561553686531
1494440562002440195
1494440567429742603
1494440571586371587
1494440575398985740
1494440579610066952
1494440584710438913
1494440586174156800
1494440586572705798
1494440588002803718
1494440589198348289
1494440589378555904
1494440592419573763
1494440593673568270
1494440593920966657
1494440595846152198
1494440596773249031
1494440597553389575
1494440605333733379
1494440608160649218
1494440608911527936
1494440613365829634
1494440613672112132
1494440620810813446
1494440635624923137
1494440642629545986
1494440642973511681
1494440646547062787
1494440650317742087
1494440650821021700
1494440651127152641
1494440653970984967
1494440657091502086
1494440669926076419
1494440672337747969
1494440676313939969
1494440680231481344
1494440681141518337
1494440685440798724
1494440690989760513
1494440691124289537
1494440693078507531
1494440698287992834
1494440700296970242
1494440704759803904
1494440705145643008
1494440711026089984
1494440715421687814
1494440715937538052
1494440720110796811
1494440721914347541
1494440730873499654
1494440735210418177
1494440735524810753
1494440739782250499
1494440740931391489
1494440745914281987
1494440747260592134
1494440748124618761
1494440750544834563
1494440752633753602
1494440753153679360
1494440756056150020
1494440766386679810
1494440766764105728
1494440774448123915
1494440779502141454
1494440779661688835
1494440780814958594
1494440780718489622
1494440784099045376
1494440788742311937
1494440792592719873
1494440799915819021
1494440801228795904
1494440802810011659
1494440804823277570
1494440809915166720
1494440810376572937
1494440811961978880
1494440824939163651
1494440827157889025
1494440827749384192
1494440830316204033
1494440834430914567
1494440836037328897
1494440841070399488
1494440843448500230
1494440850373464072
1494440863551918090
1494440865800069122
1494440870426419203
1494440873253347328
1494440876789092354
1494440896271564807
1494440902877593605
1494440908896419856
1494440910712573952
1494440914944761863
1494440920519159810
1494440922536366087
1494440925636005890
1494440927795896321
1494440929956184065
1494440933886156800
1494440934951596042
1494440941540851718
1494440944384585732
1494440961681809409
1494440987036430343
1494440992535191558
1494440992451313671
1494440993441132546
1494441000315797505
1494441005793562625
1494441005671714826
1494441007894577160
1494441011568947200
1494441011724095490
1494441012080824320
1494441013447962631
1494441015595446276
1494441016321101825
1494441018338516996
1494441027545051148
1494441033559691268
1494441036319502338
1494441045391724544
1494441057999798272
1494441058494660629
1494441063708180499
1494441069362102289
1494441089146703873
1494441094754578445
1494441097099108356
1494441096704839684
1494441097652801538
1494441098751758342
1494441101742292995
1494441102409097217
1494441108083990539
1494441110680133632
1494441118871834631
1494441123074482176
1494441133430255619
1494441138085928960
1494441142326374401
1494441142141665308
1494441153374085120
1494441153957339136
1494441163280957443
1494441166447648769
1494441171074043905
1494441172420509701
1494441176996454401
1494441177583599616
1494441178460303361
1494441182361001984
1494441183799566339
1494441187385622551
1494441188774092803
1494441193446391815
1494441194352488456
1494441195875016708
1494441197917868033
1494441202459951108
1494441207526834186
1494441208290103297
1494441209527353369
1494441210169208834
1494441212807421959
1494441217630904322
1494441223280476161
1494441229743898652
1494441234399735809
1494441238589841415
1494441238807793664
1494441238837309442
1494441240510677008
1494441243102916613
1494441255035670530
1494441259817177089
1494441264112181253
1494441270307012637
1494441271628337154
1494441272815374341
1494441286341836802
1494441286841028611
1494441292247416872
1494441306814394372
1494441309603602440
1494441313533673480
1494441314062151680
1494441319846096901
1494441322719154187
1494441329794985986
1494441332143702017
1494441333825626112
1494441334366736386
1494441340175884290
1494441341010726916
1494441356290408448
1494441361361158144
1494441362770608129
1494441366184607768
1494441371209383937
1494441371989692418
1494441372744568837
1494441378654437378
1494441380004995073
1494441383024807940
1494441386623451162
1494441390184484865
1494441391509815322
1494441393040859137
1494441393162371081
1494441395666493441
1494441404315025430
1494441406328291333
1494441408664674305
1494441411168841729
1494441411499991044
1494441414914031620
1494441415547441152
1494441415845294082
1494441419619987457
1494441423059369998
1494441424544227330
1494441428377747465
1494441431716573186
1494441432425254914
1494441433683542016
1494441434652495874
1494441446111383555
1494441448867041283
1494441449785638913
1494441452017000448
1494441456723013637
1494441461978640384
1494441472317218817
1494441476519968779
1494441478193496089
1494441481851092999
1494441487240769536
1494441488356364288
1494441489065291777
1494441497726529541
1494441498338861068
1494441509113970694
1494441511018446850
1494441514243657728
1494441519243214849
1494441520283504644
1494441524469252106
1494441526516146182
1494441528327958528
1494441537228324878
1494441537488437253
1494441544895586305
1494441549748490244
1494441556241268738
1494441568820166657
1494441576218697733
1494441586058534917
1494441586259738634
1494441590617776131
1494441592333418502
1494441593255837725
1494441596825358341
1494441598196727832
1494441602164666368
1494441608862842892
1494441610184114183
1494441610544697344
1494441612033900551
1494441613216653312
1494441614533705738
1494441616026783751
1494441627217235970
1494441629268295681
1494441632657293316
1494441634519527432
1494441635366805506
1494441635718959104
1494441642371256328
1494441645340704791
1494441645655437314
1494441645647007753
1494441648633307136
1494441649786998784
1494441650256584706
1494441660410961920
1494441670540083201
1494441672150851584
1494441677599219712
1494441686662987790
1494441690018553858
1494441693361414147
1494441695123058688
1494441698868539399
1494441701456461834
1494441702458859524
1494441704719626244
1494441704962895872
1494441709006168065
1494441709182205960
1494441710570639360
1494441716719370262
1494441718967681027
1494441738152423429
1494441738521305088
1494441748457668631
1494441751720910857
1494441755520868353
1494441755537780736
1494441761397166090
1494441766434394112
1494441768162578432
1494441768477151240
1494441772251955200
1494441773090816006
1494441774072352768
1494441775011872770
1494441778283364360
1494441783253962753
1494441788060352516
1494441797925289984
1494441804598493187
1494441807333281804
1494441810995089408
1494441813708615692
1494441813867962378
1494441818028707840
1494441820629225473
1494441824915763206
1494441832964505614
1494441838190608391
1494441838400667648
1494441839600050177
1494441840522805248
1494441855089790977
1494441858386182156
1494441858906275855
1494441868591046657
1494441871535443974
1494441877730480132
1494441879898894336
1494441881811488778
1494441885682868230
1494441885884039180
1494441889700929540
1494441893299728392
1494441895401074691
1494441897544204297
1494441898114752513
1494441901319204868
1494441904645148673
1494441912127954945
1494441913579184131
1494441916389556225
1494441919962824704
1494441923620311041
1494441929580363778
1494441930440253450
1494441930788327431
1494441931350421506
1494441938468192272
1494441939135082500
1494441946999242771
1494441950824615939
1494441955941826561
1494441959758483464
1494441960756678656
1494441960823832583
1494441963722100739
1494441963881316353
1494441966595031059
1494441966930731019
1494441969518534661
1494441972651950083
1494441976518909957
1494441984311894021
1494441991504941056
1494441995611344899
1494441996366266385
1494442005774147587
1494442006998888456
1494442012485066755
1494442014301208581
1494442023411191825
1494442026032586753
1494442027081089036
1494442031975964677
1494442032370229252
1494442034014273544
1494442035532779521
1494442039022600192
1494442039999545361
1494442045301301252
1494442046370693136
1494442054977470464
1494442059020726272
1494442060123815968
1494442062267170818
1494442063122743306
1494442069212938253
1494442071998013446
1494442083222011906
1494442091786616840
1494442092361236488
1494442099089068042
1494442101181857804
1494442101492301830
1494442102901682182
1494442112355651584
1494442117824978944
1494442118240092174
1494442123344633863
1494442124690997249
1494442126435917825
1494442130546302978
1494442138985189389
1494442139064799234
1494442140579115011
1494442141908713480
1494442149295050753
1494442153887805447
1494442156299329537
1494442156701925380
1494442157461192713
1494442157817610241
1494442158438301715
1494442159549915136
1494442160523038727
1494442163299659778
1494442170190811137
1494442172795469830
1494442174636863497
1494442176973049857
1494442176872394758
1494442184984170499
1494442187421069314
1494442190587715592
1494442191678287873
1494442200951926788
1494442205431349253
1494442207750856710
1494442211118759951
1494442215355080704
1494442231754891265
1494442237484273670
1494442240646787074
1494442250348027904
1494442251061116959
1494442267465199617
1494442271642693632
1494442276126396419
1494442277489553408
1494442280899559428
1494442282224869377
1494442282472378373
1494442288134737925
1494442293071278080
1494442296435253253
1494442299606118406
1494442303229992961
1494442305415114754
1494442305918586881
1494442307751448582
1494442313858400262
1494442319684124711
1494442320808136704
1494442328068538369
1494442330883072001
1494442333416275975
1494442336260136964
1494442338361360395
1494442340966178816
1494442345898524679
1494442346661953539
1494442348721356803
1494442354031443970
1494442355482677252
1494442367952244736
1494442370259042320
1494442373329432578
1494442376013627408
1494442376571813891
1494442378140303362
1494442379725590529
1494442382141665286
1494442384666603524
1494442387766194178
1494442388542337026
1494442391062949890
1494442398125998092
1494442407919865862
1494442414525792260
1494442418904649737
1494442421349859341
1494442425577873413
1494442431009411074
1494442432162775055
1494442436122357761
1494442439775510535
1494442447249756165
1494442448990322698
1494442449728593921
1494442450210983938
1494442459589660672
1494442464454721542
1494442465352302623
1494442474118553601
1494442476634980363
1494442479160074243
1494442481919868930
1494442482477957120
1494442498357280790
1494442500689313801
1494442500915806230
1494442510046806019
1494442515541344257
1494442517131055104
1494442519509274631
1494442523632275460
1494442525645545475
1494442526006251522
1494442531072978950
1494442537271975936
1494442537574182920
1494442538920513538
1494442548827410435
1494442549590822913
1494442553021771776
1494442555676639252
1494442559963217928
1494442563264200709
1494442569480441858
1494442570168033283
1494442570579075073
1494442579403972619
1494442579903012867
1494442586169352194
1494442586312003585
1494442590569181190
1494442597015699488
1494442598278348803
1494442598580174855
1494442600891310085
1494442603588173827
1494442604343214081
1494442608604561418
1494442609418256408
1494442611985330180
1494442615755849735
1494442617706266625
1494442618008190995
1494442621305081859
1494442623267852288
1494442623930671109
1494442624937308161
1494442626866561029
1494442627042885634
1494442629974695938
1494442643656433672
1494442644990218242
1494442651013292036
1494442653500555265
1494442654934843400
1494442658235760663
1494442660328783874
1494442661746548737
1494442665504559108
1494442666964271111
1494442668654411809
1494442670382530564
1494442670873321472
1494442672110518289
1494442674165850112
1494442674534981635
1494442676976070657
1494442682801799170
1494442684748083202
1494442694185140253
1494442695057555466
1494442704046112773
1494442711474216961
1494442718898106375
1494442727362248712
1494442727970418690
1494442730554118145
1494442731497668628
1494442734962229254
1494442734823821317
1494442737541787652
1494442737915109378
1494442737935925261
1494442738317594625
1494442738376327175
1494442746593091598
1494442752540614659
1494442757926309890
1494442761080254468
1494442763080904706
1494442774854189063
1494442784819847169
1494442794823593985
1494442809327247363
1494442809805484040
1494442816017088513
1494442822035988485
1494442822178689025
1494442826050023429
1494442826536562689
1494442826695802880
1494442835571261442
1494442839295598592
1494442846883041280
1494442854403358736
1494442857893142530
1494442864582934538
1494442868957593604
1494442869326692384
1494442875274215428
1494442876247293968
1494442881779736577
1494442883667017736
1494442885919358981
1494442889371271176
1494442893729316866
1494442903040581639
1494442906064601100
1494442909973860358
1494442915044761602
1494442923764723713
1494442924351832065
1494442924913876993
1494442929468977152
1494442934237806593
1494442936494616578
1494442938092433408
1494442943113007108
1494442946699083783
1494442950721429504
1494442954861137920
1494442955628765189
1494442959533715457
1494442960896856068
1494442962905931788
1494442963090477057
1494442965665980416
1494442967293173766
1494442968711057415
1494442969210003458
1494442972494053382
1494442978609442817
1494442983436869633
1494442987866275840
1494442993956360197
1494443003838181385
1494443004890918914
1494443009353531392
1494443009869553667
1494443010930716672
1494443011178127365
1494443012033855496
1494443016081264642
1494443019231272964
1494443020615356422
1494443029100314627
1494443035517759490
1494443041142284288
1494443047857401856
1494443050554339328
1494443055856111616
1494443068082245638
1494443079062863887
1494443082569424903
1494443086390468613
1494443087917203459
1494443087875170311
1494443091528458244
1494443093592096770
1494443094556688387
1494443104644079627
1494443115318501379
1494443115750440987
1494443116555821058
1494443127586922500
1494443131051388937
1494443132364242950
1494443134972936206
1494443148294111233
1494443148923346945
1494443156141662211
1494443169118834693
1494443169907417096
1494443170612056066
1494443176991494144
1494443178803757058
1494443186097467396
1494443186743300102
1494443191394832386
1494443193512837121
1494443195102478373
1494443195333165095
1494443198608986114
1494443199770906630
1494443199863083012
1494443202803376128
1494443203319287814
1494443216162242563
1494443216371793931
1494443217185808388
1494443220880740354
1494443225435803650
1494443226291482628
1494443230137667589
1494443230313783296
1494443232209608710
1494443240925376515
1494443246780653576
1494443249024569348
1494443250588995584
1494443263285084190
1494443267878002689
1494443270218342403
1494443271065645057
1494443274760699914
1494443277227073536
1494443281345757187
1494443282247598080
1494443286873849857
1494443289902448643
1494443298500583425
1494443299847000064
1494443304096010241
1494443310441807875
1494443318201106439
1494443318931034115
1494443319606362114
1494443326099050503
1494443327889948672
1494443331488661512
1494443334261264384
1494443337687969800
1494443347322314758
1494443351655034883
1494443362606272513
1494443365873733636
1494443372966289409
1494443373284900894
1494443377139585025
1494443377969938432
1494443381870641157
1494443383959404583
1494443384685019136
1494443395909132288
1494443408286523393
1494443413688786944
1494443419296534532
1494443423989841931
1494443431338262557
1494443433905303553
1494443434198900738
1494443438586142728
1494443441421533187
1494443443137003526
1494443444730798082
1494443446236495873
1494443449797521410
1494443450539790336
1494443451345252355
1494443457368231941
1494443463827509248
1494443467249958914
1494443468059459586
1494443470580191233
1494443471364669444
1494443484006293506
1494443486518689793
1494443499948761091
1494443506210902029
1494443512296882183
1494443516625408001
1494443521582907402
1494443521813667842
1494443522451128344
1494443525919817729
1494443526599360515
1494443528465920004
1494443540704866311
1494443541036208128
1494443543405944833
1494443548816588805
1494443549047209988
1494443551278735371
1494443556009824260
1494443557804916762
1494443558958473217
1494443559369461763
1494443562859126789
1494443566029946896
1494443569024745473
1494443569746100236
1494443569985343489
1494443570450808839
1494443579044990980
1494443581309796353
1494443582584864776
1494443591279656963
1494443599559331843
1494443601677459458
1494443603057332225
1494443603439104002
1494443617011830784
1494443621503885320
1494443629494128650
1494443637249384449
1494443651711189000
1494443656320892930
1494443658103308291
1494443657977548800
1494443662322946056
1494443663019098123
1494443664747085824
1494443667196559368
1494443667368681473
1494443667460800523
1494443667712458761
1494443669822361600
1494443669964922881
1494443670833086465
1494443670875033606
1494443678286426127
1494443683244085257
1494443691804540932
1494443693490716678
1494443694384164873
1494443695164342274
1494443704681054243
1494443716861480969
1494443720606896139
1494443721458593795
1494443725652742151
1494443734326550531
1494443736989904898
1494443738801844224
1494443740546613248
1494443747177906183
1494443747895136264
1494443747999989767
1494443751435124746
1494443768203788293
1494443771672604677
1494443776080859137
1494443778337349636
1494443781940133909
1494443781860507654
1494443789024378883
1494443789313884160
1494443792157585414
1494443792816091138
1494443794401751043
1494443811904405508
1494443813816844288
1494443817298190336
1494443818082455553
1494443818883686400
1494443823862362114
1494443836764008454
1494443838517223424
1494443839917998091
1494443841205649408
1494443842866597889
1494443847027343393
1494443849271451651
1494443849724280853
1494443854455619587
1494443858452795395
1494443865721372672
1494443870188359688
1494443871954157570
1494443885719953410
1494443886684557318
1494443892422418444
1494443892564971522
1494443893684936711
1494443902539116546
1494443906993307648
1494443911594618881
1494443913817440274
1494443914409164802
1494443914555637769
1494443916715704332
1494443916740935681
1494443919437881347
1494443926043992065
1494443931072872450
1494443931962167298
1494443943345467395
1494443948697341954
1494443949112508432
1494443955869532181
1494443967919837185
1494443972051283968
1494443979886235651
1494443982138613760
1494443984000794624
1494443991672229889
1494443993752653825
1494444008164233220
1494444010865401866
1494444011788156929
1494444012677251077
1494444017890779142
1494444020227006473
1494444026183004165
1494444027495661568
1494444029047627779
1494444030243000323
1494444033795624964
1494444035280449536
1494444035553083399
1494444041156521985
1494444044524535821
1494444058747420672
1494444058822991876
1494444060995727360
1494444064179056640
1494444064950960129
1494444066406219789
1494444067685646343
1494444068016832514
1494444068251877376
1494444073360375817
1494444074841124874
1494444086257803265
1494444087281430533
1494444088481009665
1494444095015567376
1494444095372251138
1494444097209262081
1494444097729282058
1494444098719301639
1494444100740857858
1494444101886001162
1494444109196840962
1494444110450733059
1494444113579556867
1494444117249572896
1494444122266030084
1494444123151028227
1494444127618052097
1494444130457559042
1494444136438513689
1494444142209875987
1494444160073535494
1494444161243627541
1494444167983939584
1494444170211209218
1494444173050662912
1494444176796106760
1494444181091065856
1494444199969800194
1494444206181466115
1494444206798082051
1494444207385165840
1494444221184495617
1494444222816169993
1494444226637176834
1494444229476683779
1494444231355678720
1494444234199425029
1494444241002577929
1494444246778195971
1494444255565135872
1494444256001413128
1494444263488520193
1494444265786777601
1494444266604544013
1494444269960052738
1494444270367002627
1494444272384286720
1494444279095250946
1494444280034873344
1494444281762922497
1494444285919436802
1494444297214697475
1494444297327890438
1494444298623979522
1494444300935041030
1494444303845888002
1494444305125158912
1494444311567486977
1494444316244131869
1494444323236036629
1494444330240688133
1494444337387741186
1494444340571254784
1494444342584483840
1494444343331102723
1494444345067388933
1494444349337358339
1494444354819305475
1494444364516376582
1494444367314051086
1494444381788520459
1494444381855629313
1494444383424462848
1494444389409570819
1494444390152036354
1494444391615840260
1494444393171865600
1494444393561931778
1494444397580201985
1494444419138863105
1494444425904332809
1494444429243043844
1494444431327567876
1494444438545842191
1494444444967653378
1494444446376681474
1494444446942994433
1494444447152672770
1494444448473759763
1494444449564278795
1494444449946034184
1494444455600009221
1494444467415310337
1494444479868280834
1494444483039019034
1494444483903119360
1494444486495436800
1494444488349081602
1494444490026717184
1494444493747204101
1494444504358739972
1494444506145603586
1494444506602692609
1494444507848445954
1494444514836037633
1494444522843086850
1494444523648397318
1494444528677408768
1494444534482157582
1494444536743010307
1494444536927502341
1494444544418811905
1494444545764835330
1494444548327710722
1494444548679942146
1494444550106066945
1494444550802194432
1494444555281833984
1494444555860856832
1494444557341114377
1494444561199874071
1494444561854255109
1494444562953412608
1494444566031835136
1494444581223649282
1494444582116990979
1494444594205020175
1494444598776762373
1494444599292706821
1494444599624015873
1494444610499887104
1494444612299423744
1494444615281393666
1494444617038766080
1494444620310269969
1494444621161713670
1494444630540107780
1494444632410890246
1494444633212002306
1494444634122170369
1494444637012238337
1494444646969196548
1494444647787208704
1494444650521894916
1494444658960781318
1494444663092113408
1494444663327100928
1494444664098893825
1494444664837005315
1494444664853872644
1494444668259553281
1494444676547502082
1494444678552424454
1494444678531461128
1494444680276164649
1494444682184728583
1494444686877999120
1494444686844608515
1494444694763458560
1494444700446728201
1494444707207909387
1494444707853713410
1494444708634017795
1494444726883291137
1494444734948982789
1494444739155963906
1494444739604668417
1494444741223665664
1494444750153437184
1494444750258143232
1494444752485462016
1494444756281487362
1494444759196315653
1494444770709721091
1494444771003277312
1494444774543302657
1494444781023506439
1494444783464419328
1494444784748220416
1494444788577230848
1494444789680463882
1494444793136652290
1494444798316630020
1494444799063171075
1494444804381589507
1494444807158054933
1494444809431433225
1494444817413128193
1494444823323058178
1494444828674998276
1494444834110808074
1494444843011129349
1494444843820466206
1494444855669374998
1494444862757916673
1494444863042961409
1494444866717331456
1494444868533473282
1494444874036232196
1494444875777032198
1494444876544581632
1494444884958367745
1494444888804540420
1494444889513287687
1494444893179154433
1494444894902964226
1494444895846776833
1494444898279378948
1494444901605392384
1494444904122101765
1494444906038890505
1494444906512801794
1494444906487562247
1494444911642431508
1494444915639660555
1494444918990946306
1494444920882569216
1494444924334444546
1494444931167002625
1494444934862102530
1494444939182235651
1494444945146781699
1494444946094444547
1494444949277974529
1494444959541473281
1494444976452812802
1494444976993886208
1494444984782794754
1494444990847664135
1494444992122830848
1494444992881991689
1494445003208212505
1494445003166269452
1494445003606827008
1494445007490715649
1494445009680367616
1494445019675054080
1494445023332651008
1494445023353618432
1494445034757783552
1494445036351729666
1494445039237353478
1494445042756304921
1494445051560304644
1494445054328557572
1494445055003832327
1494445056261963798
1494445057021132820
1494445057537191939
1494445058296324113
1494445062503088162
1494445071399366658
1494445073278324745
1494445073257439237
1494445076235395074
1494445076608700417
1494445083285929986
1494445110079016960
1494445110561423365
1494445110896914433
1494445115770822658
1494445118815813646
1494445120925614082
1494445127837835267
1494445128500617223
1494445138474856450
1494445146737364994
1494445158741393416
1494445159462973440
1494445160226340864
1494445167281164293
1494445167297929216
1494445172263956481
1494445177099862029
1494445177846513672
1494445185622855680
1494445188277809154
1494445190496587776
1494445191750684684
1494445210658553861
1494445209333211139
1494445212822818819
1494445215251251232
1494445225481158656
1494445228836601861
1494445230602522630
1494445238454267905
1494445246868037638
1494445252005879808
1494445255239811076
1494445255726407684
1494445258028957703
1494445259434217474
1494445263582380038
1494445264895098882
1494445270951768064
1494445283501039617
1494445286596427791
1494445295815602177
1494445300240551939
1494445300957777922
1494445300790005766
1494445302090461184
1494445303881089038
1494445304556372004
1494445305114370049
1494445307802882049
1494445308771815424
1494445313305759752
1494445317349163009
1494445326144614401
1494445332511408130
1494445335695007745
1494445341944557575
1494445344892993548
1494445346298204160
1494445347145404424
1494445353646624769
1494445358281334789
1494445360210657286
1494445362639249411
1494445367634583554
1494445375465594884
1494445378116145158
1494445380670574593
1494445380905353216
1494445383736516615
1494445387075231744
1494445387868172289
1494445387905708032
1494445389063274503
1494445394599858181
1494445395698720768
1494445401344253956
1494445407388246018
1494445408030007301
1494445419945988101
1494445421975912448
1494445424282935299
1494445436890931201
1494445438254170113
1494445438748934211
1494445439285805079
1494445439986253843
1494445445380202496
1494445453324140571
1494445460970512385
1494445468700798976
1494445471657611265
1494445474635399172
1494445478792114176
1494445479186219023
1494445481958817803
1494445485842739200
1494445486001963016
1494445494604550151
1494445496693370880
1494445499692171286
1494445503416713235
1494445504612245508
1494445511432093697
1494445511860195328
1494445513357381632
1494445518235344899
1494445518382153734
1494445526808506368
1494445526888038413
1494445530558054428
1494445530914693121
1494445535624773640
1494445537122299904
1494445537583583234
1494445541182300171
1494445548493017089
1494445551940616205
1494445559419215872
1494445561872797696
1494445573067481088
1494445574825082882
1494445576741699586
1494445577060302863
1494445578067062787
1494445578205347847
1494445582701797377
1494445582945079298
1494445586807865356
1494445595225907202
1494445597948096515
1494445602679177217
1494445604541538309
1494445604411428864
1494445614041640961
1494445615576723457
1494445617430478868
1494445618877640710
1494445633528549378
1494445634782437377
1494445635977691174
1494445648862752768
1494445649714106376
1494445656769011714
1494445662829694979
1494445663408558084
1494445664084049920
1494445673806286849
1494445675261542417
1494445682643517440
1494445682693976066
1494445687127355397
1494445690814189571
1494445693288730627
1494445695859843080
1494445700628852739
1494445704898662403
1494445705183776772
1494445706064822272
1494445721608671233
1494445726658543616
1494445728298639365
1494445730110455822
1494445738587144213
1494445739438587918
1494445739581259779
1494445745214144535
1494445754383233025
1494445764210458625
1494445765137088535
1494445766106099715
1494445770535157782
1494445776277286914
1494445779959914501
1494445781222244354
1494445785903153153
1494445788063219725
1494445789598588928
1494445798070919172
1494445798930755598
1494445799824146439
1494445803322191875
1494445808699473925
1494445810725044224
1494445811522064391
1494445811849170947
1494445814055329793
1494445814747443206
1494445815477252097
1494445817947729927
1494445818522259457
1494445818815791105
1494445819398868992
1494445820497780737
1494445826168475655
1494445831122034698
1494445838361268226
1494445843033870336
1494445848419307524
1494445857592258564
1494445862436712449
1494445863111905292
1494445864458272778
1494445865078964246
1494445868270829575
1494445872393830419
1494445897543221248
1494445898276880396
1494445902576197635
1494445908729212935
1494445914810953736
1494445916618637315
1494445916849418240
1494445917084139525
1494445919546195999
1494445921366642694
1494445925661831168
1494445926462758918
1494445926911549448
1494445939708375045
1494445940895326211
1494445950949019653
1494445963561345025
1494445969689219073
1494445969844289550
1494445983295582213
1494445983643619330
1494445988727046149
1494445993902977024
1494446004975943680
1494446007303774208
1494446010055151622
1494446010675904514
1494446015730044928
1494446016376066051
1494446016417783808
1494446017277833219
1494446024819032064
1494446025808887812
1494446030569545732
1494446035401388032
1494446041684488194
1494446046755409924
1494446047996825601
1494446049615757319
1494446056762851343
1494446063050113048
1494446066959204358
1494446068754522113
1494446070763438104
1494446081534476288
1494446081828134920
1494446086219448362
1494446100698185753
1494446101516075013
1494446103063937029
1494446105811161097
1494446106163486725
1494446109938581504
1494446118964379691
1494446122529701889
1494446124186456069
1494446126161805330
1494446127596412931
1494446128997154819
1494446129110564864
1494446136127471621
1494446144520339458
1494446151302627343
1494446156017025026
1494446159125000200
1494446169501716480
1494446172441821186
1494446174115446785
1494446175965130755
1494446177680596992
1494446188468346880
1494446200409534464
1494446202837946369
1494446203823886337
1494446205249728514
1494446205727920132
1494446208458407944
1494446212778500097
1494446215131504644
1494446218558291969
1494446233133461508
1494446234869776418
1494446239831801860
1494446245645111297
1494446247087857665
1494446254130020363
1494446257288458240
1494446260765577218
1494446266339762178
1494446275965566980
1494446276561231873
1494446279883202560
1494446281904820225
1494446282361880581
1494446284409012226
1494446287424475142
1494446288397549571
1494446298447101959
1494446298703052805
1494446299688624135
1494446301634777095
1494446311248179202
1494446313852784644
1494446314108567561
1494446321629020165
1494446330604920834
1494446335096934408
1494446346371153937
1494446348703305733
1494446350011875329
1494446350892687363
1494446352448700421
1494446370631176193
1494446382622523399
1494446388406632450
1494446392949067784
1494446393364291593
1494446398409953291
1494446401107132418
1494446423047352323
1494446426314653704
1494446429850550272
1494446437828018177
1494446440592072714
1494446442022256656
1494446442689273861
1494446448699752450
1494446451476340736
1494446453649190917
1494446458497642498
1494446467834327041
1494446470203953153
1494446471676149761
1494446481578856453
1494446481591488515
1494446483466338306
1494446490521153544
1494446491582320642
1494446494174232587
1494446495843639296
1494446507591929858
1494446512566255619
1494446516274089987
1494446516546805764
1494446520120365056
1494446523001683976
1494446525698744325
1494446528726974471
1494446531381903366
1494446533445660681
1494446533818953735
1494446536830468097
1494446537790799875
