1492393007470972930
1492393015972925445
1492393016727773185
1492393024122404870
1492393030040571904
1492393033760788483
1492393035560210433
1492393037581983764
1492393039200862210
1492393049304928256
1492393050953428998
1492393058884722688
1492393060180783105
1492393065000038401
1492393071388073985
1492393079168450561
1492393083329294341
1492393084134600705
1492393084906209281
1492393085958901761
1492393089968664579
1492393091856474113
1492393092120551425
1492393101914214408
1492393110483079169
1492393122571206657
1492393124647378946
1492393133983911940
1492393138442276869
1492393165088821249
1492393177382371329
1492393183283662852
1492393193689661445
1492393201096871939
1492393203001085954
1492393203269394433
1492393204301271044
1492393205459005444
1492393206247399425
1492393220881502210
1492393220969402368
1492393223830097923
1492393225163718657
1492393230591139841
1492393235469250561
1492393237306171393
1492393242880401409
1492393243056746507
1492393249931022336
1492393251948486660
1492393253328482307
1492393271255085060
1492393271179497474
1492393272941056002
1492393273658609664
1492393284689346561
1492393285993869313
1492393292306153473
1492393296391376899
1492393310870200322
1492393312333938689
1492393316947791872
1492393318097256452
1492393324291919873
1492393335549579266
1492393335692017669
1492393340364591104
1492393342226911232
1492393344072302594
1492393350262976515
1492393351298961410
1492393352083431425
1492393352381308929
1492393354226667521
1492393355002667011
1492393368520994821
1492393372119560192
1492393375936307202
1492393382370586625
1492393395993653249
1492393402977054721
1492393403606507521
1492393403748868096
1492393405678166016
1492393416075870208
1492393416830849024
1492393423784927235
1492393425878007812
1492393431234084866
1492393431104200704
1492393434077925379
1492393434644365313
1492393436619493378
1492393444307656707
1492393444483993602
1492393445536645122
1492393455880130564
1492393462716530689
1492393466416050179
1492393471990112256
1492393477090385921
1492393482714959872
1492393485349105666
1492393486439485441
1492393492374450179
1492393495155326980
1492393497680351234
1492393514269048835
1492393521906692096
1492393523152228355
1492393532736389125
1492393540508262402
1492393544811749378
1492393546518712325
1492393548422938625
1492393558929719299
1492393581578838017
1492393585441853440
1492393586570186755
1492393586817650689
1492393586695888897
1492393587048280064
1492393588503711744
1492393589749727233
1492393590038970369
1492393592333090817
1492393593910267908
1492393594157953028
1492393601506054145
1492393606442893314
1492393607151509504
1492393607470501888
1492393624398700544
1492393628869799936
1492393631063453697
1492393631646371841
1492393634334973954
1492393637757526024
1492393640756273154
1492393647022612482
1492393649912623104
1492393649828630528
1492393652349386756
1492393661967081479
1492393671815168006
1492393681026011136
1492393691012636676
1492393699380191251
1492393703389941764
1492393727872024576
1492393734670991361
1492393738727002114
1492393739305816068
1492393741172162561
1492393739578650624
1492393742677856256
1492393758586986498
1492393768288501763
1492393772059082755
1492393773539627008
1492393776148627456
1492393776987398159
1492393777729658887
1492393779436802051
1492393779495456769
1492393780145655816
1492393780061753349
1492393793106104320
1492393795270414338
1492393795610107907
1492393797820452864
1492393801683460099
1492393826039701506
1492393827130171394
1492393828350791680
1492393841953017858
1492393850849021952
1492393857274630146
1492393860634677252
1492393871740858368
1492393871816343552
1492393878200193024
1492393879483600899
1492393883044487175
1492393899783909379
1492393911876308994
1492393914912944130
1492393920122155008
1492393922227687426
1492393936194875395
1492393938338004992
1492393938899988480
1492393939172683779
1492393939302707200
1492393950447026176
1492393952690917376
1492393957585793036
1492393957707366401
1492393962279034884
1492393964762284034
1492393965122834433
1492393966809100291
1492393969501749258
1492393971028578305
1492393972282507267
1492393973805158401
1492393975713386498
1492393984437612546
1492393985825984512
1492393988057411611
1492393988044648454
1492393990498492417
1492393991068782593
1492393998119440386
1492393998912135169
1492393999751020548
1492394009255301121
1492394012694749186
1492394014330404865
1492394030180696067
1492394030147436544
1492394038984523782
1492394039177400324
1492394039584325632
1492394040297500674
1492394044248395780
1492394044382666754
1492394072002211840
1492394073671409670
1492394076947337217
1492394088221396997
1492394091669123072
1492394092671684618
1492394103593709579
1492394105854328834
1492394114427457536
1492394115551563776
1492394126632906754
1492394127123632128
1492394140650205184
1492394149169016833
1492394149982912522
1492394158115495937
1492394162372726785
1492394170878763010
1492394171692613634
1492394173168635904
1492394183130157058
1492394198565535744
1492394198942687234
1492394199203074049
1492394201463803907
1492394214386143236
1492394218144161792
1492394220258168836
1492394222871216129
1492394233369616384
1492394233604546565
1492394237417111552
1492394241284141056
1492394248142008320
1492394260049457156
1492394263430283265
1492394266995609602
1492394273735536640
1492394273513295875
1492394273815375874
1492394276050718724
1492394278382755841
1492394281176219648
1492394282392727553
1492394287752876034
1492394294933602307
1492394296162541569
1492394298855202819
1492394304593018884
1492394305033494531
1492394314512666626
1492394321517051906
1492394321739407360
1492394327389061120
1492394328211312641
1492394329528467458
1492394330476068866
1492394336264224773
1492394354891051008
1492394356078268423
1492394358112329729
1492394361941864451
1492394365838319616
1492394371576365057
1492394373400522754
1492394386310955010
1492394397832343553
1492394398692388865
1492394401691467777
1492394415385714689
1492394422935371779
1492394424512524288
1492394431516864513
1492394437133029378
1492394442434936839
1492394453956538368
1492394454434545664
1492394456263245825
1492394460419788803
1492394462340956161
1492394464345837572
1492394465641652226
1492394467118108672
1492394468787503104
1492394480237834244
1492394485036331011
1492394491428233217
1492394492040826883
1492394492485259264
1492394498738909186
1492394506053955586
1492394515537149955
1492394518490099715
1492394519551115267
1492394519710547970
1492394521811902464
1492394527868391424
1492394529327960064
1492394529793654784
1492394532125745153
1492394541772677122
1492394546340245507
1492394547417993225
1492394552363159553
1492394565638451204
1492394567353655299
1492394571594346499
1492394572063805442
1492394577042493440
1492394582373543936
1492394598836015105
1492394600970932225
1492394603064012806
1492394605953773568
1492394610450182146
1492394612765466628
1492394613633691652
1492394618125701120
1492394628536061953
1492394635418738695
1492394640233795584
1492394643090116609
1492394644562452481
1492394648626679812
1492394653550878721
1492394654834302981
1492394655282970631
1492394656071847939
1492394658462199815
1492394675839565824
1492394692251693056
1492394698773868544
1492394699612737538
1492394710790406146
1492394714628247554
1492394722018664448
1492394725068148739
1492394729241149441
1492394731833225216
1492394738472951811
1492394738867048449
1492394738221080577
1492394744307195907
1492394747071188992
1492394754017054721
1492394758395756544
1492394759356227584
1492394761562595330
1492394766100664320
1492394769057607683
1492394772161605633
1492394778985648129
1492394781187600386
1492394781892390914
1492394784673067010
1492394792596082689
1492394797809778689
1492394802586865664
1492394807120957440
1492394818583994368
1492394838808940545
1492394839811448835
1492394843875819524
1492394846086123525
1492394846673424385
1492394846690050049
1492394847495286784
1492394853447004160
1492394854499840000
1492394854508290050
1492394860627771392
1492394878646509571
1492394885730607105
1492394895159476229
1492394900595294208
1492394903829106689
1492394911865442308
1492394913836658689
1492394914956546050
1492394924355973121
1492394927187185666
1492394928575758337
1492394938537222145
1492394942542528515
1492394947881828354
1492394964495609857
1492394966391402496
1492394966722617346
1492394971349098515
1492394973274247169
1492394980601647105
1492394982316990468
1492394991167193088
1492394993809387520
1492395004731351048
1492395011878445057
1492395016643223555
1492395024641843202
1492395030547419139
1492395030761201664
1492395033403617280
1492395033600929792
1492395062306639877
1492395065896947713
1492395068107345922
1492395071962071044
1492395075367698434
1492395084645605376
1492395095680819204
1492395099459837952
1492395102487994369
1492395102681055232
1492395107147997187
1492395107344994306
1492395108355948548
1492395109127704576
1492395109400330243
1492395109739995136
1492395117474373638
1492395120729243651
1492395123665412096
1492395144154390530
1492395147186909190
1492395149669847042
1492395149778903041
1492395151024701442
1492395151502815235
1492395164563738627
1492395173095038978
1492395177226428418
1492395178463744006
1492395182750265345
1492395202207793152
1492395204082552835
1492395210860425216
1492395213977010180
1492395218460504064
1492395221149270017
1492395227868454915
1492395234210332674
1492395236894527490
1492395242859171840
1492395242921725953
1492395255982821378
1492395257157144578
1492395257153179648
1492395257845395456
1492395260269703169
1492395279412346880
1492395289805672449
1492395322567397377
1492395333036363776
1492395335754256393
1492395339650899969
1492395348815335424
1492395352388825088
1492395354465058816
1492395358722404357
1492395368579203073
1492395381547847680
1492395388183236608
1492395389307146240
1492395390406053891
1492395396513284096
1492395397884813313
1492395402909396996
1492395417149087744
1492395417404944384
1492395419476787200
1492395438359683074
1492395438795890690
1492395453308145666
1492395458953678848
1492395486958993408
1492395487076532224
1492395488536059926
1492395493716074496
1492395500603117572
1492395520484159490
1492395521201168385
1492395530818781185
1492395538813112326
1492395539937124353
1492395540155277315
1492395549445787652
1492395559289638914
1492395562066485252
1492395562666446848
1492395563408830467
1492395565304651777
1492395566835372037
1492395567493832705
1492395575555223552
1492395582488399878
1492395595738140672
1492395601085931524
1492395601585217537
1492395601769775109
1492395604579958784
1492395622460276736
1492395628814553089
1492395631993925633
1492395632761262083
1492395638369267720
1492395639006769153
1492395645088538628
1492395646023733248
1492395646078226432
1492395651551928323
1492395665351188484
1492395675593547776
1492395676470239232
1492395686654099457
1492395686742016000
1492395688801484800
1492395694577094657
1492395699127951361
1492395702000840707
1492395704194674690
1492395712973357060
1492395720510525441
1492395726000869378
1492395727829438465
1492395732271259653
1492395732418060288
1492395733575634945
1492395733609496578
1492395734251216897
1492395738923507714
1492395742354411521
1492395757227286530
1492395764999331840
1492395765204877312
1492395766970654725
1492395769479024646
1492395769793556480
1492395771957858305
1492395775099346948
1492395780816187394
1492395780862218242
1492395783588622338
1492395788919615494
1492395794133049344
1492395794581757953
1492395800810430464
1492395805541609475
1492395807026204678
1492395815905775617
1492395817059205124
1492395817780531201
1492395820355706880
1492395820997824513
1492395823446913027
1492395827213615104
1492395829935497216
1492395846314250241
1492395848344481794
1492395853708873733
1492395857819443200
1492395857286676483
1492395864085897218
1492395864022994947
1492395866342100994
1492395866266738694
1492395880254566400
1492395884457467904
1492395893563215874
1492395912475267074
1492395913762861056
1492395914031296512
1492395914798845954
1492395925683245056
1492395925930536962
1492395934462144514
1492395937226006532
1492395938119249920
1492395938282803200
1492395948068454400
1492395952182808576
1492395953973780480
1492395956679102465
1492395958037979137
1492395972730638339
1492395972822908929
1492395980930564096
1492395983904591873
1492395989776441346
1492395993362575362
1492395998961975299
1492395999502880770
1492396001054937088
1492396008524840960
1492396011922378752
1492396019723743232
1492396028212834308
1492396029228027908
1492396033196064773
1492396033560616961
1492396033799639041
1492396041978920960
1492396042985553920
1492396055434076164
1492396056792993799
1492396057963245568
1492396072345509888
1492396085809192964
1492396094344597510
1492396098442440704
1492396109532127232
1492396109825777666
1492396109947637761
1492396118491107329
1492396127097737218
1492396129383817221
1492396135541096450
1492396137994764288
1492396138476957701
1492396139521454080
1492396140930560000
1492396148476182528
1492396164485824513
1492396169087098880
1492396171507105797
1492396177391824896
1492396177949528064
1492396197750919174
1492396198300430341
1492396219427082243
1492396230756171776
1492396233213845507
1492396233821806592
1492396234677440520
1492396236598616069
1492396239652073474
1492396244832071680
1492396250754211847
1492396251756728320
1492396252226781188
1492396254697082880
1492396256286674945
1492396256903237636
1492396268617965568
1492396272841494531
1492396275639148547
1492396276062822401
1492396277442568198
1492396284409376774
1492396291401273345
1492396293175529476
1492396299446112257
1492396306031005699
1492396306890903552
1492396318311923715
1492396321419849733
1492396324003594243
1492396335504445441
1492396335605026818
1492396342714507266
1492396344601821184
1492396346124374017
1492396354554925057
1492396355783827459
1492396356454944774
1492396372653449219
1492396373773221890
1492396377330049025
1492396382149390343
1492396384770674691
1492396395881369600
1492396410074894341
1492396421126885377
1492396426378104838
1492396431218458628
1492396431868829697
1492396433923739649
1492396442488508416
1492396442975019009
1492396444287848448
1492396446007627797
1492396449576808458
1492396454349991941
1492396457822810113
1492396458082983938
1492396463200083970
1492396467658493956
1492396473350180867
1492396474449154051
1492396476085186561
1492396478765150208
1492396483731066880
1492396499698954240
1492396502416650242
1492396504304304129
1492396506149572610
1492396509278752768
1492396523103023105
1492396530564677633
1492396535501312001
1492396543097380864
1492396548285558784
1492396551032954882
1492396557064364032
1492396556909105153
1492396557152374786
1492396560067432448
1492396563892785154
1492396567373963264
1492396574533513219
1492396574898475008
1492396575020261376
1492396575905222658
1492396582716641280
1492396582892883971
1492396586625736705
1492396593345179653
1492396594389405698
1492396604661239808
1492396610428493832
1492396612911570950
1492396614400417793
1492396618678681600
1492396619735601153
1492396624680988672
1492396625053896705
1492396636827389955
1492396639885180932
1492396640392867840
1492396646847717379
1492396648684658689
1492396653755740166
1492396662802849792
1492396666132963328
1492396667143819265
1492396668590780423
1492396671291965441
1492396674660151297
1492396681958027264
1492396682889289728
1492396686886510592
1492396687582588932
1492396692519350273
1492396693433823234
1492396703038726148
1492396705311903744
1492396705819480070
1492396708419956737
1492396717563527169
1492396724706549761
1492396734957461506
1492396736223985667
1492396741135519744
1492396743555571714
1492396745678020608
1492396750828617729
1492396753462575108
1492396755350179845
1492396755597479936
1492396760089645058
1492396760505159681
1492396766779437060
1492396774308278273
1492396774425780226
1492396781753143296
1492396787226787840
1492396790716715010
1492396794533359617
1492396795577892864
1492396804154925059
1492396818604322816
1492396822454702081
1492396823323058179
1492396825294299137
1492396831757815814
1492396834001539073
1492396834849013762
1492396841979105281
1492396846169399297
1492396846282641410
1492396855136866310
1492396855304634369
1492396862455914496
1492396868994838531
1492396870743707653
1492396873461960708
1492396878385725442
1492396884379508736
1492396885503578119
1492396885834973184
1492396889819463682
1492396892176715776
1492396893909184513
1492396895410749441
1492396895532163074
1492396898702925826
1492396899550351364
1492396900116426759
1492396900154163200
1492396906294562817
1492396914670768129
1492396919171469313
1492396924548251652
1492396925869596672
1492396934153314304
1492396935545860099
1492396936329977857
1492396939064844291
1492396947323473920
1492396950330785793
1492396951991631875
1492396955913240576
1492396958392238082
1492396958866354176
1492396960296456192
1492396961990950914
1492396963379261446
1492396983356518405
1492396989895618562
1492396999634825217
1492397003459813376
1492397006454677505
1492397014730039300
1492397018039275523
1492397022514593792
1492397025974964225
1492397027346550785
1492397037144449032
1492397037895098369
1492397038931169285
1492397042496585729
1492397047768616969
1492397069700501504
1492397071655006208
1492397076256231425
1492397087459315714
1492397099421294595
1492397099706568704
1492397100159553539
1492397109382815751
1492397121386991616
1492397147387539456
1492397150415859719
1492397165372575745
1492397165506961413
1492397167306153985
1492397173526253568
1492397175841509376
1492397176261328899
1492397177196498944
1492397188176965636
1492397189523382273
1492397203888824321
1492397204224495622
1492397205608558592
1492397208070762496
1492397208523526147
1492397224869130242
1492397238923902983
1492397239142010882
1492397249703256065
1492397253402628100
1492397268422443014
1492397273027801088
1492397278128082944
1492397284889272324
1492397285652586496
1492397290996350982
1492397293601177605
1492397294880116736
1492397299540004867
1492397300173344775
1492397302308225027
1492397304120496129
1492397310227193859
1492397311770697728
1492397313574285312
1492397320062832643
1492397335858618375
1492397348265201665
1492397349129359360
1492397349494267906
1492397368054099969
1492397369501298688
1492397372021764099
1492397377486946306
1492397377759715329
1492397382486482946
1492397387586969600
1492397392204861440
1492397404770942980
1492397411897126926
1492397417848885254
1492397422634405890
1492397438002503680
1492397452019781633
1492397454431510535
1492397471913365504
1492397475696631811
1492397479911993347
1492397483984629763
1492397488367898627
1492397488854257666
1492397494818455558
1492397498287144962
1492397503005659142
1492397504670814209
1492397508194148352
1492397519279738885
1492397525474623489
1492397527131312132
1492397528549048320
1492397531329871873
1492397531812306944
1492397539316105225
1492397550447783936
1492397560463388677
1492397564020375552
1492397564825686017
1492397575626010626
1492397577756684288
1492397588523454464
1492397588930199554
1492397590381359104
1492397591602020361
1492397593854451713
1492397597344030722
1492397606919495834
1492397618693308417
1492397624967811075
1492397642122366977
1492397647252148228
1492397653719756801
1492397655846055938
1492397657695739905
1492397664520093697
1492397668118634499
1492397678487289858
1492397680735272960
1492397681406357505
1492397686603067392
1492397708207738882
1492397708832915457
1492397708916658176
1492397709243961344
1492397712209186818
1492397715858198532
1492397717225541634
1492397730009948162
1492397735630163970
1492397738050428931
1492397739346259968
1492397755590844417
1492397764055117825
1492397766374563841
1492397767393787905
1492397773420961792
1492397774456958976
1492397781910102016
1492397788075864067
1492397790110097409
1492397798037274624
1492397804966326273
1492397806031556609
1492397807214284805
1492397808837664771
1492397823702228992
1492397831621165063
1492397838319292417
1492397847165218817
1492397863879557123
1492397865938915329
1492397868476510209
1492397876097466369
1492397881734664198
1492397885337391106
1492397885757009921
1492397888160559106
1492397889720492039
1492397896762724352
1492397904060829699
1492397908058157060
1492397920049528832
1492397922482376708
1492397924738744328
1492397929109368837
1492397930757640195
1492397934431907841
1492397935681757185
1492397938131484674
1492397945089671168
1492397948218580992
1492397951154536449
1492397962479214592
1492397963045265409
1492397967721971715
1492397982171353099
1492397982297182211
1492397982804754432
1492397983278665729
1492397995018514434
1492397998323601410
1492398010415910915
1492398035325886467
1492398041311047683
1492398050916057092
1492398058574909441
1492398064782426113
1492398067047231492
1492398070465761280
1492398073703710731
1492398079332421633
1492398079202394116
1492398080477511683
1492398084944723970
1492398086164922370
1492398088207536128
1492398089033981954
1492398092666081280
1492398108268896257
1492398131283177473
1492398142515736576
1492398143379496961
1492398143828230150
1492398148316123138
1492398159636619274
1492398166725087236
1492398169870635013
1492398171166703620
1492398172110528514
1492398173154861056
1492398179962310658
1492398182919200769
1492398184056115200
1492398184982880258
1492398192532414465
1492398193207873537
1492398193606279170
1492398193954361347
1492398199570530304
1492398215207223296
1492398220558884864
1492398223050395654
1492398224912564226
1492398226430840832
1492398228322537472
1492398237424054274
1492398241496899584
1492398242499219456
1492398246181830656
1492398250078310401
1492398253836767234
1492398256462213121
1492398258781442048
1492398258928308224
1492398270425059329
1492398273109364744
1492398275831422976
1492398282277986305
1492398290695950336
1492398297415356417
1492398301240606721
1492398322375868425
1492398340469788672
1492398342730620929
1492398344055836672
1492398346299977730
1492398349693063173
1492398351618297856
1492398351836323840
1492398353929363458
1492398368190046210
1492398371679596545
1492398378042662912
1492398378885558272
1492398380743593989
1492398381687533577
1492398398338584577
1492398414596026368
1492398416512438272
1492398423416487939
1492398423764520960
1492398441409830912
1492398457738432517
1492398458220969984
1492398459198001153
1492398473655762944
1492398473785712641
1492398475970973700
1492398479460732928
1492398485630447619
1492398489757696002
1492398497450057728
1492398503078813698
1492398509831692292
1492398511543156740
1492398514617335808
1492398517028937728
1492398525316939778
1492398529788387332
1492398533646893057
1492398533785579527
1492398538156044290
1492398545609056260
1492398545885933570
1492398555805347842
1492398577766875137
1492398578253238274
1492398581478830080
1492398582460203019
1492398582745419779
1492398589322141697
1492398590206959621
1492398590714466306
1492398594023952384
1492398603209519106
1492398603880439808
1492398604023128065
1492398604413116421
1492398614609498113
1492398618560671746
1492398620775178242
1492398627700068356
1492398630828871680
1492398632758235136
1492398639259475975
1492398654623125504
1492398655202025477
1492398656372162562
1492398658138038277
1492398670775341056
1492398681487810563
1492398686248538114
1492398687523377156
1492398704900198402
1492398706083074048
1492398735057469441
1492398736647110656
1492398739167744002
1492398745878728705
1492398747762012167
1492398749745917953
1492398756410527745
1492398757094297601
1492398768427347970
1492398771157667843
1492398783581155329
1492398786701783041
1492398792947208192
1492398799616155650
1492398800522067972
1492398804355665920
1492398820344221702
1492398828196089857
1492398832730382338
1492398834403745795
1492398834688823296
1492398834776903680
1492398835561283588
1492398843887075331
1492398842787942406
1492398850639687684
1492398853303140354
1492398863558213637
1492398865785311233
1492398881669193728
1492398887272792064
1492398904939520005
1492398911490723840
1492398912899936259
1492398919883665414
1492398921229889538
1492398931082420224
1492398932239929345
1492398935897296896
1492398937197711371
1492398937994637315
1492398946618118149
1492398969632301064
1492398972371365888
1492398978520199169
1492398979685830659
1492398984551301120
1492398985319170054
1492398994378866694
1492398995066568704
1492398995976568833
1492398999248199686
1492399000145833988
1492399000472936451
1492399007045324801
1492399009042137088
1492399009536921610
1492399012691030022
1492399019934453760
1492399020945276929
1492399025932300288
1492399031322136578
1492399040767709187
1492399044588564480
1492399050712223746
1492399058778046466
1492399060229103618
1492399066277363721
1492399072455450624
1492399075064311811
1492399079103606787
1492399091535388672
1492399093888466947
1492399094387470340
1492399101400465409
1492399101404942336
1492399108556201984
1492399133121937409
1492399137043714051
1492399142697639944
1492399144559804417
1492399164113956866
1492399164642271234
1492399169960566787
1492399174389837826
1492399176772030468
1492399181666918403
1492399181977247748
1492399192274202627
1492399201334005766
1492399205897359360
1492399206631419906
1492399209173164033
1492399217330905088
1492399219591811076
1492399219470077952
1492399230362730500
1492399231092637696
1492399238197567489
1492399243117608961
1492399244501680130
1492399251812462597
1492399254161301504
1492399258409992193
1492399262633758721
1492399265527713792
1492399271752183811
1492399272330944512
1492399275669549056
1492399279511592965
1492399284775444489
1492399290240618497
1492399294309142533
1492399296456507394
1492399321878339588
1492399336805838848
1492399343747452936
1492399348226961411
1492399349522853888
1492399351154495493
1492399363993518088
1492399369580171265
1492399381605076993
1492399385816498176
1492399387288473600
1492399397761605632
1492399401809199104
1492399410512285697
1492399418552815619
1492399434038378496
1492399434289893376
1492399438769246209
1492399445467709441
1492399445949960206
1492399449527644161
1492399450496520194
1492399466959282178
1492399473498238980
1492399474047537152
1492399474924158978
1492399478111883266
1492399477998579714
1492399478938214406
1492399481165279234
1492399483665190918
1492399493488123908
1492399498785554438
1492399513792774147
1492399517022539777
1492399521279606785
1492399528863240195
1492399534575603715
1492399536676999173
1492399544700710913
1492399546701340674
1492399554167197696
1492399558386757632
1492399562232934401
1492399572592771075
1492399578724777984
1492399582164439040
1492399586463436801
1492399593212063745
1492399596471037954
1492399615982854148
1492399619355328518
1492399627215118338
1492399627731152901
1492399646538412033
1492399651521187840
1492399653031014403
1492399659310014469
1492399666465546244
1492399670647304192
1492399671284842497
1492399671947370496
1492399673503592448
1492399674916966403
1492399675294425088
1492399694747557892
1492399696719093763
1492399698547781632
1492399720194461698
1492399720815337474
1492399728876740611
1492399731292749825
1492399732022415362
1492399763270033409
1492399768940969985
1492399789849432064
1492399790503563264
1492399794450735106
1492399797696966659
1492399807062843396
1492399813165563908
1492399844924682240
1492399849592922114
1492399856303759360
1492399864730247168
1492399868429717504
1492399873781469184
1492399874553307137
1492399875690045440
1492399876163784705
1492399886498627588
1492399889753403395
1492399895344558088
1492399902215016448
1492399919675625473
1492399920510169091
1492399926214594566
1492399932376035339
1492399935668600836
1492399936159191044
1492399944690458628
1492399954169831425
1492399954974818305
1492399958070280195
1492399964017893376
1492399969365540865
1492399973870170112
1492399976957292545
1492399990303768577
1492399993356963840
1492399997219971073
1492399999891566593
1492400009316212738
1492400010008436736
1492400010285117440
1492400014651363330
1492400020255088642
1492400027607572481
1492400030019309569
1492400030346407937
1492400041323282432
1492400042971635713
1492400044170960902
1492400047652315136
1492400047891353600
1492400047924854784
1492400074478931968
1492400074957090820
1492400086101417984
1492400087045009411
1492400091428052992
1492400093881724928
1492400094523576322
1492400110860259328
1492400117478944771
1492400117457973249
1492400117596528640
1492400120842829824
1492400121924833284
1492400123061624833
1492400133006557185
1492400140577284099
1492400143731081216
1492400165659058179
1492400168892878852
1492400172487299073
1492400179558768644
1492400184868982785
1492400186282463232
1492400187502854146
1492400193345441793
1492400199188172802
1492400209804079107
1492400211150262275
1492400211964092417
1492400212744232962
1492400212723175424
1492400212739911680
1492400216544358400
1492400216560988163
1492400222424555524
1492400227206193154
1492400242993827841
1492400251755368451
1492400255693819904
1492400256805388291
1492400259271520257
1492400262228561922
1492400262845108226
1492400271015964675
1492400278296924160
1492400282310889476
1492400292360597507
1492400295506292736
1492400298068897792
1492400304641527810
1492400308453969921
1492400317517877258
1492400319648579584
1492400324623179777
1492400329677283331
1492400330277113856
1492400332047101952
1492400339940569088
1492400343367385092
1492400348903862273
1492400351470768129
1492400352745992195
1492400360417280000
1492400366691840001
1492400370781495300
1492400373356797952
1492400374061404160
1492400378846924808
1492400411457712133
1492400431011561477
1492400436841631746
1492400442734612482
1492400447960850433
1492400448539860993
1492400451995664384
1492400469406367745
1492400472291901442
1492400473286094849
1492400478033833984
1492400484153442304
1492400495423488000
1492400503157788672
1492400508811857923
1492400517019885569
1492400521843548167
1492400524133494785
1492400536968065026
1492400537328779264
1492400546241814529
1492400548615790592
1492400548791742468
1492400568802893824
1492400578613415939
1492400580152774656
1492400583139119105
1492400589963075586
1492400594317094913
1492400596485390339
1492400604081233921
1492400606937559045
1492400610934603776
1492400611723153409
1492400617478049794
1492400624113274882
1492400624050532353
1492400631004471296
1492400644426186752
1492400645252464643
1492400645986402304
1492400652504354817
1492400653318045696
1492400662465990656
1492400667624980480
1492400677942960136
1492400684536193027
1492400699484905474
1492400700634333185
1492400702164922368
1492400712734625799
1492400718535405571
1492400721622446081
1492400721853091842
1492400724617023488
1492400729625022464
1492400740157038597
1492400746914095106
1492400757366308868
1492400763447877633
1492400776756355076
1492400778685911041
1492400779600138240
1492400782360129538
1492400798822719488
1492400803251900416
1492400813633052677
1492400823799885826
1492400831366193157
1492400837569753093
1492400841914998786
1492400843806715904
1492400843831726081
1492400848038735872
1492400853193568257
1492400859015168002
1492400867353366528
1492400872105598976
1492400873473212418
1492400874609643520
1492400882348326912
1492400889784643588
1492400904753926145
1492400907119591426
1492400919677308929
1492400921866813441
1492400929454370816
1492400930796433409
1492400944893595648
1492400946789421056
1492400949595361287
1492400949838680065
1492400955538624515
1492400964480892929
1492400971854811136
1492400972122972162
1492400988992557059
1492401002200584195
1492401011033448451
1492401018855780352
1492401043627380737
1492401050698932225
1492401074778476545
1492401077651652610
1492401090746142726
1492401092562460672
1492401093711908869
1492401094076469250
1492401096764977152
1492401104679845888
1492401109444481026
1492401124623720448
1492401126897033216
1492401129292197888
1492401129526681601
1492401137080999937
1492401139815493633
1492401139857297411
1492401140956209154
1492401144362151936
1492401147348336643
1492401153518096384
1492401156127035392
1492401180705804292
1492401181209116676
1492401191409520641
1492401197189406724
1492401197931589634
1492401208992088065
1492401211739447296
1492401213417000962
1492401219561660420
1492401226146893825
1492401247910916097
1492401252222730245
1492401263690104835
1492401264935772160
1492401272594575363
1492401280777535488
1492401281595416577
1492401281813540867
1492401283927400454
1492401290164391936
1492401290764177408
1492401294245609480
1492401303951220738
1492401306991947778
1492401311425482752
1492401314789089281
1492401320183144449
1492401338889687043
1492401352672223232
1492401381784752128
1492401388684562436
1492401395722563587
1492401398423560197
1492401403704352771
1492401404996042754
1492401405386055687
1492401408133509123
1492401409035325442
1492401412977963010
1492401421299367936
1492401424600543234
1492401428752703492
1492401433253232641
1492401434012401665
1492401438810648581
1492401450336542720
1492401450743443457
1492401450785202181
1492401464995504132
1492401467088838662
1492401502278795264
1492401508041695237
1492401512747835394
1492401518649036803
1492401529004900352
1492401536001089542
1492401536143482882
1492401544658096130
1492401544641544194
1492401552346464257
1492401564610297860
1492401567202521088
1492401569161420800
1492401570276855808
1492401571593744384
1492401575578324995
1492401579248406530
1492401586886250498
1492401589595697154
1492401594725326848
1492401597477003264
1492401601918619649
1492401602401128452
1492401608705064967
1492401611783622657
1492401627382403076
1492401629374652417
1492401630632943620
1492401636303675392
1492401643979116544
1492401646252568579
1492401649364647937
1492401648789979141
1492401661356257280
1492401666951426050
1492401671665696771
1492401674652196868
1492401680402595844
1492401684823232513
1492401688229072896
1492401688455483401
1492401690800443392
1492401693950050304
1492401702544326657
1492401702955524099
1492401705136230402
1492401705400643584
1492401706516332544
1492401708080664578
1492401719812186113
1492401726544125952
1492401726925815815
1492401739600830471
1492401748975271937
1492401767874580480
1492401769514553346
1492401777475473412
1492401778415083521
1492401784471576578
1492401791920574467
1492401794001031174
1492401805141188611
1492401810191097856
1492401816692146177
1492401822220185600
1492401826905280514
1492401827224371202
1492401827916226562
1492401828583120902
1492401831032537090
1492401838951440387
1492401842436853760
1492401845775450114
1492401855833513985
1492401859063074817
1492401865799122944
1492401868017786884
1492401873868967937
1492401875882237961
1492401884417560577
1492401884660912133
1492401884711243776
1492401886875422724
1492401895671234560
1492401896539234313
1492401902084136960
1492401914851610624
1492401929460531200
1492401929682669579
1492401938121605124
1492401957272702976
1492401957608304641
1492401960258924546
1492401975979171841
1492401976130383875
1492401979162648578
1492401982069526529
1492401982035795970
1492401984493608963
1492401991473147904
1492402003317776391
1492402004160884736
1492402021814575104
1492402026071740418
1492402029116813314
1492402030010245120
1492402038680211460
1492402049123770368
1492402063401181184
1492402072926371840
1492402073912037377
1492402077221466113
1492402078232330242
1492402097496915968
1492402098583048194
1492402111052759044
1492402112281518083
1492402115712626689
1492402125967613952
1492402126689116162
1492402128987385858
1492402137309065218
1492402147597586434
1492402157101850624
1492402161623437314
1492402165423349762
1492402172402843654
1492402174072082433
1492402175586320385
1492402182301356033
1492402186323693568
1492402207009824774
1492402224315592709
1492402225947320322
1492402226769412096
1492402239331127296
1492402242909003777
1492402243357667329
1492402243923890176
1492402248542003203
1492402251062820864
1492402268485742592
1492402270998347778
1492402274227740674
1492402275083436032
1492402275393933315
1492402294440304644
1492402295870427138
1492402304837902339
1492402307891228675
1492402309107789825
1492402311385206787
1492402312991621121
1492402334898405378
1492402341164699651
1492402343048105985
1492402354167037952
1492402358537629700
1492402364493574144
1492402368859705347
1492402371502407683
1492402375193251841
1492402379840385025
1492402385477677056
1492402385800646660
1492402385787899904
1492402389504122884
1492402399792803844
1492402408391012353
1492402412489003008
1492402415861129217
1492402420634193920
1492402422379323392
1492402432671985664
1492402437558501384
1492402438040698883
1492402442092392449
1492402443354787840
1492402444269146113
1492402454490583042
1492402457388982274
1492402471888691202
1492402474631630851
1492402475747483649
1492402478050127872
1492402497113116672
1492402498455359488
1492402516146876417
1492402519326273538
1492402521159401473
1492402532655648769
1492402538901118978
1492402542013263872
1492402548065538051
1492402552037539841
1492402553694437376
1492402563706015747
1492402564649955332
1492402564867903491
1492402568043110401
1492402568923947009
1492402573705297920
1492402574989103105
1492402592445571072
1492402607108853762
1492402610405613571
1492402621272920064
1492402623860797445
1492402632761225216
1492402636951367681
1492402638037606401
1492402653468442628
1492402658057105411
1492402658363199492
1492402660850290690
1492402661156700166
1492402663148900354
1492402665971539977
1492402675891064836
1492402682778112001
1492402686796480524
1492402694023262214
1492402695319261187
1492402700369154049
1492402700457324544
1492402701186994177
1492402713690193920
1492402719906480128
1492402721357398018
1492402732157882368
1492402734548590597
1492402741741817861
1492402744816291842
1492402746145841156
1492402747207004161
1492402750411444227
1492402752382808069
1492402755406745602
1492402755889090562
1492402758476910592
1492402761605943296
1492402768035782656
1492402772209442817
1492402776038539265
1492402785526026243
1492402786419367939
1492402799056932866
1492402801359663106
1492402806925537291
1492402812458004481
1492402818690420743
1492402818803585027
1492402828387647490
1492402833831997441
1492402840517627908
1492402850768429056
1492402865398185984
1492402873245839360
1492402873384136707
1492402878589255681
1492402880002895875
1492402880766164993
1492402883060547584
1492402898298355713
1492402908402307074
1492402918120591363
1492402934587412480
1492402935208325120
1492402938702188544
1492402939930894339
1492402941520584706
1492402954585919490
1492402958687866884
1492402961024270336
1492402968657862659
1492402976572559361
1492402988274446336
1492402989230792706
1492402992225701889
1492402994410934274
1492402996075921408
1492402999083376643
1492403000069222401
1492403002132643840
1492403026895642627
1492403028938620929
1492403029466828800
1492403043563937795
1492403046558707712
1492403053680644096
1492403053865357312
1492403056553512963
1492403057493045248
1492403058411773952
1492403058696876032
1492403059850465280
1492403071263154176
1492403078959616000
1492403102481358848
1492403116289163267
1492403117538754564
1492403120583811073
1492403121422753798
1492403125260800003
1492403127814742021
1492403133074395138
1492403134735732736
1492403151634317312
1492403151714062341
1492403153630760962
1492403166046048256
1492403175923785730
1492403176712011777
1492403178893189122
1492403183678799872
1492403190238785541
1492403190758887426
1492403200250585088
1492403204071440384
1492403216297836545
1492403227966558209
1492403230059503617
1492403236329988096
1492403239609937923
1492403241040195587
1492403245553106947
1492403253731942400
1492403256143892481
1492403275945160706
1492403285365760002
1492403286393204741
1492403286548361217
1492403297847676931
1492403302893424640
1492403315191201792
1492403328453685250
1492403332866060290
1492403343372738562
1492403343582392323
1492403345213952002
1492403346434506752
1492403350587023360
1492403355989299200
1492403376033714178
1492403380966199296
1492403385827397632
1492403386649620484
1492403393268178945
1492403404563529731
1492403408929579008
1492403416924053507
1492403424062808065
1492403425929166850
1492403427137130500
1492403429934837761
1492403433315631110
1492403447794049029
1492403449346273281
1492403449736359937
1492403456228868096
1492403461341822977
1492403465485697025
1492403466521612288
1492403475300429825
1492403477133160450
1492403479222132736
1492403479431639041
1492403484372901888
1492403485123383296
1492403488701263873
1492403519109963777
1492403537917235200
1492403540047761410
1492403543210352642
1492403545852764160
1492403548893499392
1492403561023606789
1492403572394192897
1492403588609585156
1492403599179059201
1492403609887256576
1492403615427805186
1492403619886424065
1492403630343090177
1492403630946795520
1492403637871599619
1492403638152482816
1492403640971108356
1492403641801752577
1492403649103876104
1492403653478649856
1492403660340535304
1492403661313658882
1492403668569579523
1492403669136027651
1492403673468604418
1492403673720410112
1492403677461504000
1492403692779282433
1492403692959678468
1492403695249760257
1492403706075230210
1492403731840700418
1492403746420056070
1492403747829567493
1492403752690925568
1492403752828952582
1492403757933645829
1492403758424535043
1492403762694135812
1492403766632534019
1492403773360070656
1492403784097705986
1492403787830603776
1492403799410962434
1492403801931739138
1492403834022420487
1492403834739728386
1492403842931376129
1492403846244618240
1492403847347650560
1492403855195361280
1492403857959407618
1492403860476170240
1492403861385990146
1492403874791051266
1492403877387194371
1492403895749906436
1492403903643619329
1492403905891766274
1492403913118658565
1492403916335685635
1492403916922933248
1492403920915898368
1492403921859784704
1492403922316660737
1492403923482783747
1492403942315200513
1492403947595653124
1492403952859725829
1492403957800607747
1492403958165516292
1492403959570464770
1492403961667932165
1492403976418910212
1492403976540770304
1492403979350798336
1492403982047711232
1492403992608919554
1492404011881811971
1492404014973026304
1492404017900802051
1492404022703050754
1492404024167051265
1492404024879898628
1492404027774038017
1492404034124357632
1492404039388172296
1492404050293309442
1492404053317685250
1492404059323707393
1492404074108575745
1492404093234601987
1492404101874958340
1492404106043998217
1492404107608481792
1492404113241481223
1492404114948440066
1492404126994554884
1492404153158615042
1492404158510608385
1492404158812598273
1492404171676569600
1492404193969295365
1492404195961581572
1492404228198961156
1492404229381709828
1492404234339315712
1492404242686038019
1492404242925047816
1492404251691085824
1492404253494759425
1492404254774075393
1492404258410352640
1492404258683035648
1492404260763586561
1492404262877286404
1492404264173735937
1492404266769600512
1492404274248175617
1492404275305140225
1492404280636104704
1492404294670114818
1492404301255241728
1492404308540678149
1492404311120396288
1492404318955134977
1492404318900682752
1492404321064931328
1492404328744853505
1492404331659743233
1492404341575073792
1492404343584309248
1492404348487442433
1492404350613958658
1492404352815800322
1492404357459030017
1492404359539400707
1492404364148977670
1492404364622786564
1492404364715114496
1492404368548655107
1492404371581284355
1492404372701073409
1492404378430582784
1492404380615819266
1492404384155713540
1492404386798387207
1492404387175489539
1492404388194926600
1492404394268270592
1492404395195215874
1492404403214721028
1492404403961221122
1492404413209935873
1492404421535445004
1492404430997647361
1492404437012422656
1492404440137179140
1492404441151983618
1492404451281412099
1492404455110811648
1492404458785067008
1492404465156116480
1492404470705233921
1492404475633487872
1492404478007468034
1492404480993681416
1492404488245690368
1492404491349598212
1492404498156896260
1492404498991665156
1492404499536822273
1492404503055794178
1492404503190155267
1492404507770343425
1492404508646858756
1492404519531171843
1492404521359720448
1492404525155508228
1492404531946262529
1492404539026247681
1492404546613747713
1492404548140478465
1492404548987723787
1492404555744747520
1492404559431491593
1492404564363862017
1492404571343360003
1492404578322575362
1492404582961631236
1492404602624430083
1492404635583217664
1492404642898186240
1492404666587561992
1492404675303415814
1492404699236024320
1492404704109805569
1492404710371823616
1492404713844662274
1492404727287582726
1492404728927449094
1492404733918781443
1492404744329232384
1492404749093715969
1492404751572652032
1492404754215206914
1492404755662053377
1492404760212815878
1492404767338889216
1492404793859776513
1492404805007917056
1492404808610992132
1492404811643326472
1492404812926889984
1492404819973517312
1492404832971280384
1492404834737160194
1492404841410285570
1492404845856313347
1492404850000236544
1492404850935668744
1492404851258507265
1492404851476733953
1492404862562144258
1492404864621502466
1492404867859730437
1492404884532080649
1492404897265774593
1492404903448358913
1492404906698756097
1492404913376317444
1492404936570720259
1492404939997560837
1492404940521627650
1492404953117171716
1492404976185851905
1492404987875389443
1492404988865400833
1492404990282895362
1492405002974810116
1492405004979908610
1492405022587424768
1492405028589654024
1492405032217726976
1492405033207533571
1492405043311558660
1492405068179640321
1492405071866314753
1492405091088965634
1492405095736090626
1492405096428158980
1492405104586199041
1492405111129268237
1492405118590980096
1492405125092106240
1492405129865314304
1492405130599227393
1492405136907550720
1492405145455501315
1492405146466205696
1492405148076941316
1492405149725302787
1492405149997977601
1492405165269426177
1492405169618829313
1492405171132854273
1492405179622502400
1492405184848625666
1492405187545288704
1492405188568621057
1492405192251244544
1492405205698326528
1492405211754868737
1492405211809595399
1492405216020287489
1492405222668447747
1492405236866056194
1492405247192543237
1492405248438251520
1492405249717325828
1492405249914675203
1492405258156331008
1492405258685128705
1492405264670408704
1492405279216050180
1492405285163610114
1492405287508131845
1492405290276380675
1492405298589491202
1492405304067297288
1492405314053890048
1492405327102296065
1492405328054566914
1492405355107975168
1492405370739900417
1492405370857263106
1492405371029229575
1492405372585275393
1492405382643339265
1492405383994179586
1492405388720828416
1492405394043375617
1492405399966093315
1492405412913500160
1492405415337992192
1492405416713605121
1492405416474525697
1492405423517085698
1492405424800206848
1492405425630629888
1492405447235710983
1492405448607252482
1492405453493522436
1492405457071136768
1492405457142444035
1492405459239641088
1492405459839508480
1492405470115545091
1492405480999817217
1492405487089950723
1492405503544205312
1492405506920665088
1492405519281049604
1492405536133988353
1492405541217390592
1492405543339761664
1492405551069761536
1492405553045426177
1492405558624002051
1492405567394037760
1492405572133535744
1492405588269043712
1492405590534066177
1492405593302126593
1492405598125797379
1492405607919284227
1492405612495491075
1492405617335492608
1492405622805049345
1492405624633577474
1492405628094058496
1492405630828781570
1492405638135050241
1492405639745703936
1492405646787969028
1492405650764275713
1492405658578296832
1492405665351933952
1492405666761539585
1492405669856788483
1492405671110668292
1492405678601822210
1492405692174671874
1492405698700845061
1492405700403679232
1492405700483555329
1492405710461751297
1492405731584516097
1492405755164700676
1492405755047444483
1492405759862362114
1492405766564765696
1492405789415202816
1492405794846883840
1492405803050930179
1492405806377091076
1492405822655057922
1492405829865132034
1492405831257640960
1492405841319845888
1492405854750007296
1492405856155185154
1492405860953468929
1492405872370208768
1492405873431429120
1492405876614909953
1492405877760049154
1492405879194492930
1492405889982091266
1492405890187939841
1492405892809068545
1492405894537220099
1492405903315943428
1492405919275225095
1492405943715332096
1492405944336146433
1492405969334140929
1492405971515179008
1492405974258556933
1492405979627065348
1492405994613194753
1492405996077125635
1492405999243829250
1492406006172688384
1492406010077753344
1492406013240168451
1492406020144078850
1492406020789862400
1492406032102047747
1492406039446056960
1492406041161584642
1492406047503360002
1492406048480579584
1492406048673595393
1492406048757796867
1492406050544238595
1492406059121602561
1492406067741040641
1492406067892035588
1492406068646793217
1492406085671546884
1492406086191616000
1492406092407533568
1492406095071092737
1492406096463548419
1492406099160580099
1492406101236723713
1492406115141058560
1492406115685990402
1492406116705255425
1492406121058942977
1492406127384051714
1492406128709230592
1492406138855383042
1492406144127713283
1492406152201740289
1492406160330211331
1492406168458780675
1492406210892603393
1492406212696190980
1492406216672571392
1492406217481719809
1492406222640799745
1492406242828038144
1492406247655493632
1492406249631416322
1492406252517093377
1492406264814608388
1492406265053532163
1492406267758845953
1492406279096070147
1492406283043221504
1492406284167131137
1492406284213272578
1492406285622333442
1492406291767037952
1492406294321369089
1492406297207406595
1492406300718034944
1492406311157387265
1492406325736660994
1492406332829229057
1492406333592723456
1492406338391093255
1492406342807609352
1492406351724793856
1492406352806699008
1492406356158173186
1492406360612524033
1492406372251615237
1492406375720304643
1492406383177830401
1492406387879653377
1492406388294701059
1492406390337462275
1492406416572882946
1492406426647601152
1492406435275288576
1492406438081478656
1492406446348197890
1492406453474406402
1492406455277924355
1492406465952321537
1492406477012807681
1492406490602168321
1492406501939503108
1492406513083711494
1492406515445030916
1492406518125375489
1492406523611402240
1492406525352161280
1492406528665694208
1492406529244368902
1492406536479690754
1492406543102402560
1492406551910359041
1492406564883697665
1492406566133317636
1492406571011239936
1492406577755660292
1492406584957292545
1492406590296629248
1492406597746069505
1492406606260105217
1492406612526518275
1492406630352363520
1492406638766088196
1492406638594052096
1492406640926420993
1492406649419620355
1492406657657176066
1492406662564483074
1492406665249005572
1492406665165090816
1492406668390502401
1492406676548247552
1492406683686957063
1492406690855079939
1492406691031359489
1492406697712709632
1492406700392939523
1492406708647378950
1492406717652832256
1492406726179844096
1492406728327114754
1492406735818027011
1492406738846425093
1492406747377504257
1492406761055154176
1492406765253632000
1492406766214152192
1492406769682989059
1492406775789891585
1492406787819163653
1492406788582379522
1492406798795616256
1492406803254345728
1492406805250646016
1492406811336527876
1492406817669844995
1492406821524369409
1492406822199869440
1492406833511907330
1492406841778720770
1492406862125289472
1492406869767634949
1492406873278062593
1492406874410344451
1492406875874287619
1492406881712701443
1492406882144763908
1492406890394963970
1492406892089335813
1492406893322461184
1492406897697120256
1492406905729339393
1492406925534838787
1492406928093458433
1492406933541826563
1492406938889437187
1492406943968862211
1492406945411919874
1492406954454659075
1492406959470899200
1492406972015996929
1492406974600085504
1492406981566599168
1492406982392774659
1492406990500507653
1492406998561812480
1492407000977846277
1492407005125885955
1492407011241123842
1492407018019295234
1492407035023007744
1492407040811089921
1492407068187246592
1492407076978827265
1492407078551490568
1492407083106541568
1492407089913806848
1492407098835189760
1492407118007349249
1492407118225457153
1492407121744437250
1492407131320037378
1492407140564172802
1492407152748609538
1492407155902791681
1492407165914648583
1492407168578224132
1492407170641821696
1492407171019153409
1492407173447811072
1492407174433165312
1492407175943184385
1492407180049494016
1492407193856983044
1492407194184302593
1492407198655283202
1492407202388213760
1492407205395636230
1492407205487775746
1492407213838594048
1492407228334149634
1492407232943702021
1492407239054970882
1492407246286123010
1492407259564892169
1492407261217492999
1492407264862666752
1492407266833620994
1492407267781750785
1492407285334773762
1492407288539267073
1492407292784001025
1492407294067236868
1492407295757537280
1492407296252514304
1492407300941926400
1492407304687431685
1492407311217971200
1492407315210907650
1492407315257036807
1492407317559709702
1492407339034591233
1492407347045539840
1492407347846733828
1492407349658755074
1492407351730528260
1492407356168151040
1492407357493628934
1492407360413106176
1492407365735530498
1492407375923486722
1492407378754478081
1492407385834782725
1492407387814531073
1492407394579755008
1492407394965598210
1492407401978474500
1492407403056594946
1492407409175773185
1492407414733242370
1492407424472399873
1492407425206407170
1492407429253980161
1492407431053611008
1492407433242812420
1492407458538856452
1492407477694091268
1492407477777747968
1492407478910341123
1492407480105721856
1492407483431899137
1492407484375568385
1492407493204525064
1492407501316235267
1492407503379968000
1492407506550726657
1492407517564968962
1492407518697603076
1492407521327423488
1492407521306460160
1492407531574022144
1492407539354329090
1492407541652934659
1492407542768713729
1492407542949064705
1492407543737757696
1492407545033633794
1492407552709361664
1492407566911123456
1492407567749943298
1492407593796395008
1492407593016438787
1492407597777006597
1492407600058552321
1492407599970631683
1492407605645307908
1492407619633688576
1492407626721902595
1492407643604156416
1492407649677234179
1492407652537692162
1492407660691476480
1492407664009265155
1492407668492804097
1492407674826334210
1492407681683968000
1492407691276398592
1492407696443654147
1492407706950332418
1492407707403436038
1492407708141641732
1492407712184877056
1492407712814088196
1492407716286849024
1492407722842726400
1492407729452773377
1492407729331314688
1492407731059408896
1492407731868815363
1492407742434213888
1492407755600244736
1492407756590137345
1492407757076672513
1492407762344570880
1492407774457696263
1492407779943858180
1492407782322032642
1492407782611439617
1492407783181799424
1492407784050073601
1492407784977022977
1492407785950220290
1492407786357108737
1492407792216551424
1492407796532486146
1492407804845510656
1492407809287372801
1492407814437830657
1492407816501358593
1492407817222823940
1492407817956855808
1492407818485473281
1492407821975134210
1492407828127965186
1492407828811849730
1492407831588392964
1492407837703639041
1492407842455752705
1492407845379354627
1492407848474746880
1492407852840804353
1492407865272848388
1492407865973239809
1492407867550408704
1492407871996411908
1492407885044797442
1492407893706129409
1492407900236623876
1492407902312620033
1492407903738806272
1492407908268716033
1492407917097541638
1492407918901309445
1492407924827717633
1492407930649559042
1492407931580600326
1492407936307634180
1492407937247158275
1492407944960528385
1492407945354752004
1492407971690819587
1492407989420105733
1492407994637643776
1492407997620006913
1492408004448501760
1492408004762816512
1492408011901607937
1492408015269789698
1492408019874942979
1492408028183683072
1492408037302501380
1492408048618409984
1492408054331342848
1492408058278035461
1492408059070713862
1492408064716197890
1492408066695843840
1492408068608385027
1492408076850409472
1492408079106904066
1492408084760719360
1492408085142380544
1492408094567059459
1492408094458011649
1492408095137742848
1492408102204944387
1492408105862270982
