1491049156588490753
1491049162690871305
1491049165128093710
1491049167644332049
1491049171834765316
1491049178038161409
1491049181431021570
1491049183553499143
1491049191283789829
1491049196140769280
1491049196899737602
1491049200444125187
1491049202730016769
1491049206681042944
1491049208044228610
1491049214075412483
1491049214406950912
1491049214557958145
1491049214541013000
1491049217405583361
1491049219851173899
1491049222229360640
1491049224674623489
1491049228252368897
1491049230034616327
1491049231368478721
1491049231737520131
1491049233700786176
1491049238775664648
1491049240046743561
1491049241950982146
1491049251459469319
1491049254856675328
1491049255405961219
1491049262255579137
1491049263047970818
1491049264117522441
1491049265225154560
1491049265376169986
1491049269041987588
1491049272015753216
1491049274884329474
1491049279599054848
1491049283931439106
1491049284799975428
1491049284963241988
1491049287073296384
1491049290378014720
1491049292903366659
1491049298846695425
1491049300641853441
1491049301547618309
1491049305284562946
1491049307247677443
1491049313908051971
1491049314973483008
1491049321772773376
1491049328043249664
1491049330165248001
1491049330220093441
1491049331809562631
1491049346972160001
1491049347840380933
1491049348679237633
1491049350797328384
1491049354832277507
1491049355217801216
1491049358561021953
1491049361333108738
1491049362025480197
1491049363271188491
1491049368153174018
1491049368623132680
1491049370573172739
1491049373274603520
1491049374893236227
1491049390148304902
1491049402664091648
1491049402496348167
1491049402387283971
1491049403108696066
1491049412420050944
1491049414567563268
1491049414903087105
1491049417696292867
1491049418979966981
1491049420170792963
1491049421693681666
1491049422767427587
1491049422884462596
1491049428618473472
1491049429813673985
1491049429658439686
1491049432544313348
1491049433056018432
1491049433387384837
1491049437745250309
1491049439879909388
1491049441176211457
1491049442790625282
1491049455239700480
1491049457148121091
1491049460797145090
1491049462227095555
1491049462537474052
1491049464416862210
1491049466849558528
1491049475192033282
1491049477884751878
1491049478220283907
1491049479919005701
1491049481823227906
1491049482959880193
1491049484687593476
1491049484951834627
1491049496125612035
1491049498528808962
1491049500516839428
1491049507001290758
1491049507454599168
1491049514404249612
1491049514634862595
1491049515968712705
1491049522054635521
1491049530854305793
1491049534411411456
1491049535686148102
1491049536672116737
1491049537372368898
1491049543256838147
1491049545706323974
1491049546520141834
1491049548961091584
1491049548910718982
1491049556192026627
1491049564379709445
1491049568082882561
1491049571295928329
1491049572327911430
1491049572801839105
1491049573372301315
1491049574089490432
1491049584059363336
1491049586290757633
1491049586714046468
1491049589251907586
1491049591277453313
1491049593823719428
1491049596335779844
1491049598525198337
1491049606683426822
1491049607731691521
1491049608440856576
1491049613960253440
1491049614052831235
1491049616900767745
1491049621749387266
1491049626694463490
1491049628837761026
1491049629068435457
1491049634235826177
1491049637775831041
1491049639604527104
1491049643429744644
1491049646675742722
1491049646680010758
1491049649486000130
1491049651411513344
1491049652824592386
1491049657153503238
1491049659103645701
1491049660647047171
1491049664564858880
1491049668075483140
1491049669170204673
1491049670462021634
1491049671460106243
1491049674421444610
1491049675163516928
1491049681119420422
1491049684068372480
1491049687398289411
1491049695757860865
1491049697016160260
1491049697305247745
1491049699180449793
1491049707317391361
1491049713155833861
1491049713315233796
1491049721817104385
1491049727521337345
1491049728355696642
1491049735104659457
1491049735762939905
1491049746324021251
1491049750313193478
1491049750984110083
1491049751973748739
1491049752716521476
1491049753836417026
1491049755589234695
1491049760920588288
1491049761147080719
1491049762866741250
1491049766343815168
1491049766947794947
1491049768675872773
1491049769484972034
1491049771770937347
1491049772555583497
1491049772756910084
1491049775684210693
1491049785029459970
1491049786484871170
1491049788472713224
1491049792554045442
1491049797909815297
1491049799319048194
1491049803308204034
1491049804071256065
1491049810102681601
1491049810362728448
1491049811570999298
1491049812527292420
1491049812715655168
1491049816901636096
1491049827471605761
1491049830193324033
1491049831489409024
1491049832567668736
1491049832558915586
1491049839836024833
1491049845309992963
1491049850443501573
1491049850783531008
1491049857423147009
1491049859125694467
1491049863169339392
1491049864993460224
1491049866557988866
1491049869146202113
1491049873751220227
1491049875601080324
1491049876259733504
1491049879669723136
1491049883603640320
1491049889664434183
1491049896652472327
1491049898237886466
1491049899047387140
1491049903232933889
1491049906890772480
1491049907108876288
1491049907792146437
1491049908203229188
1491049911109832707
1491049913299337216
1491049915329675264
1491049916973690884
1491049920920383489
1491049930055905281
1491049930542444548
1491049931079045125
1491049931628740609
1491049931880255493
1491049950603808774
1491049953237794816
1491049955414274053
1491049957968601091
1491049966587969538
1491049966797615109
1491049972238004231
1491049972774879237
1491049977363464195
1491049985302949891
1491049987148750850
1491049988998123522
1491049990470664195
1491049993016205312
1491049997860757506
1491049998762786819
1491050000301715457
1491050000570220546
1491050002394894341
1491050004626440200
1491050007654387716
1491050007885086723
1491050008950411274
1491050008585842690
1491050014373650434
1491050016240447494
1491050017725239297
1491050018546991107
1491050021839847427
1491050022171197447
1491050025471733762
1491050026461954055
1491050029473484801
1491050032333672452
1491050032438837253
1491050032619040773
1491050042253537280
1491050042593259523
1491050045772210178
1491050048695980035
1491050052349214722
1491050057164292098
1491050061325025289
1491050071823360007
1491050076193521665
1491050078001270787
1491050079628627971
1491050080711102467
1491050087833038853
1491050090685153284
1491050090773237762
1491050093231095809
1491050094451249154
1491050115540291587
1491050118099128322
1491050123534934017
1491050133366382595
1491050135006384131
1491050139448123393
1491050145315647489
1491050145818968064
1491050147530166275
1491050148507668489
1491050148876947459
1491050153973022724
1491050155776552967
1491050156988321793
1491050162378403840
1491050170897043460
1491050172289548288
1491050173681700871
1491050177553068033
1491050179742420996
1491050182003556354
1491050183526076419
1491050185316651017
1491050187233828864
1491050190467649540
1491050192107638787
1491050192119889922
1491050203977498624
1491050205944647681
1491050210604109826
1491050215218061312
1491050219441586176
1491050220293341193
1491050232943362048
1491050236898590722
1491050238412734466
1491050246872662019
1491050252488560644
1491050255978471424
1491050267231797249
1491050275221606400
1491050276601872384
1491050276920635392
1491050277029310466
1491050278271197197
1491050285518979076
1491050286655229958
1491050289566470146
1491050289960734723
1491050293051928576
1491050295069007877
1491050301696188424
1491050304984723458
1491050307828461571
1491050316720402432
1491050317555052552
1491050317772853251
1491050317949325312
1491050321065308162
1491050333178859525
1491050335795761152
1491050337465430016
1491050337620602881
1491050344117424132
1491050350991712266
1491050352300687360
1491050354913718272
1491050355635138561
1491050358604374019
1491050360248872964
1491050361205198858
1491050362639650816
1491050368671043585
1491050370705260544
1491050373280600068
1491050393216098307
1491050393920770049
1491050394427944961
1491050397020016643
1491050398953750531
1491050399662772224
1491050400870707205
1491050401814450176
1491050404737851392
1491050404985307138
1491050405132136454
1491050406947872768
1491050409641005056
1491050413994528770
1491050418197000192
1491050420487217152
1491050425617125376
1491050427651346437
1491050428456341511
1491050432218931200
1491050433334456330
1491050437298241536
1491050444105428992
1491050447104524298
1491050456902438913
1491050460484046858
1491050460937351170
1491050461184819200
1491050463965609984
1491050479043764226
1491050480394326018
1491050481220677633
1491050490884689920
1491050496899297281
1491050499675934720
1491050503463387136
1491050505480839169
1491050513638772738
1491050517291622400
1491050517682089994
1491050524883709952
1491050525445754882
1491050525764194307
1491050527546753025
1491050530885578758
1491050535134261249
1491050535415259136
1491050537797976066
1491050542348795906
1491050548501843972
1491050553954430976
1491050557687025670
1491050568584134658
1491050569137819648
1491050574279843846
1491050575626051594
1491050583226138628
1491050589903794179
1491050589903794180
1491050591681843206
1491050592168333315
1491050595045998594
1491050596027154439
1491050597755146242
1491050599026073610
1491050599772610561
1491050602868011013
1491050605590159363
1491050605820792833
1491050606811041797
1491050608446812165
1491050609948377090
1491050610309103617
1491050610442924034
1491050612171378690
1491050612590628870
1491050615149314048
1491050616239521792
1491050618202767362
1491050624192225283
1491050624045121538
1491050627060830212
1491050628251979776
1491050628319432704
1491050629476896773
1491050629737107456
1491050630231724033
1491050630215245824
1491050638016487426
1491050640260603904
1491050643129192454
1491050648728522754
1491050650582786055
1491050652373766145
1491050656743845889
1491050657695993861
1491050662595276803
1491050676860108802
1491050679338958851
1491050679162798080
1491050679586422788
1491050681763270663
1491050684481171462
1491050687093895178
1491050693297246209
1491050693402456068
1491050694064758789
1491050695369564161
1491050697961644034
1491050701036081152
1491050706194735104
1491050715078602759
1491050715040870403
1491050722556735494
1491050729532190721
1491050737052549120
1491050740709982209
1491050744534863875
1491050750696632321
1491050759273979905
1491050762662604806
1491050769143189506
1491050769289646081
1491050771244515329
1491050779918348297
1491050782439124994
1491050784028381188
1491050787417772032
1491050788277612545
1491050804035215367
1491050804567891969
1491050805428129793
1491050814143856641
1491050825271377922
1491050825774366723
1491050826546270209
1491050826965864450
1491050828295467012
1491050839469096966
1491050842685800449
1491050843176460292
1491050847421476865
1491050854958641152
1491050856011431937
1491050858846429184
1491050864706228227
1491050878136197120
1491050879444975616
1491050880254488583
1491050883182112768
1491050884528508928
1491050885488988168
1491050887569371136
1491050889255473154
1491050890945794049
1491050894493814787
1491050899804143616
1491050907819134976
1491050910373793792
1491050910591893508
1491050919760654339
1491050931311751170
1491050938924032006
1491050941851701249
1491050942661541888
1491050943231987718
1491050943634632705
1491050943739469825
1491050945555607556
1491050953990352896
1491050954149412866
1491050957068996613
1491050960415821833
1491050961477189632
1491050962563530761
1491050965062991872
1491050966178664450
1491050967617646600
1491050970272628749
1491050974987063297
1491050975867850762
1491050976102711302
1491050977343905797
1491050981530177537
1491050985107898369
1491050992149811204
1491050992489545733
1491050993211289603
1491050997094883329
1491050999678906374
1491051002686230529
1491051002879176710
1491051005362196482
1491051016141164544
1491051022311358466
1491051025327079425
1491051029068410883
1491051042217541632
1491051043438067712
1491051044004331523
1491051044352434176
1491051053193646084
1491051055773323267
1491051067135512580
1491051071464415232
1491051077688762369
1491051082415755271
1491051084227690497
1491051086266138630
1491051090842124288
1491051094604226565
1491051096726700039
1491051101029732357
1491051102116388864
1491051107996811264
1491051113457790982
1491051113835286536
1491051116536397827
1491051119581163522
1491051121519263744
1491051123725144064
1491051123767054337
1491051129064632323
1491051129593274368
1491051143266377734
1491051148815777797
1491051151147831297
1491051152506785798
1491051158810820610
1491051161205411841
1491051168629682181
1491051173247582224
1491051174916669446
1491051182151778306
1491051193577390088
1491051196475674629
1491051202263797764
1491051209742237698
1491051211071852545
1491051216172105730
1491051216021094408
1491051218210549761
1491051218747408384
1491051223927365635
1491051226317791232
1491051231242067968
1491051234408943620
1491051234421534720
1491051236531257347
1491051241379872768
1491051243976146950
1491051245905539075
1491051250024333315
1491051250657366016
1491051251236507649
1491051251580096515
1491051252901371904
1491051255598235648
1491051257871495169
1491051258647826433
1491051264477597701
1491051268756086787
1491051279011180555
1491051284438257664
1491051285256478725
1491051287563030532
1491051288791969796
1491051296983445506
1491051306005372932
1491051306978770948
1491051308769738755
1491051315145097217
1491051316734750722
1491051316004929537
1491051318537908238
1491051329027915777
1491051330894401538
1491051334409154560
1491051334673440768
1491051338725470208
1491051345658642433
1491051355724660736
1491051355741749248
1491051364239421440
1491051366239784960
1491051376427687942
1491051377841553413
1491051385730838540
1491051389748854785
1491051393565999104
1491051394287423489
1491051394039627782
1491051395013038080
1491051399177973762
1491051400343994371
1491051402910920707
1491051403439185926
1491051405800800256
1491051407046492160
1491051407302356992
1491051411043352579
1491051411190464513
1491051413387890690
1491051418002034689
1491051422820962304
1491051441750003719
1491051441871802374
1491051447219527681
1491051447726710784
1491051447039201281
1491051448573968385
1491051450591768578
1491051457013219334
1491051458682589184
1491051469365465096
1491051471684587526
1491051473127362560
1491051474322804741
1491051478391443461
1491051480467767300
1491051482300354564
1491051490609606656
1491051494204149762
1491051496921726985
1491051511446917122
1491051512260599810
1491051513178853376
1491051513212719104
1491051513686691845
1491051515674767360
1491051519147655169
1491051520036532228
1491051520796033032
1491051523253571590
1491051527779549186
1491051529993818112
1491051535639662592
1491051536864407558
1491051536906350594
1491051538928009216
1491051541515870208
1491051545038786560
1491051549929345029
1491051550823030785
1491051553725501444
1491051557298716672
1491051561346547713
1491051563296919554
1491051567721500679
1491051568275152902
1491051571878064134
1491051573039886337
1491051574508257282
1491051578672836611
1491051584557666305
1491051590048161793
1491051590866059264
1491051591079661568
1491051593520742402
1491051596041445379
1491051594766757890
1491051598646476800
1491051603562209281
1491051606258769923
1491051608515682305
1491051623208009728
1491051629470044166
1491051637460258818
1491051641080279040
1491051642510266373
1491051648537722881
1491051656116465667
1491051659078041600
1491051661120671745
1491051668552957955
1491051671618985991
1491051671790579720
1491051671899754501
1491051683958636544
1491051685753794561
1491051687125020674
1491051692787662852
1491051695904030722
1491051698810679296
1491051703092715529
1491051703449239554
1491051707979427841
1491051712479522816
1491051713666510849
1491051714031792129
1491051721141157895
1491051722269405187
1491051727403220992
1491051729827164160
1491051731320713219
1491051736684908548
1491051738102521858
1491051738098323456
1491051740971429890
1491051743492276227
1491051751029415944
1491051751138807809
1491051751725998082
1491051751675334658
1491051750736134144
1491051754821402628
1491051765017739270
1491051771199901697
1491051772680441858
1491051776594030596
1491051778917683202
1491051784793563137
1491051788279058432
1491051788484898816
1491051788472307712
1491051788983685120
1491051797351317504
1491051798224060416
1491051798748143620
1491051801784700931
1491051804746194945
1491051809057611779
1491051809477398533
1491051810664386561
1491051813445201925
1491051821766303750
1491051820394766339
1491051834907136000
1491051838682320906
1491051840540065793
1491051840754302978
1491051841622519814
1491051842595594240
1491051843278934017
1491051854637068288
1491051855421472769
1491051857149833223
1491051859179499523
1491051860236840964
1491051860035502083
1491051861008273419
1491051863500034052
1491051866540879873
1491051868935815171
1491051872261578759
1491051872589053952
1491051875709616129
1491051879786168327
1491051879987621895
1491051888468398083
1491051891735728128
1491051897473896452
1491051907183374338
1491051907028516867
1491051910300057604
1491051913722281984
1491051917438439429
1491051917405229059
1491051917900120067
1491051918684471299
1491051922065084418
1491051925227204608
1491051925974188034
1491051928868245513
1491051933184196613
1491051933381316614
1491051933968531460
1491051938695114753
1491051939567894532
1491051940582592518
1491051945934880768
1491051949617459204
1491051952108556292
1491051955019390980
1491051954935533574
1491051956512915460
1491051962607239172
1491051963168931842
1491051966398894080
1491051969946939397
1491051975076880387
1491051976326811653
1491051980978286594
1491051984861995009
1491051989295562753
1491051990881042432
1491051993812856834
1491052006789636097
1491052012645273601
1491052017330298893
1491052020698017795
1491052022111477768
1491052029418311683
1491052029506056192
1491052029959020553
1491052032618528768
1491052035453734912
1491052035487469569
1491052037668499456
1491052040482848770
1491052047390629888
1491052049114759168
1491052050821500931
1491052054277914629
1491052059763769348
1491052062469152769
1491052066541740033
1491052071486824449
1491052078755573760
1491052085562916864
1491052099605786636
1491052102877343749
1491052105628811265
1491052106135969792
1491052108350570501
1491052112952049670
1491052117473341445
1491052123920154626
1491052124553486339
1491052124796764164
1491052134489460736
1491052139988529154
1491052142748385282
1491052143062962182
1491052157780791299
1491052163833163776
1491052167008235525
1491052169436483586
1491052174427955202
1491052178710351872
1491052180165390338
1491052180367089670
1491052182149693441
1491052182174834689
1491052182279389187
1491052184586366978
1491052185924554752
1491052186700500992
1491052186809212928
1491052190529880064
1491052195118149632
1491052196594864132
1491052206216613889
1491052213221085184
1491052213414010885
1491052215695396867
1491052216811421698
1491052218354909187
1491052219328008192
1491052245785649152
1491052245604917253
1491052248566493185
1491052250600382466
1491052253096333314
1491052258993197057
1491052263275900935
1491052266828480513
1491052270057705473
1491052270942834690
1491052271891025921
1491052275586207750
1491052281521127424
1491052288097779712
1491052298868760576
1491052302010298369
1491052303524065281
1491052303557984256
1491052305520594944
1491052311636230151
1491052315025223680
1491052315230760962
1491052317420187648
1491052318371942407
1491052319424737280
1491052322000039938
1491052326274035717
1491052333815328770
1491052340345925632
1491052342166560769
1491052344246927360
1491052345504894976
1491052349473050624
1491052354225192964
1491052356464570370
1491052357026992134
1491052357530320900
1491052358754717697
1491052370155151373
1491052377712959488
1491052378862518275
1491052380854489090
1491052381609799682
1491052381613989899
1491052381840502789
1491052392137523201
1491052395064807426
1491052395115134977
1491052395572658177
1491052395992084480
1491052396768034816
1491052400781656064
1491052402203852801
1491052404015767554
1491052409182822400
1491052413926535170
1491052414535086086
1491052415042215941
1491052421035921413
1491052423619969025
1491052427998806017
1491052430066597892
1491052431005732864
1491052433015189514
1491052435288522754
1491052444394344451
1491052448210829312
1491052453524959233
1491052457119858688
1491052458600464385
1491052466451800066
1491052472441266181
1491052473196630021
1491052473934807041
1491052484223111170
1491052491257315329
1491052496177238018
1491052501474623493
1491052507367616512
1491052508512681985
1491052509452210181
1491052517157122049
1491052517534277635
1491052518612570115
1491052525876756484
1491052526166237189
1491052528985083909
1491052541467295745
1491052541651877890
1491052544491020289
1491052546965663745
1491052549658476546
1491052549944004612
1491052556692254721
1491052556910759938
1491052564216954883
1491052568285687811
1491052568318861314
1491052574283550723
1491052579786149896
1491052582772830209
1491052584890961921
1491052589382717443
1491052592314855426
1491052594588155907
1491052604448657412
1491052620127293446
1491052626804625408
1491052645972611072
1491052650380800005
1491052654738677763
1491052658421284864
1491052659272749057
1491052661164351489
1491052662653030405
1491052663538356224
1491052664343314439
1491052666298028038
1491052667569053699
1491052675328139266
1491052676355964932
1491052679539625992
1491052680675872769
1491052681041149954
1491052681452208130
1491052687651381250
1491052688989065219
1491052689111011328
1491052692479025152
1491052693187481605
1491052697574789121
1491052697574797314
1491052697721925635
1491052697889677316
1491052700104261632
1491052702704758791
1491052708391907330
1491052710074150912
1491052715719692291
1491052716311068674
1491052723269111812
1491052723575599104
1491052727924707333
1491052740424105985
1491052743322398724
1491052746031923201
1491052746887561219
1491052747395051520
1491052747977756680
1491052751396405249
1491052755225841668
1491052757016805376
1491052768680812545
1491052769180291073
1491052769356447744
1491052777736310789
1491052778390978561
1491052785290575872
1491052787123523586
1491052795667300354
1491052796346789890
1491052807566557186
1491052808052826119
1491052810448031745
1491052812662292482
1491052818559430657
1491052820245934087
1491052821940441089
1491052829762781190
1491052836519804937
1491052838327582724
1491052841439731712
1491052844547330049
1491052846883930113
1491052847651516418
1491052847664103425
1491052852503977986
1491052854865719297
1491052855637458945
1491052864156090368
1491052865103691781
1491052866886574082
1491052870195548161
1491052873933033472
1491052880354476034
1491052881457594376
1491052882707181573
1491052883437305862
1491052884645265416
1491052885311848448
1491052887149248513
1491052887551909889
1491052891263893506
1491052894237257728
1491052895487561737
1491052902819196929
1491052909169033216
1491052916450693120
1491052918199533578
1491052921982980099
1491052924109463552
1491052934720745473
1491052936147128321
1491052940324671488
1491052942438268930
1491052944934174720
1491052945684967431
1491052947333324802
1491052949488877568
1491052948327366657
1491052958548922374
1491052971488018434
1491052972603703297
1491052973824385032
1491052975540031488
1491052976424640513
1491052980589973507
1491052982120890372
1491052981894410240
1491052984255463430
1491052985417273344
1491052991071555585
1491052999036194817
1491053003327307784
1491053004870459392
1491053006275559426
1491053007374798852
1491053008129789955
1491053011053191176
1491053011095146507
1491053012747710465
1491053021937102852
1491053023720013828
1491053025934602240
1491053027364466688
1491053030938398722
1491053033735987202
1491053036172570627
1491053037393412102
1491053050282508288
1491053062131109895
1491053069496320003
1491053073640615939
1491053083652407299
1491053084591923205
1491053085761761282
1491053085988630530
1491053086366121984
1491053086369988609
1491053090392666113
1491053092980555782
1491053094159134720
1491053097510002691
1491053097443270662
1491053104225472515
1491053106792398849
1491053110315429894
1491053127046676481
1491053132394426368
1491053135645011969
1491053136043442179
1491053136685178883
1491053142108098560
1491053143815192582
1491053146189463555
1491053149859495943
1491053150308306944
1491053153592430597
1491053153642762243
1491053157455400968
1491053157702537220
1491053159522971650
1491053160483688451
1491053164229193733
1491053166594764806
1491053167446040576
1491053176245882880
1491053176186757123
1491053179878113280
1491053180108615680
1491053185741766659
1491053197301280770
1491053200929333252
1491053203453923329
1491053205186564105
1491053205547290626
1491053211452588037
1491053212539158531
1491053215818797056
1491053217009995778
1491053217634942977
1491053218067271682
1491053225088524290
1491053225235349512
1491053227164708866
1491053232881233924
1491053236811632641
1491053238262824968
1491053256390311937
1491053256520474629
1491053266725380098
1491053267735875587
1491053269728505860
1491053273226174465
1491053276200333313
1491053277705740291
1491053278297485314
1491053281790939137
1491053284446011394
1491053289089417220
1491053290804576258
1491053293878984706
1491053296060334080
1491053297125539840
1491053303618469892
1491053304750632966
1491053304729993220
1491053310073516035
1491053316792786945
1491053317467750408
1491053317644234754
1491053319791722499
1491053323260022787
1491053329358942208
1491053334236905476
1491053336128536576
1491053336706961412
1491053336933502977
1491053356210876420
1491053360895565824
1491053361722171392
1491053367761960965
1491053367971708929
1491053370592821248
1491053374158290944
1491053375450136579
1491053379757682695
1491053383373160448
1491053394945273857
1491053395385683968
1491053397755273218
1491053401807147015
1491053404311134209
1491053405649141760
1491053405699145733
1491053415409287169
1491053415795163140
1491053418164948996
1491053441095188488
1491053450494283776
1491053455745884161
1491053460099190788
1491053460363431939
1491053461253005313
1491053461454012416
1491053464008654850
1491053469033467904
1491053480500346884
1491053486041354240
1491053489983991813
1491053490764132357
1491053491431026695
1491053494618701828
1491053501840904192
1491053510506717184
1491053511840497664
1491053512268345344
1491053528647102466
1491053533713813506
1491053540747350017
1491053542144036868
1491053543830159360
1491053544447033348
1491053548834287617
1491053550059016193
1491053552575287297
1491053557420032003
1491053559408132096
1491053559391010822
1491053566731386881
1491053572347232258
1491053575224451075
1491053576923549699
1491053578953261058
1491053583512518658
1491053585043718147
1491053588810186754
1491053589321580549
1491053595919196166
1491053596737036296
1491053597924413445
1491053599769919492
1491053603808681992
1491053604564004871
1491053605776138241
1491053607461871617
1491053614881992712
1491053621043412993
1491053622075195394
1491053626391154691
1491053628760924165
1491053630581276673
1491053636365225984
1491053637367263232
1491053638436864001
1491053641213509636
1491053642102697984
1491053643008987141
1491053642312466439
1491053647060475905
1491053650546139138
1491053654396194820
1491053655227002883
1491053655256354816
1491053656342286338
1491053656518836226
1491053658074595329
1491053666249617408
1491053666690015239
1491053674562715648
1491053675347066882
1491053677460611073
1491053679473922050
1491053679574917120
1491053686810112001
1491053690979229702
1491053694133338119
1491053697832742913
1491053711246131200
1491053716224413696
1491053718971858944
1491053721014325252
1491053725871648769
1491053726559518731
1491053727746502665
1491053728719605761
1491053730619600900
1491053736852353024
1491053745639018497
1491053746209845250
1491053746771890181
1491053747312939009
1491053747816255489
1491053749754003458
1491053749946949632
1491053749913067523
1491053754191429636
1491053756469100550
1491053757295374344
1491053759233159169
1491053763175456776
1491053769282494465
1491053770171584521
1491053771736039427
1491053772449013761
1491053772973678597
1491053773397331970
1491053776890859520
1491053778245939201
1491053781626327041
1491053787842183169
1491053788546801668
1491053803579506690
1491053805961879552
1491053806934626304
1491053811070550020
1491053811179601921
1491053811284152323
1491053817584320512
1491053818469314565
1491053821602111494
1491053823758315520
1491053826698137601
1491053836877787136
1491053842305515526
1491053842641092612
1491053848328224769
1491053851138740225
1491053858222919682
1491053858558148609
1491053862329151489
1491053864123973634
1491053869572702211
1491053874366808064
1491053878003085312
1491053878200381446
1491053878338781185
1491053885603323907
1491053887369134083
1491053890124808195
1491053892444237828
1491053912618835971
1491053914560425990
1491053914640482304
1491053917601341447
1491053924375482369
1491053926057140226
1491053927000805376
1491053927575728130
1491053934542471169
1491053936325066755
1491053938249850887
1491053944571072515
1491053945447452682
1491053946605309955
1491053948954103814
1491053950325657600
1491053950367264770
1491053955660464132
1491053957057495042
1491053959133696001
1491053960911732740
1491053964598845440
1491053967950098434
1491053971196485633
1491053972261519361
1491053976145444868
1491053980050333699
1491053981077962752
1491053983951388672
1491053986086293504
1491053986845442048
1491053991517913089
1491053992981450754
1491053993044307969
1491053997230555138
1491053997863489539
1491053998610075652
1491054000635973635
1491054004125659140
1491054008802623494
1491054009947680772
1491054010698469381
1491054019279986690
1491054020185964552
1491054022669004801
1491054030109679618
1491054034253656066
1491054037164179456
1491054039131656195
1491054043409498112
1491054046022488067
1491054047633485824
1491054048031641601
1491054060107022338
1491054060413554688
1491054061709238275
1491054063215325185
1491054063655751680
1491054064314232835
1491054065253765124
1491054073671729152
1491054074330238978
1491054074661277699
1491054083981320193
1491054084262006789
1491054086703042560
1491054087504236545
1491054090721570819
1491054101001424901
1491054104604721160
1491054104847974402
1491054110963277835
1491054112359981057
1491054117460283394
1491054130944634882
1491054131087568900
1491054132748500993
1491054137899102211
1491054140935774209
1491054142554767360
1491054146816217089
1491054147176923136
1491054149596708867
1491054152033521665
1491054153950724096
1491054156811214854
1491054160674193410
1491054163341774849
1491054164100919300
1491054166478753801
1491054166986604546
1491054169381556226
1491054171033800705
1491054175039660034
1491054176964546563
1491054180630687744
1491054181481783309
1491054182920437763
1491054185114005511
1491054188574683137
1491054190948659202
1491054190969655296
1491054191317778433
1491054193079365634
1491054198712320002
1491054198833795074
1491054205112516612
1491054210871627776
1491054211626565632
1491054223748112388
1491054230085550081
1491054235190177792
1491054235613802499
1491054243952099328
1491054247420784640
1491054249492447233
1491054256681488393
1491054260767047682
1491054266022510593
1491054272544264198
1491054276101423109
1491054277283827712
1491054287274737666
1491054291146223618
1491054292165292032
1491054294929272834
1491054296460263427
1491054298494496772
1491054300734570498
1491054315167174662
1491054327821398017
1491054328676634631
1491054332053102593
1491054335052369920
1491054335132078084
1491054336155156483
1491054341767467016
1491054342735945739
1491054347056074761
1491054350386761735
1491054357521252354
1491054362080452614
1491054363497750532
1491054366979428354
1491054373522526216
1491054376017752075
1491054376244617217
1491054378295656449
1491054378651840514
1491054378584883205
1491054383898906634
1491054389909667843
1491054393390956546
1491054393810382848
1491054394552381442
1491054400533516296
1491054400785293317
1491054404136357889
1491054406485573633
1491054407840329729
1491054410491117570
1491054417419718661
1491054418116362241
1491054417936007173
1491054421341458437
1491054421270482945
1491054429369692164
1491054429818142729
1491054440547512322
1491054443852283904
1491054443965521920
1491054447988211712
1491054452479913986
1491054453595656196
1491054455802167298
1491054462936707075
1491054468401868803
1491054470075015172
1491054473741234176
1491054475490267136
1491054479323529220
1491054481261625347
1491054489566322688
1491054497418059776
1491054500727209990
1491054504833609733
1491054507366621187
1491054508201287686
1491054512345579525
1491054512513359874
1491054512924426245
1491054513393909761
1491054517949206529
1491054519844687877
1491054523393376265
1491054523703754754
1491054531702292481
1491054533086171138
1491054533854007302
1491054534223101956
1491054535867265024
1491054538241060864
1491054539071389696
1491054541617664003
1491054541651210240
1491054542234189829
1491054544876609536
1491054546264592387
1491054552371527681
1491054554951335939
1491054554913603590
1491054566007136260
1491054567311613953
1491054568695754754
1491054569421705217
1491054574655913988
1491054579835805702
1491054582264659972
1491054583283875845
1491054583648440320
1491054590875570177
1491054591445995522
1491054594650406912
1491054598747942915
1491054604528005120
1491054603894333444
1491054604850991109
1491054605610123268
1491054610995638272
1491054624337727488
1491054627328229383
1491054629358284801
1491054630905659392
1491054632290103299
1491054635083505670
1491054634596986880
1491054637193248769
1491054654704488449
1491054667480317953
1491054671532019715
1491054677848649729
1491054680394240000
1491054684081033216
1491054696777543682
1491054708437716992
1491054710832635906
1491054713248239618
1491054713550536706
1491054715257634817
1491054716461383682
1491054724275073024
1491054724329934848
1491054730667503620
1491054736510189571
1491054741056782336
1491054743002697735
1491054744097685504
1491054747528630276
1491054752809234433
1491054765950013441
1491054771553566723
1491054775231680517
1491054775433330688
1491054776678862848
1491054778323017728
1491054783998066688
1491054791883370496
1491054792810311682
1491054792801943552
1491054795284566017
1491054798992384001
1491054798837542914
1491054800485892098
1491054806374686725
1491054813093961732
1491054816856276996
1491054817435070465
1491054820110712834
1491054821574512641
1491054821759385602
1491054823835574278
1491054834493329410
1491054837651234821
1491054842952892417
1491054849600856069
1491054865505992708
1491054866407788545
1491054867296952322
1491054867825442816
1491054872023613443
1491054876331175937
1491054880290906112
1491054887018594309
1491054888432054272
1491054891024158723
1491054891464278020
1491054892055928833
1491054892630245377
1491054895813861381
1491054898154074118
1491054906140393472
1491054906597572608
1491054907796779014
1491054914117992451
1491054915942498305
1491054920417812481
1491054922896650241
1491054929150377989
1491054931603701761
1491054934183510016
1491054935559254020
1491054935747665925
1491054938952114177
1491054940948938760
1491054945046773765
1491054948125065217
1491054953053364227
1491054953317961729
1491054958237536257
1491054967343312900
1491054973421232129
1491054976697004036
1491055000327692294
1491055001946312708
1491055004031287298
1491055003821576202
1491055006656921606
1491055013862330371
1491055015586242562
1491055015494303744
1491055021525377028
1491055021768658946
1491055022473285635
1491055024562053120
1491055024859975682
1491055030174371843
1491055039854813185
1491055041704501250
1491055042715021317
1491055044174958596
1491055044904783872
1491055045093502978
1491055053217890304
1491055053632774148
1491055055088144388
1491055055390134275
1491055062139179011
1491055063091257350
1491055067893407746
1491055073559908352
1491055076672098304
1491055078287245314
1491055078228168705
1491055080228851714
1491055080422141952
1491055082007572485
1491055086889750530
1491055091885178888
1491055093437054976
1491055094200438789
1491055101204901892
1491055103847309314
1491055104593887236
1491055108242620416
1491055108184244227
1491055109790638087
1491055121991868416
1491055125577678848
1491055127679152134
1491055129952337926
1491055131231920129
1491055132712513541
1491055132687364101
1491055133123579905
1491055134050504712
1491055136466214914
1491055138685222912
1491055140727443456
1491055146146856961
1491055146444496897
1491055146901843976
1491055149691052036
1491055155907010560
1491055157462794242
1491055163972349958
1491055166145306627
1491055169701756929
1491055170998108160
1491055182679273478
1491055183589163015
1491055185468473346
1491055187376541696
1491055187708231687
1491055189163651074
1491055191365685248
1491055193563496450
1491055195710967810
1491055207048171520
1491055207081717761
1491055207777976320
1491055208746860545
1491055210764120064
1491055213360578563
1491055214303973377
1491055219228442626
1491055223242379269
1491055224278388743
1491055229097619457
1491055229898747909
1491055235720445952
1491055241269485568
1491055243664437248
1491055244427800585
1491055250572480515
1491055251923017731
1491055252442779650
1491055253512327168
1491055253843812353
1491055256637112323
1491055257035501571
1491055260085153795
1491055265520635906
1491055268808970243
1491055272940703746
1491055276807843848
1491055282306564098
1491055285766553600
1491055291592429574
1491055293609897984
1491055299788083202
1491055302564745219
1491055303005143044
1491055330511691776
1491055335301394436
1491055342377185281
1491055345673793539
1491055346588450817
1491055348467519490
1491055350191394822
1491055353429381133
1491055356046282753
1491055356084371457
1491055358512492545
1491055368314974211
1491055369866846211
1491055370508578825
1491055373058396168
1491055381933481987
1491055382571393026
1491055396542627843
1491055399101149184
1491055404826066946
1491055408257007621
1491055409595305984
1491055410652250113
1491055415831904262
1491055417421877248
1491055419980419072
1491055422089822215
1491055422806974466
1491055427878256641
1491055428490305538
1491055431480975361
1491055435658698755
1491055437092831233
1491055441597841409
1491055443296546816
1491055443870830600
1491055444991029254
1491055445972520970
1491055449210245124
1491055449902174208
1491055451467034625
1491055459096494081
1491055462506135555
1491055462917324800
1491055466772066306
1491055476133740544
1491055476385419266
1491055478083780612
1491055479081955328
1491055485352497154
1491055495389806595
1491055497658572800
1491055506751836163
1491055514171674624
1491055514574209027
1491055517334179841
1491055517292109831
1491055519200874498
1491055524787666947
1491055527534919683
1491055532786188294
1491055535772168194
1491055541065773057
1491055542848360453
1491055542940229636
1491055547944402947
1491055552444743685
1491055557058625537
1491055558635442177
1491055560804167684
1491055567653146631
1491055568869814276
1491055569381527553
1491055576155303937
1491055589392543744
1491055593393893380
1491055595168104449
1491055596577366027
1491055599152349186
1491055603598630920
1491055608157868032
1491055609201913861
1491055610720256000
1491055615061688322
1491055616609390595
1491055616822956035
1491055616953323521
1491055618504810497
1491055621382164481
1491055622334590977
1491055624825630723
1491055629213237248
1491055630433406979
1491055632174428162
1491055636259680256
1491055640785350664
1491055642659885057
1491055643121557510
1491055647282331649
1491055647999160320
1491055649165570048
1491055649177800704
1491055649635323907
1491055655037566978
1491055655465066496
1491055660590833669
1491055668031557633
1491055672532017153
1491055676223012871
1491055687778340869
1491055689602842628
1491055692194906114
1491055692727209985
1491055694027837440
1491055695206428672
1491055699249430529
1491055699249758208
1491055702290595842
1491055704123543569
1491055705805115396
1491055709856821249
1491055710658265088
1491055713418096640
1491055713631625216
1491055713715515396
1491055715624316928
1491055725321199618
1491055728488255490
1491055730484740097
1491055731826733064
1491055734053761024
1491055735144579074
1491055741481852928
1491055741880664066
1491055750881607686
1491055752206688260
1491055753674641410
1491055768191180802
1491055775275700224
1491055777645473797
1491055780874706946
1491055785019084800
1491055785987969026
1491055788882038790
1491055789934460930
1491055790312112137
1491055793042771972
1491055794712104961
1491055796146573314
1491055797891387396
1491055802740019209
1491055807706071044
1491055818091151362
1491055827406716931
1491055833731731456
1491055836344434689
1491055839847018498
1491055841205964801
1491055841646354434
1491055842321649666
1491055843370213378
1491055845987463169
1491055847170281474
1491055851494600706
1491055857865428995
1491055858847207424
1491055858947887112
1491055866237231108
1491055874139619328
1491055876769128454
1491055882188521474
1491055884331405317
1491055893097906179
1491055893194371075
1491055895543181313
1491055895723139074
1491055898768252940
1491055908360982529
1491055919668809728
1491055925993807878
1491055929868963842
1491055933963014147
1491055936974495744
1491055939545616387
1491055946369433600
1491055952812208137
1491055953424556041
1491055955752091651
1491055968121389059
1491055968775720961
1491055969341562882
1491055976077742083
1491055976908472321
1491055986790244356
1491055987268399105
1491055990242177028
1491055994738069507
1491055994998517760
1491056003252887552
1491056005102596099
1491056005517565953
1491056007568850944
1491056013411504130
1491056015680229379
1491056016779190273
1491056018247544833
1491056018566320128
1491056021758160896
1491056028745895939
1491056029928361986
1491056032990515200
1491056034055860224
1491056043215896579
1491056049939382274
1491056051005063169
1491056052653101056
1491056053475164170
1491056054901559298
1491056058701578253
1491056059049336834
1491056059850850304
1491056064942702594
1491056067119226887
1491056067442135043
1491056068264591364
1491056069128245252
1491056070609219587
1491056070667935746
1491056071154466822
1491056071674269700
1491056074950324231
1491056085696155653
1491056090192449538
1491056094055374852
1491056094080159744
1491056095670181888
1491056098081607687
1491056100593995777
1491056102448197636
1491056105363238976
1491056109234561028
1491056115416956932
1491056115978993665
1491056123788820481
1491056127009701888
1491056128519962628
1491056132940771330
1491056133494439937
1491056136379715585
1491056143057448960
1491056144051159042
1491056147650203659
1491056150103863301
1491056151878078464
1491056153358311425
1491056157095460865
1491056160660934659
1491056162552553474
1491056167413751813
1491056169502199818
1491056169883865088
1491056170370355202
1491056170492375042
1491056172530806784
1491056176599277570
1491056178452844545
1491056178591576065
1491056183226302467
1491056189232369668
1491056191338090503
1491056193355513863
1491056193850470403
1491056195360403463
1491056198384504833
1491056198610993152
1491056199646978054
1491056203899850752
1491056204793389060
1491056205820690432
1491056207875903492
1491056220316180481
1491056221574422536
1491056223822643201
1491056227261894658
1491056229049073664
1491056232458715137
1491056232807174145
1491056235071770626
1491056238368485379
1491056244207292416
1491056244387311618
1491056248388976645
1491056253120180225
1491056259843330050
1491056263119048706
1491056263295221764
1491056270471995393
1491056271994531842
1491056275203194880
1491056278671851520
1491056279372300293
1491056279497809920
1491056279921430530
1491056285348859906
1491056289040183296
1491056291048919041
1491056291380613128
1491056292450160645
1491056298095706112
1491056299685003268
1491056301400473600
1491056304856567810
1491056309306728451
1491056310170755079
1491056313442631684
1491056318127706113
1491056319893487617
1491056322821103616
1491056325748719626
1491056328655065089
1491056328919289856
1491056334963617795
1491056336897212417
1491056338151276547
1491056340558483459
1491056355901247492
1491056359906824195
1491056366123118592
1491056369109110787
1491056373349875715
1491056375287349256
1491056378378878977
1491056379037368330
1491056380316250114
1491056382816047106
1491056388743000064
1491056388889473024
1491056388625563648
1491056393939722242
1491056395852328968
1491056397538443265
1491056402189918211
1491056401829216256
1491056409525784576
1491056419746955265
1491056425157951491
1491056426604990464
1491056427531923460
1491056428844740611
1491056428945387521
1491056430816055297
1491056436646146050
1491056439640850433
1491056446397501443
1491056447626813448
1491056449510076421
1491056455562059776
1491056469592408068
1491056473480130571
1491056474218721288
1491056476973985795
1491056480828764168
1491056481461882886
1491056481919127552
1491056485937586176
1491056488302870528
1491056494238105601
1491056501997604868
1491056503352356867
1491056508024803330
1491056508553302020
1491056509526351873
1491056512340348933
1491056514542358528
1491056524902350848
1491056525892554788
1491056533337116675
1491056545479933956
1491056553965010944
1491056557731479552
1491056564270428174
1491056566161666050
1491056568472768517
1491056571136512002
1491056571681767427
1491056573552422913
1491056575729270784
1491056577591529472
1491056577864138752
1491056580007055361
1491056581701963776
1491056584877043714
1491056587019997186
1491056593555066882
1491056596830814212
1491056601985216512
1491056606024400897
1491056608834560002
1491056609061404677
1491056609606324227
1491056611380449282
1491056612085166084
1491056615923253252
1491056619592978433
1491056621404901381
1491056624869330948
1491056626518097921
1491056628007063554
1491056629005295617
1491056631907782658
1491056646545887232
1491056649238618112
1491056650693791745
1491056658549985281
1491056661251133441
1491056661129498627
1491056665109549056
1491056665638367233
1491056666061971456
1491056667491897346
1491056668918046720
1491056670864461826
1491056672957415429
1491056674840489991
1491056675054587904
1491056681295355904
1491056684558876675
1491056684936339461
1491056687729426433
1491056689784573954
1491056693983121412
1491056704133672962
1491056705677008896
1491056706545418250
1491056708487364613
1491056709825339395
1491056715483484162
1491056715642830855
1491056716473311232
1491056718494994432
1491056728263180288
1491056730175782914
1491056731002060808
1491056732302286848
1491056737352183809
1491056745787322369
1491056750287818752
1491056753316085761
1491056755614183425
1491056765433442304
1491056768046501889
1491056771376496642
1491056778116689926
1491056783162753028
1491056784190361600
1491056787239608322
1491056790796369922
1491056799285649410
1491056804113313794
1491056804981534722
1491056810714808322
1491056812916834305
1491056813088772098
1491056817006587905
1491056822345601027
1491056828104712196
1491056828347650048
1491056828775829507
1491056829245571073
1491056835310534661
1491056849122361346
1491056849206284294
1491056851223715840
1491056851282120709
1491056859360690179
1491056859679457283
1491056863055597573
1491056866524540934
1491056867677978624
1491056869221498881
1491056871406714883
1491056872455303170
1491056880210219010
1491056880537718792
1491056881284292611
1491056891778142209
1491056892566982657
1491056895024824327
1491056906554671107
1491056912850317324
1491056913706065921
1491056915434000386
1491056917850238982
1491056918730731521
1491056918898819072
1491056920282599426
1491056922413658112
1491056926859620356
1491056934157680643
1491056941757435905
1491056944052064259
1491056945973055490
1491056946287640578
1491056951287218176
1491056951828283392
1491056951773773827
1491056955993247753
1491056965900193793
1491056966260920322
1491056974288789504
1491056978818629632
1491056979271245834
1491056990994710528
1491056991099551744
1491056993385447427
1491056996145004544
1491057013484552198
1491057016265383937
1491057023693488128
1491057026335916032
1491057026923130882
1491057032124071936
1491057039866355712
1491057040143400960
1491057041351270400
1491057042551099392
1491057044816019465
1491057045340319745
1491057049106812928
1491057052168327168
1491057052915240963
1491057053409808386
1491057056568143875
1491057059936501762
1491057062415110145
1491057067007766532
1491057080266297344
1491057083823038468
1491057086956195846
1491057087425970178
1491057087538860036
1491057087949856770
1491057088344510466
1491057094341980165
1491057095449673729
1491057097508745219
1491057100210184197
1491057102634504193
1491057116949651457
1491057125464092675
1491057130773778433
1491057136163778561
1491057138063450117
1491057143675768835
1491057153347813381
1491057154513829892
1491057154991988742
1491057155583078401
1491057166702514177
1491057167776231424
1491057168111779840
1491057169869029379
1491057170195963909
1491057183265411075
1491057187137142790
1491057196737564673
1491057200445333509
1491057201246470148
1491057212898553860
1491057219122597896
1491057220297003010
1491057220469268482
1491057226391638019
1491057229059043329
1491057233010245633
1491057236042391556
1491057237351333891
1491057238211203073
1491057238441889792
1491057245882560512
1491057251809136646
1491057253461692417
1491057256611614720
1491057256821313540
1491057266078130177
1491057268104003584
1491057271496798208
1491057272059199488
1491057272650608642
1491057274970054657
1491057277352448000
1491057279512113156
1491057287657824259
1491057288484126724
1491057288714489859
1491057292976205827
1491057315214393345
1491057320671211523
1491057322998722560
1491057327197224960
1491057335917506562
1491057337498365952
1491057339981385728
1491057354213068801
1491057355894648834
1491057361909587973
1491057365705125889
1491057376388325378
1491057381346021376
1491057390699290627
1491057392385421312
1491057404213006339
1491057404829913101
1491057411427168258
1491057413889216519
1491057414896230405
1491057424811589632
1491057425545265154
1491057428305440770
1491057436761145349
1491057437100896256
1491057437016997888
1491057440443437056
1491057445187493888
1491057447150436360
1491057451403456516
1491057459544621065
1491057461356548096
1491057467970961408
1491057468851781632
1491057470122311680
1491057471690997764
1491057479920545798
1491057480037990402
1491057482399358976
1491057482696855553
1491057486446874629
1491057506214240256
1491057509846511620
1491057512136667138
1491057514036985867
1491057519258529795
1491057522383679491
1491057524598243329
1491057526279860226
1491057527005536257
1491057528683524096
1491057537835499523
1491057542369529856
1491057543816552453
1491057547356536837
1491057549118160899
1491057553442484227
1491057555166363648
1491057563042910208
1491057563135537155
1491057564607410180
1491057565114851328
1491057575718182916
1491057576242413570
1491057584358707204
1491057586388762627
1491057587668025349
1491057587600695296
1491057589203140611
1491057591027310593
1491057592210460675
1491057595553320967
1491057597054881794
1491057598312894467
1491057600678400001
1491057600775204869
1491057609176383490
1491057610832949249
1491057616008536064
1491057621054279680
1491057628117893120
1491057628298235906
1491057628553695233
1491057632488026118
1491057633033613313
1491057637332381697
1491057640851472389
1491057642416254978
1491057648791617537
1491057650326376450
1491057650330902533
1491057652431921153
1491057658891485188
1491057659138945025
1491057660841828360
1491057663073198080
1491057670291595265
1491057672262922242
1491057676050374656
1491057676955971586
1491057677807460352
1491057682421551104
1491057686192226305
1491057697055141889
1491057698087272454
1491057699634745349
1491057702302359559
1491057714730258434
1491057716923875330
1491057717045522441
1491057717217488901
1491057721839620097
1491057722766213128
1491057725886779395
1491057729028325376
1491057731423268866
1491057734204403712
1491057742437822468
1491057743578673153
1491057744270753792
1491057747634229248
1491057748406317061
1491057748879937536
1491057749857562625
1491057751996637191
1491057752763863040
1491057757411495940
1491057767372705800
1491057768782266373
1491057771374325762
1491057774218063872
1491057782392766464
1491057825094959109
1491057825342431232
1491057836734181382
1491057837749211141
1491057840945250304
1491057848628826119
1491057857868959747
1491057860171550720
1491057867511967745
1491057869986283523
1491057870187548682
1491057871152627713
1491057871240728580
1491057878412644361
1491057884456624131
1491057885324853254
1491057887682371584
1491057887707205635
1491057887791448069
1491057894577831940
1491057894615580674
1491057894611058689
1491057899770105857
1491057906699038721
1491057918334369799
1491057918783156226
1491057918804135938
1491057919822991361
1491057920699957248
1491057922708688897
1491057926978478080
1491057927305973760
1491057927545057280
1491057934780239873
1491057938957750273
1491057944087363585
1491057945937088516
1491057949539975174
1491057949741293575
1491057950802464770
1491057952647630849
1491057955403612160
1491057959220420610
1491057963712512003
1491057964983013376
1491057964941471744
1491057969475186689
1491057972075991040
1491057976526139392
1491057977096572930
1491057980099657730
1491057985241579524
1491057985832980484
1491057986223046656
1491057989914337282
1491057996624891908
1491057997296320512
1491057998412025860
1491058001381568512
1491058002727960581
1491058008763539459
1491058008876793859
1491058012311588864
1491058023506518020
1491058025636917248
1491058028128309251
1491058030934622210
1491058031781871616
1491058033937772546
1491058035464491009
1491058035951042564
1491058039327440905
1491058038895042565
1491058040019177472
1491058041034534915
1491058041801756675
1491058047170408450
1491058051025014784
1491058054066221056
1491058061251080192
1491058063721312259
1491058064203878405
1491058065634127873
1491058065650876417
1491058068393959424
1491058070340116483
1491058070566633472
1491058075335213057
1491058077768253440
1491058085280247809
1491058087285125121
1491058089717497861
1491058090963501058
1491058092230193162
1491058094239252480
1491058103105687556
1491058103294791689
1491058108658978817
1491058112497057796
1491058114543583236
1491058118905962497
1491058121690730496
1491058127428816896
1491058129944997890
1491058131342077954
1491058131182710784
1491058132113498119
1491058146626121730
1491058149008175106
1491058150732349441
1491058152439435264
1491058161591394313
1491058165261430784
1491058167027232770
1491058175507787776
1491058176837709824
1491058178812903426
1491058182520643585
1491058187352489984
1491058189353500672
1491058189609345028
1491058190167199750
1491058190360125445
1491058192151113728
1491058194004987907
1491058198576766976
1491058199096889344
1491058202565578754
1491058209406488577
1491058212962926596
1491058219678318594
1491058220626227203
1491058221418643456
1491058222966272004
1491058224237518849
1491058225357070338
1491058225931714566
1491058224757612546
1491058229992095746
1491058231749201927
1491058231900504071
1491058246911946756
1491058252611993600
1491058254436519939
1491058254809825281
1491058256122621952
1491058257036967936
1491058263470731266
1491058265936912390
1491058265509478401
1491058268114161666
1491058293829111812
1491058295615807491
1491058298896130048
1491058302909751296
1491058305799962625
1491058306152304641
1491058317145571329
1491058319183978499
1491058320668753921
1491058323134709761
1491058328537284609
1491058335998615553
1491058337966075904
1491058341413793797
1491058347239378945
1491058355376631813
1491058356202913798
1491058360124571651
1491058365698809856
1491058379283841027
1491058380810891265
1491058383251644416
1491058391552118784
1491058392097763328
1491058395050221568
1491058399613960194
1491058401941463041
1491058402197315586
1491058403464327175
1491058410988527618
1491058412322701312
1491058415774613509
1491058421579534345
1491058425345814531
1491058427053080579
1491058427841630208
1491058431578492935
1491058434774802433
1491058437626556416
1491058442710425603
1491058454315913221
1491058454311538693
1491058455372877830
1491058457079803904
1491058457835110402
1491058457817931780
1491058458376175620
1491058461978808321
1491058464541458432
1491058466034954240
1491058479343325188
1491058480861839367
1491058484275990537
1491058489351110657
1491058490533904384
1491058492601368578
1491058497290907648
1491058499517759490
1491058503276199939
1491058503229665286
1491058505432072194
1491058505582710784
1491058511467675652
1491058512193265665
1491058512859996162
1491058513967136774
1491058514718228485
1491058517184155650
1491058517226450954
1491058521701773319
1491058526977859585
1491058530287497216
1491058533269663748
1491058539263307781
1491058540978393089
1491058543734439937
1491058544614862849
1491058545185681412
1491058545642541056
1491058546997612544
1491058547802607621
1491058558762643459
1491058559747981313
1491058562306809856
1491058564408176640
1491058569764294661
1491058570519281670
1491058572372836354
1491058584251437056
1491058586046193668
1491058591511748613
1491058593915097091
1491058596582330369
1491058597576335368
1491058599644512256
1491058599795122179
1491058605688119297
1491058606367657986
1491058614185828359
1491058614152282112
1491058624860344321
1491058635715547138
1491058640203046916
1491058640220192769
1491058642585468928
1491058646989832192
1491058659392368640
1491058661506301954
1491058664467472390
1491058667885531143
1491058677499187200
1491058678992367618
1491058680175169540
1491058684197478401
1491058685938122753
1491058698181296129
1491058705215160328
1491058709975293952
1491058730653593609
1491058730729086976
1491058739088363521
1491058739478097923
1491058741051297795
1491058743844302850
1491058755118993411
1491058763104600065
1491058763566297091
1491058764312903680
1491058766871404549
1491058769052065792
1491058777139081219
1491058779596947463
1491058782549716995
1491058784441094145
1491058785993236484
1491058787880665090
1491058790598205441
1491058795182985216
1491058796021809155
1491058801302437889
1491058805374812167
1491058816238383105
1491058817509236738
1491058827093213185
1491058828611256321
1491058830025068546
1491058832251838464
1491058838245867522
1491058845392670720
1491058849369182210
1491058851122008071
1491058851210461184
1491058852414259200
1491058853525745666
1491058857124274181
1491058857203757062
1491058860588961795
1491058863315255296
1491058872492068866
1491058873897140227
1491058874530480128
1491058877231951872
1491058885012066309
1491058888904372227
1491058890288812034
1491058895347159045
1491058897003888646
1491058897800806402
1491058898933264385
1491058902175461376
1491058902414544898
1491058903349866498
1491058910111072261
1491058911000276993
1491058915676946434
1491058920642650116
1491058921229852675
1491058924446879748
1491058924648550401
1491058925432557568
1491058926355247110
1491058926619561987
1491058928473767946
1491058928775753731
1491058930075996165
1491058933599195140
1491058934228131844
1491058935285297153
1491058939039199232
1491058943438716929
1491058946593140740
1491058947192950789
1491058953802764289
1491058956491694081
1491058962716061699
1491058964007559170
1491058965094211590
1491058965572354048
1491058971243065348
1491058972518137858
1491058972849483777
1491058978150707201
1491058981875240962
1491058990419263489
1491058993745526791
1491058998359228420
1491059003107201030
1491059008664342532
1491059008928886784
1491059018218967044
1491059018638704640
1491059022786887680
1491059024296484864
1491059029921398784
1491059034233122818
1491059035621126144
1491059039178223620
1491059041170501636
1491059041333743618
1491059042315550720
1491059046215929859
1491059049944662026
1491059050666430468
1491059056144166913
1491059063807168518
1491059077027594245
1491059078541754369
1491059081016066054
1491059081519726592
1491059082148528133
1491059084488953859
1491059085910765570
1491059088670617600
1491059093079195650
1491059094102241281
1491059104894578693
1491059105032638471
1491059106895253508
1491059112800448522
1491059113618329605
1491059113933312001
1491059117087404034
1491059117280329732
1491059122867154950
1491059123181723652
1491059123378864128
1491059124951339008
1491059130492395528
1491059131742306310
1491059130643075075
1491059139505704967
1491059142731403264
1491059149186027521
1491059150843162628
1491059152181153792
1491059154374430720
1491059158418092034
1491059173596954626
1491059174754512899
1491059181587025921
1491059182707040265
1491059200159784960
1491059200726007820
1491059203850764289
1491059208984268802
1491059211244949508
1491059214352928771
1491059216333049857
1491059216270098436
1491059221819174919
1491059228404256768
1491059232242024450
1491059235907534850
1491059237363290113
1491059239972147203
1491059240072802307
1491059242467753987
1491059243163996161
1491059245038465024
1491059255176462340
1491059255952424960
1491059256929701889
1491059258846498818
1491059265372504065
1491059266899169280
1491059274595946500
1491059276139614212
1491059288806027264
1491059292241235971
1491059294422581253
1491059295324340224
1491059298184888322
1491059298679812102
1491059304690241540
1491059307336863744
1491059308796461056
1491059309635313664
1491059310851346433
1491059311321448452
1491059314077089792
1491059316534562816
1491059317545791493
1491059318497501185
1491059321983180801
1491059325871468544
1491059326936436736
1491059334885052417
1491059337175105541
1491059337283788801
1491059339183812608
1491059339993354247
1491059340459253768
1491059346066665476
1491059349304668161
1491059353449013249
1491059354887344134
1491059355516813321
1491059356925784066
1491059378774228995
1491059381055946752
1491059384453005312
1491059386391089152
1491059388911882243
1491059393508810753
1491059404091039745
1491059406334676994
1491059409375854595
1491059410990354434
1491059412106383363
1491059413326577664
1491059416631808004
1491059420742455301
1491059425934659584
1491059431203045377
1491059432167731201
1491059433736220672
1491059434499764226
1491059436127125508
1491059436114235393
1491059439201579009
1491059441185464320
1491059443106480128
1491059446134366209
1491059450270330885
1491059452589780992
1491059455403847686
1491059457052143617
1491059459120107520
1491059462521909248
1491059462987468801
1491059463180402688
1491059463255920646
1491059463767216131
1491059470180708356
1491059470633369603
1491059472680112134
1491059483912507393
1491059485779140609
1491059499603402753
1491059512350220289
1491059512278921219
1491059516267704320
1491059517299167232
1491059520701079552
1491059522462367744
1491059524949909505
1491059531493015554
1491059532369625093
1491059533846056961
1491059536404250631
1491059543018991618
1491059545635840004
1491059551239426050
1491059552384479236
1491059564653182978
1491059564602531845
1491059565814685698
1491059568176414721
1491059569946415104
1491059571531534337
1491059578284699653
1491059583980564480
1491059592515964928
1491059592503382016
1491059594130771971
1491059596475375625
1491059600405463044
1491059605408911361
1491059608441753601
1491059611411316736
1491059615366189060
1491059621234380800
1491059648707047429
1491059653207199746
1491059653643759618
1491059658538512386
1491059659649785856
1491059660539179008
1491059660790841344
1491059662040420352
1491059663118692352
1491059668038602752
1491059670924296198
1491059673663143936
1491059677181845504
1491059682437627904
1491059683440082948
1491059683612069888
1491059686451585027
1491059686418042880
1491059686615171074
1491059693220888577
1491059695549030400
1491059699365539841
1491059699629715458
1491059700175355904
1491059701031010307
1491059713449947138
1491059715618394115
1491059717816209409
1491059727534493699
1491059728281006082
1491059728969236480
1491059731787444226
1491059732282773505
1491059733268434944
1491059745087582210
1491059752700309506
1491059754831331328
1491059760350720003
1491059761361854465
1491059761588027392
1491059765765902345
1491059768412479490
1491059774955618304
1491059774729093123
1491059775215386634
1491059777249906688
1491059778139099144
1491059783734272000
1491059785017741313
1491059790906523653
1491059810334232580
1491059810707865600
1491059815585824770
1491059822032482304
1491059833520353280
1491059834489548802
1491059837966651392
1491059840864632840
1491059843758960640
1491059845830950914
1491059848741814280
1491059851057070084
1491059853116469248
1491059858472566787
1491059861836214278
1491059863111168003
1491059864260714497
1491059868186574849
1491059869553545223
1491059879284719623
1491059882111369216
1491059882677927937
1491059885567778817
1491059885743939584
1491059885840408578
1491059886620229634
1491059888055021570
1491059895478947842
1491059896346841089
1491059899304144901
1491059910247067649
1491059910544871424
1491059912390344706
1491059924054704128
1491059925572718592
1491059927623684098
1491059944011235328
1491059946191949829
1491059952487919617
1491059952407875586
1491059953549070340
1491059960335114244
1491059962453237766
1491059963552157698
1491059969923612683
1491059974239580162
1491059978639081476
1491059979390164992
1491059980799078402
1491059990484123649
1491059999191502853
1491059999355043840
1491060000386519042
1491060002182017025
1491060004174307335
1491060007676571648
1491060008120827908
1491060009652097024
1491060022201122816
1491060022453112833
1491060032309391367
1491060039104499713
1491060043382652929
1491060043911147523
1491060044435099648
1491060044485783558
1491060055277326336
1491060065734098952
1491060075305136128
1491060075816837129
1491060077025177601
1491060079713751043
1491060080649056258
1491060081806381073
1491060091453599749
1491060093214871556
1491060103713153030
1491060107098324997
1491060107131555841
1491060108033654787
1491060113930522624
1491060123175120898
1491060123602538496
1491060124273631237
1491060126362763267
1491060126706376707
1491060127814004737
1491060137506717698
1491060143790112771
1491060149137543168
1491060154447515648
1491060158696329220
1491060159342256131
1491060161339072513
1491060161200668672
1491060163230330883
1491060164111511552
1491060164530929664
1491060168993361931
1491060174349504517
1491060175628767235
1491060176203309060
1491060177998839808
1491060180653535234
1491060180528041984
1491060180896796672
1491060181832114179
1491060184030277632
1491060184575516678
1491060185095602177
1491060191462563843
1491060193635205120
1491060194230472706
1491060207211843584
1491060212195033088
1491060213348446211
1491060213608189953
1491060214124228613
1491060214367686657
1491060215847948288
1491060217312067585
1491060221162434563
1491060224395857922
1491060229164855298
1491060232981979143
1491060233984430082
1491060234693259268
1491060236030935048
1491060238480703492
1491060247221260295
1491060247850409984
1491060257900040194
1491060259951157259
1491060260408373252
1491060260420870144
1491060260802633728
1491060262320803845
1491060265697542150
1491060271754125314
1491060271980625926
1491060272907587586
1491060277219303425
1491060283728883715
1491060284941017089
1491060295317749761
1491060295594553348
1491060296357613573
1491060301915049985
1491060309213483008
1491060312614780930
1491060319741157379
1491060320491610113
1491060329975287808
1491060331145093120
1491060334357991429
1491060334991675392
1491060340255125504
1491060341307965442
1491060343313174530
1491060348212121600
1491060348627349507
1491060350820941824
1491060351680806913
1491060352700002305
1491060355719737353
1491060364104146944
1491060366985801730
1491060367606239236
1491060378083622915
1491060386904240134
1491060394869157889
1491060395062149122
1491060395863199749
1491060395846488065
1491060396991840258
1491060399315513357
1491060399902687236
1491060404239634432
1491060404516438019
1491060407250800640
1491060412603039744
1491060414595026951
1491060417703321600
1491060419393617920
1491060419972460544
1491060420052135938
1491060422903955457
1491060425148239879
1491060425647345666
1491060427496648706
1491060427916451841
1491060427958386690
1491060429522489345
1491060430260760576
1491060430453633024
1491060440461299715
1491060441585696769
1491060449609400320
1491060454646444032
1491060459180814341
1491060459486728198
1491060459977334787
1491060466994790402
1491060468869664772
1491060470723219459
1491060471461384195
1491060473147510784
1491060477295992838
1491060477451206662
1491060480584355846
1491060481523871744
1491060488167321603
1491060491048808453
1491060494303645703
1491060494786232324
1491060496962768896
1491060499039272964
1491060505305174017
1491060509436944384
1491060509961252868
1491060510996897792
1491060511412154368
1491060511668318208
1491060513186652161
1491060514901876741
1491060517397737475
1491060518119178248
1491060521545924608
1491060524427399170
1491060527652429826
1491060531092148226
1491060531213795328
1491060534124646402
1491060535521341442
1491060542127362049
1491060542135750656
1491060543494316037
1491060545638010880
1491060546137112578
1491060551279005702
1491060553996902401
1491060557403004935
1491060561265971201
1491060563895812101
1491060564650459138
1491060565116350466
1491060567725191177
1491060570891894784
1491060571189374977
1491060570430504964
1491060573072547842
1491060583558709251
1491060583390932992
1491060590806122496
1491060591976644611
1491060599798702082
1491060599996162048
1491060600084242435
1491060602122293257
1491060612339671041
1491060613174464515
1491060614881439744
1491060617629028358
1491060617624444928
1491060618530492416
1491060623517511680
1491060625765588995
1491060634582401027
1491060634729213952
1491060637245472770
1491060645030424579
1491060647979003905
1491060651145691136
1491060655796805634
1491060656967413768
1491060657688805376
1491060659429462016
1491060660037242885
1491060660771655682
1491060662512283649
1491060664353554433
1491060665871900675
1491060674528944131
1491060677275885568
1491060679461457922
1491060679964770313
1491060686180732930
1491060686197522442
1491060688349188099
1491060692065001472
1491060692325003266
1491060696817467396
1491060699036266499
1491060705281208322
1491060710310174723
1491060711597887488
1491060715125293062
1491060716572340225
1491060721161216001
1491060723375812610
1491060734654312450
1491060735723839489
1491060741134503938
1491060741243564038
1491060741562114051
1491060743214538762
1491060746666577921
1491060747165585411
1491060750839808000
1491060752454619143
1491060752920154116
1491060758570233857
1491060760457678851
1491060762575400961
1491060771887128582
1491060773552267266
1491060778665127937
1491060780455776256
1491060785443127296
1491060788379144192
1491060789700030466
1491060792203956225
1491060797497221127
1491060811368120324
1491060811678502912
1491060813368786944
1491060815864414214
1491060817361575939
1491060821526740995
1491060833497063426
1491060833744728065
1491060836340998153
1491060837737328643
1491060837750292484
1491060838547001347
1491060843785916416
1491060844926738436
1491060854183567368
1491060854292611074
1491060856930516993
1491060858776129536
1491060860907048965
1491060862009819138
1491060863310397442
1491060863994036224
1491060868800413697
1491060875033206789
1491060876115595264
1491060877394538496
1491060885875757057
1491060886454562818
1491060886513061891
1491060891705819139
1491060893819740163
1491060894557962246
1491060898030829568
1491060900123779075
1491060905551228929
1491060908051005442
1491060913298108418
1491060920789127168
1491060921065959425
1491060924190715906
1491060927227383808
1491060928280154112
1491060932897820674
1491060936710684676
1491060941714522112
1491060948186116098
1491060954733309953
1491060955794472965
1491060965248749568
1491060969006637059
1491060976334311431
1491060981082226691
1491060983112269827
1491060988728471554
1491060992461393922
1491060993908445185
1491060996659879944
1491061000644497411
1491061002640961541
1491061006722023429
1491061010504945667
1491061014301126663
1491061016511549442
1491061021037182978
1491061021829517313
1491061022915907584
1491061028666454022
1491061039055917056
1491061040678899721
1491061041823813633
1491061047804903427
1491061048774115331
1491061050367950851
1491061053358485504
1491061054746464257
1491061057875492872
1491061058655887360
1491061061210222592
1491061062279512066
1491061062854414336
1491061063055413249
1491061063172853765
1491061065027043328
1491061068604784640
1491061073214341122
1491061075433127936
1491061076263202820
1491061078855647233
1491061079677440001
1491061086472130562
1491061087453732869
1491061091300155395
1491061094563332101
1491061093904826375
1491061096429789188
1491061096954105856
1491061103270699008
1491061103777906691
1491061108249366529
1491061116063354883
1491061122539130882
1491061130709860353
1491061131254763520
1491061133859770372
1491061135940141056
1491061142193520643
1491061148506267648
1491061152616710147
1491061153094844417
1491061165522309120
1491061167673929729
1491061168672501760
1491061171167715338
1491061172392452096
1491061182954090499
1491061185076084741
1491061187609784321
1491061188574453760
1491061188838699009
1491061201169621001
1491061212544892928
1491061218601172996
1491061219239010314
1491061223441707013
1491061224196349952
1491061233315094534
1491061235332177920
1491061241111928833
1491061246111944707
1491061246732673027
1491061247160160256
1491061249857433601
1491061251090546689
1491061254047531008
1491061254823165954
1491061261798412288
1491061270963167236
1491061273437507585
1491061274599247872
1491061275211694081
1491061282451394567
1491061282858233856
1491061283453554698
1491061284204584965
1491061298305859585
1491061304375001091
1491061305641345027
1491061305872388099
1491061310414462980
1491061311350124545
1491061312285147137
1491061317628694530
1491061321206747142
1491061324109205507
1491061331423760393
1491061335718723586
1491061338168127488
1491061346632278023
1491061349132103680
1491061349526511618
1491061357516816385
1491061357776891910
1491061361287176196
1491061365166862337
1491061374566690816
1491061377716592643
1491061379587244044
1491061382846238722
1491061383089340425
1491061391180312583
1491061399258558466
1491061399530913799
1491061401573797888
1491061402580430850
1491061402823704578
1491061406942130178
1491061407978246153
1491061412059578368
1491061412390584323
1491061419714170881
1491061421035384833
1491061423757467650
1491061431298818054
1491061444682543106
1491061444880011271
1491061446851330053
1491061452894924802
1491061455734845442
1491061456926027776
1491061470205214720
1491061472193290241
1491061474797973507
1491061481617899521
1491061483555667970
1491061485325668352
1491061490417233931
1491061491381899265
1491061491717799941
1491061500039118849
1491061500357742593
1491061500450308096
1491061501796679685
1491061517932167168
1491061518397427712
1491061520393900033
1491061522583658496
1491061523715788800
1491061525871992832
1491061534126137348
1491061534792896513
1491061537670569986
1491061541671555072
1491061542976036865
1491061550219550723
1491061557744537611
1491061559778418691
1491061566422536195
1491061567378817024
1491061567534022658
1491061568788119552
1491061572600754177
1491061573175353348
1491061573238112259
1491061576459505671
1491061577419993088
1491061581761118210
1491061582196973569
1491061593660362752
1491061595308687361
1491061599083597826
1491061607476391938
1491061608059006976
1491061609791311873
1491061611359916035
1491061612303638528
1491061621804113925
1491061623934447616
1491061627781005318
1491061640460398599
1491061640808534016
1491061641412231173
1491061645530963973
1491061648769294338
1491061654117036035
1491061654427414531
1491061655090118664
1491061660471422981
1491061661486432257
1491061663340331015
1491061682214703106
1491061682226950147
1491061688832954369
1491061689428680708
1491061698630877184
1491061709498630144
1491061712006819841
1491061712426082306
1491061712468180994
1491061713021829121
1491061716892852225
1491061724639682560
1491061726778826755
1491061729027141633
1491061729350103044
1491061734479925254
1491061736061177856
1491061738149580806
1491061740909756418
1491061746978541568
1491061751005446144
1491061752292777991
1491061758810677248
1491061761554137090
1491061764691460098
1491061772245438473
1491061777492164612
1491061784496975878
1491061785272942592
1491061787374071812
1491061788506480643
1491061788791607297
1491061799822970883
1491061799881670661
1491061800867364867
1491061803379736578
1491061805351043073
1491061805946445835
1491061806831644673
1491061807796334592
1491061810749124609
1491061811197718533
1491061814553382912
1491061816432414721
1491061816943853568
1491061819397443588
1491061821805330433
1491061824728727559
1491061825156227079
1491061825433063424
1491061829224828938
1491061830302994434
1491061832924155904
1491061837299093509
1491061837806587905
1491061848610775041
1491061850146238466
1491061853484892163
1491061856769028102
1491061859562442753
1491061863299256323
1491061864368730114
1491061871780450306
1491061878168391685
1491061882328805378
1491061883994279939
1491061886888321031
1491061886908993543
1491061895247597570
1491061896400850946
1491061904923529216
1491061910992826395
1491061912041586688
1491061913140088834
1491061912951746563
1491061914079674372
1491061917410275332
1491061917514928128
1491061922560880644
1491061923492016129
1491061925441982464
1491061926826512389
1491061927845728267
1491061939736576002
1491061943599525889
1491061943762751490
1491061947504406533
1491061953099300866
1491061955440046084
1491061957621071875
1491061958493097984
1491061962561953797
1491061967414599682
1491061979477606407
1491061982065467392
1491061986649841665
1491061987463557121
1491061988470190082
1491061987828449281
1491061989556518914
1491061993620471808
1491062002026160128
1491062009416531976
1491062021328351232
1491062023551328256
1491062027174899715
1491062041763000321
1491062042622525440
1491062043222626304
1491062044497375237
1491062047765037056
1491062051611222016
1491062052416536579
1491062053787684865
1491062056354676736
1491062056312664066
1491062069160189955
1491062071991185413
1491062075187425287
1491062078995832835
1491062087585611777
1491062087682072576
1491062092384043016
1491062099745046534
1491062100071895042
1491062105164124160
1491062109501014020
1491062110067245057
1491062109937238019
1491062118770425859
1491062118686556160
1491062120297144324
1491062125225197570
1491062126236307456
1491062134947475459
1491062136491048960
1491062137787396098
1491062141570666497
1491062145533943810
1491062147073388549
1491062147295629313
1491062148763889666
1491062151838339073
1491062153222443012
1491062153473896450
1491062155369537546
1491062157814812672
1491062162714144772
1491062163309723652
1491062164047953930
1491062164924551169
1491062166463545350
1491062171148894209
1491062178039820289
1491062180535418883
1491062187049517059
1491062189331202049
1491062192531476480
1491062194687344642
1491062197291982848
1491062199791800322
1491062200118972416
1491062214627033088
1491062215402790912
1491062217252679681
1491062218275889152
1491062221774143491
1491062225594953735
1491062230938710019
1491062248143728648
1491062248554438658
1491062249179729923
1491062249494310912
1491062254611013637
1491062254871187461
1491062256209379330
1491062264157577225
1491062270570688513
1491062273951281157
1491062279680700423
1491062286726819849
1491062290271322112
1491062290275536898
1491062295904018440
1491062296508043271
1491062307438268417
1491062308319412226
1491062310655328256
1491062311238443015
1491062312471789569
1491062312698257408
1491062319903744002
1491062322164822018
1491062323263737856
1491062327936184327
1491062331052523520
1491062335431405571
1491062335628517382
1491062336568049665
1491062339008806914
1491062342456864771
1491062342419095553
1491062342771425280
1491062345082163203
1491062352233766912
1491062355954114563
1491062356319039496
1491062361557385217
1491062362753073152
1491062370005057538
1491062374178385922
1491062381203828737
1491062382294040587
1491062388120256514
1491062391781867526
1491062394465841153
1491062397888458755
1491062398505029633
1491062398790533125
1491062404155076608
1491062404695814146
1491062407032373252
1491062412547485698
1491062415689404420
1491062420131004422
1491062424740691972
1491062434685415426
1491062434379218944
1491062437575299073
1491062438024065025
1491062441719263235
1491062442709118976
1491062444709806080
1491062447813566468
1491062449000394756
1491062452939014147
1491062453199081476
1491062464502501377
1491062466646003713
1491062467539390464
1491062470064361476
1491062472211836928
1491062477890543617
1491062494001233923
1491062496886931466
1491062497813663746
1491062499852296192
1491062501034713090
1491062506881568770
1491062508412862464
1491062508672921600
1491062512779141127
1491062518139490307
1491062519397752832
1491062520215633922
1491062524594520067
1491062525223444480
1491062527308054531
1491062527744425984
1491062528150958089
1491062528071565316
1491062528952385536
1491062529979994113
1491062535566798848
1491062536242085890
1491062542546108416
1491062543489863681
1491062546019012610
1491062546484580354
1491062549982318595
1491062552855736322
1491062562884300800
1491062566206210053
1491062568303366146
1491062569364508673
1491062573739147268
1491062575106506753
1491062575936978951
1491062581460541442
1491062582773698560
1491062584367542275
1491062585126694916
1491062596136546308
1491062598732693506
1491062601647677440
1491062603367739396
1491062606576381953
1491062612410642438
1491062619104747526
1491062622548291586
1491062623559122949
1491062623932399616
1491062623978213381
1491062626734198788
1491062630496481289
1491062632111304706
1491062637052178434
1491062643599495170
1491062650713014278
1491062652621459456
1491062654370463747
1491062659080343552
1491062662633263110
1491062663686004738
1491062670426243072
1491062672858976260
1491062674851270656
1491062675786596353
1491062680794578945
1491062683067875330
1491062690722492419
1491062692697759746
1491062693201313792
1491062693234548740
1491062695189446662
1491062695428194305
1491062698947543044
1491062699719274496
1491062707809918976
1491062710569947137
1491062713795383297
1491062714793619461
1491062716714287108
1491062716965871623
1491062720468516865
1491062724088201226
1491062725610328065
1491062726822866944
1491062730635513856
1491062733986426884
1491062734263549954
1491062735534440450
1491062739921678339
1491062740710215681
1491062741695488000
1491062741808857091
1491062747278495747
1491062747966349312
1491062751279841281
1491062756937994240
1491062761333616642
1491062765632438276
1491062768232906754
1491062769353129985
1491062770221355009
1491062769470566404
1491062770816917506
1491062773123588097
1491062777083228164
1491062782003134471
1491062789015625729
1491062790882471936
1491062792664748036
1491062793893781505
1491062796502515718
1491062797400444930
1491062798801342475
1491062799178792960
1491062802878177281
1491062803859656706
1491062806967652353
1491062808561156099
1491062810402783235
1491062815561764871
1491062818858504200
1491062819588296706
1491062820414570497
1491062821211226118
1491062828224368650
1491062828635082759
1491062831034560512
1491062833270108162
1491062833949200385
1491062836667498505
1491062836956733440
1491062843944611843
1491062845965934592
1491062846410866688
1491062847576723462
1491062848071647233
1491062851725033474
1491062853884805122
1491062855185342467
1491062859748769796
1491062861493198849
1491062863363981326
1491062871182114818
1491062875095711747
1491062875661926400
1491062876043640841
1491062876286910464
1491062883957886976
1491062884679716866
1491062892984156165
1491062893122813955
1491062893936537601
1491062898935820293
1491062902119616513
1491062903252086790
1491062903901880322
1491062907223773192
1491062911246258179
1491062912173342723
1491062920180277248
1491062921966751749
1491062929244188674
1491062930103992328
1491062931471187971
1491062937729253377
1491062943458656257
1491062950798442505
1491062950920323072
1491062963494473728
1491062965876920322
1491062969970851843
1491062974114840579
1491062985334267905
1491062986836180994
1491062988509691907
1491062988656513029
1491062989901942791
1491062996042682371
1491062999725092871
1491062999083524096
1491063000698335239
1491063002677850112
1491063007857999874
1491063009078558733
1491063013251555333
1491063018071166976
1491063018654138368
1491063019270516736
1491063022785544192
1491063023888437250
1491063024333254657
1491063024773648390
1491063026870415365
1491063027776761858
1491063034881744898
1491063036123447296
1491063037121691657
1491063041420496898
1491063053684592641
1491063064497897476
1491063066603266048
1491063079249281028
1491063081434492928
1491063084164661255
1491063085041610754
1491063085247111169
1491063094071918595
1491063100522758148
1491063102338596869
1491063103664320512
1491063108248682499
1491063112086474754
1491063117966548992
1491063120747728900
1491063121921798145
1491063123088134151
1491063126389059585
1491063127651549184
1491063133200211969
1491063134169477121
1491063134810869760
1491063140892696576
1491063149612929026
1491063150023962625
1491063150544064512
1491063156722257921
1491063161084342274
1491063168378241024
1491063170789568512
1491063170932568065
1491063173923106818
1491063175441428486
1491063177219837953
1491063179400859648
1491063187977883650
1491063196148703232
1491063200221396995
1491063201177427973
1491063201785847808
1491063203157397506
1491063215098368000
1491063217937784834
1491063218634391553
1491063221125787648
1491063221213532163
1491063229732118531
1491063234279133187
1491063237802356736
1491063238091771907
1491063239131738114
1491063239610101762
1491063240822083584
1491063244991401986
1491063247025623045
1491063250166829062
1491063252352389121
1491063253421621250
1491063255468765184
1491063255636516865
1491063259151015937
1491063259650490372
1491063262569693186
1491063269838458884
1491063276092162051
1491063276436094977
1491063284476571648
1491063287773278209
1491063291061608448
1491063291854331904
1491063293049733124
1491063294807150592
1491063300372631553
1491063308497342464
1491063309168439299
1491063310388961281
1491063318886612993
1491063320044003347
1491063321721819142
1491063326419615747
1491063327585599488
1491063328084733952
1491063328860704774
1491063332584890376
1491063332631375872
1491063333025619972
1491063334078414853
1491063336943091712
1491063343473643520
1491063343796260866
1491063354739556352
1491063357583298567
1491063363870543874
1491063371319635973
1491063372174954498
1491063372795850754
1491063373471318017
1491063380316389382
1491063380714524675
1491063384204361739
1491063388998598656
1491063392097865728
1491063393133858819
1491063404135841795
1491063404232347654
1491063405452886016
1491063406925053952
1491063409454235648
1491063414768259072
1491063415204642823
1491063419998732289
1491063423194759169
1491063426038530048
1491063427745607680
1491063427250659328
1491063433260716033
1491063447349768194
1491063449446916097
1491063450654867456
1491063452127096837
1491063458078412802
1491063460247277571
1491063462952595456
1491063466077343754
1491063466588737537
1491063468971413505
1491063470703316995
1491063474515894281
1491063480686096384
1491063481105362946
1491063481579470850
1491063482623873026
1491063483856994305
1491063485723152384
1491063486553935872
1491063487766069248
1491063489720320015
1491063489993273350
1491063494501797892
1491063494720225280
1491063494803820548
1491063494963122180
1491063497765310467
1491063503310168067
1491063505969385474
1491063509303508992
1491063509857103872
1491063509945577477
1491063510335651844
1491063510414999552
1491063513061953538
1491063515880517634
1491063517902159874
1491063519407906817
1491063521505062912
1491063521790279680
1491063523065364480
1491063531265196035
1491063535312707584
1491063538294878209
1491063541276856330
1491063547790753794
1491063549308907523
1491063553259835392
1491063558112698375
1491063563259379719
1491063567499423746
1491063573539430400
1491063574881394688
1491063582955798531
1491063594041376770
1491063594595028997
1491063596029452288
1491063596364746758
1491063599871442949
1491063602660397059
1491063604434673667
1491063604074151936
1491063609149083648
1491063613011869697
1491063613146419201
1491063614295638024
1491063617302585347
1491063626262016000
1491063626148741121
1491063626777886725
1491063627759370246
1491063628178792450
1491063634222784515
1491063639239200768
1491063639851544576
1491063640451346434
1491063644716941318
1491063645370941443
1491063645496877065
1491063645673226243
1491063646268817420
1491063647250305025
1491063648647004163
1491063652707110912
1491063654217039872
1491063659413774336
1491063659757699077
1491063660240080903
1491063665717649414
1491063666539896832
1491063667613630464
1491063673947062275
1491063683610726402
1491063685720449026
1491063696046825482
1491063699922386949
1491063700333244421
1491063705249153029
1491063712593383424
1491063713700335616
1491063719966609417
1491063722340937728
1491063723611410438
1491063723926388738
1491063724945584133
1491063725809225730
1491063726661050374
1491063728263303168
1491063732482736130
1491063732897988609
1491063738296057858
1491063738736148480
1491063739277516800
1491063745770299392
1491063747225735168
1491063752782856193
1491063755845009411
1491063756671098883
1491063758244188164
1491063762627198976
1491063762928889858
1491063763478679554
1491063763579150339
1491063764116213763
1491063766888620039
1491063770835259394
1491063771695296514
1491063775319183360
1491063775809925125
1491063782017277961
1491063783519039490
1491063784802512896
1491063785133862916
1491063785045454855
1491063787176308753
1491063789952770055
1491063795619401732
1491063799205736454
1491063799138615296
1491063799394480133
1491063801533599744
1491063802884161543
1491063808458391554
1491063812287795205
1491063812891496448
1491063814158434311
1491063815223791617
1491063818260447235
1491063818591797250
1491063819795562496
1491063819795570694
1491063822123421696
1491063822442168324
1491063822295400448
1491063826103828485
1491063826644877312
1491063827475365888
1491063827818942468
1491063832000614400
1491063832869064704
1491063835486146561
1491063836195307521
1491063837508136964
1491063838388928517
1491063838271492097
1491063839168679939
1491063843006599169
1491063849616826379
1491063863932235777
1491063865634873345
1491063865672548355
1491063867262517257
1491063869178986499
1491063874170535937
1491063874661281792
1491063875537899526
1491063875911176192
1491063875961503748
1491063877039452161
1491063878465519617
1491063878536470531
1491063881091149824
1491063883951263744
1491063885385932801
1491063886086225922
1491063888800268293
1491063896689446912
1491063902360449029
1491063906756104193
1491063907473326088
1491063907796070406
1491063912598437889
1491063916218445825
1491063917040508935
1491063929615024128
1491063929862488065
1491063931347308545
1491063931808653312
1491063934886973446
1491063936006823941
1491063936594026500
1491063937018003463
1491063938754445314
1491063939152883715
1491063940083642370
1491063940272750596
1491063943288090631
1491063946069131270
1491063947071717376
1491063947960942597
1491063951530283008
1491063953002471426
1491063954986078209
1491063955141591042
1491063955560742922
1491063957976936451
1491063968211009538
1491063973772337154
1491063979816656898
1491063981477224448
1491063981716701184
1491063983561789441
1491063990889611266
1491064005032505344
1491064004869246977
1491064006970572806
1491064007259660290
1491064007351947270
1491064009537507329
1491064010049200129
1491064010279514116
1491064012465143808
1491064013727277058
1491064013568061442
1491064014344015879
1491064014813937665
1491064017078865921
1491064018823692290
1491064023554850816
1491064023499956229
1491064026994216965
1491064027308597251
1491064028596416513
1491064029338796034
1491064032178352129
1491064033826738178
1491064047365926914
1491064047906615303
1491064051627343875
1491064056526286859
1491064065359331329
1491064072082575364
1491064078600523776
1491064078919294976
1491064084162551808
1491064085588639751
1491064091414503427
1491064091779207171
1491064092895092740
1491064098154762241
1491064100503232514
1491064107071852548
1491064108237881344
1491064112088240145
1491064112729985026
1491064112943714307
1491064114441224193
1491064117532463104
1491064124226166789
1491064130702221316
1491064133164597248
1491064134930251776
1491064135622459399
1491064137333764099
1491064143927218178
1491064150369660928
1491064151003004930
1491064151875403776
1491064152554872832
1491064153393762304
1491064156383895552
1491064156664963076
1491064160679268355
1491064162436280320
1491064164185690115
1491064169134579714
1491064170824884232
1491064173941628928
1491064182531182601
1491064186851688450
1491064187258343427
1491064188227457024
1491064193818447874
1491064196754477062
1491064201913069573
1491064206804021251
1491064208351383554
1491064209194782723
1491064212051087360
1491064212134973443
1491064212516450305
1491064214748033026
1491064218145153024
1491064219382337545
1491064220645208068
1491064227981066240
1491064229943726087
1491064231730749444
1491064231839498245
1491064234725490688
1491064238571651074
1491064241566420998
1491064249367498758
