1417741108638015490
1417741108889604097
1417741109594185729
1417741110278041604
1417741117756411906
1417741120344363010
1417741122621870086
1417741123901005826
1417741124010192896
1417741124941320193
1417741125339783173
1417741128166645760
1417741131710881792
1417741132562239488
1417741134105878532
1417741134768623622
1417741139008839689
1417741139482869762
1417741142137860096
1417741143492734977
1417741143832285190
1417741147485528064
1417741154720784385
1417741154943217666
1417741155127730176
1417741160089456642
1417741162576637952
1417741162778173442
1417741164103430145
1417741168180297733
1417741171074342915
1417741172139769858
1417741174333390848
1417741176598319105
1417741178196398084
1417741181681819649
1417741184961818625
1417741186559664129
1417741187658752001
1417741189940396035
1417741192499023874
1417741195464245255
1417741195854311429
1417741196974198794
1417741197767061504
1417741200908558336
1417741201390850050
1417741208164569088
1417741223184326662
1417741226858754050
1417741226938351622
1417741238896365568
1417741238917206018
1417741248681725957
1417741249403031555
1417741249365348353
1417741251122663431
1417741253807017984
1417741254507515905
1417741255681798148
1417741267925151748
1417741268982009856
1417741271075020800
1417741277504880640
1417741283964055559
1417741287013425154
1417741289731227649
1417741294693126144
1417741306772615169
1417741310350356485
1417741310279266306
1417741314251177985
1417741316256010240
1417741317661155330
1417741324233609216
1417741325668163584
1417741328218148864
1417741333150584834
1417741338582388740
1417741339689635844
1417741343045165059
1417741343275761664
1417741347331756034
1417741347734360068
1417741350242373633
1417741359511900162
1417741361202225156
1417741371994263552
1417741379015434241
1417741380709883905
1417741382232518659
1417741386556846080
1417741388947460097
1417741390339993605
1417741394437881857
1417741401283088388
1417741401559810051
1417741401966661632
1417741408312561667
1417741412293136384
1417741421843410945
1417741422443253761
1417741422598385668
1417741423789629446
1417741423995064321
1417741424695545862
1417741426931154945
1417741427858100226
1417741430403993604
1417741431372873729
1417741437937012736
1417741438427742209
1417741441829384192
1417741443276345347
1417741450763190274
1417741451664838657
1417741460556890117
1417741466621812736
1417741471143264257
1417741473789857792
1417741474989441027
1417741481549471744
1417741482124103685
1417741483151532033
1417741492723007489
1417741495348744197
1417741503330459649
1417741508137127938
1417741509336584193
1417741510276116480
1417741510884331521
1417741511496589315
1417741512159334403
1417741516567580674
1417741520887762944
1417741521634349059
1417741523496493064
1417741525195399168
1417741528139714561
1417741534330449925
1417741537463750657
1417741555364888578
1417741560016359424
1417741563661271041
1417741579570216962
1417741580526624774
1417741581721948163
1417741587044438016
1417741600000675843
1417741601074401282
1417741605113565188
1417741607080660997
1417741616119357449
1417741616350121989
1417741620192026625
1417741633492193280
1417741635186798593
1417741637036380160
1417741642581221376
1417741644108124162
1417741649338306562
1417741651158736898
1417741651171323907
1417741653427859459
1417741660973191170
1417741664685223937
1417741665557753859
1417741667617099778
1417741673938014209
1417741674839777283
1417741676995547137
1417741677201141766
1417741680271187969
1417741689632997380
1417741690908020736
1417741693135331331
1417741700278198272
1417741700764737542
1417741703990108161
1417741704057131014
1417741706083151874
1417741706439524355
1417741706691235846
1417741706569654276
1417741706750046218
1417741711179194374
1417741712827371523
1417741716732354563
1417741717948837889
1417741719051907073
1417741726748266497
1417741729667588096
1417741729785008132
1417741730468798466
1417741736680595456
1417741737158610944
1417741737729036290
1417741739075452930
1417741744217731074
1417741748948799490
1417741750471434240
1417741756775342081
1417741756792246272
1417741769114980354
1417741776597790721
1417741776924733443
1417741782494945282
1417741790317318146
1417741791969693698
1417741793270149121
1417741793492357120
1417741793752502272
1417741799959977987
1417741813234950149
1417741833065492484
1417741833405411328
1417741838526603264
1417741841521209351
1417741846009335811
1417741846646829058
1417741846705410048
1417741847087173634
1417741857690251265
1417741864132911106
1417741870357094404
1417741877634379789
1417741880746549248
1417741880863854597
1417741889185402880
1417741895002775552
1417741898836545536
1417741901814538240
1417741903102160896
1417741905325068289
1417741906415607809
1417741909670379520
1417741913147518980
1417741916414877697
1417741916507045890
1417741917253681154
1417741931170263042
1417741931640082432
1417741933590446083
1417741935217885184
1417741936010711044
1417741939017801728
1417741940939010050
1417741943136718848
1417741947431698433
1417741947922309121
1417741950078185477
1417741952380964866
1417741954067189760
1417741954557915136
1417741958299066369
1417741958890627074
1417741959540580355
1417741961650327555
1417741967543488512
1417741971398008834
1417741971582590977
1417741978759016450
1417741982038888448
1417741986895966209
1417741989408169985
1417741991698477056
1417741992033935365
1417741993657122818
1417741994743455746
1417741996651917318
1417741998442700807
1417741998719741955
1417742001215258625
1417742002217578499
1417742003635462147
1417742004469919744
1417742004671315969
1417742006357479424
1417742017694781442
1417742018134958088
1417742020907462658
1417742026456539137
1417742027769401345
1417742028012670985
1417742030982324224
1417742038158635010
1417742041770078210
1417742044164993026
1417742047386214406
1417742054524870656
1417742061923704836
1417742062993113096
1417742064255602689
1417742065509801984
1417742067611185153
1417742069028827138
1417742071075676162
1417742076452683778
1417742077148938243
1417742080860901376
1417742082307989508
1417742087148249089
1417742090772037633
1417742091053006848
1417742092814663680
1417742092701425664
1417742093460647937
1417742094265815043
1417742096690126857
1417742100515500033
1417742101673086976
1417742106500681728
1417742107909963778
1417742108220289027
1417742113618370560
1417742122338377737
1417742127719723009
1417742139837100035
1417742140155645958
1417742140407377924
1417742140461965314
1417742141535752196
1417742151455322112
1417742157146906626
1417742159491604480
1417742159529324544
1417742162414948356
1417742162758938626
1417742168169402372
1417742172535857159
1417742173009760256
1417742174570024960
1417742176268718080
1417742180316327936
1417742180538454017
1417742183105392644
1417742184661479425
1417742193230483456
1417742198586716160
1417742203364036608
1417742209936281600
1417742215439323140
1417742228525572096
1417742232489283585
1417742233210482691
1417742237048328192
1417742237027471360
1417742238612918278
1417742238612852739
1417742240491872257
1417742246238060544
1417742246628188161
1417742253460709376
1417742254685360131
1417742257520775168
1417742258409967617
1417742266181951491
1417742266924355584
1417742271508795392
1417742273161347073
1417742281428242437
1417742282565066753
1417742283923984384
1417742284322340864
1417742289892519939
1417742290370564096
1417742292459327490
1417742293344337920
1417742297568063488
1417742297802870785
1417742301850439680
1417742303150559235
1417742304933289989
1417742307068157955
1417742309538639875
1417742309526065152
1417742311434428418
1417742319814643716
1417742320691290113
1417742321618145287
1417742321655984128
1417742324101156864
1417742324130516992
1417742325284065283
1417742326428995584
1417742327959990272
1417742331604881408
1417742333265727490
1417742335211884545
1417742338554843139
1417742340018429955
1417742342703001604
1417742349208223748
1417742353083863044
1417742353243295744
1417742361430568962
1417742361921269760
1417742365469646848
1417742369248710664
1417742370037276672
1417742370691600387
1417742375884099584
1417742378098696194
1417742383458910211
1417742386097233926
1417742391986069506
1417742395064545286
1417742400143953920
1417742401242861571
1417742408209547264
1417742410386317315
1417742411451731968
1417742411468476418
1417742415188930563
1417742417843957760
1417742419404201984
1417742424194048000
1417742425204813831
1417742431118893056
1417742432007950337
1417742435753541632
1417742439700443137
1417742439696175104
1417742452299952131
1417742453592018944
1417742459405221890
1417742478380347392
1417742478632013827
1417742480955564032
1417742483644157954
1417742483727917059
1417742483769991173
1417742485024124929
1417742485116407808
1417742485950959618
1417742487674839042
1417742488853368839
1417742491034521601
1417742490929614851
1417742493018476544
1417742494649835522
1417742496801636353
1417742499473465344
1417742504447954944
1417742510076661761
1417742516464623620
1417742517370425345
1417742521078276096
1417742521585717248
1417742523590615040
1417742527621304321
1417742528368021504
1417742534005207040
1417742541500424196
1417742545162022912
1417742550677458944
1417742554582425600
1417742555144359939
1417742557056929793
1417742560538382336
1417742562891165697
1417742569572757507
1417742571695136770
1417742574148849668
1417742574454906880
1417742577370124288
1417742579957907456
1417742579886485506
1417742590703722497
1417742591366504448
1417742591395729410
1417742595690680322
1417742599482482689
1417742601348780038
1417742601931870208
1417742604670701568
1417742605408931842
1417742608554672128
1417742609372516352
1417742611255857153
1417742616960065540
1417742619317215232
1417742623767367681
1417742630696325124
1417742630704795654
1417742633233903620
1417742634274070530
1417742634521534466
1417742635205238784
1417742643488956416
1417742646907441154
1417742649222565891
1417742658664124416
1417742660203331585
1417742661302112256
1417742664217268229
1417742674228961291
1417742676129112064
1417742676783353859
1417742678565994497
1417742682194067459
1417742683766988800
1417742684777709568
1417742693220892673
1417742693497778177
1417742694307217410
1417742701177368579
1417742704868577280
1417742710606290944
1417742711604621313
1417742713085169665
1417742716008550401
1417742718659334145
1417742718814543873
1417742734362914818
1417742736204210178
1417742738720649216
1417742743384772611
1417742745817346050
1417742752758976518
1417742759029612544
1417742759562080262
1417742759620845568
1417742763886587906
1417742768672231425
1417742775831842817
1417742780777082880
1417742788767084546
1417742789794680834
1417742789769629698
1417742791199887366
1417742795259977732
1417742795872288768
1417742797940137987
1417742799315865602
1417742801060651009
1417742801928921089
1417742807977152512
1417742807998074881
1417742810896244737
1417742812418818049
1417742814461366274
1417742818089390080
1417742827249881093
1417742830861127685
1417742839769829376
1417742840747073537
1417742845537132545
1417742849353805824
1417742850528325632
1417742851668992004
1417742855477542912
1417742855712526337
1417742857721495555
1417742861605511168
1417742861592846337
1417742864486961154
1417742866923859969
1417742868454776837
1417742879447990272
1417742882874826752
1417742883944161280
1417742884388827136
1417742884518891521
1417742886439841793
1417742888260231171
1417742888339836930
1417742891414290432
1417742897684828160
1417742902147510273
1417742902336311299
1417742916345372676
1417742929603465218
1417742936675012609
1417742942094114816
1417742949832560644
1417742960628752384
1417742962465939459
1417742967679246339
1417742971907330058
1417742972041433088
1417742976478900224
1417742977091395586
1417742980195225601
1417742980883042304
1417742994640445440
1417742994850160640
1417742995542233088
1417742996771155969
1417742999233179648
1417743000868847622
1417743011535114240
1417743015557353476
1417743015922130945
1417743016190750726
1417743017264431105
1417743018719780864
1417743019294396416
1417743024826855425
1417743028937281537
1417743029516095491
1417743033630707716
1417743042174275585
1417743044191862789
1417743044749656065
1417743045953425415
1417743046804852737
1417743047178084354
1417743049862664192
1417743050974056448
1417743053310201856
1417743059006238720
1417743059031269380
1417743062634139649
1417743064307625988
1417743065482240001
1417743067612958722
1417743068489420806
1417743068795658241
1417743069244444673
1417743069928202241
1417743072927039489
1417743073321406464
1417743075439435783
1417743082062155776
1417743086294167555
1417743092795338754
1417743094674509828
1417743098533269504
1417743100907200512
1417743107429445632
1417743111414067200
1417743114018725888
1417743119538339842
1417743123317346309
1417743127620714500
1417743127817986048
1417743131492208642
1417743133765369861
1417743135178858497
1417743135329832961
1417743140094582788
1417743141554245633
1417743142347026433
1417743142581805058
1417743143882174464
1417743148940419082
1417743149204598784
1417743154644537347
1417743156070608898
1417743157429633025
1417743157794508800
1417743159757524993
1417743159967195136
1417743160025882626
1417743162093707269
1417743164115460096
1417743165247926273
1417743165700800513
1417743167948873729
1417743179273498624
1417743179915403274
1417743181123227653
1417743184042418179
1417743184147271684
1417743186043101192
1417743191193886720
1417743195195203586
1417743197221052418
1417743200693854217
1417743214153457664
1417743216019865604
1417743218892935170
1417743219153014784
1417743223611555840
1417743224366673924
1417743227281715204
1417743231526350850
1417743234785112065
1417743237041766400
1417743239042437122
1417743239264673797
1417743240456024065
1417743249804984323
1417743250840952836
1417743261989548034
1417743262987784192
1417743263545626634
1417743268335558657
1417743270952595456
1417743270927486977
1417743274559741954
1417743278775017476
1417743278523494401
1417743282700886016
1417743289701343235
1417743290133266437
1417743291727052801
1417743291638980608
1417743293203378176
1417743298639302657
1417743300115697664
1417743300828798977
1417743301730398208
1417743305228566533
1417743306541391875
1417743307405336578
1417743310098214916
1417743311683481604
1417743312090537986
1417743312547717123
1417743312539291648
1417743330574704640
1417743331002654720
1417743333187887110
1417743335800836102
1417743338296553472
1417743339621797889
1417743344625537027
1417743347301629955
1417743348131979264
1417743349549649922
1417743350787186688
1417743355233062912
1417743361939841024
1417743361998352384
1417743363130920968
1417743371041480707
1417743371968270337
1417743377861201920
1417743378633031682
1417743380658929664
1417743385541058565
1417743385499033600
1417743386963021824
1417743389169274882
1417743389957763072
1417743393757691905
1417743395116756992
1417743401907228673
1417743401508802563
1417743405199802370
1417743406319669250
1417743410400747521
1417743417761796099
1417743419611484162
1417743427710726144
1417743432521592835
1417743445360214017
1417743445708480513
1417743455263014918
1417743456454144000
1417743458391916544
1417743460551958528
1417743462359777281
1417743462380806147
1417743463517278210
1417743467237761026
1417743472589778944
1417743474028421124
1417743480571502592
1417743482064678914
1417743483150815236
1417743484082167811
1417743498967670784
1417743499768868866
1417743502612615171
1417743504843886592
1417743508878684163
1417743510766190593
1417743510892163076
1417743515287687170
1417743516990586880
1417743520329347073
1417743526285115393
1417743527455383552
1417743538889048070
1417743542668115971
1417743551463571457
1417743553430757377
1417743555074822144
1417743571067838474
1417743571659247620
1417743572233723904
1417743578906906624
1417743579338915841
1417743584246124547
1417743584854351873
1417743592651636736
1417743593188466691
1417743598141968384
1417743599551213573
1417743605771509760
1417743607809945602
1417743608476692482
1417743609646907394
1417743610255233029
1417743612293435396
1417743612423647232
1417743615103848451
1417743618358403075
1417743620740947972
1417743622603112454
1417743630563901441
1417743634338885634
1417743636654088193
1417743641049718785
1417743664458129410
1417743666962178050
1417743667062788096
1417743668576931843
1417743670128775172
1417743673224220676
1417743673995907075
1417743675069710336
1417743680690167808
1417743687161950210
1417743689242222595
1417743691037515778
1417743692337762305
1417743692941692929
1417743702831796225
1417743703637118977
1417743706564747271
1417743710696001536
1417743714752114690
1417743719453937669
1417743724705026051
1417743724994498560
1417743727729201153
1417743731151749120
1417743731495784448
1417743732770803715
1417743735924826113
1417743736344170497
1417743737489432580
1417743740362395654
1417743742228963328
1417743752496549890
1417743756439158788
1417743757244473345
1417743757651423232
1417743761912864768
1417743770553102338
1417743771861536768
1417743775342940162
1417743775816765444
1417743779042373636
1417743780468477954
1417743780589948929
1417743782238298115
1417743789637181440
1417743791897731072
1417743792254308352
1417743794376642564
1417743799548358657
1417743800974422016
1417743805751697408
1417743808905695235
1417743811204222977
1417743812147961857
1417743813297295362
1417743814324719618
1417743814328872960
1417743819261415431
1417743822696681472
1417743824902819849
1417743826744188931
1417743830833565698
1417743835757694976
1417743843173314562
1417743843513061376
1417743844142092288
1417743844779696129
1417743856058224643
1417743856163069960
1417743861477113857
1417743867403808769
1417743868145983491
1417743872378163200
1417743877654548481
1417743879894413312
1417743885250400267
1417743886244474881
1417743886269755392
1417743886554968068
1417743889604165637
1417743893626384387
1417743895971041284
1417743898877775873
1417743900521943040
1417743903969644544
1417743908101054466
1417743908059111426
1417743915256537090
1417743916334469126
1417743918888722433
1417743919962525701
1417743921619382273
1417743931505270784
1417743933447229443
1417743938740383749
1417743942423035909
1417743943031304193
1417743944478298116
1417743947665903616
1417743954888454147
1417743956037619713
1417743960399912960
1417743964136955904
1417743968163573760
1417743976858275848
1417743977701335042
1417743979722969094
1417743980318662657
1417743983728467972
1417743985683095556
1417743987960647689
1417743989323837443
1417743992574267393
1417743993341759493
1417743997477425152
1417744002292539393
1417744004234420224
1417744004532391937
1417744004565946368
1417744006960799745
1417744008051372033
1417744011448786945
1417744020411985922
1417744023813558277
1417744027110236162
1417744027177340928
1417744030482436097
1417744032168431617
1417744033988988930
1417744041979043845
1417744049386184704
1417744048895324161
1417744053094043651
1417744053311922179
1417744056239771648
1417744058051661824
1417744062057230336
1417744062996787200
1417744064263376897
1417744071402086402
1417744072836583427
1417744081212510210
1417744087189438466
1417744089873846272
1417744090326786050
1417744091580874753
1417744098761617409
1417744106751627266
1417744109352198145
1417744109503082496
1417744121394049025
1417744127475830785
1417744131300892672
1417744134509498369
1417744134966755329
1417744136984305666
1417744143393062916
1417744143888101379
1417744157339099137
1417744159029432323
1417744160182849536
1417744160296165379
1417744161311232004
1417744162238001154
1417744163894747137
1417744164226277377
1417744164771569664
1417744164586917890
1417744169557241858
1417744172392407046
1417744178168180741
1417744178461790209
1417744180814745600
1417744185294217220
1417744188662325248
1417744188842590209
1417744189073379329
1417744189664768001
1417744192537874432
1417744205078679554
1417744205292658688
1417744208362827780
1417744211890229253
1417744212758458373
1417744213127610369
1417744215128387585
1417744217556668422
1417744217959395346
1417744218160783360
1417744218144055296
1417744219171557379
1417744223852548098
1417744230164926466
1417744230886297604
1417744230924144640
1417744233184694277
1417744233382006787
1417744233218330624
1417744238196903937
1417744238939418627
1417744242391322630
1417744242592555016
1417744244765302785
1417744253459963907
1417744258803568642
1417744269662560259
1417744272346914816
1417744273722810372
1417744274368696320
1417744277396877319
1417744279364153344
1417744280580464643
1417744280731402243
1417744282451054592
1417744282870456321
1417744285626208257
1417744286796374018
1417744287329042434
1417744289027796993
1417744292026716161
1417744295138717696
1417744302843875332
1417744304156577793
1417744307038035968
1417744308422119430
1417744310154432513
1417744312251584512
1417744314017460226
1417744316349493249
1417744317544755200
1417744318320844803
1417744319654645760
1417744321265078272
1417744335139794948
1417744339296419843
1417744348435865601
1417744351409500163
1417744353888509952
1417744353854955523
1417744356157530113
1417744359714340864
1417744360339173377
1417744367587000320
1417744370724376578
1417744373391839236
1417744379792347136
1417744386855604230
1417744393730150402
1417744398654214147
1417744400130711552
1417744408708096003
1417744412919033860
1417744413934161923
1417744415108435969
1417744417310625795
1417744428559593472
1417744433957724162
1417744436566450178
1417744438504218625
1417744452630634502
1417744455633936394
1417744460012687363
1417744460977377281
1417744466601971713
1417744471006093313
1417744471760982016
1417744472977248260
1417744474038472706
1417744474948575232
1417744476211191810
1417744479017226242
1417744485816147968
1417744486894088195
1417744494452150273
1417744496540934144
1417744499254702081
1417744505533575169
1417744507160891393
1417744511908945921
1417744513557139456
1417744513599164423
1417744517671776258
1417744525372628993
1417744527582892035
1417744533635301379
1417744536873447427
1417744539431940098
1417744541059141636
1417744542418210817
1417744545622671361
1417744548055314432
1417744551918202881
1417744552576782336
1417744559027671040
1417744562660036608
1417744566212562944
1417744566891974661
1417744571694473216
1417744573363757057
1417744574873800706
1417744577885265922
1417744588077404163
1417744592649269251
1417744593966145536
1417744594075226113
1417744600802938880
1417744604456235008
1417744604594544652
1417744604980469762
1417744613075468289
1417744613750689793
1417744614757371904
1417744622172872705
1417744623464710152
1417744631912181763
1417744633401126916
1417744635204673537
1417744637427585025
1417744638543339525
1417744647221350401
1417744647397412865
1417744652350988288
1417744660894781441
1417744662350209033
1417744666125086721
1417744666754170880
1417744674413031432
1417744678385070081
1417744680800985092
1417744683338543104
1417744683531309062
1417744686958194690
1417744688866631681
1417744690011463681
1417744690191941633
1417744691013947392
1417744690816847872
1417744693438205960
1417744697020256261
1417744698735738880
1417744700409368581
1417744700576964612
1417744710987304960
1417744712434343936
1417744714724515840
1417744716108636160
1417744716574121985
1417744721783361538
1417744722144251904
1417744722920054786
1417744724413321219
1417744732806131712
1417744733334556672
1417744735704322048
1417744739579858945
1417744740494282753
1417744748652204035
1417744752502624261
1417744754079633408
1417744755245551626
1417744756977934338
1417744757711847424
1417744757678280704
1417744760756969474
1417744763059642375
1417744763386798081
1417744763986526208
1417744766654111744
1417744771767013377
1417744774195400705
1417744776078626820
1417744779148808195
1417744785016868864
1417744786841214983
1417744790838517766
1417744792218480647
1417744793183023106
1417744799315152898
1417744800380375043
1417744802607665152
1417744807129231361
1417744808211275778
1417744811331788804
1417744814767067141
1417744821163216896
1417744824174727176
1417744825256980487
1417744825789698050
1417744828696338433
1417744834484387840
1417744837026009090
1417744838775148544
1417744840159383554
1417744842306764801
1417744843284131840
1417744844404019204
1417744845997805569
1417744846551457793
1417744851089592320
1417744855988678660
1417744856928112641
1417744861596291076
1417744867099283457
1417744868038770689
1417744877656346628
1417744879220760576
1417744879849938946
1417744881053671426
1417744886648885249
1417744893846380547
1417744894353805316
1417744897050828806
1417744903975706625
1417744904994926592
1417744914385936385
1417744922694668288
1417744923269369859
1417744926176157696
1417744928071946241
1417744929841815552
1417744933180559360
1417744937529921543
1417744937899085837
1417744941183287297
1417744941544099840
1417744942974242816
1417744943980990467
1417744946002542595
1417744946212265984
1417744947835408387
1417744949190201349
1417744954470899713
1417744954210803712
1417744960623939587
1417744966596513792
1417744980337176576
1417744980777570304
1417744987341664259
1417744988453097478
1417744991498260482
1417744995583397890
1417744999886692359
1417745001178615810
1417745001908420612
1417745006736158722
1417745011807039488
1417745021701431299
1417745023295238147
1417745024830386178
1417745025811812352
1417745027749408768
1417745032925401088
1417745033483087877
1417745036528128001
1417745037329326081
1417745037673254912
1417745039447449602
1417745041221619720
1417745042123468801
1417745047903219712
1417745059957469184
1417745060637118465
1417745063124209667
1417745068065230849
1417745079385612289
1417745079804993539
1417745080492826624
1417745084808798208
1417745089066057729
1417745096653557760
1417745096963919872
1417745102928334848
1417745104048119810
1417745107185512449
1417745111534825472
1417745114185834496
1417745117218316288
1417745117859876865
1417745118363373570
1417745119642533889
1417745120653361156
1417745121508921347
1417745124671606784
1417745124784738304
1417745125757755394
1417745127699673089
1417745139829678080
1417745143319474176
1417745145705885704
1417745146217705473
1417745153805099013
1417745157760372738
1417745159744196611
1417745164093644803
1417745167562334208
1417745167709179905
1417745169546321920
1417745179080077312
1417745180455706625
1417745182875865091
1417745183836413956
1417745184083881985
1417745186474676225
1417745186596159489
1417745188177465344
1417745188806664193
1417745190622728193
1417745193487507457
1417745196758933506
1417745201053962243
1417745207420866563
1417745208502931459
1417745218133274625
1417745225586335748
1417745225808850948
1417745228602114053
1417745231819284485
1417745233454931971
1417745233572294658
1417745237452083200
1417745237896749056
1417745238525947905
1417745239117164545
1417745245836546050
1417745246696378369
1417745250441998340
1417745254556573697
1417745258536968195
1417745258931113986
1417745260113969157
1417745262269796354
1417745263918084101
1417745264614547457
1417745264941563904
1417745269161136130
1417745273720164357
1417745276291399680
1417745277121753099
1417745279088988161
1417745280603144194
1417745287410450438
1417745293676789762
1417745293748187138
1417745294385614850
1417745297141235712
1417745308218535937
1417745308390285315
1417745315290095622
1417745318850957313
1417745319631089664
1417745334734888963
1417745343958061059
1417745344931135490
1417745348425129985
1417745358092910592
1417745358747226115
1417745362710794246
1417745363579047936
1417745372579983362
1417745372936654848
1417745379324416002
1417745385515270144
1417745385708146688
1417745387817824256
1417745388929490946
1417745388958670851
1417745392750505991
1417745393320816643
1417745394457616384
1417745396621746176
1417745397745737731
1417745405148745731
1417745405073264640
1417745408802099202
1417745410550943744
1417745413839327234
1417745413965242368
1417745417555652608
1417745418449002496
1417745417366736899
1417745427017969671
1417745427621847041
1417745434441928705
1417745442431922187
1417745443023323141
1417745450988359680
1417745452053798916
1417745452968128514
1417745453865738246
1417745454671007745
1417745459850924033
1417745463751684096
1417745469548097537
1417745469829091328
1417745475554484226
1417745478263914497
1417745480918867972
1417745488149991424
1417745490779717633
1417745491870187526
1417745492356837378
1417745495720710144
1417745499227033604
1417745501617725441
1417745503391989760
1417745507896672259
1417745509687697408
1417745511239540737
1417745514397720577
1417745517082124291
1417745519384752129
1417745521272295424
1417745524590063618
1417745525978275840
1417745536795435008
1417745538171215874
1417745538988994562
1417745540800987139
1417745545284685825
1417745546723438594
1417745550930112513
1417745553522262018
1417745558391955456
1417745558635167745
1417745559155183620
1417745560619077636
1417745564020744193
1417745565060849665
1417745566327476228
1417745567963246593
1417745568751837187
1417745572061134848
1417745572082200577
1417745573256392704
1417745578901995523
1417745581431267328
1417745584501501954
1417745585218760705
1417745585390620673
1417745594811039744
1417745595943501830
1417745597172527108
1417745597768024064
1417745600154542083
1417745600582463489
1417745600955572227
1417745602176245760
1417745604596350977
1417745606332665860
1417745614830460931
1417745621419655168
1417745623781097473
1417745629930008581
1417745630429077507
1417745635592196096
1417745640923226112
1417745645763444737
1417745655313936386
1417745661810860037
1417745663874539522
1417745664390287366
1417745665136988161
1417745665115971585
1417745666005217286
1417745666881720321
1417745672757985282
1417745682736181249
1417745683919036416
1417745696229265410
1417745699660201986
1417745700360794112
1417745701967126528
1417745704076947458
1417745705150697472
1417745711244800002
1417745712826273795
1417745714772205572
1417745715732828160
1417745720745107458
1417745724595269637
1417745726839341059
1417745728345100289
1417745728781254656
1417745728991019008
1417745729444061185
1417745731859845129
1417745734045212676
1417745740705767424
1417745741347495937
1417745746229669889
1417745752508575745
1417745756027604993
1417745757738729474
1417745757919223814
1417745769986027523
1417745772662206470
1417745773123485703
1417745773593337856
1417745779557535744
1417745780576751616
1417745787837091840
1417745788017549312
1417745789082906624
1417745789502169093
1417745793054871552
1417745797370859520
1417745799459508224
1417745803074949120
1417745816110833676
1417745822725328897
1417745824482684931
1417745824587649030
1417745824990199809
1417745825388810241
1417745825460064256
1417745828580528132
1417745831222935557
1417745835220156416
1417745836931371010
1417745838265315331
1417745839901003778
1417745841616523265
1417745842480377858
1417745844183330816
1417745847211659267
1417745850277711875
1417745859710574593
1417745861552091138
1417745862999019522
1417745863326142466
1417745866853478403
1417745870133542912
1417745871605796864
1417745873489080327
1417745874428469253
1417745876286541827
1417745890178121728
1417745900282290176
1417745912256925700
1417745921140576260
1417745931026407433
1417745933425651712
1417745940534812676
1417745945563906050
1417745947157680129
1417745951142420483
1417745953696600067
1417745955860922368
1417745957433880576
1417745957387526146
1417745965600190468
1417745969525837827
1417745973124677635
1417745979923648512
1417745982058549251
1417745987179798529
1417745990417674243
1417745992468901888
1417745993970429952
1417746005445992449
1417746006825787392
1417746016053432320
1417746018435670016
1417746019916320771
1417746020331659264
1417746020994363394
1417746021778694145
1417746021971419136
1417746025264173056
1417746025863909376
1417746027675742208
1417746030309818368
1417746031488520193
1417746034697011202
1417746039520600065
1417746043211485185
1417746044541038592
1417746047003250688
1417746048722821120
1417746052288032774
1417746052820709376
1417746052849885186
1417746054058070017
1417746056863944704
1417746058650791939
1417746060517146632
1417746066338828288
1417746070579392513
1417746073171357698
1417746075126009861
1417746083808116737
1417746090569441281
1417746096156250112
1417746096194039809
1417746100824379392
1417746102330134534
1417746103043248128
1417746105396203520
1417746108441251841
1417746113734582276
1417746114867081218
1417746115928236035
1417746116666216449
1417746120982376451
1417746122747961344
1417746123981213696
1417746127064010752
1417746129333141507
1417746130474000385
1417746139328229380
1417746140561215490
1417746145070174208
1417746160886894595
1417746165341294592
1417746169019654148
1417746169640407041
1417746170072473600
1417746170378539010
1417746182101782530
1417746185402519553
1417746187738914820
1417746189303287810
1417746193300561920
1417746196051939332
1417746198614757379
1417746201949126657
1417746205073973248
1417746225785450496
1417746226678747139
1417746230067691520
1417746233863593984
1417746237718208513
1417746239437766658
1417746241732104192
1417746247486566402
1417746254562430978
1417746263747989505
1417746264758890498
1417746266348351490
1417746274854576135
1417746275798290437
1417746288242839554
1417746289958215681
1417746304181194758
1417746305330339842
1417746307528146945
1417746308014743552
1417746316763877376
1417746318878027777
1417746321973338114
1417746322053111809
1417746329996959747
1417746332337463297
1417746332509372419
1417746336590426113
1417746352147140609
1417746355661856772
1417746357616525312
1417746368664260608
1417746371180904450
1417746372246204423
1417746373831704578
1417746374590935040
1417746377547915265
1417746378051133443
1417746380311891974
1417746385202515968
1417746386146189313
1417746391955382272
1417746396090802179
1417746396103561219
1417746401971240965
1417746403179122688
1417746409982361602
1417746416152334336
1417746416403828736
1417746420233248774
1417746425086021632
1417746426587754498
1417746427531333634
1417746441834008581
1417746442345664512
1417746461761187840
1417746463409455105
1417746464449515521
1417746466735419396
1417746467146579972
1417746468195164163
1417746469629554690
1417746470384685056
1417746470640373761
1417746470665478146
1417746471546359812
1417746473551286272
1417746477569515521
1417746482589884419
1417746488021590017
1417746488227246081
1417746491213549569
1417746494795354113
1417746495630024707
1417746497937059840
1417746502873755648
1417746505302171651
1417746508129124352
1417746509798412289
1417746512625479680
1417746520300871680
1417746521269968900
1417746524960866307
1417746527414624257
1417746528261836800
1417746535102566401
1417746537392844800
1417746539636793344
1417746542077911044
1417746541448552451
1417746542941851650
1417746543659130881
1417746545345245185
1417746547706515458
1417746548293840896
1417746549124345858
1417746550193786880
1417746552999845895
1417746556799774720
1417746558418767875
1417746565159079936
1417746566757027840
1417746567419760640
1417746567638011906
1417746569651265538
1417746571987460102
1417746572226404353
1417746573480529921
1417746573874839553
1417746581667946496
1417746587011346436
1417746594540163072
1417746598507974656
1417746599988523010
1417746607232086024
1417746607358025729
1417746609220247554
1417746619483762690
1417746629634011137
1417746630011342848
1417746630535794688
1417746634272907264
1417746635556196360
1417746635791081473
1417746639691808773
1417746642242048002
1417746646260097033
1417746652279058435
1417746657148432389
1417746661464494088
1417746665239453696
1417746667982385155
1417746672545722375
1417746677918703617
1417746681152491527
1417746682582814720
1417746683648258053
1417746687930507275
1417746691051048964
1417746692632317959
1417746693588664320
1417746694091984896
1417746696360972289
1417746700702265344
1417746704074481665
1417746705383141376
1417746708608569345
1417746713750642692
1417746717332721665
1417746717894529030
1417746721820405761
1417746725561847808
1417746726018945028
1417746727545839616
1417746728330092548
1417746733530894340
1417746737867890695
1417746744146685958
1417746744327114757
1417746745820389379
1417746751210074114
1417746751516123138
1417746767819550723
1417746770604396549
1417746771191771136
1417746772705808389
1417746773045649412
1417746775549505539
1417746778821062656
1417746783002836995
1417746786073026560
1417746788291956737
1417746794205913090
1417746797787684869
1417746800044216322
1417746803026391041
1417746823830282245
1417746824358674433
1417746826799759361
1417746826925690882
1417746831354777601
1417746831652569088
1417746835452616704
1417746838069944320
1417746840741728266
1417746842067116034
1417746850518650880
1417746851210616832
1417746858911305729
1417746859066634242
1417746868436492290
1417746871292993539
1417746873675354116
1417746873998315520
1417746875088654336
1417746878465183746
1417746886157602818
1417746891090153473
1417746891090112514
1417746898413178884
1417746901030551552
1417746901051523072
1417746902989217798
1417746906021826564
1417746911986081795
1417746914221510656
1417746916771721224
1417746925223391235
1417746925563043843
1417746926192238597
1417746927458820096
1417746929711075329
1417746930227163139
1417746934081613828
1417746945058148354
1417746948937986048
1417746948979781636
1417746955686535173
1417746956718276609
1417746958333186048
1417746961176928257
1417746968533553154
1417746969850695680
1417746975534063616
1417746975806476293
1417746975877784637
1417746976419033088
1417746980315484161
1417746980810510338
1417746983998140422
1417746985147256837
1417746986808270849
1417746991690387456
1417747003845619713
1417747004936105986
1417747008354406401
1417747011013545988
1417747014335488000
1417747016764076032
1417747018336792576
1417747019590819841
1417747019733610496
1417747020807217155
1417747021965012992
1417747022254329858
1417747022786875395
1417747028944199686
1417747038423461888
1417747041778798594
1417747049773162501
1417747050171670528
1417747050905677826
1417747050859536384
1417747051849261060
1417747053338185735
1417747054944792578
1417747056043638788
1417747062976925696
1417747064973402114
1417747076880949249
1417747077866663940
1417747091728871426
1417747092248875011
1417747094140592129
1417747096971608072
1417747100180402178
1417747106404741126
1417747109609050115
1417747115829350401
1417747121776721921
1417747121915240453
1417747123177623556
1417747123236315139
1417747133244006400
1417747140340686851
1417747144061116417
1417747144228982785
1417747146523254784
1417747154072793088
1417747155507453952
1417747157357142016
1417747158875447297
1417747159080833027
1417747160804859906
1417747167897264134
1417747168509693953
1417747178617860100
1417747179050049536
1417747180727701509
1417747180950020102
1417747185492365313
1417747185609871360
1417747193197301760
1417747198092189704
1417747216215814144
1417747228043751428
1417747228224073729
1417747236214087680
1417747240748081154
1417747243440947205
1417747246943129601
1417747250873348096
1417747261937917957
1417747265528139779
1417747302370926595
1417747305046810625
1417747309534797824
1417747319726952448
1417747321622876161
1417747322147065860
1417747326412759040
1417747330804051970
1417747334029586437
1417747336407789568
1417747338639167489
1417747338928472064
1417747341176709121
1417747348516655104
1417747355726618628
1417747356557053956
1417747359073673222
1417747366526996480
1417747368649412608
1417747369790115840
1417747374294851590
1417747381056069632
1417747387637018624
1417747396235350016
1417747399036923907
1417747399594938368
1417747400681271296
1417747403344646147
1417747409531129864
1417747412362350592
1417747413100490752
1417747420063141888
1417747420658774017
1417747422999040004
1417747426937643008
1417747428334194688
1417747428984377345
1417747430955655171
1417747436756520960
1417747439210074112
1417747441391063043
1417747441969926144
1417747448810835971
1417747451902144512
1417747457442734082
1417747464300294144
1417747470138978305
1417747470910586881
1417747478431010816
1417747484995096579
1417747486689660929
1417747493408759811
1417747494709219331
1417747506511888385
1417747506390192129
1417747510332989442
1417747514296520704
1417747516020363264
1417747517282865153
1417747517958197249
1417747519912693764
1417747520243916802
1417747522097860613
1417747525298266115
1417747526229299204
1417747532483108864
1417747533443440644
1417747537646297088
1417747539873472514
1417747540431282181
1417747557707563015
1417747562430451714
1417747564431085572
1417747572115005441
1417747575113846786
1417747582365822977
1417747585054482436
1417747585616461830
1417747589416488961
1417747590473560066
1417747591933083650
1417747593023696897
1417747597662429188
1417747599168266240
1417747610597838848
1417747610690113540
1417747612673871873
1417747615517593603
1417747633217679360
1417747635109199872
1417747638892511234
1417747644303040512
1417747649269280771
1417747649235755008
1417747657154572293
1417747663315996672
1417747664213401600
1417747669443698691
1417747672585228289
1417747673436803072
1417747675772981254
1417747678465826822
1417747683100352519
1417747684908322818
1417747686707634176
1417747688137928707
1417747691120041985
1417747702528544769
1417747711416221696
1417747711667970049
1417747716235403268
1417747730395394049
1417747731741872135
1417747731985035267
1417747732190699522
1417747733012701184
1417747740772143108
1417747740755378181
1417747746694569986
1417747747730427905
1417747754378350598
1417747754365820928
1417747755347312642
1417747755909500929
1417747756794396672
1417747760820981760
1417747763220017153
1417747763522068490
1417747763639562240
1417747764608487425
1417747764969156612
1417747769738006529
1417747778113998850
1417747782794838016
1417747788083998720
1417747791552581632
1417747800473751555
1417747807809769474
1417747808623288322
1417747811399979011
1417747812905795584
1417747814604369924
1417747825115402240
1417747826168193026
1417747826092695553
1417747826998759424
1417747827074248708
1417747827875266561
1417747830098120706
1417747840940613635
1417747841112428549
1417747840441491458
1417747851493396480
1417747852302954496
1417747852294594566
1417747857726054403
1417747858137223175
1417747858191654914
1417747864160194562
1417747869029879813
1417747870363492354
1417747874205605889
1417747874566348801
1417747901762215936
1417747904735846410
1417747905105076224
1417747908506525697
1417747912377917442
1417747928039317505
1417747929176023040
1417747929276747776
1417747936469995520
1417747938885865476
1417747941322760194
1417747944883752960
1417747950088884224
1417747953146601474
1417747966463516674
1417747967079968776
1417747967616950273
1417747977553137667
1417747978257829894
1417747980996710400
1417747987829243906
1417747989444055042
1417747995781517313
1417747998658994176
1417748001141964802
1417748016828661760
1417748017055211520
1417748018644803585
1417748018959425542
1417748021765312516
1417748027578724357
1417748031638851585
1417748031991070721
1417748040090329088
1417748043491909636
1417748049619718144
1417748052706742275
1417748058004148228
1417748060793294849
1417748071895769090
1417748072386351106
1417748075511263233
1417748074823254017
1417748081143996418
1417748090254147584
1417748091856244738
1417748113419382786
1417748118720991236
1417748119270330368
1417748120562241536
1417748120813948929
1417748122566942720
1417748141500248065
1417748143215681539
1417748143471423488
1417748145383956482
1417748145555984387
1417748147070251008
1417748150098530306
1417748153932173312
1417748161444130820
1417748162517815296
1417748170453524486
1417748171661398016
1417748177583751168
1417748177663504389
1417748182038163458
1417748182730162181
1417748186114920448
1417748186756788224
1417748187603943425
1417748191957581831
1417748194075627520
1417748196399349763
1417748199389990918
1417748202233778178
1417748205081698304
1417748206490898432
1417748208944566272
1417748210408378372
1417748213759578114
1417748215512899588
1417748221124694017
1417748222395785216
1417748226971783169
1417748232541818880
1417748232793432064
1417748236589219845
1417748236962512898
1417748241475588096
1417748242092204036
1417748242255777798
1417748245502177283
1417748245426626567
1417748248203251713
1417748258869313537
1417748259062390787
1417748260131905536
1417748260652044291
1417748261335601153
1417748265924108289
1417748266641330177
1417748268231106565
1417748269753581574
1417748270592364544
1417748271741669378
1417748275583668225
1417748278544896000
1417748280197357570
1417748281388584967
1417748289668227073
1417748289999425539
1417748296928477186
1417748302313971714
1417748306139230208
1417748307598712832
1417748309620428800
1417748324321349633
1417748335448911876
1417748344932233217
1417748347041980424
1417748352825921537
1417748354994475016
1417748355942391813
1417748357683027970
1417748357993357312
1417748359427760133
1417748361948450821
1417748374326026241
1417748388808900615
1417748397642113024
1417748400288763904
1417748408115204102
1417748409138692097
1417748414121533441
1417748416185131009
1417748420257886208
1417748424636522496
1417748441627643909
1417748448745492481
1417748452029644800
1417748451878600705
1417748452767764480
1417748455297060865
1417748457251647492
1417748459126329351
1417748463249465346
1417748466835546114
1417748474813194241
1417748478101495809
1417748482023116803
1417748484061483012
1417748484556480513
1417748492185919489
1417748492387291136
1417748494895435778
1417748495608336387
1417748498955476994
1417748500612214784
1417748500763201540
1417748504701661189
1417748505645305858
1417748514260635648
1417748515346866176
1417748526507958274
1417748527963381764
1417748531239079936
1417748537547264001
1417748538507681798
1417748545386565636
1417748546112081920
1417748554102235138
1417748559512752138
1417748561001910272
1417748562436259846
1417748564503982080
1417748564952899585
1417748573563891720
1417748578768809986
1417748579913928707
1417748586272595970
1417748586431979522
1417748588931821568
1417748591624470529
1417748592522108928
1417748597144236032
1417748609727037441
1417748609693458433
1417748616123494401
1417748618233090048
1417748621056004097
1417748621286649857
1417748622754656257
1417748625753616385
1417748626210701313
1417748634607759363
1417748636419727361
1417748638290178048
1417748638709731329
1417748639192125440
1417748641352196096
1417748642199388160
1417748643776368646
1417748643734507521
1417748645487730689
1417748646297161733
1417748648453152769
1417748653129670661
1417748658410426368
1417748659786113025
1417748667323330561
1417748674805907456
1417748681026150400
1417748682678673409
1417748682749923335
1417748707911557120
1417748709786284032
1417748713657733120
1417748713636864002
1417748716853895172
1417748719253008386
1417748720356143104
1417748724235788291
1417748724462366724
1417748728035766272
1417748733182283779
1417748736567021568
1417748737674330118
1417748739398242310
1417748745551335424
1417748747291746307
1417748750001491971
1417748751268057088
1417748758486523906
1417748773921558529
1417748775242813442
1417748780946903042
1417748782670884868
1417748785808121859
1417748788404445184
1417748790165970946
1417748796566429698
1417748800278515719
1417748805676527620
1417748806234525699
1417748807085867008
1417748808616665095
1417748817806569472
1417748824416677889
1417748828698992643
1417748830041387008
1417748831375134720
1417748832226484229
1417748832541188097
1417748837796560896
1417748840141180928
1417748841441513472
1417748843089866756
1417748843542814724
1417748843794403330
1417748846331969539
1417748853055426562
1417748861536243713
1417748868729507840
1417748869438328834
1417748880913932289
1417748881085980672
1417748887666843650
1417748889227124736
1417748897204785154
1417748899981238272
1417748918570455041
1417748925910499330
1417748929588842497
1417748931149058051
1417748931576885249
1417748938162122754
1417748940255027201
1417748944235421697
1417748950057115650
1417748950350708737
1417748958823075842
1417748960589012992
1417748960823947264
1417748962531024896
1417748962992300032
1417748963692793858
1417748966951821314
1417748969329893387
1417748971997515777
1417748973306060811
1417748974329544707
1417748977798156289
1417748982265225220
1417748982982402051
1417748987419906049
1417748990851010562
1417749001323966464
1417749002188066816
1417749007212990464
1417749010874576900
1417749016821989376
1417749018885513217
1417749019749756928
1417749020005576707
1417749027274334208
1417749029086187523
1417749029702672384
1417749034601750536
1417749041916506112
1417749042851770372
1417749046819700736
1417749049533472770
1417749051760648195
1417749052347846656
1417749053228474370
1417749054335819777
1417749055954984962
1417749057154568192
1417749062955196416
1417749072182661122
1417749073365331970
1417749081183510531
1417749088548753411
1417749089782046720
1417749090171949056
1417749090394312705
1417749092550070278
1417749092768223232
1417749094919933952
1417749097956708353
1417749098585808896
1417749104076197889
1417749104118149120
1417749108085903363
1417749108333457411
1417749111193935872
1417749112687112192
1417749113219821569
1417749114209591298
1417749116285640707
1417749122031919107
1417749122682138628
1417749123160150024
1417749125362176001
1417749128243675138
1417749128981979138
1417749131485978624
1417749134422028289
1417749136326107139
1417749136346992641
1417749136590442499
1417749136846303232
1417749137706127362
1417749141585805312
1417749142625992704
1417749143473303554
1417749154873368579
1417749155489873925
1417749155636678666
1417749161190035456
1417749168437833728
1417749169519923200
1417749171965243392
1417749173248528385
1417749176805335042
1417749177899966464
1417749183516139522
1417749191527370753
1417749191716134913
1417749196367712256
1417749200318648322
1417749202558504960
1417749207717277696
1417749208442957827
1417749208686227457
1417749216580063233
1417749221088890880
1417749223446130689
1417749228827201536
1417749229913710592
1417749232933613569
1417749233646673921
1417749235752218625
1417749237115260928
1417749240147628032
1417749249719246849
1417749252047052800
1417749255977017351
1417749256115560450
1417749260100063232
1417749266651652098
1417749267805057025
1417749271915339777
1417749272255107072
1417749284443676677
1417749285429518337
1417749292597530624
1417749296879783937
1417749297739665411
1417749301913133057
1417749303016239113
1417749303565508609
1417749310033338372
1417749311299874816
1417749328249163778
1417749334913916931
1417749335605858311
1417749336444788738
1417749343562567683
1417749343654776835
1417749348457320449
1417749348956389383
1417749353926565890
1417749356896153602
1417749363275800576
1417749371580452865
1417749372041940993
1417749372788514817
1417749373358723075
1417749375112171523
1417749380979888131
1417749381277622274
1417749381441261572
1417749382494105602
1417749384368775173
1417749390509412357
1417749390496727047
1417749395186098181
1417749400160403470
1417749400986738689
1417749407785635840
1417749411862548482
1417749414593114112
1417749418586034176
1417749420146184193
1417749424504193026
1417749430019706881
1417749432670457858
1417749435388514305
1417749438240591876
1417749460147261441
1417749469286830081
1417749472508010496
1417749476966600705
1417749484201775104
1417749485413879810
1417749487209095173
1417749488006057984
1417749489574727682
1417749490317074435
1417749490812002307
1417749491382247426
1417749491927506947
1417749493999603712
1417749512387371009
1417749521371594756
1417749526065008640
1417749532297805824
1417749535389016064
1417749537817509894
1417749545153404928
1417749550719193094
1417749553965670403
1417749554577874946
1417749559191564297
1417749562039672833
1417749568767279107
1417749571858489350
1417749575658573825
1417749582126063617
1417749583212335108
1417749583732543491
1417749594943983616
1417749595438858241
1417749599633121284
1417749607459659778
1417749615223443457
1417749615915438083
1417749623976841219
1417749624417398785
1417749628481679364
1417749636509356035
1417749638073884672
1417749638300512258
1417749641362386947
1417749642427604992
1417749644940087297
1417749646974279683
1417749648777809922
1417749654633160708
1417749661603876867
1417749666783956993
1417749667513704452
1417749673905958913
1417749674396692481
1417749675658993665
1417749675730477056
1417749676304916483
1417749691744260097
1417749695481401344
1417749696378925062
1417749698459340807
1417749700317310983
1417749703890976769
1417749706126491649
1417749709586849793
1417749716721233921
1417749717333823488
1417749719946825728
1417749723973398528
1417749729971036164
1417749749072109569
1417749750313480193
1417749750670110720
1417749760166014976
1417749767078227968
1417749768328077312
1417749769628229635
1417749770848800769
1417749772820221957
1417749775705788419
1417749776485998592
1417749780554342400
1417749781296914432
1417749785419845634
1417749788192292868
1417749793560940544
1417749795301695490
1417749806936690690
1417749807167201283
1417749809453158408
1417749814285115392
1417749815165923331
1417749817757896705
1417749819926396930
1417749822094942213
1417749823583707136
1417749825274007555
1417749826742079490
1417749827237072896
1417749830974201863
1417749833503420417
1417749837987127297
1417749843200589828
1417749844857294849
1417749845213806597
1417749847998746627
1417749858711183361
1417749864092479492
1417749869901631488
1417749869721182210
1417749880194310145
1417749883512147971
1417749887849058305
1417749889837043713
1417749890025750533
1417749897307070465
1417749898766790656
1417749899043553280
1417749902386417667
1417749904441499650
1417749904949133313
1417749905133604864
1417749909302775810
1417749913526362117
1417749914734505987
1417749915632128001
1417749916739379200
1417749917351698434
1417749917393633281
1417749921881640962
1417749932920934404
1417749934028242948
1417749935785656321
1417749938675539971
1417749939984162817
1417749943033372672
1417749944203624451
1417749946070093825
1417749947131207687
1417749953498292225
1417749958158032897
1417749959454167043
1417749960444026881
1417749960884318213
1417749962964848646
1417749966970363907
1417749967914115073
1417749978299224064
1417749980530429954
1417749981935583233
1417749987232944132
1417749990286544898
1417749993797074944
1417749995332247553
1417750009647222784
1417750017423642624
1417750017562054656
1417750018098749446
1417750023861940225
1417750024478498816
1417750025690656768
1417750026919440384
1417750034075078658
1417750040718843906
1417750040966139904
1417750043344482305
1417750047538794497
1417750048545329154
1417750052634775556
1417750052680962049
1417750052789968898
1417750053733773312
1417750055365353473
1417750063103762432
1417750070762610688
1417750070720548868
1417750071064637440
1417750071941107716
1417750077267857410
1417750080493391873
1417750086742798342
1417750089167040514
1417750091373371392
1417750094711955460
1417750100185583618
1417750100869193731
1417750116333756417
1417750121039777792
1417750122235146240
1417750125670187008
1417750127511363584
1417750130258817024
1417750134645923841
1417750137414115330
1417750151809183752
1417750157274320896
1417750157526020097
1417750160621412352
1417750161560903681
1417750165042106372
1417750167223164931
1417750169798397959
1417750170125668354
1417750176454881280
1417750181773185025
1417750182138105856
1417750184273059841
1417750186688802818
1417750190606495745
1417750193508798466
1417750194574200834
1417750195102785536
1417750199900966913
1417750203269066752
1417750207018672131
1417750219459108866
1417750219916197888
1417750221858164740
1417750223204487173
1417750237465268225
1417750241814761472
1417750245421760513
1417750245916569601
1417750250308124672
1417750251692306433
1417750263960645632
1417750267005702149
1417750267764871168
1417750268419067908
1417750269132222467
1417750271095042052
1417750275041943553
1417750279995461636
1417750282105151488
1417750283891843079
1417750284902752256
1417750298345578501
1417750301206106117
1417750301302472704
1417750311733579776
1417750320281792512
1417750321036627971
1417750327273529344
1417750327441362944
1417750329014239235
1417750331082084354
1417750336136257536
1417750339244154883
1417750340737372163
1417750342008193028
1417750347301507073
1417750352410161154
1417750354758934530
1417750361859792900
1417750362715480065
1417750372224012289
1417750373515812865
1417750375042584578
1417750375961141248
1417750379098513413
1417750380696457219
1417750380751032321
1417750382546022401
1417750384312004608
1417750389412143105
1417750392465678336
1417750393321246729
1417750401886076929
1417750409066786817
1417750409624670209
1417750413256888322
1417750414397788161
1417750419346923526
1417750420038971392
1417750420617891844
1417750424149368833
1417750427743965185
1417750430218661890
1417750434995912705
1417750435377582081
1417750437038538754
1417750437302726660
1417750439152472065
1417750439408201734
1417750440658231297
1417750449277444099
1417750449864773635
1417750452742066177
1417750459092066304
1417750462879748101
1417750469552840707
1417750470039326720
1417750474607022081
1417750477131767808
1417750483624767490
1417750491661012993
1417750493670035458
1417750495758802945
1417750495859445761
1417750496031297540
1417750498392920065
1417750501727166467
1417750504839565316
1417750506231980034
1417750506462711810
1417750510887739395
1417750511273578498
1417750512510803970
1417750516336111618
1417750518395457538
1417750523801972740
1417750524502347777
1417750543741734912
1417750545851420672
1417750546723885058
1417750546660872195
1417750548917391361
1417750552453189635
1417750553623289857
1417750555557048323
1417750556349591552
1417750569763053568
1417750579175120898
1417750590625513472
1417750594253688834
1417750594320703497
1417750602218672130
1417750611815243777
1417750612352008193
1417750619201343493
1417750623827730435
1417750626386251780
1417750633369595904
1417750635642966016
1417750638893559808
1417750641380835330
1417750641401860098
1417750641787670529
1417750644312608769
1417750648372834304
1417750649568104449
1417750651673714691
1417750653804453889
1417750656228724737
1417750658942345216
1417750661576368134
1417750661924626434
1417750669059108865
1417750674087968768
1417750681709056002
1417750684422733827
1417750687035789312
1417750691695579136
1417750694816358402
1417750697672650759
1417750701439131650
1417750702873399307
1417750704282816522
1417750707348901889
1417750708489760769
1417750710582644736
1417750715678789634
1417750723199217665
1417750723136086021
1417750724256014336
1417750728001605632
1417750733215129600
1417750734876119040
1417750736050348038
1417750738168684545
1417750740639027202
1417750741305942017
1417750750692663297
1417750751212937219
1417750755050655746
1417750755352539138
1417750757953126400
1417750758020329474
1417750760197005313
1417750767214096386
1417750767541264384
1417750769781067778
1417750775766216707
1417750777527930881
1417750783240675331
1417750783341301760
1417750785350324226
1417750785601978375
1417750787275558912
1417750810168111104
1417750812151877632
1417750812638339073
1417750819219202053
1417750827075194880
1417750828736200705
1417750830602543104
1417750834444636160
1417750835417788419
1417750836436889602
1417750843848282112
1417750844775227398
1417750846058627076
1417750846243328010
1417750851465142274
1417750853818085380
1417750861565022210
1417750864144605185
1417750867592155136
1417750871199256580
1417750882381352963
1417750882796687362
1417750884260401153
1417750885329817603
1417750890044268546
1417750909602390016
1417750912874033158
1417750916124528643
1417750917248659459
1417750918913724420
1417750920486481921
1417750926950076418
1417750934050979842
1417750940078194694
1417750941177106438
1417750942313820160
1417750943249182726
1417750945023266817
1417750947934179328
1417750950526205952
1417750968733634560
1417750970902196225
1417750973544599557
1417750974035161089
1417750976220499969
1417750980393902081
1417750981048160256
1417750981584986118
1417750993710813185
1417750995489103873
1417750995791138817
1417751003017908226
1417751004846727176
1417751006440534017
1417751008596295680
1417751010177556489
1417751010555187202
1417751011402391556
1417751014178963458
1417751016745881600
1417751024501100548
1417751029668478977
1417751030561787905
1417751045254615040
1417751047766900737
1417751048781930496
1417751050694561793
1417751052460363778
1417751060186284036
1417751060462989318
1417751062279344128
1417751065068408832
1417751065366204416
1417751071988936710
1417751073696190465
1417751079354253312
1417751085540790273
1417751089038905344
1417751090766954496
1417751092004327428
1417751096571875329
1417751096890728449
1417751097595334656
1417751101273694211
1417751102649507841
1417751104285143040
1417751111411408899
1417751112245858309
1417751119887962113
1417751120395505676
1417751121741889536
1417751123042217984
1417751125260791812
1417751125898395650
1417751129887289350
1417751135880847363
1417751140968673280
1417751147364769792
1417751148908449795
1417751149684219906
1417751153673216003
1417751156919574530
1417751162544037889
1417751164276383744
1417751175416324098
1417751177979117568
1417751179287793664
1417751180214784000
1417751180898279424
1417751182592909312
1417751186170515460
1417751186506059778
1417751194043359232
1417751197440749572
1417751202427768837
1417751203774144514
1417751205950853120
1417751206471086084
1417751212640899073
1417751215983644674
1417751219779612674
1417751220865966080
1417751225798385664
1417751226326859776
1417751230428979203
1417751232056266753
1417751238507212800
1417751251060670470
1417751261638627336
1417751262704062465
1417751263354126336
1417751264100765697
1417751264788717573
1417751267108171777
1417751268454387713
1417751269184212996
1417751272543903745
1417751273558978560
1417751273718239233
1417751274725036033
1417751278965248002
1417751281255346176
1417751287911813121
1417751288637390848
1417751292215185409
1417751296652693513
1417751296887738371
1417751297009258498
1417751306123493377
1417751312146501632
1417751321751457793
1417751323441733632
1417751324586758144
1417751324649836544
1417751325438210048
1417751325245386753
1417751328579858432
1417751334674120706
1417751337282850819
1417751338742657024
1417751342152572932
1417751348682973185
1417751350847229958
1417751352910831617
1417751353988993025
1417751357306687488
1417751362826276865
1417751363912617985
1417751364348821506
1417751364977848327
1417751375576895493
1417751377342783489
1417751379268055040
1417751380035571713
1417751384150130688
1417751385030934530
1417751387304341504
1417751392798711817
1417751394984112134
1417751397223731202
1417751401837613057
1417751404261806089
1417751405163646983
1417751409055911938
1417751409408167938
1417751412147163137
1417751412918923271
1417751417192960004
1417751424310652928
1417751427028602881
1417751428257439747
1417751431801720833
1417751439082987520
1417751442467684353
1417751443151327241
1417751444967460871
1417751445030440960
1417751448511602691
1417751456569040897
1417751461715320832
1417751466115158020
1417751467621027841
1417751469802074116
1417751471060357121
1417751472671006721
1417751474575085574
1417751475200020481
1417751483089629186
1417751488395350018
1417751488634531844
1417751492577038339
1417751498251964425
1417751500911169537
1417751506204336129
1417751511782682624
1417751515171676161
1417751520586739713
1417751526467067904
1417751526941020163
1417751528924975104
1417751529931649026
1417751533291192320
1417751542103478277
1417751543068119040
1417751552975163392
1417751555915276288
1417751557471305728
1417751558956085257
1417751563213447168
1417751563225944067
1417751564350074884
1417751566421876742
1417751567806124035
1417751568619909123
1417751569207074816
1417751569467072513
1417751571580866560
1417751572742803459
1417751576324751360
1417751580401668096
1417751585761923074
1417751588496629760
1417751589012582404
1417751593387237377
1417751595824058368
1417751603122212874
1417751605852590086
1417751611833819137
1417751622634049537
1417751624366366721
1417751628392787970
1417751635024138242
1417751641315495937
1417751647720194049
1417751650685526020
1417751650610163714
1417751651067301891
1417751653491503104
1417751653575495680
1417751658738692100
1417751663700500483
1417751663843020802
1417751663918686208
1417751667341074437
1417751671086665730
1417751674425389056
1417751676493180930
1417751680632958976
1417751681291325449
1417751681626869760
1417751682197475328
1417751685259214848
1417751690002976768
1417751699679334402
1417751699842818049
1417751701033947138
1417751701809991680
1417751702019653635
1417751702854324231
1417751709007425544
1417751711423336448
1417751717068804096
1417751718998196226
1417751721128964097
1417751721548435456
1417751722831892481
1417751724719288320
1417751725440651265
1417751731803463681
1417751741299367943
1417751744004509706
1417751747762827266
1417751756730155008
1417751763843698689
1417751771070353411
1417751774014836743
1417751775847669762
1417751777223512066
1417751784693633024
1417751787147337728
1417751790452318212
1417751792906117122
1417751792880918528
1417751793694617601
1417751796542590977
1417751802703921153
1417751817463664642
1417751820831707140
1417751823990067202
1417751827119017984
1417751827773333504
1417751832282161152
1417751832659599360
1417751833993416704
1417751846190469122
1417751851118833665
1417751851353640966
1417751854935535616
1417751856223191043
1417751859998052359
1417751864087498753
1417751865975001088
1417751872803278854
1417751877882630145
1417751889966403585
1417751891027562497
1417751891635703811
1417751892965433344
1417751895142248449
1417751896412983301
1417751899034382336
1417751904780705796
1417751906366201858
1417751907330834434
1417751912141754370
1417751914113085441
1417751914763145217
1417751920802877446
1417751923286056964
1417751924225593346
1417751928117743617
1417751935046856705
1417751938939117571
1417751939509587969
1417751947969368066
1417751950200774659
1417751953673801730
1417751961240285184
1417751967720484869
1417751968294924300
1417751970807353344
1417751979770720257
1417751995797082116
1417751998611533828
1417752000570163200
1417752001300029441
1417752002021535745
1417752004529635332
1417752006945656833
1417752009331986434
1417752010728869890
1417752014117875717
1417752014956621824
1417752018081435648
1417752019310350336
1417752024771268608
1417752032870547461
1417752033537449986
1417752034934202368
1417752038796980227
1417752041712148481
1417752043708690432
1417752054861373441
1417752055662489600
1417752056966696962
1417752059290349568
1417752059462438916
1417752064936009729
1417752066102079490
1417752068178292737
1417752070506037249
1417752076847824896
1417752078865223681
1417752081797042180
1417752087581036549
1417752091330818048
1417752097122971648
1417752098507304961
1417752105612419074
1417752105645793280
1417752109454348288
1417752110108749824
1417752129159188485
1417752132535660545
1417752136717377536
1417752137665286145
1417752141305896962
1417752143927386113
1417752145433186304
1417752146829881353
1417752147991547907
1417752149136601095
1417752159559503872
1417752164672229389
1417752166278782977
1417752166475862016
1417752166568284162
1417752170150170625
1417752174155681796
1417752188034629632
1417752193516687361
1417752197669003265
1417752198361100291
1417752204086185985
1417752208557367296
1417752222989914113
1417752223136813057
1417752228400570373
1417752235858141184
1417752247136522240
1417752248776540160
1417752251397926913
1417752252610195456
1417752253780217857
1417752254162079744
1417752257362161666
1417752259820195843
1417752265688031232
1417752272612769796
1417752274042978304
1417752282695884807
1417752289096392704
1417752293437583361
1417752294918066177
1417752298885980171
1417752300152496130
1417752311246561282
1417752314845216772
1417752316032266245
1417752319249326080
1417752320658399234
1417752321501679617
1417752322151682049
1417752323879669760
1417752328011231232
1417752337087668225
1417752342405996545
1417752342733099009
1417752345014902784
1417752345056669698
1417752350199058432
1417752352811929600
1417752354498088963
1417752362580692993
1417752365977985025
1417752367076839429
1417752368251215873
1417752369731973120
1417752377277308935
1417752382189056000
1417752383422140416
1417752390736908289
1417752391164760069
1417752392653754368
1417752404498386952
1417752409292644352
1417752417643401216
1417752419170193411
1417752420801728512
1417752421430927362
1417752424849289216
1417752425914675202
1417752431547518976
1417752432193454081
1417752435326656513
1417752437297795076
1417752441530077185
1417752442997919744
1417752446382723077
1417752452720439298
1417752454255480841
1417752462308515845
1417752462656565251
1417752465361965058
1417752468159557634
1417752474497204225
1417752475025567744
1417752478100099072
1417752479161225217
1417752487906267142
1417752488392892417
1417752490896879622
1417752497142259714
1417752501714145280
1417752504066998273
1417752505564504065
1417752510656307200
1417752512665321474
1417752514519257090
1417752517136588800
1417752522677121030
1417752523939749888
1417752526187810816
1417752527551057920
1417752531250286596
1417752534354116608
1417752538015838208
1417752540788236290
1417752545150312449
1417752548354756609
1417752560174342146
1417752563215179778
1417752563319980034
1417752563622027264
1417752566486605824
1417752568046964740
1417752570005708804
1417752576079040512
1417752583322718208
1417752593091104768
1417752599495909378
1417752607821639681
1417752613051895814
1417752627610198022
1417752629271093248
1417752629329858561
1417752634119757825
1417752635424321538
1417752635466153986
1417752639408848901
1417752644932734976
1417752654302912514
1417752654990741506
1417752658111197185
1417752658560135171
1417752663396081669
1417752668508876803
1417752671457628167
1417752679049203717
1417752680798334977
1417752681121263616
1417752683985969153
1417752691975983108
1417752696149393409
1417752699576066048
1417752701568360453
1417752711257370628
1417752712192708612
1417752715799633922
1417752718345744384
1417752720639938562
1417752723588587520
1417752732866420739
1417752733637955592
1417752735227727872
1417752735676469249
1417752739715633153
1417752740206317569
1417752740516798465
1417752746459947008
1417752746699198464
1417752752306810886
1417752762943746048
1417752766550786048
1417752767666475010
1417752769134571522
1417752769918902273
1417752771370045440
1417752779884572673
1417752782518501378
1417752782640226308
1417752787882889219
1417752789506306048
1417752791393574914
1417752791448113159
1417752800059080704
1417752807336071168
1417752816022691841
1417752817754939404
1417752824000045058
1417752832959152130
1417752835832180739
1417752843033972737
1417752843449257984
1417752844036362240
1417752850134937602
1417752856313032708
1417752868191358978
1417752868895952899
1417752869017690114
1417752874189197314
1417752877918003201
1417752882426826752
1417752882309386240
1417752885597704194
1417752887548071936
1417752889058119682
1417752891213979650
1417752897375248389
1417752897752735744
1417752905684328448
1417752911908511744
1417752913837969414
1417752916090257413
1417752932192247809
1417752938638987264
1417752945345581056
1417752945693712384
1417752946171944966
1417752947803529220
1417752948461817857
1417752950634594305
1417752955881656321
1417752956263440388
1417752959228731394
1417752964605878272
1417752964899377154
1417752966195462147
1417752966065360897
1417752966656761860
1417752968355581952
1417752971270664192
1417752971996278784
1417752976513511425
1417752981517316098
1417752982007939073
1417752981944946691
1417752983698300929
1417752987506728961
1417752987527647243
1417752995572457474
1417753000043421696
1417753006620168192
1417753007526187008
1417753012458643456
1417753013054230528
1417753015562522624
1417753017814822914
1417753020037730306
1417753024223666179
1417753025150689284
1417753036596842500
1417753037968400390
1417753049708351489
1417753058595926018
1417753063482433538
1417753065151770624
1417753071971672064
1417753072558874624
1417753080234319877
1417753081370988544
1417753082688069633
1417753083103252483
1417753086114861059
1417753092075008001
1417753098341154816
1417753111746187268
1417753114308907008
1417753116561268737
1417753122080919557
1417753123121152000
1417753123574231040
1417753125096771586
1417753135443939331
1417753144994537472
1417753148559478784
1417753150946123781
1417753150912614401
1417753151747366912
1417753154544877571
1417753163608645633
1417753174430167045
1417753174992068609
1417753181057175552
1417753189571497984
1417753191463149569
1417753191966412802
1417753192050352129
1417753194919337988
1417753195783376896
1417753195695149056
1417753197125545984
1417753198102827009
1417753205845504000
1417753207523139585
1417753214141845504
1417753215794180099
1417753215945302017
1417753215991431168
1417753223776063488
1417753224744947712
1417753225378164736
1417753239731130368
1417753240137916417
1417753243329961984
1417753245322121216
1417753253211684865
1417753254566449154
1417753256407691272
1417753257011732486
1417753258320220160
1417753259125747712
1417753263030611970
1417753271675019264
1417753272832512004
1417753275626147841
1417753279598055424
1417753282190139393
1417753292797530112
1417753301597175815
1417753302306021378
1417753304453554179
1417753314742132740
1417753320677052424
1417753322648268800
1417753327119568896
1417753327992033283
1417753328847507459
1417753330735099905
1417753332547035138
1417753345129783302
1417753348925710339
1417753350305636355
1417753350695800832
1417753351576428546
1417753352708964353
1417753357184348161
1417753363727454208
1417753365820416002
1417753368123039744
1417753367988695044
1417753371939942401
1417753378013159429
1417753380471115776
1417753385474744323
1417753389568602114
1417753390612992000
1417753391749599232
1417753397021847552
1417753397831245832
1417753399181840384
1417753398909169668
1417753400989474821
1417753402067587072
1417753412079439872
1417753413757059073
1417753419952107521
1417753421864738820
1417753422686691333
1417753423542374402
1417753423676678145
1417753424150470657
1417753434003066881
1417753434695028739
1417753436108513283
1417753436775493632
1417753438616702979
1417753440596463618
1417753454483845124
1417753455142129667
1417753469067345923
1417753481381830663
1417753482631671822
1417753492882698243
1417753495713746945
1417753500348518402
1417753500767985665
1417753509353582594
1417753528743956480
1417753532682444805
1417753533215084546
1417753534020214787
1417753534066565123
1417753536809537541
1417753537212076036
1417753540471123968
1417753546242498563
1417753547622424581
1417753553020628994
1417753556799696897
1417753557311180800
1417753559609888770
1417753582674251778
1417753586151403520
1417753590437793797
1417753593977921539
1417753598587379716
1417753605814165504
1417753606900617219
1417753614416633856
1417753617906405376
1417753618258726913
1417753621945626625
1417753623992303617
1417753633756782592
1417753634360733699
1417753642401210369
1417753642128527365
1417753648432656385
1417753655252500482
1417753657622376450
1417753662546485252
1417753663615897603
1417753663649599490
1417753666484908034
1417753665964752897
1417753669865459716
1417753674420563975
1417753678073716741
1417753678778232833
1417753681051717634
1417753682322542592
1417753693676609536
1417753698097418240
1417753704942358531
1417753710072057859
1417753712492269570
1417753717009354760
1417753717290409985
1417753722143268865
1417753725779722242
1417753730988974081
1417753731538563072
1417753736412270593
1417753739792850947
1417753742527533058
1417753746415656970
1417753752761561089
1417753754267439104
1417753762253443075
1417753763377557504
1417753768565764099
1417753782482575362
1417753782860062728
1417753785133322240
1417753786269978630
1417753787586936836
1417753789776412672
1417753795807809540
1417753797300944899
1417753802623516678
1417753803739344899
1417753805362372611
1417753805769252864
1417753806062850050
1417753809443381252
1417753809774948354
1417753814531067905
1417753815621767176
1417753817576361984
1417753818339725315
1417753820696924166
1417753822190047232
1417753826661212160
1417753827751628806
1417753828783493121
1417753828808695809
1417753829030776834
1417753834299002888
1417753836060651520
1417753838036131841
1417753844222554115
1417753845397082119
1417753849515945987
1417753853651419141
1417753862241497094
1417753862514126848
1417753862367326208
1417753874090401793
1417753877357678593
1417753882910855171
1417753885112950784
1417753887285592064
1417753888166383616
1417753889982455809
1417753893514235904
1417753894856413187
1417753904540835842
1417753904654307336
1417753907023937537
1417753908202536961
1417753910157185025
1417753912157822979
1417753913185419264
1417753917270626309
1417753919242047490
1417753923977318403
1417753925579595777
1417753936857948164
1417753938045063169
1417753939911532544
1417753940968488962
1417753948493127680
1417753953706680320
1417753959507402753
1417753961885483009
1417753962220974080
1417753962585882625
1417753963953278977
1417753965098323970
1417753966151041024
1417753973986103296
1417753985147097089
1417753986300579841
1417753990327046144
1417753996840816644
1417753998816387074
1417753998875058176
1417754001970499593
1417754003459514368
1417754011256623109
1417754011739041792
1417754017862537220
1417754018949079042
1417754019909578757
1417754029019467777
1417754033616457731
1417754033733791748
1417754038158888960
1417754038423232514
1417754047075995651
1417754051031142404
1417754051823882242
1417754062762643465
1417754063484096514
1417754066810114048
1417754068303454208
1417754069922320384
1417754075857358853
1417754077480595456
1417754083797127169
1417754086162800642
1417754088578588679
1417754101740306433
1417754103464173569
1417754117020151809
1417754120258207744
1417754123026505728
1417754126830743555
1417754127556349953
1417754128286064642
1417754136523657224
1417754137786142720
1417754146988601344
1417754148322385921
1417754154466873346
1417754156257918977
1417754157793034243
1417754158468272134
1417754166122799108
1417754181486759937
1417754191951392771
1417754193817858052
1417754204391698436
1417754206820356103
1417754210075021312
1417754212939837441
1417754214915264516
1417754215833800705
1417754216639127552
1417754220984422401
1417754221592551427
1417754224432091143
1417754225933635585
1417754227275935748
1417754227477078019
1417754227556950016
1417754229163257858
1417754229272244227
1417754239225507846
1417754240894836736
1417754246540238848
1417754247412654082
1417754252303245321
1417754252718624769
1417754252936626180
1417754254152982530
1417754255738359811
1417754259186089985
1417754264185630720
1417754265762689024
1417754270821076995
1417754286579232771
1417754288084955136
1417754288508522499
1417754293801791488
1417754297429762050
1417754300898492419
1417754300839825412
1417754305210339330
1417754312399335427
1417754313011646466
1417754317826691077
1417754322759258114
1417754326995505157
1417754333530230785
1417754338085191684
1417754339993587712
1417754341692297217
1417754350152306689
1417754350110134274
1417754352203272192
1417754356170907648
1417754359870414848
1417754360378007556
1417754364240871424
1417754364165382145
1417754369072762881
1417754370406453249
1417754371463557123
1417754373430599683
1417754376832159751
1417754381357916161
1417754386667687940
1417754388995653632
1417754391067586564
1417754392116310016
1417754407857311747
1417754414874497024
1417754417298874368
1417754419433775105
1417754423086903301
1417754429462220802
1417754430355787777
1417754432075309057
1417754441327943691
1417754442527612928
1417754446025605120
1417754449813065728
1417754451113357312
1417754453340528645
1417754454007287816
1417754464602050561
1417754466636517378
1417754468259618816
1417754472172949504
1417754475469627394
1417754479294697475
1417754481995915264
1417754482839113731
1417754484437000192
1417754484583903235
1417754486240694274
1417754499721011208
1417754501591797763
1417754509724450819
1417754509779013634
1417754514199826433
1417754519694307330
1417754521296642049
1417754525667139592
1417754535129354248
1417754538203697152
1417754549079744517
1417754557006770180
1417754561234685952
1417754565085208577
1417754570629996544
1417754572563615746
1417754577319964674
1417754579857383430
1417754584349560833
1417754585662361600
1417754592541126657
1417754594919129090
1417754602439593985
1417754604746444805
1417754618235432960
1417754627878047746
1417754635344007171
1417754635419283456
1417754637965438977
1417754650963587072
1417754653026971650
1417754653006106624
1417754656860692481
1417754658509099019
1417754664238403585
1417754669183475717
1417754670634872832
1417754672002183169
1417754681800118272
1417754687885824003
1417754690532495361
1417754699500081153
1417754703685853190
1417754703987888129
1417754711638347780
1417754716046610432
1417754720802906114
1417754729254371329
1417754730022023170
1417754732500635648
1417754733641613312
1417754734509887490
1417754741921042437
1417754745280901120
1417754751366615043
1417754757066788871
1417754759646302208
1417754761139560450
1417754764046127105
1417754769482031104
1417754769939177473
1417754773428838401
1417754774309584896
1417754775085531138
1417754784212389889
1417754789522247682
1417754791422353411
1417754796325445633
1417754802776330240
1417754807729799168
1417754808266727424
1417754813719359488
1417754816374349824
1417754818446254086
1417754822128726016
1417754827841486848
1417754828181286912
1417754828168695809
1417754833092636677
1417754835152084998
1417754837198979073
1417754839598075910
1417754845042282496
1417754853863002114
1417754871634276352
1417754871877472257
1417754873173577729
1417754873735655425
1417754879272030208
1417754879582429186
1417754884233842692
1417754884472983552
1417754884775026690
1417754891301306368
1417754895487102976
1417754898372960259
1417754906547601413
1417754909458452482
1417754918082027521
1417754926533468165
1417754931835150336
1417754934422953987
1417754945638518785
1417754951254740992
1417754961249722368
1417754980124082176
1417754981520785410
1417754985459236866
1417754987183099914
1417754998050631681
1417755011342295040
1417755020133650435
1417755027725340673
1417755029197365248
1417755038454276096
1417755057269915655
1417755063779348483
1417755064815562754
1417755066187096068
1417755066644111360
1417755069165023234
1417755073225035779
1417755078388289536
1417755078660853762
1417755080300900353
1417755080430788611
1417755084956573705
1417755085837324288
1417755090161594368
1417755095027040262
1417755102543110145
1417755102551674881
1417755112932470789
1417755114450862081
1417755114669060097
1417755115377680384
1417755118963920897
1417755123238031361
1417755123476930560
1417755126861811715
1417755128489205762
1417755130858926086
1417755136668094466
1417755137821581312
1417755145568456707
1417755146696671232
1417755156116955144
1417755158403035136
1417755158516273157
1417755164929368064
1417755167689117699
1417755170201559040
1417755170289684484
1417755171099140098
1417755171929698306
1417755173082910724
1417755173145939968
1417755176098803713
1417755180834119681
1417755181480095745
1417755181589090305
1417755187461165057
1417755194050289667
1417755194406838272
1417755201289678850
1417755206549483523
1417755208327835649
1417755222525550595
1417755224383660036
1417755231228678145
1417755238170169344
1417755240925892611
1417755241332674562
1417755243949944837
1417755244147232770
1417755245921271809
1417755246374182913
1417755254519631878
1417755254964240396
1417755255735951360
1417755260714577921
1417755263516479488
1417755264955129858
1417755270122557440
1417755273767366657
1417755276783063045
1417755277428940801
1417755278792134657
1417755280469725190
1417755282499899394
1417755292700446720
1417755305761550336
1417755313961197568
1417755317178445824
1417755317480349696
1417755324883341312
1417755327097982978
1417755336258228225
1417755336623202306
1417755342369292288
1417755346039459843
1417755346307747840
1417755352288931844
1417755363470893056
1417755366452908036
1417755368088915968
1417755373746933760
1417755374447439876
1417755375433039877
1417755375819010050
1417755376708198403
1417755376892715010
1417755383087644674
1417755384803102724
1417755386115993606
1417755388632608769
1417755391543463945
1417755394076721153
1417755395746115586
1417755399726448642
1417755404298297344
1417755408618475523
1417755408840597511
1417755409222311938
1417755418038882308
1417755418949038080
1417755419917766664
1417755422623027203
1417755429715816450
1417755430973939714
1417755431892516864
1417755434367307776
1417755435864580097
1417755441157656577
1417755441812094978
1417755446350385154
1417755448237756416
1417755448778936320
1417755455259033601
1417755458698420225
1417755461558833152
1417755463769276416
1417755469268017155
1417755472560541696
1417755475878178817
1417755479279869953
1417755486649204736
1417755487550902274
1417755502855999489
1417755505678749698
1417755514780401666
1417755518089629702
1417755518739779592
1417755525291335685
1417755526948171776
1417755528684478468
1417755542613749761
1417755546858532865
1417755548108394497
1417755551426035713
1417755555666358275
1417755556786356230
1417755568937209858
1417755574276665345
1417755576356929542
1417755585882296321
1417755588352692227
1417755593389985795
1417755593767481346
1417755600377704450
1417755602604879872
1417755605910048771
1417755608242003979
1417755614357467137
1417755614567010304
1417755624625131526
1417755631163904000
1417755637627371523
1417755645491630083
1417755652177334272
1417755653670461441
1417755654387818497
1417755656120147970
1417755658196242432
1417755664798167048
1417755665989210112
1417755667117461514
1417755669059485696
1417755669420204032
1417755678798610437
1417755682569347075
1417755683076849666
1417755684041601026
1417755687904587778
1417755690223902722
1417755694590218240
1417755720297111555
1417755727494586375
1417755730753560576
1417755732410314752
1417755741796978689
1417755744263458816
1417755747883040770
1417755749300703237
1417755750428983296
1417755757194354688
1417755759425859584
1417755763221569540
1417755764664451076
1417755767445282817
1417755769429188608
1417755774831546374
1417755781789851648
1417755783396270082
1417755786789392384
1417755787682779137
1417755791248011266
1417755792384667653
1417755795974852611
1417755796570529795
1417755809086427136
1417755809753227269
1417755812383105025
1417755812899008513
1417755819337211911
1417755819467280387
1417755822474502147
1417755824412401664
1417755827235180544
1417755827696513028
1417755829772722180
1417755835053314049
1417755843643289604
1417755850169626625
1417755854426710018
1417755855324319744
1417755861557157890
1417755861850722305
1417755862014349314
1417755870604234754
1417755871917056004
1417755874076946433
1417755875482247170
1417755879278092290
1417755883585560577
1417755907778220033
1417755910143807488
1417755914308923396
1417755916464705537
1417755924039708675
1417755924366872581
1417755926770208770
1417755928061825027
1417755929861398529
1417755930188345345
1417755933204176896
1417755935561371650
1417755936324784128
1417755937318834179
1417755937457180672
1417755937713102849
1417755956063178752
1417755959536013312
1417755962870575104
1417755965643018245
1417755969602433026
1417755972882288640
1417755975281426433
1417755976032260098
1417755978645315584
1417755979295330306
1417755979396026376
1417755981279371267
1417755990234107904
1417755994617118722
1417755996341121029
1417756003916034051
1417756006721888265
1417756008093343748
1417756007317401606
1417756012405268487
1417756018340204546
1417756025311088643
1417756028121223175
1417756031426482177
1417756039470936064
1417756043552215042
1417756044571287553
1417756053773635584
1417756054801338368
1417756058475450370
1417756066285244418
1417756071897219073
1417756072006270976
1417756073126105091
1417756074791239680
1417756080453521408
1417756080621432833
1417756084320808962
1417756087634255873
1417756099130712074
1417756102503063553
1417756111269158913
1417756132190343170
1417756133754904576
1417756141141078017
1417756145121439744
1417756153551917056
1417756156416585728
1417756157373001728
1417756159994388480
1417756170899570691
1417756171180646406
1417756172539482113
1417756173080698882
1417756178931671041
1417756179103637505
1417756181385211905
1417756188679184385
1417756189564280833
1417756195893383172
1417756203686547456
1417756203703099392
