1412395890090840065
1412395893618249734
1412395899377098754
1412395905622364164
1412395907081965568
1412395908491321346
1412395910487842817
1412395910865342468
1412395911691522052
1412395912341639174
1412395914682064896
1412395914250133505
1412395914946396162
1412395915730636803
1412395918339592197
1412395926015066115
1412395929584418826
1412395933480927239
1412395935989067777
1412395936546922499
1412395938077941762
1412395943576719368
1412395949624762370
1412395950920724489
1412395951990394889
1412395953844326403
1412395957359087617
1412395961108811792
1412395968759275525
1412395981803507720
1412395983149879300
1412395992742248451
1412395996382863365
1412395996823359488
1412396001927778310
1412396002066288640
1412396002867298304
1412396008349343745
1412396017228468225
1412396017434062850
1412396018545483776
1412396021221670918
1412396021322240009
1412396022932905984
1412396023142567947
1412396023608070145
1412396025373937674
1412396025621458948
1412396040939048963
1412396045019930624
1412396051059855365
1412396071586762754
1412396083926421504
1412396084458975232
1412396085822251010
1412396089852907527
1412396094865223680
1412396095720857604
1412396102557437957
1412396107204907014
1412396108974903297
1412396109767581696
1412396120722993153
1412396120890773507
1412396122316820487
1412396122711134216
1412396127643656196
1412396129426165766
1412396135843516431
1412396138964062212
1412396140578942979
1412396148841762817
1412396151999959045
1412396152654155781
1412396153346433027
1412396156643119106
1412396156454375425
1412396161693097985
1412396162359906304
1412396163832057863
1412396172912828416
1412396179556548614
1412396183587328003
1412396187546652681
1412396191845863438
1412396195985645568
1412396207608057856
1412396211101966340
1412396211286462478
1412396214860062722
1412396216978182144
1412396227472224262
1412396230513156107
1412396230659874817
1412396238989926403
1412396239149277185
1412396240256466951
1412396241854636033
1412396248166981634
1412396256056463380
1412396260846452742
1412396262414983177
1412396262347862022
1412396266760245251
1412396266974289922
1412396285726965767
1412396297785597955
1412396300855824395
1412396301061443587
1412396301225009154
1412396309743554562
1412396312755064838
1412396313912778752
1412396322209026057
1412396322951417860
1412396323056275461
1412396331616907267
1412396332753506312
1412396333512671234
1412396333919506434
1412396340265447425
1412396347207131139
1412396350545838082
1412396352638697472
1412396358435172353
1412396358640844801
1412396363711619073
1412396363774574595
1412396364785405966
1412396366408699906
1412396367360757760
1412396368954638341
1412396370225471490
1412396372477714432
1412396376990834688
1412396383512907780
1412396388483170308
1412396388722302976
1412396392878858243
1412396401179430913
1412396401548480521
1412396403272339457
1412396405742870530
1412396412680257540
1412396418493472768
1412396425724366850
1412396427930652690
1412396433978834944
1412396437481132033
1412396438517161987
1412396439733407747
1412396439917973504
1412396443025952784
1412396453532770305
1412396458058338326
1412396460176560133
1412396461019566082
1412396470800629764
1412396483526152202
1412396483576569859
1412396484776054799
1412396485254127617
1412396486889984027
1412396487376523272
1412396488307658760
1412396492292247571
1412396492606820358
1412396495047909380
1412396495576387592
1412396496423694336
1412396500504571905
1412396501318389768
1412396504266985485
1412396511799939077
1412396512894603267
1412396513297264650
1412396513456799757
1412396516615016457
1412396517269426181
1412396517529317379
1412396517621649426
1412396518770888722
1412396520314343432
1412396527356715011
1412396544012193794
1412396554053378059
1412396556146331657
1412396561506738178
1412396567189987331
1412396573082931204
1412396579567321090
1412396579831484424
1412396579856830466
1412396581710614546
1412396585045184513
1412396598554939400
1412396606557720577
1412396608885608454
1412396609476825092
1412396617681063942
1412396621262901270
1412396621661417482
1412396622504337414
1412396623523553290
1412396624735842304
1412396636072931335
1412396638249816067
1412396639646531585
1412396641097687043
1412396664350982145
1412396665697353729
1412396677500178438
1412396677952983046
1412396684336902144
1412396684613611520
1412396686400385026
1412396686786318356
1412396691144200196
1412396692041781250
1412396694608613381
1412396697758617607
1412396698001821699
1412396698907856897
1412396705966792708
1412396707124498438
1412396712023498753
1412396721439535109
1412396728825769988
1412396730964975623
1412396745099599875
1412396755405115392
1412396755979751451
1412396759477895172
1412396772622745602
1412396777291059201
1412396789102120961
1412396792688246785
1412396794206691329
1412396795087425540
1412396798765932544
1412396803475922944
1412396826809020422
1412396832865538068
1412396837978267659
1412396842118172697
1412396842902556677
1412396842986328075
1412396844093784073
1412396844907438083
1412396847503659019
1412396849378566144
1412396849860952067
1412396850116710425
1412396856479469574
1412396859256016900
1412396860552237061
1412396861634187266
1412396863337250826
1412396866952744963
1412396867070185472
1412396870349901830
1412396871667048457
1412396873571356672
1412396876125675521
1412396876805066754
1412396879980212225
1412396890314919946
1412396891573211154
1412396892793671683
1412396893234253826
1412396897558577153
1412396899081072642
1412396899819266048
1412396902876946433
1412396903124324371
1412396912368504832
1412396917162582018
1412396920652304389
1412396922602606596
1412396928319508492
1412396930462883842
1412396930882322434
1412396931045892096
1412396933029634051
1412396941594533888
1412396942013911049
1412396943704313857
1412396945319108609
1412396945872719873
1412396946199826432
1412396949651795971
1412396960166858765
1412396961609699336
1412396961932664841
1412396964612907009
1412396966311510020
1412396970442899456
1412396971009187840
1412396972401643523
1412396978781179904
1412396982057029640
1412396983172710407
1412396993876484096
1412396994203631618
1412396996296650752
1412397000792870916
1412397008615198720
1412397017528082438
1412397023760953351
1412397023685394433
1412397025505820676
1412397029721002011
1412397032078069765
1412397032019398662
1412397041532162072
1412397042383691776
1412397053578153986
1412397053775335425
1412397055620923395
1412397060171583489
1412397074763685888
1412397077590593559
1412397079096332289
1412397084544749571
1412397084976631808
1412397087233355777
1412397089384898565
1412397095366152193
1412397103452729350
1412397103955988495
1412397110423605248
1412397115435671553
1412397117532893186
1412397120406097920
1412397121790103559
1412397123706916868
1412397127507009536
1412397130329776128
1412397131974037508
1412397132263288838
1412397135123955714
1412397144066117647
1412397151418667012
1412397151464865799
1412397154228916230
1412397157320167424
1412397159572455431
1412397160843251717
1412397164114948097
1412397164094013444
1412397169114558469
1412397169294913539
1412397176899002369
1412397178820214786
1412397179612901376
1412397179952578561
1412397186181001223
1412397188722958336
1412397189767311363
1412397202870259718
1412397205781155841
1412397207823790081
1412397212793966592
1412397215797108739
1412397221388111874
1412397223338516480
1412397229160214528
1412397233010581507
1412397240954597376
1412397241004806146
1412397242003116035
1412397247359328260
1412397253231267854
1412397264883040262
1412397267265363974
1412397270063063040
1412397271199666182
1412397275054231557
1412397281219858447
1412397283627384832
1412397285967867904
1412397292078911497
1412397295232905216
1412397295421771790
1412397301990047745
1412397302287720455
1412397307568533507
1412397310013759494
1412397310911434754
1412397329341161472
1412397333413711876
1412397334273609733
1412397335636811780
1412397336559554560
1412397336823746562
1412397338820333568
1412397341043216404
1412397341739565056
1412397346835554307
1412397352481001472
1412397353152225281
1412397355249422336
1412397355635122179
1412397371154042883
1412397372869693441
1412397379291160576
1412397387155390466
1412397389240012803
1412397390754107393
1412397391303561232
1412397391991410693
1412397396768739343
1412397397670612996
1412397399386079233
1412397402288439299
1412397410156957700
1412397410869936132
1412397413634031620
1412397422748135425
1412397425998843909
1412397433024303111
1412397439663890432
1412397447360438281
1412397450191523844
1412397451227500545
1412397462908641286
1412397467862241282
1412397472421400587
1412397475541966850
1412397476951244802
1412397478360535060
1412397478834487304
1412397479157538817
1412397484236632074
1412397489748070409
1412397490918215681
1412397502419017733
1412397505019629573
1412397508408582148
1412397511675768838
1412397511885590531
1412397513143894023
1412397523835232258
1412397526087397378
1412397529635950593
1412397535331713026
1412397543481298953
1412397548040564741
1412397548036313088
1412397555632295940
1412397556378656777
1412397565807583233
1412397565883133956
1412397568944914435
1412397571209846789
1412397574368210945
1412397575198621701
1412397578671509539
1412397578721927171
1412397589849427975
1412397593636659203
1412397596358946816
1412397600695799827
1412397602344210434
1412397603992616960
1412397605808656389
1412397606345613316
1412397618748137476
1412397619981295622
1412397625396105217
1412397633939910657
1412397637140090880
1412397649974661123
1412397655813103619
1412397656580706318
1412397660405911562
1412397665468436482
1412397671655129090
1412397677581586434
1412397682623090689
1412397683411587074
1412397688046432264
1412397688558137347
1412397700209860611
1412397702021795840
1412397703481413638
1412397703607242752
1412397705339494403
1412397708539748352
1412397710435573762
1412397718593490952
1412397718778097666
1412397720317403138
1412397722653634562
1412397727397318659
1412397731256188932
1412397746410164227
1412397749379768320
1412397755092307970
1412397757004861443
1412397757843771392
1412397766253363202
1412397774461620226
1412397774612619265
1412397774751084550
1412397775946403848
1412397782170808320
1412397784393785351
1412397789959671808
1412397790458695706
1412397794627817480
1412397796842426369
1412397802056032256
1412397808070676480
1412397809068818433
1412397814018154499
1412397817851678733
1412397828077408264
1412397832108191753
1412397837795659778
1412397839389392896
1412397841486684162
1412397849338269701
1412397852391788545
1412397852790194180
1412397853343981575
1412397858276392968
1412397860482473984
1412397872654413833
1412397874705485824
1412397881676505089
1412397885354823687
1412397895781859329
1412397896578654213
1412397898516471808
1412397900479483925
1412397902345949187
1412397905701392384
1412397910558273543
1412397910675894274
1412397911741132807
1412397917927772163
1412397924173160452
1412397934398771203
1412397937095843842
1412397943768948737
1412397947761876992
1412397954137272321
1412397961515044866
1412397963591176198
1412397965910683648
1412397971317178372
1412397972755779588
1412397975180132354
1412397982520074240
1412397983665201160
1412397984394973186
1412397984965398538
1412397985133207555
1412397985489588224
1412397988366934018
1412397988283043851
1412397996201893888
1412397998437400585
1412398005068525571
1412398008268996616
1412398008910630912
1412398013067190277
1412398014749097984
1412398014744903686
1412398024492470280
1412398024568061955
1412398035863277569
1412398036739887110
1412398041278009351
1412398041823268866
1412398043329089537
1412398047926046739
1412398050832699401
1412398050816016387
1412398056100749321
1412398061112934404
1412398069195239427
1412398074161471491
1412398077118357513
1412398077084852225
1412398078175461378
1412398079601487872
1412398084294860800
1412398084072435712
1412398089210564614
1412398093270724610
1412398096848408577
1412398104008085531
1412398105065103362
1412398106239455235
1412398111004127232
1412398113353043968
1412398113873088531
1412398116423208966
1412398118449127426
1412398120328175618
1412398122588729345
1412398125810163717
1412398131266850816
1412398136501354497
1412398141823930377
1412398144399286272
1412398145787424768
1412398152389439490
1412398156101296131
1412398160018817029
1412398162044665859
1412398165215657986
1412398173956542464
1412398174501703687
1412398182697365504
1412398183582421003
1412398184157040662
1412398186430451712
1412398189571887105
1412398198526726150
1412398200296722442
1412398203132157952
1412398207225712646
1412398207091580930
1412398216893583372
1412398218294484995
1412398222086230016
1412398224434876423
1412398226054037506
1412398240725667842
1412398241124081668
1412398243414167581
1412398244370522113
1412398247138582533
1412398251333013504
1412398254830997505
1412398256571699204
1412398259893456898
1412398263068622851
1412398267560710144
1412398274611453958
1412398276859482118
1412398277136420865
1412398285004943365
1412398285210460163
1412398286925930501
1412398287664128002
1412398292370137089
1412398293661847554
1412398295117221891
1412398301824143366
1412398307440140288
1412398310556585999
1412398323567316996
1412398332811558919
1412398340214595584
1412398341657399299
1412398344970948610
1412398346573074440
1412398346971533321
1412398356551319553
1412398363459289091
1412398368018636800
1412398369763467266
1412398381796839430
1412398391838007297
1412398394652332043
1412398396376338432
1412398398020284421
1412398407247974401
1412398410422960136
1412398418253828098
1412398419369410560
1412398422636834821
1412398426596286465
1412398428013809664
1412398428659884035
1412398432250216453
1412398436771581968
1412398437853634566
1412398446158528516
1412398446695305230
1412398455281131521
1412398461064986629
1412398461639708674
1412398463862591519
1412398469348745217
1412398469407404035
1412398472347668485
1412398481017290763
1412398482661404678
1412398491423346697
1412398497823875075
1412398507671969798
1412398510201356292
1412398511451160579
1412398518304657419
1412398519139196928
1412398520057876501
1412398525179105282
1412398525351022597
1412398527716679683
1412398528110940162
1412398530250035206
1412398530782765059
1412398532263301148
1412398533597093888
1412398533731364869
1412398534842781697
1412398535308451844
1412398537527152640
1412398538340933633
1412398538584203268
1412398541755109376
1412398542631714821
1412398544099500034
1412398546951852034
1412398553863843841
1412398554111434753
1412398557588508673
1412398559794655237
1412398561610903556
1412398564504911877
1412398575351480326
1412398575917617154
1412398585342312448
1412398593265254405
1412398595555348500
1412398607572029442
1412398609539035143
1412398615054540802
1412398616153628676
1412398629495713800
1412398632129679375
1412398632255508486
1412398632612081666
1412398634289741827
1412398635069882371
1412398637225742338
1412398638244970496
1412398647229227008
1412398651142545410
1412398659036192768
1412398663075123207
1412398664283148294
1412398668796231683
1412398670138458115
1412398675003850752
1412398679680503816
1412398684587892738
1412398684990435329
1412398685418254343
1412398692708012041
1412398694419386374
1412398701608321026
1412398705613983745
1412398706062729216
1412398707018846218
1412398707971084298
1412398712190558209
1412398715118051331
1412398717131444230
1412398722563063812
1412398728841936896
1412398729492111366
1412398734328188929
1412398736068722691
1412398738073690119
1412398738191138819
1412398746307117057
1412398746864787460
1412398751478472707
1412398752128667649
1412398756192980992
1412398759443578882
1412398762350153728
1412398765571555329
1412398765848371200
1412398769648373769
1412398773012090885
1412398776849879040
1412398778213191687
1412398787662860288
1412398788183003143
1412398793153077257
1412398800602345477
1412398809339117577
1412398814284156931
1412398822395887620
1412398828397944841
1412398840485908482
1412398841337462785
1412398843061280769
1412398850053230599
1412398855501582340
1412398870403878912
1412398874887602177
1412398875705548801
1412398878603714560
1412398881220927489
1412398884022796289
1412398884710670344
1412398885872484352
1412398891933253635
1412398896358252546
1412398896513486867
1412398901773148161
1412398902477721601
1412398911201890314
1412398913613672451
1412398915853426692
1412398916834938884
1412398923667365894
1412398927823867908
1412398928176336901
1412398929799438340
1412398933142380549
1412398944538091524
1412398944642994186
1412398947818258435
1412398952226328584
1412398953312800769
1412398955145568264
1412398959289581571
1412398959616610306
1412398960107524098
1412398960455651329
1412398965845200908
1412398967468482563
1412398972883267585
1412398978273054721
1412398979745304577
1412398981905276928
1412398988691656709
1412398988691755015
1412398989589221381
1412398989677367300
1412398996409126917
1412398997961162753
1412398999278133250
1412399005171130372
1412399014264381443
1412399018609713156
1412399021398843398
1412399022350995457
1412399023198294018
1412399023235993602
1412399025312219138
1412399030831829000
1412399033587572739
1412399036204605445
1412399037647572994
1412399042651475971
1412399044027064324
1412399046698967043
1412399052843630596
1412399052734480385
1412399057453162503
1412399063631380482
1412399063916584960
1412399069264232451
1412399073202638852
1412399078613340175
1412399079229845510
1412399086591000577
1412399096040730624
1412399102705479684
1412399105729601542
1412399106157334530
1412399112809553922
1412399114906705920
1412399115095379971
1412399117079351304
1412399119973376006
1412399121311338499
1412399124318670859
1412399124532674568
1412399127934083072
1412399129406296068
1412399134607282179
1412399135441842178
1412399143629303816
1412399150390521861
1412399153871831043
1412399158212939781
1412399166375055362
1412399166333014024
1412399168035897347
1412399169281609732
1412399170380451842
1412399171647295490
1412399176562925574
1412399179217915908
1412399184083255302
1412399197719089158
1412399198348230661
1412399199442784262
1412399200646668288
1412399201737076742
1412399203729412096
1412399204111114242
1412399209697792003
1412399211111407624
1412399214630359043
1412399216513601537
1412399219063902211
1412399227565707270
1412399232472915978
1412399235778105345
1412399235748843520
1412399235794878464
1412399236193210374
1412399248881065992
1412399259329105923
1412399264605507585
1412399274403450885
1412399277431738370
1412399279298187271
1412399284247478272
1412399286957002754
1412399288680960001
1412399288919883779
1412399293885988867
1412399294188081161
1412399297296011265
1412399298990559232
1412399304766103552
1412399305999097873
1412399308385751042
1412399314660331523
1412399317369884673
1412399318565281793
1412399321702621192
1412399323573227520
1412399324609318914
1412399325167095808
1412399339314556928
1412399342711939072
1412399343932379150
1412399345979346948
1412399352153317386
1412399353386438659
1412399355089371137
1412399356888616963
1412399357362638858
1412399357475930118
1412399371862392832
1412399374034898946
1412399376711000074
1412399377419755532
1412399377868484608
1412399386890366984
1412399388434087946
1412399390161989637
1412399390040281097
1412399390728261632
1412399391231578112
1412399395958673412
1412399409543921667
1412399419954282503
1412399428799959045
1412399429219500039
1412399429479505923
1412399434843885573
1412399438186782731
1412399438455320581
1412399440539828225
1412399441752039424
1412399443610116096
1412399449008005125
1412399452422246412
1412399457447157763
1412399458625605641
1412399481077878785
1412399487981547531
1412399491320213509
1412399493115518979
1412399493958545413
1412399498828079105
1412399502007443460
1412399504544915456
1412399507271208961
1412399509414416385
1412399512300265474
1412399517433954304
1412399519107592197
1412399524509798400
1412399524803452934
1412399530469826573
1412399538472722432
1412399546710249485
1412399546664165382
1412399552313786378
1412399557195956227
1412399558957666314
1412399562090762240
1412399565966233605
1412399568910700544
1412399569367879682
1412399570856853505
1412399573360914437
1412399582487719936
1412399590402400257
1412399600145686531
1412399616587358212
1412399616755183618
1412399617199820800
1412399618940416006
1412399623117942784
1412399623407378437
1412399632211234821
1412399635877056514
1412399637558874115
1412399638414467080
1412399638712180738
1412399642881531904
1412399647457480709
1412399649684701185
1412399654323503112
1412399654923214852
1412399663144079364
1412399669523718148
1412399670014447621
1412399681699733504
1412399688607744000
1412399688830140424
1412399693213143042
1412399694681034758
1412399704256651267
1412399705359884290
1412399711282159617
1412399711487680514
1412399712448225282
1412399717917597698
1412399718131548167
1412399720660623364
1412399720123801600
1412399721243504654
1412399728223043590
1412399730630529029
1412399730613706752
1412399730798305292
1412399733478412294
1412399741271298052
1412399742470995969
1412399742835773440
1412399748024242185
1412399749907587076
1412399753388867588
1412399755901218820
1412399759231442952
1412399764713480195
1412399783893999623
1412399784581861379
1412399802902589444
1412399803800166402
1412399806136344583
1412399806325133316
1412399807579054085
1412399810209095681
1412399810598998021
1412399811047968768
1412399813946232834
1412399814877192192
1412399815779045382
1412399817880485891
1412399818253778947
1412399822615855113
1412399825010642944
1412399825031675915
1412399825157492741
1412399830027153415
1412399834951266305
1412399835295125508
1412399837446688777
1412399857151746057
1412399860720885761
1412399864634392582
1412399865888317442
1412399867993931780
1412399870942474246
1412399875292078081
1412399879838633986
1412399881050804229
1412399883605082116
1412399884221751301
1412399884800507906
1412399886503383052
1412399896062095361
1412399896905367565
1412399897366650880
1412399898364944385
1412399898490777606
1412399900935983105
1412399909550977026
1412399920913555459
1412399926877855746
1412399927100121089
1412399928119336968
1412399940530278400
1412399941188792330
1412399943839531012
1412399945261387778
1412399947547398144
1412399954589458433
1412399956573446145
1412399958653820929
1412399959580741640
1412399966732050436
1412399969974226955
1412399970750173189
1412399971744243713
1412399974986391555
1412399975707914242
1412399986269097987
1412399993101586433
1412399993860902919
1412400001817485320
1412400008096223240
1412400008272302090
1412400010612953090
1412400011774734345
1412400018573729796
1412400018653335553
1412400020024856577
1412400032838569987
1412400036311224330
1412400040434302976
1412400046100914176
1412400046616817664
1412400048483311623
1412400049305362437
1412400053105348611
1412400054443315202
1412400056053862406
1412400056918069251
1412400057656086532
1412400062064467986
1412400069299650562
1412400069517713408
1412400070251606016
1412400073972011012
1412400074173337604
1412400074307612676
1412400074815164420
1412400082989862918
1412400085057503232
1412400086152364045
1412400092519145473
1412400095019028485
1412400099104333826
1412400101901885451
1412400102375931904
1412400106545061889
1412400107832610822
1412400108520476682
1412400118507130883
1412400129227755527
1412400139092729858
1412400152552292353
1412400165416210434
1412400166221537291
1412400166661992449
1412400166812930050
1412400166947065862
1412400168209551361
1412400168377503748
1412400170147270658
1412400181337788424
1412400181132378114
1412400182239637508
1412400183103479809
1412400187302162434
1412400191823618056
1412400192247144449
1412400193966907406
1412400197259382786
1412400198584832000
1412400201617362944
1412400207497551872
1412400209590693898
1412400216368553985
1412400227177336834
1412400227693346818
1412400228091695116
1412400230448914442
1412400233229676544
1412400235079405572
1412400242432020480
1412400250447351816
1412400250963128324
1412400262325604355
1412400262375952388
1412400265819533322
1412400277051908103
1412400281032200193
1412400284370976774
1412400284890959879
1412400286933602310
1412400287705411585
1412400290230411272
1412400290335178753
1412400295682916357
1412400303345999875
1412400306588094468
1412400307905122309
1412400315652100096
1412400322518175745
1412400323034071047
1412400323508019212
1412400323549962241
1412400329006751747
1412400335025496071
1412400338401775617
1412400338708189184
1412400338985009157
1412400346593476609
1412400347063148548
1412400352905867266
1412400354445074432
1412400363366404104
1412400371213881347
1412400374049394691
1412400380814802945
1412400380936396802
1412400382043635720
1412400398128889858
1412400398070071296
1412400399173181442
1412400404311252994
1412400405783318528
1412400407008137219
1412400417443651589
1412400426583048197
1412400433063157772
1412400433692295169
1412400435835531268
1412400440646438913
1412400446975664130
1412400451518042115
1412400456165437444
1412400457885093893
1412400458317111297
1412400467573891075
1412400470686146567
1412400472753848324
1412400474003808261
1412400477199761412
1412400480257462272
1412400481205461004
1412400487111004172
1412400487522050049
1412400492173402114
1412400505825873920
1412400507520438272
1412400509265321989
1412400515548393477
1412400518073303041
1412400521722220546
1412400522385149953
1412400523068776450
1412400531247562754
1412400531507658752
1412400536331198469
1412400542161178625
1412400545206255618
1412400551162167302
1412400553188114435
1412400556199616512
1412400557256581121
1412400561660510213
1412400571747811329
1412400581042442244
1412400581772079105
1412400594401173511
1412400602936758275
1412400604098478084
1412400605776154631
1412400606166323205
1412400606837415936
1412400609869791234
1412400611811905537
1412400620695400452
1412400625854210049
1412400625833320451
1412400630380077060
1412400636172419073
1412400639259328517
1412400639855009798
1412400644355497984
1412400644602818564
1412400652475518981
1412400658901192707
1412400661338247173
1412400670066552839
1412400675867213831
1412400677398138881
1412400678555643904
1412400701133803523
1412400704342433794
1412400710885519362
1412400725276217347
1412400727167754248
1412400727897477122
1412400735048904712
1412400737368281090
1412400738161070080
1412400740455354369
1412400741868707844
1412400743236001796
1412400743953403904
1412400744175636487
1412400746717405191
1412400747464073218
1412400747992567816
1412400755227639811
1412400756926394377
1412400758490910721
1412400763716915205
1412400769618354179
1412400784105431048
1412400784906493962
1412400788631134208
1412400795543343106
1412400802690392064
1412400803000823815
1412400804481454088
1412400805420974081
1412400811783692295
1412400818079293446
1412400820319047688
1412400822764380162
1412400823158575110
1412400826170187779
1412400826362961921
1412400828401557511
1412400830657990658
1412400835343044609
1412400836857245702
1412400839533203464
1412400843610116096
1412400844511797248
1412400850383917061
1412400864103333891
1412400868272619528
1412400871007260673
1412400872542199813
1412400874442432515
1412400875079831553
1412400875138658314
1412400879639093254
1412400880914104320
1412400892490432513
1412400895053103104
1412400900220538881
1412400906566455301
1412400908965597187
1412400913076084744
1412400913759625221
1412400917580820483
1412400920198057985
1412400920441327617
1412400920596525063
1412400923444486154
1412400926770479104
1412400932281782277
1412400932210413569
1412400939777015809
1412400943174406149
1412400948144754694
1412400951000846337
1412400952829616138
1412400953047846913
1412400956323553288
1412400956306866176
1412400957569351688
1412400957766393863
1412400963529359365
1412400966243135489
1412400967241269251
1412400977076908035
1412400977269956608
1412400979442638857
1412400979379695621
1412400983921991683
1412400991564091395
1412401004272889857
1412401013735059456
1412401016515960838
1412401018113904642
1412401018407559175
1412401020387446786
1412401020647444482
1412401023021322242
1412401029518344197
1412401030101409794
1412401031967907843
1412401037290266628
1412401037546164225
1412401038620041222
1412401039999963139
1412401043632267265
1412401048409477129
1412401051223867393
1412401057918029826
1412401061776789511
1412401066017234951
1412401069573935109
1412401071587151873
1412401072338083842
1412401077006311431
1412401084505767937
1412401091115950082
1412401114000015360
1412401118949253122
1412401127887458308
1412401137165078529
1412401153237786632
1412401155053789185
1412401155100057604
1412401155162914819
1412401157595668485
1412401160435159043
1412401160913408000
1412401168765145093
1412401171353018375
1412401177682190344
1412401183013019653
1412401186653708293
1412401189765984256
1412401197940629511
1412401199245148163
1412401206320844804
1412401208883650566
1412401208849944580
1412401210078990337
1412401213551824907
1412401217238552581
1412401218744250369
1412401220271046665
1412401230035435523
1412401232879128578
1412401235601334280
1412401241586610178
1412401243432050690
1412401243583045640
1412401248419069957
1412401252185563155
1412401252147859460
1412401263178887171
1412401264189607937
1412401266756665353
1412401288168361989
1412401296322318341
1412401297282801667
1412401297291108356
1412401298897465356
1412401306719948802
1412401308259262468
1412401311853604867
1412401312566743042
1412401318766039055
1412401331269156864
1412401336730198027
1412401339477360642
1412401344904937479
1412401345315868677
1412401347014561799
1412401347371188226
1412401351515123715
1412401352743981063
1412401360973221889
1412401361682116619
1412401363334664197
1412401370683092998
1412401371190546433
1412401374902489088
1412401386269122569
1412401386743111686
1412401387430875146
1412401387632312323
1412401388177571840
1412401390555742212
1412401392862609414
1412401401301438469
1412401406825406469
1412401409732059138
1412401422046531584
1412401423111835651
1412401425385242630
1412401425850712079
1412401426970681346
1412401430456061953
1412401430913224714
1412401443919773697
1412401453176606721
1412401460168597511
1412401460575227907
1412401461997277187
1412401468557103104
1412401470981423109
1412401475649642496
1412401478933921795
1412401480326389774
1412401486269599748
1412401492674424834
1412401495589412874
1412401497476931595
1412401499817365517
1412401502333902851
1412401513943556099
1412401520780398598
1412401526572687365
1412401528854437889
1412401533614891010
1412401535523299331
1412401535850536966
1412401537742032899
1412401538845364235
1412401544419590147
1412401552929681411
1412401554758459394
1412401554942947328
1412401557119942658
1412401557631549443
1412401558558593024
1412401568436129800
1412401572106153990
1412401574752657409
1412401574807212033
1412401576854097921
1412401577348960258
1412401582843564035
1412401592142381056
1412401592217837575
1412401595627749379
1412401602699354117
1412401606734323723
1412401612279197698
1412401617484357636
1412401619220811776
1412401620080463874
1412401620630085636
1412401627923980297
1412401641194729475
1412401644797575177
1412401645745491970
1412401649079914496
1412401653127553034
1412401654373158912
1412401654499098632
1412401666968768514
1412401671053971466
1412401688498126853
1412401693774409728
1412401697004130310
1412401698816016388
1412401713621999626
1412401721217802248
1412401723658878986
1412401726712336385
1412401727521923078
1412401733117136902
1412401739517546498
1412401740138287104
1412401749479018500
1412401750473162758
1412401756320014337
1412401760988143620
1412401771813744651
1412401772988092418
1412401774703616011
1412401776641331202
1412401776733655047
1412401777723555849
1412401780101627912
1412401786061787144
1412401786778968067
1412401788725215243
1412401789840863239
1412401791787012098
1412401793204633605
1412401793309544448
1412401800175620096
1412401802159419399
1412401804722282502
1412401810027986950
1412401810883624966
1412401811726778369
1412401822392750080
1412401826545254409
1412401838050234369
1412401847940358153
1412401848804429827
1412401851627094021
1412401867523506178
1412401870514143235
1412401877271056386
1412401879481454596
1412401881096261642
1412401889300422657
1412401896145309701
1412401896602615812
1412401905968500737
1412401912759132164
1412401914625597446
1412401918094102533
1412401919105044485
1412401922968014862
1412401934175293441
1412401943851511814
1412401944241508354
1412401945659252742
1412401948675002372
1412401953733234691
1412401958338527235
1412401969348714501
1412401973626802184
1412401975124234242
1412401981856047106
1412401985567997965
1412401985798737920
1412401986570526734
1412401986474070017
1412401987857969153
1412402021387407367
1412402027829805059
1412402027905302529
1412402028287086602
1412402028387635202
1412402029587279872
1412402030002458625
1412402037875044359
1412402042518347778
1412402046335062022
1412402047375314948
1412402050399358978
1412402054975217665
1412402062311280657
1412402064148230153
1412402065641553929
1412402065758953486
1412402071631024128
1412402085304406017
1412402092208267268
1412402095580487694
1412402097870475271
1412402103457173505
1412402113985003521
1412402115897667584
1412402118795751428
1412402129017487360
1412402129529184256
1412402131504664577
1412402133383716866
1412402135736762379
1412402143546458119
1412402156632776708
1412402171019137036
1412402173544042504
1412402181748101125
1412402184772370437
1412402191952928775
1412402198559010820
1412402209971650563
1412402219069157379
1412402220973318147
1412402223401865218
1412402223880024070
1412402225306124291
1412402229642997760
1412402231387754501
1412402237716979713
1412402239449223174
1412402245052817409
1412402245891547138
1412402262119522312
1412402264883568653
1412402266590662659
1412402267739746306
1412402271556673544
1412402273259503622
1412402273423085578
1412402274815688708
1412402281367097356
1412402282214281217
1412402282667327496
1412402283829137411
1412402290116501506
1412402302305161225
1412402302883971077
1412402316435767310
1412402338350968843
1412402343593725952
1412402343811944451
1412402350648709129
1412402351135092738
1412402353899139073
1412402353458778112
1412402355958599680
1412402362690543618
1412402363046891522
1412402366490492942
1412402369971826688
1412402371544567808
1412402372593307651
1412402377374765057
1412402378075262976
1412402382051463168
1412402385142562819
1412402390448361482
1412402397440270336
1412402406009327627
1412402410664955914
1412402410614571017
1412402416067264517
1412402416453050375
1412402419443671048
1412402423352659969
1412402425600827396
1412402427718950914
1412402430663434244
1412402436527083525
1412402441937571842
1412402454205931526
1412402457011884035
1412402461571227655
1412402463055880196
1412402479115825158
1412402481355800579
1412402488867700738
1412402494227902466
1412402501521973260
1412402502197186566
1412402511001047042
1412402512687026178
1412402514343911426
1412402515472228356
1412402515820249090
1412402516025819145
1412402526826151938
1412402527203594248
1412402533071470604
1412402541497880578
1412402545754992649
1412402562939097092
1412402565699018755
1412402568911859715
1412402576306417666
1412402578701357070
1412402579124932614
1412402583034077193
1412402587085770760
1412402589132640264
1412402602663424002
1412402611974778881
1412402612218085386
1412402613379911689
1412402619595726851
1412402620052951045
1412402625560170509
1412402625962778627
1412402630110887936
1412402630320664577
1412402642169520134
1412402646913277954
1412402654358167555
1412402654723072008
1412402657575129088
1412402658627960839
1412402674872598537
1412402679154987012
1412402681138880527
1412402681939861505
1412402682891890688
1412402686213996547
1412402693205803008
1412402693449076739
1412402711568453642
1412402712419962888
1412402723048333322
1412402725950836743
1412402735358439428
1412402735803162634
1412402736444973063
1412402739766870021
1412402743038328833
1412402748667093002
1412402759240933379
1412402760839012363
1412402772973166592
1412402774546001924
1412402778727649288
1412402779193327626
1412402779579052033
1412402782531993623
1412402789356118025
1412402798080278538
1412402799145492482
1412402800814817281
1412402804036190216
1412402805239947264
1412402807244832773
1412402807299317762
1412402811061551106
1412402817919238155
1412402818036781065
1412402820184150028
1412402828128231428
1412402830556766212
1412402833630978048
1412402834167975939
1412402855269502978
1412402858444664844
1412402860633989124
1412402860835295232
1412402881102295046
1412402882041765893
1412402887523766273
1412402891298643973
1412402894079463435
1412402896780541955
1412402900010213377
1412402909472382976
1412402912307953672
1412402918557429762
1412402919668948992
1412402919840776194
1412402921535262721
1412402922143506432
1412402926681825290
1412402938383941641
1412402938828537863
1412402939554144258
1412402946508197890
1412402946411839501
1412402948915838988
1412402949947641856
1412402954435444743
1412402954909401099
1412402955622313987
1412402955538550799
1412402957270884360
1412402965139189761
1412402969769766912
1412402973632872451
1412402974186483712
1412402977122488322
1412402984533757954
1412402984806400002
1412402988640092164
1412402989285924867
1412403006633558017
1412403011985588232
1412403012576944132
1412403013357027329
1412403024321040385
1412403025302351877
1412403038443081728
1412403040976621573
1412403042188730376
1412403042864013323
1412403049709121545
1412403054570258432
1412403055807565828
1412403058512891906
1412403061075505154
1412403064829530112
1412403068667301890
1412403072136093696
1412403072240742400
1412403078591090705
1412403082814803968
1412403082969980937
1412403084421046280
1412403086916739081
1412403088963612674
1412403092184838150
1412403098065252357
1412403102137958412
1412403107179372548
1412403107699609605
1412403116230709256
1412403116331388933
1412403121758916613
1412403124933902351
1412403136598249476
1412403137005162498
1412403139815395329
1412403140490629122
1412403144844136449
1412403145896972289
1412403145695797249
1412403154898010123
1412403155602751489
1412403163915825154
1412403175198429186
1412403188624416778
1412403213358309376
1412403214142644225
1412403216751288321
1412403220564090880
1412403224720691203
1412403234224807938
1412403239971139584
1412403245587349514
1412403254659588096
1412403268924448774
1412403270698651649
1412403270849646602
1412403278340579331
1412403279716253696
1412403281624772613
1412403286880055297
1412403289887580163
1412403291133255689
1412403293045903366
1412403294517878786
1412403303347015682
1412403305691684868
1412403306719289355
1412403314344566792
1412403315498000386
1412403316840034308
1412403319939551233
1412403326369533958
1412403333806137357
1412403333789360133
1412403338428227590
1412403342651895815
1412403343201296388
1412403345587904513
1412403348465242116
1412403353867341827
1412403356581117959
1412403359760498692
1412403360884428802
1412403364831375368
1412403367708553217
1412403374906036225
1412403376827031559
1412403378332725250
1412403379901399040
1412403380358631428
1412403382011138049
1412403406224998404
1412403409043480584
1412403410620456961
1412403418023485440
1412403420011638792
1412403422872014850
1412403424730230786
1412403426051436544
1412403428333129734
1412403434670657536
1412403440781860866
1412403441322893317
1412403442002313223
1412403444728700934
1412403447031341057
1412403449141116928
1412403449677889543
1412403451645108239
1412403453230452741
1412403458070568962
1412403460188868619
1412403464878047236
1412403467088453644
1412403467642040324
1412403467755339781
1412403468711702532
1412403476227710979
1412403479587426308
1412403489700036612
1412403495332986887
1412403495555289095
1412403497803288578
1412403502656147458
1412403507089481730
1412403509450866691
1412403511988527106
1412403513238474761
1412403515708907529
1412403520611966977
1412403523610976258
1412403525209014273
1412403525943009282
1412403526433751042
1412403528409174024
1412403532309798915
1412403538710368258
1412403539968729088
1412403542497845253
1412403546637717504
1412403548285964288
1412403554854318088
1412403558771826693
1412403562861182993
1412403567210733572
1412403570897526784
1412403581173612544
1412403586634498056
1412403588127772679
1412403590275141633
1412403599158616065
1412403604233854982
1412403605236158464
1412403605622120455
1412403607350120448
1412403612551090186
1412403621673775110
1412403623074668544
1412403622839738378
1412403623372468238
1412403632964837388
1412403635749855236
1412403642217295873
1412403645447032832
1412403650622808074
1412403654607392769
1412403657287602182
1412403665470582787
1412403665911095299
1412403680020779016
1412403690317680641
1412403692347744264
1412403698358120448
1412403701298380804
1412403701650755595
1412403704746160145
1412403707807948801
1412403708286181387
1412403712035860493
1412403718042140678
1412403728603353106
1412403729870077953
1412403739504218112
1412403751449735172
1412403764003278848
1412403765081149447
1412403767522250765
1412403776594628609
1412403781044555779
1412403794835480579
1412403796655980546
1412403797247369218
1412403802783707139
1412403808366379021
1412403811319271426
1412403813894524928
1412403815484166145
1412403819313520641
1412403819590258692
1412403820374675466
1412403829488893952
1412403830390767618
1412403832269815816
1412403833758752770
1412403836002746379
1412403838544404488
1412403841945985027
1412403843694952452
1412403844932321282
1412403845146288132
1412403848384221185
1412403848510050305
1412403850640707585
1412403853950164997
1412403857917947919
1412403864368816134
1412403869506752517
1412403872610623496
1412403876536455169
1412403877094297604
1412403887739338758
1412403890352529412
1412403891170418690
1412403894366445576
1412403896354590732
1412403897801625609
1412403916139020295
1412403918177513476
1412403919767097349
1412403922900246532
1412403924901019660
1412403927698579469
1412403931578261506
1412403936884035595
1412403939446820866
1412403941728419842
1412403948745601029
1412403949844455432
1412403954324017161
1412403960170774529
1412403961219502080
1412403967183704064
1412403970669219845
1412403971860336646
1412403978617434116
1412403982849515528
1412403991380738062
1412403991456227336
1412403998708097025
1412403999869837312
1412404015963410432
1412404018555588615
1412404021634154497
1412404023467073546
1412404029666308097
1412404036133801985
1412404040802131977
1412404041766916096
1412404043830472707
1412404050834886657
1412404054928539654
1412404067373101056
1412404069507944455
1412404076214722560
1412404077061943310
1412404079855341568
1412404090278223880
1412404110436016138
1412404114064031744
1412404125246144512
1412404135048224769
1412404141524127756
1412404153708695554
1412404155025657867
1412404155944218628
1412404163707760641
1412404165284876290
1412404165645643778
1412404168774520834
1412404178790531085
1412404183714652164
1412404184071213058
1412404185778298886
1412404197140598793
1412404198025490432
1412404214811275269
1412404214970654724
1412404222461681664
1412404223673839616
1412404231374524419
1412404233211678724
1412404234843213832
1412404237644959747
1412404239494746123
1412404242447441921
1412404243152125962
1412404255424716800
1412404262005620743
1412404263154688001
1412404263435870215
1412404263712657413
1412404268414423044
1412404281458712584
1412404282121494530
1412404283400765444
1412404291550187523
1412404292980445185
1412404299540221952
1412404303147540482
1412404303797567488
1412404304485306369
1412404306821758979
1412404306897256454
1412404307488514052
1412404307958304776
1412404311968124931
1412404324102197249
1412404333371478016
1412404336999780358
1412404337796595717
1412404339247886336
1412404342905266176
1412404349033193478
1412404350627074063
1412404352103419908
1412404353265246208
1412404356624916486
1412404358566850561
1412404362484277249
1412404372311449603
1412404372840005640
1412404382105145344
1412404392540741638
1412404396227547137
1412404400665120770
1412404402195939330
1412404407988375554
1412404413700788224
1412404423268220932
1412404427219247107
1412404445321781248
1412404447553241097
1412404449662939137
1412404452573777921
1412404457107775507
1412404462690476042
1412404463348768770
1412404471213309961
1412404477789818883
1412404483934625798
1412404485851340806
1412404491836592140
1412404493313097742
1412404496211361801
1412404496618213377
1412404498761388035
1412404505900167174
1412404516893380608
1412404526452285444
1412404529224687627
1412404541568528392
1412404542831050757
1412404546853212161
1412404549961330705
1412404554268921856
1412404558983172096
1412404567434747906
1412404570429423616
1412404572400721920
1412404573600464904
1412404574787457026
1412404577752715271
1412404580038684681
1412404580357443584
1412404585021554699
1412404597189140480
1412404605749768195
1412404606659932165
1412404609252040708
1412404611005177864
1412404615774081032
1412404615123914753
1412404624582230025
1412404626289086466
1412404627992190982
1412404629061746693
1412404629690802185
1412404631150419970
1412404635378208768
1412404645004300292
1412404662268010500
1412404662741848064
1412404666877554691
1412404667779321863
1412404672162414597
1412404678986547203
1412404682312634370
1412404682866278425
1412404683247919112
1412404693905678347
1412404696279568384
1412404702336065536
1412404709462351873
1412404709328142345
1412404709361598474
1412404723043471366
1412404724226273290
1412404725488758784
1412404727988604944
1412404737316687879
1412404739321610250
1412404739824701440
1412404740093353987
1412404743322939402
1412404744186994699
1412404751506022409
1412404757780520961
1412404758334382081
1412404774570500096
1412404778693500930
1412404784976609282
1412404787006427136
1412404797299466257
1412404798217981962
1412404799623073809
1412404802252836870
1412404805285388292
1412404811794898948
1412404813070020614
1412404817348149253
1412404818208034827
1412404822108782596
1412404826026266648
1412404837984186368
1412404845437407242
1412404846897082376
1412404850575384576
1412404856636293121
1412404857219211267
1412404859614138385
1412404864177541131
1412404868460036105
1412404872268353538
1412404874692661262
1412404882313723915
1412404884817821701
1412404885761400832
1412404885924958210
1412404886516477965
1412404887288225799
1412404889616097288
1412404902861680640
1412404905978048526
1412404907370504204
1412404908142252037
1412404908981161995
1412404911573291013
1412404912332447756
1412404913057980428
1412404913670328330
1412404916178636816
1412404924705652744
1412404926001594376
1412404939591127040
1412404944402096128
1412404959086362626
1412404974143873038
1412404979298615297
1412404980162523136
1412404987670454276
1412404991051108357
1412404991596412932
1412404992242339844
1412405000718929921
1412405004250591234
1412405005353619465
1412405006154797067
1412405015176695808
1412405016078569480
1412405016942592020
1412405019215810561
1412405020029554688
1412405024823693315
1412405026044133380
1412405044788465680
1412405048244543488
1412405048546562051
1412405058398994432
1412405059644801038
1412405062052220928
1412405062933127184
1412405065969815556
1412405066984722434
1412405067295211528
1412405073670332416
1412405074811367424
1412405083631882241
1412405089025904652
1412405091840237573
1412405122454495234
1412405134831755265
1412405137306423306
1412405141655986184
1412405146777231365
1412405152359882776
1412405153488060418
1412405157267116036
1412405157736845312
1412405160060588033
1412405160303865856
1412405171217436687
1412405172102479874
1412405172467343363
1412405173130088451
1412405176644800530
1412405177450172421
1412405185767477248
1412405186241482762
1412405188019765248
1412405205510103052
1412405207321939982
1412405218000654352
1412405218755727361
1412405222459068418
1412405225642680322
1412405231732674560
1412405241862103059
1412405244483493892
1412405245586587653
1412405248417804293
1412405253031464973
1412405261042585603
1412405268441440262
1412405269997309953
1412405270781775885
1412405271620689933
1412405278084009984
1412405280747536387
1412405290339815424
1412405298464182287
1412405300565626885
1412405303971352576
1412405304759885826
1412405308811526157
1412405311701499915
1412405313618259974
1412405316243931146
1412405328776466432
1412405329128833043
1412405329384644608
1412405339354550273
1412405339731988491
1412405342466682891
1412405343506866186
1412405347654930433
1412405363022962707
1412405375010287630
1412405376604164106
1412405383012945927
1412405393289060354
1412405395834945540
1412405401669279745
1412405419054714885
1412405423802662921
1412405437346025476
1412405441280110593
1412405444946038786
1412405445583507457
1412405450121875464
1412405456501366787
1412405474033475584
1412405476856377353
1412405481579089927
1412405482350952457
1412405488646508550
1412405492102610959
1412405499056726016
1412405500810047489
1412405502865149953
1412405503934746628
1412405506753323022
1412405509299310601
1412405517167824904
1412405517687869459
1412405517964689425
1412405524797087746
1412405528152641540
1412405538734940172
1412405544443318282
1412405544942505995
1412405546788048900
1412405554396413955
1412405561677733904
1412405566618603528
1412405569814679561
1412405579436498944
1412405583270105091
1412405589020495881
1412405594330480654
1412405602865799170
1412405609824149504
1412405612378480643
1412405615121547267
1412405626978844680
1412405630871105536
1412405635526823938
1412405636755828746
1412405637968019470
1412405645249191937
1412405651762987010
1412405653956608011
1412405662215147524
1412405667382575112
1412405673695100940
1412405674944909314
1412405679403503624
1412405680061943811
1412405688094150667
1412405688291241996
1412405689448812557
1412405689968906244
1412405702044356625
1412405703566938130
1412405704917409792
1412405710294552578
1412405712748269580
1412405719303864331
1412405725817618433
1412405727260520449
1412405732532658177
1412405735078629386
1412405735808552964
1412405750484377606
1412405752405372931
1412405756087898115
1412405758688432134
1412405761414766597
1412405761393795089
1412405767106400263
1412405775532793864
1412405787733995528
1412405796487450636
1412405796697223175
1412405797515038724
1412405800186810375
1412405800656687104
1412405804859281416
1412405815223410689
1412405815298990084
1412405828385218567
1412405832612986889
1412405832688582664
1412405843774038020
1412405855497113600
1412405857103536136
1412405861977362447
1412405868163997700
1412405879375339525
1412405880524574732
1412405884089741320
1412405887818469381
1412405891186540560
1412405897473626112
1412405897440202762
1412405898148990985
1412405901437374477
1412405904973127683
1412405904834764802
1412405925625970689
1412405931275587602
1412405936619233281
1412405937453907987
1412405944647131138
1412405950825312259
1412405950997217287
1412405953866178568
1412405957171240970
1412405961160015878
1412405964075044864
1412405964603547648
1412405968219090944
1412405969372524548
1412405976490258432
1412405982685286405
1412405985386319881
1412405997101015042
1412405998879399936
1412405999655440384
1412406000053805074
1412406000087355396
1412406000800436240
1412406002742448139
1412406006391377927
1412406007372959744
1412406012825460742
1412406020756881416
1412406032312197132
1412406033713074184
1412406036766601222
1412406037328629766
1412406057654161414
1412406062393790466
1412406062687436802
1412406065359171590
1412406071050838016
1412406078772498435
1412406087186321416
1412406087362527240
1412406089174429707
1412406098062102530
1412406099144282116
1412406106333368328
1412406106798886923
1412406109227343877
1412406111664316427
1412406111332974610
1412406113211981825
1412406115401408512
1412406117708279818
1412406119578865672
1412406122640670720
1412406123290894337
1412406125891305477
1412406138252021761
1412406139833274369
1412406142098153478
1412406155134046216
1412406159470903300
1412406167737937930
1412406168262168582
1412406168782360579
1412406170015473667
1412406170015485952
1412406171957448712
1412406175497441292
1412406176856383501
1412406184338931715
1412406192698241033
1412406194908581892
1412406199119757312
1412406200885551112
1412406202517102600
1412406204136050700
1412406207776702471
1412406215611723782
1412406216689700868
1412406221127229446
1412406228601303040
1412406230073720844
1412406232590295041
1412406233521213440
1412406235916386316
1412406243914887181
1412406255419674624
1412406256007061510
1412406261518422019
1412406267105193996
1412406270053736449
1412406273694388228
1412406274260717571
1412406275904782354
1412406276169125890
1412406280518619136
1412406292652691463
1412406294728822789
1412406298432487430
1412406299858399232
1412406300449857540
1412406300558905345
1412406306665816065
1412406314978918400
1412406318674104322
1412406329046614016
1412406329252192258
1412406332515291140
1412406334776037381
1412406335308582918
1412406335975694346
1412406338374844420
1412406341763698688
1412406341948346370
1412406344171335683
1412406350563397632
1412406351318376452
1412406354803896320
1412406360755650573
1412406362257072134
1412406369232293890
1412406372323442714
1412406374642995210
1412406380229713921
1412406381395726347
1412406384717664264
1412406387439771665
1412406387896881159
1412406388916109318
1412406389067091978
1412406392615583744
1412406397015408641
1412406398936174592
1412406401058709506
1412406409665331204
1412406413876412421
1412406418297217025
1412406423452016647
1412406436655730694
1412406436810919938
1412406443224055808
1412406449024737286
1412406451386023936
1412406459103469568
1412406460269662221
1412406471158075398
1412406474349895688
1412406477436952579
1412406487767466000
1412406502544101380
1412406504758599681
1412406513612857354
1412406513763770376
1412406515466653701
1412406518553755662
1412406526527127564
1412406533204451336
1412406548324929537
1412406548622684167
1412406551290302473
1412406558399602700
1412406565651595266
1412406577085231110
1412406578192453638
1412406578301571074
1412406580134432776
1412406590045569038
1412406595154219009
1412406595443740674
1412406595988987906
1412406603307884544
1412406603500986375
1412406603786113037
1412406604302098436
1412406606403457024
1412406607716048896
1412406618382348291
1412406620383068160
1412406621792309249
1412406622866096142
1412406623604183052
1412406624044687369
1412406626552778761
1412406632735293446
1412406635289534469
1412406635952214022
1412406638439387136
1412406641081962500
1412406642726084608
1412406652062638096
1412406654352637968
1412406662959353856
1412406666063134733
1412406671478034436
1412406678306316295
1412406693439455244
1412406693925953555
1412406694362103818
1412406695800848392
1412406707058249741
1412406714880643085
1412406716726120455
1412406718240337930
1412406727035736072
1412406738503016456
1412406744198832137
1412406744840503296
1412406748779065347
1412406753350799365
1412406768001507340
1412406771604344832
1412406772774576128
1412406775249256453
1412406778143416326
1412406781863673866
1412406782270525450
1412406782207594506
1412406782941708294
1412406784380256259
1412406804768870404
1412406805087539209
1412406806467461126
1412406815137177601
1412406815384432641
1412406825354469379
1412406830224003076
1412406848242728960
1412406848599343108
1412406859047264256
1412406860146221057
1412406862989905927
1412406863824494592
1412406870762037255
1412406877976203273
1412406880744390657
1412406891037265930
1412406892014542852
1412406898201092099
1412406899824267282
1412406902542286873
1412406903871664128
1412406905054666762
1412406906652659717
1412406911031406592
1412406912327561228
1412406912612712450
1412406913019617292
1412406917163536385
1412406918841344002
1412406919759794178
1412406923455045634
1412406924029616130
1412406925019463686
1412406926437236753
1412406928014196742
1412406934003765257
1412406937040343050
1412406938210611213
1412406938789453844
1412406943755517954
1412406950021713941
1412406952110477321
1412406952341106688
1412406952953630724
1412406959656124416
1412406961941921798
1412406966685667345
1412406976856956928
1412406976496209921
1412406983441985542
1412406984008245250
1412406985602093057
1412406987938226193
1412406991595741194
1412406991876771842
1412406994062004235
1412406997664817155
1412406998067519495
1412407001393598465
1412407002148507650
1412407006070120448
1412407009593511938
1412407009815810062
1412407011044642825
1412407013808775169
1412407017105465350
1412407026764890116
1412407028778246145
1412407029134729229
1412407030858530825
1412407037141606405
1412407037993099267
1412407046574510080
1412407049296744455
1412407052559949835
1412407052669014018
1412407058624876550
1412407060302602253
1412407065767710728
1412407067449741324
1412407069295230978
1412407069769146387
1412407075519537161
1412407076186378251
1412407078342303751
1412407078552051714
1412407081949409292
1412407089125801985
1412407090350542861
1412407093022298115
1412407101360467970
1412407109237587980
1412407113100505093
1412407113364672513
1412407118808895500
1412407129303048193
1412407130032836609
1412407131924570120
1412407132213940224
1412407137913892864
1412407139616837632
1412407145354514432
1412407146814259203
1412407147611238402
1412407153273491464
1412407156733845513
1412407161779523587
1412407173611675654
1412407174228230145
1412407179567632390
1412407182906298369
1412407183631912968
1412407187457167366
1412407189256482823
1412407189822652420
1412407190711853064
1412407202309193736
1412407206092357641
1412407211691753485
1412407214296514585
1412407217391820803
1412407217706393601
1412407220717993991
1412407222106218505
1412407236710875145
1412407237180637188
1412407241622310913
1412407251147661319
1412407256973516801
1412407257824993286
1412407261654364168
1412407268004536324
1412407276120457222
1412407279341690882
1412407281644453893
1412407291207430159
1412407294772527110
1412407297456885782
1412407298681622530
1412407305849683976
1412407310736048133
1412407312095064064
1412407322731810821
1412407330751320075
1412407335251812354
1412407340200992768
1412407341794873346
1412407355694780431
1412407357804449792
1412407360853774349
1412407362816782336
1412407369838039055
1412407372354666507
1412407381674364929
1412407387638669327
1412407394185977857
1412407399118430208
1412407401739870218
1412407413525909512
1412407414389882884
1412407415883059222
1412407424556965893
1412407428730269708
1412407433830539280
1412407450662313985
1412407453027913736
1412407455217242122
1412407456454615052
1412407459055030280
1412407460334346241
1412407491040849933
1412407501035905031
1412407507767726084
1412407511643213833
1412407511718715399
1412407514247974913
1412407518157021187
1412407518349963271
1412407526918873090
1412407528579817474
1412407528932229121
1412407536033148930
1412407537006268420
1412407540705599502
1412407545478750216
1412407549266206741
1412407554697838596
1412407559525384193
1412407560649461763
1412407566336933893
1412407576344604680
1412407583541972997
1412407589724471310
1412407602223337473
1412407603334893572
1412407605125959680
1412407605662789642
1412407607231455239
1412407615041290258
1412407615972384778
1412407619340353537
1412407624465883137
1412407627913564174
1412407636541194243
1412407640529981448
1412407643617046530
1412407647341629451
1412407653859536904
1412407661795106826
1412407663057641477
1412407663510667267
1412407666677325824
1412407674319347728
1412407674885525504
1412407675091099654
1412407676571639817
1412407679805448207
1412407680870895616
1412407681311256588
1412407685740482573
1412407690190536706
1412407692912644097
1412407700969951239
1412407701229944843
1412407703427747844
1412407704195407878
1412407710402940935
1412407713284374528
1412407733345828872
1412407740333428736
1412407748478783493
1412407748441092103
1412407751645487113
1412407755579723785
1412407756158550018
1412407766275219463
1412407769676791814
1412407775070666756
1412407775787880459
1412407787812950019
1412407792703508483
1412407793915682827
1412407796650364939
1412407807777853440
1412407825083535365
1412407830594863116
1412407831458893830
1412407832998207494
1412407832872431623
1412407842540343297
1412407848382996496
1412407850081697800
1412407861624377357
1412407865277566977
1412407865835458562
1412407873590681612
1412407879227826186
1412407891387203592
1412407891982794754
1412407899133923328
1412407899574386698
1412407903412183042
1412407905207390214
1412407911653990413
1412407913230991360
1412407929312100355
1412407932805910542
1412407935825854467
1412407943836864516
1412407950304591874
1412407954234658825
1412407957543784448
1412407970470715406
1412407972987387916
1412407975143215115
1412407975768215556
1412407983309529102
1412407983435304976
1412407984022564867
1412407985440165888
1412407991954022417
1412407993912676360
1412407993182871571
1412407995993034759
1412407996794212357
1412407996114739203
1412408002733232129
1412408006210424839
1412408010094305290
1412408013944729613
1412408021280608257
1412408021851029515
1412408022928924679
1412408025449705479
1412408025520951312
1412408026204717056
1412408027710361600
1412408039790026755
1412408045141954572
1412408054428180484
1412408069380886537
1412408071717019659
1412408072073584645
1412408074975993856
1412408085994475521
1412408086594310155
1412408095050014722
1412408095540715524
1412408099906932738
1412408108383670275
1412408109163847685
1412408111290257409
1412408111659466758
1412408117032259587
1412408118848462863
1412408141405372424
1412408142554664964
1412408149525549057
1412408150997803011
1412408152168013831
1412408155997360134
1412408158803349505
1412408169440088071
1412408178885627904
1412408186775166978
1412408191149817861
1412408194786369549
1412408200238878734
1412408208124256264
1412408208635932683
1412408214184812544
1412408219939508233
1412408229087358977
1412408228890165261
1412408239866748936
1412408244954439681
1412408249245224969
1412408250998431746
1412408255188504584
1412408260909469701
1412408266668318726
1412408271814660100
1412408279309840384
1412408280136159242
1412408280979226637
1412408281826578441
1412408284167000075
1412408289820827652
1412408290521321472
1412408290462605324
1412408294006824964
1412408301111988234
1412408301246160896
1412408302693228560
1412408313510346763
1412408329880707079
1412408333626183689
1412408335396114434
1412408336889303042
1412408336725659648
1412408337757573120
1412408340370661382
1412408342924955650
1412408347307937793
1412408357659496459
1412408374474555397
1412408384016601090
1412408386176626692
1412408393600536584
1412408397333401608
1412408398495289351
1412408398725910529
1412408403859759116
1412408421836537862
1412408429810008068
1412408431647068167
1412408434411122695
1412408437619703817
1412408440153116692
1412408440677453824
1412408442862592000
1412408444087324673
1412408446515875847
1412408446821994499
1412408456590639112
1412408459862188040
1412408461854380035
1412408466543677448
1412408469215457292
1412408483123761156
1412408483186712581
1412408486068117511
1412408493076848650
1412408494066651141
1412408498630053904
1412408499389321220
1412408505924042758
1412408506716667909
1412408508855861254
1412408521275158539
1412408524039143429
1412408531471437825
1412408538845040648
1412408544805203970
1412408547707604994
1412408548282310657
1412408554024230917
1412408558067585026
1412408561347567627
1412408566116499463
1412408567869681664
1412408568230383616
1412408568305815561
1412408574626701327
1412408576602218503
1412408584579829777
1412408589571010561
1412408593458941952
1412408593282961408
1412408598366326784
1412408598337097740
1412408599045943313
1412408601021386756
1412408609573593090
1412408610353827846
1412408618717167616
1412408621024137228
1412408623901425669
1412408625344229386
1412408628200476673
1412408628485758981
1412408635284766730
1412408637138612233
1412408648077385729
1412408660572188673
1412408661432021006
1412408664078553098
1412408664569286664
1412408665966055445
1412408666612027400
1412408668876910602
1412408670361735172
1412408672123293702
1412408673431871496
1412408676141387776
1412408679010344976
1412408680021176323
1412408681833111565
1412408692981522449
1412408693430308870
1412408696152395776
1412408699449139203
1412408709955923972
1412408710442491923
1412408713047052304
1412408717899976708
1412408731564974090
1412408740444258305
1412408741325160449
1412408749353062412
1412408753211822100
1412408754746834951
1412408756139433989
1412408756709859333
1412408756865019905
1412408762065985543
1412408769192026122
1412408770634858506
1412408773185085445
1412408814402519049
1412408815161647106
1412408817824981001
1412408819158765571
1412408822514262029
1412408826662359056
1412408829174747136
1412408829288058884
1412408830105993219
1412408833218166789
1412408838616137743
1412408852780306435
1412408853703110670
1412408857003974661
1412408862695645197
1412408862745968649
1412408865753337860
1412408873168822281
1412408873701548048
1412408875408572418
1412408876884975621
1412408917586546690
1412408917745881096
1412408919805333505
1412408922783297545
1412408928269475842
1412408934011375625
1412408934112051202
1412408937060708352
1412408939040419858
1412408944023199749
1412408950666977293
1412408955201069066
1412408957474381834
1412408957759537160
1412408957881270275
1412408961081483267
1412408967414886403
1412408968241201154
1412408971466625042
1412408975740506114
1412408975946129412
1412408977732816903
1412408985584640001
1412408985773293575
1412408986238922768
1412408994333876235
1412409003221659658
1412409005285285891
1412409009320116229
1412409009030709261
1412409011194978314
1412409011736092692
1412409012822360070
1412409017251549195
1412409017910140939
1412409019969441805
1412409028081340430
1412409035819831302
1412409041423421442
1412409050499891210
1412409052009742351
1412409053507170327
1412409053800800263
1412409057302958086
1412409064382996487
1412409065964244992
1412409069135142918
1412409077335003145
1412409085245464594
1412409088932302853
1412409098184839171
1412409103008387073
1412409103306137601
1412409108720979977
1412409120251072539
1412409121740148736
1412409124604817411
1412409132162994185
1412409145454628866
1412409148042625032
1412409148474527755
1412409155231551489
1412409160692604930
1412409164027121670
1412409165616713731
1412409169064468487
1412409169479614465
1412409172784824334
1412409176731627525
1412409197539495936
1412409201683480581
1412409205705920516
1412409206628663312
1412409224055959563
1412409224777420809
1412409227134517248
1412409229852479488
1412409235862921222
1412409237075120130
1412409246537375750
1412409248039018501
1412409248592584713
1412409250723270660
1412409252942159883
1412409257039958033
1412409257769713667
1412409260542201876
1412409262282792970
1412409266741329931
1412409272869216269
1412409275540979721
1412409293903740940
1412409308415987719
1412409311624585217
1412409312979439631
1412409313457496074
1412409313692467217
1412409317135945741
1412409326426337288
1412409337327259654
1412409342574436366
1412409349369122824
1412409353026555908
1412409356243681291
1412409356688179210
1412409362778370055
1412409365282406402
1412409367530463253
1412409370055528453
1412409376644730885
1412409379601715200
1412409383733112834
1412409395007328264
1412409405589671944
1412409407879757829
1412409412183068684
1412409415999836170
1412409418264809472
1412409420399718406
1412409428285038595
1412409429216137219
1412409430046556163
1412409431317487628
1412409431862693893
1412409431879557131
1412409432638623752
1412409434014355463
1412409444462387202
1412409444865085450
1412409454642044932
1412409474527211526
1412409479111585806
1412409487030460425
1412409495851081736
1412409500506730513
1412409503946051603
1412409511604785173
1412409515249651717
1412409515249635330
1412409523013312517
1412409525202739215
1412409530235904007
1412409530290429958
1412409531192184839
1412409532437893129
1412409534035943426
1412409549185814540
1412409553430405121
1412409559063355411
1412409574557106181
1412409576641675266
1412409579049263118
1412409586317996037
1412409591384752145
1412409601618857995
1412409602919051266
1412409605271998464
1412409610779119616
1412409613090230275
1412409615074091008
1412409615724298250
1412409617284542474
1412409628634255372
1412409635110326273
1412409634950991878
1412409636364423172
1412409638952263680
1412409641292664840
1412409670061498373
1412409670753570818
1412409673077100547
1412409673425297408
1412409678903091201
1412409683122573330
1412409689095217157
1412409689414029315
1412409689564979204
1412409693822128133
1412409697446006784
1412409701212504070
1412409714437152780
1412409714508447755
1412409714894311427
1412409719176695811
1412409727947005960
1412409729129779202
1412409748608196610
1412409749077909507
1412409752055865347
1412409762088734740
1412409763435061260
1412409764852678657
1412409765838430209
1412409768791134209
1412409778383507471
1412409782938607625
1412409794959396869
1412409797002108930
1412409797551525896
1412409806959304707
1412409812277772291
1412409817138929672
1412409820427194373
1412409835237392387
1412409841063280658
1412409842376101892
1412409848038318098
1412409848126443520
1412409848462036994
1412409853935501313
1412409862357753864
1412409866430431232
1412409868808560643
1412409872746958849
1412409876635062275
1412409885891911688
1412409891340308481
1412409901570269192
1412409906016227341
1412409916162203653
1412409919651909632
1412409929697218563
1412409929697267714
1412409945992183816
1412409949045600274
1412409955131527178
1412409955769065476
1412409955823595523
1412409975914352659
1412409976224731137
1412409976279216135
1412410005811306504
1412410007891623944
1412410013805654031
1412410018159337474
1412410019744714764
1412410019929329664
1412410028561162246
1412410034496155654
1412410040691085316
1412410041018335254
1412410044151443466
1412410049914363907
1412410052485525508
1412410057577349123
1412410059485818882
1412410063302635527
1412410085079457809
1412410094692753415
1412410099264540682
1412410101231652866
1412410102087364623
1412410102091595779
1412410105463722000
1412410106331996170
1412410118730309642
1412410120835903496
1412410128389771265
1412410132793810958
1412410138472980493
1412410139961868293
1412410143032160257
1412410146987380752
1412410153182318613
1412410153610231815
1412410155925389328
1412410159893291009
1412410167736537089
1412410171641503744
1412410176322277382
1412410181238018057
1412410182030839813
1412410183502991373
1412410184392183815
1412410188590682118
1412410195188273159
1412410196211687440
1412410201559425041
1412410201530159121
1412410207444086785
1412410213609750538
1412410220236750856
1412410221868290052
1412410225278205959
1412410230726660114
1412410238704234507
1412410238930673670
1412410240587517955
1412410242424508432
1412410242483302400
1412410247898091530
1412410249903067144
1412410260736909324
1412410267493879819
1412410286200479749
1412410286263484423
1412410287756546050
1412410289816014849
1412410294161350660
1412410304668082194
1412410306844835842
1412410313773879307
1412410316122697730
1412410322514763778
1412410322862944256
1412410328625909766
1412410329166909441
1412410336137842695
1412410337039630341
1412410339048804367
1412410348372692998
1412410350973161476
1412410356765503491
1412410360540319759
1412410360565579779
1412410365254713352
1412410365233729546
1412410371646885894
1412410375732187139
1412410380568125442
1412410380710776838
1412410384842166272
1412410390617759750
1412410392790417427
1412410397194346501
1412410397966151696
1412410409018138632
1412410413531254788
1412410415779299330
1412410424407085065
1412410428395773955
1412410432929906701
1412410435203121173
1412410439850397710
1412410444476715014
1412410450499735555
1412410451330207752
1412410471131590663
1412410473971171341
1412410487527125006
1412410488139436034
1412410501208887299
1412410501355745287
1412410503666745349
1412410505176797189
1412410513213071366
1412410516732059659
1412410522125975560
1412410526148202505
1412410527528198147
1412410529281368066
1412410532917829644
1412410537980436496
1412410539289071626
1412410551653830657
1412410570272350214
1412410581664010242
1412410583857704964
1412410584583311367
1412410586693046278
1412410589222211601
1412410591613001729
1412410593965969416
1412410598500048896
1412410603243704329
1412410608033673219
1412410611112218625
1412410628753530883
1412410630636806146
1412410639474114568
1412410640233283594
1412410642351509508
1412410643550965772
1412410647472709636
1412410651973148677
1412410652333907977
1412410653676126225
1412410659271217154
1412410685372391426
1412410689323479052
1412410690263003153
1412410691298992133
1412410692137852933
1412410695250030615
1412410702162284548
1412410707153494019
1412410711482028046
1412410712287289355
1412410718490705924
1412410727122485253
1412410735683063811
1412410737159454727
1412410750988177409
1412410755794755592
1412410756902146064
1412410758634295298
1412410762572730378
1412410763457794056
1412410764388884500
1412410764518907916
1412410773754847245
1412410783628210182
1412410793153511428
1412410800141111307
1412410800849960960
1412410804364845056
1412410806076117014
1412410806302560261
1412410814733197315
1412410816545099777
1412410822316417025
1412410824778555403
1412410850045005830
1412410859154980871
1412410861394800662
1412410871565979661
1412410872589324290
1412410873528848396
1412410886166355972
1412410888011796482
1412410898883485711
1412410899881762836
1412410902612172806
1412410902792527883
1412410918726688778
1412410923466334215
1412410926817480705
1412410932458934287
1412410946140741647
1412410946996289543
1412410948523069441
1412410953090674695
1412410959478525958
1412410960242003976
1412410961290534914
1412410968764784645
1412410970794860544
1412410974229966858
1412410975798632451
1412410976016732161
1412410977333747713
1412410984287846403
