1412350597261627394
1412350605029425153
1412350610158936066
1412350610368782338
1412350610716827648
1412350614890336261
1412350615750164483
1412350619780747291
1412350620732854284
1412350640165064708
1412350642627170312
1412350644703408129
1412350644732809217
1412350651934281739
1412350655356977153
1412350662948442114
1412350671454625793
1412350681227444227
1412350699824844816
1412350700516950016
1412350704484716569
1412350712781103111
1412350713326309376
1412350716165951491
1412350718946594819
1412350719626252290
1412350722297925636
1412350728841039878
1412350730447507459
1412350732439752704
1412350735027740677
1412350751288946692
1412350755269349401
1412350762005549056
1412350770951901184
1412350872185573380
1412350873662111748
1412350882809794563
1412350889696837632
1412350889898164224
1412350895623262209
1412350897523507202
1412350902384664576
1412350922924216320
1412350925843271680
1412350926946455554
1412350929978990594
1412350940296974338
1412350950879137793
1412350957313269766
1412350957959122952
1412350959770951685
1412350965886427136
1412350973926952961
1412350997377159170
1412350997318361088
1412351001474912258
1412351007900770305
1412351010446659586
1412351016796819457
1412351025323839488
1412351027089752066
1412351028859703297
1412351038485630976
1412351043237728256
1412351044907155456
1412351045276164099
1412351061118046209
1412351090587279368
1412351092642304002
1412351094760513537
1412351104822751235
1412351106466959361
1412351110174625797
1412351119955693587
1412351125727154178
1412351131632635912
1412351148044947468
1412351155326394372
1412351157213728771
1412351167074504721
1412351174276128769
1412351175689605134
1412351183902085120
1412351197303001091
1412351214725984259
1412351220665233411
1412351229729071106
1412351231025164290
1412351234305003530
1412351236939026460
1412351257252085760
1412351258233503744
1412351260263657473
1412351260263657472
1412351265401675779
1412351266500472832
1412351272766877700
1412351273819684870
1412351277464489984
1412351294350704642
1412351296275947520
1412351313019613195
1412351319256481795
1412351322960052228
1412351323295584260
1412351334645256193
1412351341175902210
1412351341234724867
1412351347710640132
1412351356715900930
1412351367146999848
1412351368682250245
1412351371903393795
1412351373358866434
1412351377305653248
1412351379247673344
1412351379650273282
1412351386445099008
1412351387967569920
1412351400252690432
1412351408075051013
1412351411887738882
1412351433144356869
1412351436202004483
1412351444984938501
1412351452383641600
1412351453629501440
1412351454195728392
1412351462496112645
1412351472499625987
1412351476890890240
1412351486223273984
1412351502887407620
1412351503440957442
1412351508881018892
1412351512463003649
1412351517533741058
1412351524290793492
1412351556465405952
1412351557392240643
1412351557769875459
1412351561192386563
1412351568561717252
1412351570830835712
1412351574031089672
1412351574177943552
1412351575117369364
1412351583183163392
1412351589331910656
1412351608931995653
1412351611393904657
1412351613671383042
1412351617651838979
1412351630964674562
1412351638627667968
1412351641035104256
1412351655522226179
1412351669225013249
1412351671422750721
1412351676787347456
1412351677684879385
1412351691706470403
1412351691752607745
1412351692117577728
1412351695028248583
1412351698241163284
1412351704247324672
1412351707896483847
1412351714179563520
1412351731845922820
1412351740385501186
1412351746995806210
1412351747406938113
1412351755682254851
1412351758932885513
1412351759838760960
1412351764590858258
1412351768688799747
1412351770022535174
1412351772010688514
1412351774812430340
1412351776175558658
1412351777983369216
1412351777987600384
1412351781808582658
1412351783859597312
1412351788867489806
1412351790297714690
1412351804017287173
1412351804759851008
1412351813018390528
1412351813114814467
1412351816885538816
1412351820551315460
1412351829418156034
1412351831397830657
1412351852096589827
1412351855275909120
1412351858241196032
1412351858379743233
1412351864264445957
1412351867498033152
1412351868546789376
1412351870849503232
1412351871445082112
1412351872304832516
1412351877728063511
1412351880806768644
1412351888780103682
1412351902046732289
1412351904148037636
1412351905125126146
1412351906366722081
1412351907100831744
1412351908862480386
1412351909319557120
1412351914461655040
1412351923236184067
1412351925069258753
1412351925421547522
1412351936720932867
1412351937182375936
1412351937404678144
1412351942358142976
1412351954165010442
1412351961459011584
1412351999627116544
1412351999732031489
1412352012394582016
1412352016089817088
1412352017591275550
1412352033131171848
1412352040966123523
1412352066614435840
1412352072448720898
1412352077745950724
1412352080304553994
1412352082049441794
1412352085929074690
1412352089787830289
1412352101267738624
1412352105726238726
1412352108406390794
1412352109597560834
1412352124768358410
1412352125305344007
1412352126714580994
1412352147774226436
1412352149296615444
1412352150773055491
1412352151100092419
1412352156393525248
1412352158167674881
1412352158926884868
1412352166698831876
1412352170687672323
1412352186261016594
1412352190451175428
1412352191545884674
1412352195614461953
1412352201196982277
1412352201079492628
1412352209157857284
1412352209954623490
1412352214333542403
1412352214677528576
1412352220759220226
1412352223904878592
1412352238241021958
1412352241957326856
1412352244184326144
1412352248839999490
1412352251797049344
1412352259116212231
1412352274341507074
1412352275931140096
1412352277273268228
1412352277696835585
1412352278401630216
1412352281983348738
1412352290644660225
1412352295078182913
1412352306323013632
1412352308109885440
1412352321779077120
1412352323783856146
1412352327395151888
1412352335133745153
1412352338556248064
1412352339692949506
1412352340275830786
1412352344109559809
1412352351395065860
1412352353072828417
1412352356927352838
1412352366997917696
1412352370210652167
1412352373515767808
1412352375533228035
1412352381837262850
1412352389705777153
1412352389932273668
1412352397641408512
1412352410216022018
1412352413378433028
1412352417610543104
1412352417757270017
1412352436782649346
1412352453635420162
1412352458014216195
1412352466465742850
1412352476687355909
1412352505779007489
1412352505812500482
1412352507188187171
1412352507746078724
1412352515644002306
1412352515883028494
1412352521901850626
1412352523625766913
1412352523843866624
1412352527832547333
1412352528562458625
1412352537877913600
1412352548023857152
1412352550708318211
1412352557461250050
1412352565946236929
1412352570396446720
1412352573600722944
1412352575827972108
1412352583356895234
1412352586208972800
1412352586682937348
1412352587232387076
1412352598536032259
1412352601627242496
1412352602637963273
1412352604210880515
1412352613090312198
1412352616055541780
1412352619033546753
1412352624540618770
1412352628470784000
1412352634154012674
1412352648242630681
1412352658036477955
1412352660062228502
1412352660095725569
1412352665900572674
1412352667762921488
1412352672976441344
1412352675954495501
1412352676797452330
1412352688730345473
1412352689577541632
1412352691133689857
1412352695151726599
1412352700998586386
1412352704773566464
1412352708875624449
1412352709970251777
1412352731092770816
1412352747274477573
1412352748696346625
1412352753360330752
1412352756208308229
1412352760805167118
1412352782053609473
1412352786814078976
1412352880321912834
1412352888802709505
1412352892871249923
1412352895379558402
1412352897568944135
1412352903042510849
1412352909472407554
1412352916770406403
1412352926220226563
1412352927432380417
1412352938224332801
1412352947502071808
1412352950106689543
1412352952518447105
1412352952812113920
1412352969664729098
1412352986731495427
1412352990795735042
1412353014137077761
1412353021225443330
1412353027525300224
1412353030834507777
1412353034244571143
1412353038157680640
1412353046357499906
1412353052674232320
1412353069287837703
1412353078666436618
1412353088183324676
1412353103932780553
1412353105723805700
1412353109511245824
1412353114678640641
1412353116654161923
1412353121590861825
1412353121636945928
1412353124120023040
1412353125122555904
1412353126640803848
1412353127366463490
1412353142004539396
1412353143866855429
1412353150481321989
1412353151567482881
1412353165719183361
1412353168256602112
1412353171037450247
1412353173155627010
1412353176368521218
1412353194500448256
1412353204713525251
1412353205665738754
1412353208886890497
1412353209411194880
1412353210443079681
1412353216818282500
1412353218596638723
1412353219469139968
1412353223927779329
1412353224598716427
1412353225680949250
1412353232152768515
1412353234665156609
1412353237957677059
1412353238343426054
1412353245029142528
1412353254323785734
1412353255514918918
1412353255674417152
1412353257477791745
1412353257574486018
1412353271084109824
1412353276448755712
1412353294241079298
1412353299894910976
1412353320417730562
1412353327594049541
1412353328575614976
1412353336054108164
1412353342689402882
1412353361337372673
1412353363489050624
1412353377409900546
1412353377728610304
1412353387740471296
1412353388533194761
1412353393562066946
1412353394296168451
1412353395042648067
1412353426357329920
1412353440978722816
1412353444451606531
1412353444405522433
1412353447576354818
1412353461979516930
1412353467411222530
1412353471886594049
1412353476869361671
1412353477221650438
1412353480497401863
1412353485366992907
1412353489020276736
1412353490568032257
1412353496309923840
1412353497148772354
1412353498381918208
1412353508347723776
1412353509727608833
1412353519076581376
1412353543525310465
1412353545232257030
1412353548994723842
1412353559618785282
1412353559828512778
1412353606544723968
1412353615638011904
1412353617437278216
1412353620381618179
1412353620641665032
1412353632792498176
1412353633669324801
1412353640753467399
1412353640829001731
1412353643727175686
1412353663738257410
1412353665961119744
1412353665869008896
1412353669702488065
1412353682235080706
1412353702053167104
1412353710076858368
1412353717249228801
1412353723204915200
1412353724312276998
1412353728221433857
1412353742486355968
1412353750216458244
1412353756050595843
1412353759133405184
1412353764296642560
1412353764909068288
1412353769803706368
1412353783389097985
1412353795741396994
1412353798962622464
1412353800489345025
1412353802141847556
1412353803790086145
1412353806407503875
1412353808693448707
1412353813105807361
1412353816813617152
1412353819166527490
1412353821355900928
1412353823293677576
1412353833133654018
1412353843149557765
1412353848119808004
1412353855443120132
1412353863680626691
1412353875084935170
1412353877727457280
1412353891467923459
1412353892101226500
1412353893405761536
1412353901790220293
1412353904063356930
1412353912179408898
1412353920060563468
1412353927807266819
1412353930466672640
1412353933130055682
1412353940084072449
1412353945318703104
1412353951652057091
1412353972061433858
1412353972229206020
1412353985860747266
1412353986590564352
1412354007570464769
1412354030484004868
1412354058136940544
1412354059307159555
1412354061224091651
1412354066215280645
1412354071533608962
1412354077971812355
1412354087237083140
1412354096653287429
1412354097299197956
1412354099677483009
1412354103917699073
1412354120330194947
1412354127309512709
1412354137556201472
1412354137686044673
1412354142958403591
1412354145810538497
1412354147630862337
1412354150357164039
1412354152961916928
1412354154601893892
1412354158208880645
1412354160327077889
1412354161866334208
1412354171932712961
1412354177586581508
1412354178832236549
1412354185534783488
1412354199912730628
1412354206321844230
1412354209144573952
1412354218028146689
1412354226710220802
1412354230367797249
1412354246218076161
1412354248747196416
1412354259828547589
1412354273535533057
1412354283442425856
1412354284004331520
1412354303927402501
1412354315067461637
1412354315646345219
1412354332104724481
1412354334218670085
1412354337590947846
1412354343601197059
1412354344645660672
1412354344884727808
1412354345107025923
1412354358524608512
1412354361251016704
1412354377478819842
1412354378246365187
1412354389902336001
1412354395417858057
1412354399863644164
1412354405106470915
1412354413705023489
1412354415433027585
1412354442356264961
1412354445099286530
1412354445602693124
1412354452032561152
1412354454301589505
1412354454377189377
1412354473704427520
1412354479266033666
1412354479677231105
1412354479396098049
1412354481694593024
1412354485469409284
1412354514376605697
1412354516956049414
1412354517618860033
1412354522622705665
1412354523516055552
1412354525936115713
1412354530503708674
1412354534710591492
1412354538753998848
1412354546479730689
1412354553979224065
1412354557712154631
1412354558701936641
1412354580114034694
1412354587172884483
1412354595196637184
1412354612301078528
1412354614956023809
1412354617917116418
1412354629271052290
1412354632542740483
1412354633100677122
1412354633943732232
1412354644001574914
1412354648573317123
1412354659637936132
1412354663467343874
1412354664742494210
1412354690130587656
1412354690210320384
1412354690071687175
1412354706668724225
1412354707033632768
1412354712532307970
1412354726302150663
1412354730173636608
1412354742202912774
1412354742815178756
1412354749442232320
1412354753749737473
1412354754035044352
1412354756614311939
1412354758871027719
1412354763166044167
1412354770858352645
1412354794388299777
1412354802357399557
1412354802592403457
1412354804085624832
1412354806790819846
1412354810259689473
1412354814474960897
1412354826722320389
1412354830916636676
1412354835626835973
1412354840223703043
1412354840571830276
1412354843692371972
1412354844686536704
1412354867939659776
1412354871148355586
1412354896926429185
1412354903234822145
1412354906212777987
1412354917398949891
1412354919479189509
1412354919496130565
1412354926882267136
1412354937523109889
1412354948373782538
1412354949942452234
1412354957915955202
1412354963678838784
1412354964870074368
1412354971794874368
1412354985036324869
1412354991973711872
1412354992325812230
1412354993584316422
1412355000672698370
1412355003604377604
1412355004409733124
1412355010378178564
1412355028761911297
1412355033912459264
1412355034847850496
1412355035414077442
1412355049163051010
1412355058981904386
1412355060500140032
1412355068884566021
1412355099544981505
1412355101461733377
1412355114250256391
1412355133971865603
1412355135339073544
1412355138954661889
1412355145149685766
1412355149993938944
1412355154003718146
1412355156545622016
1412355161473916929
1412355177538011142
1412355181530988545
1412355187721871361
1412355196446035976
1412355196940865536
1412355200845819905
1412355208747786243
1412355209356103682
1412355209519566852
1412355226087137281
1412355228184231936
1412355238418341890
1412355244479107077
1412355245607292933
1412355245926019075
1412355246362267650
1412355255724122115
1412355256382537729
1412355258899124224
1412355264636981251
1412355266679504896
1412355271146434561
1412355279346360328
1412355279807713284
1412355287504375809
1412355309847339016
1412355320467398657
1412355324896546826
1412355327899566083
1412355331733266432
1412355340906139649
1412355341950586880
1412355355343044610
1412355357595340805
1412355361458245638
1412355388595490817
1412355394480054274
1412355395637563394
1412355397864861700
1412355399433474050
1412355403485175808
1412355408086372352
1412355409088811010
1412355415543881729
1412355422128852997
1412355423294963718
1412355428873342977
1412355435949080578
1412355439774294017
1412355442446159875
1412355449761021954
1412355457516281857
1412355474981281793
1412355477539901441
1412355478680596482
1412355478596644866
1412355482140823558
1412355487794872320
1412355491297116164
1412355492656168962
1412355493289500674
1412355493587087361
1412355508170858497
1412355508527419398
1412355511551332357
1412355519571009544
1412355524914409472
1412355529482149889
1412355534699761665
1412355544036392960
1412355562646302721
1412355572519870466
1412355572561678337
1412355584905650181
1412355597836693505
1412355598553845760
1412355601284276226
1412355609425498114
1412355621027041282
1412355624344637446
1412355638567579651
1412355643361615872
1412355657433501697
1412355662693081093
1412355668867268608
1412355673212346372
1412355683312451585
1412355709258371075
1412355710319566853
1412355727788855303
1412355741160284160
1412355743152578560
1412355743521644550
1412355743852998658
1412355751893516292
1412355756075237376
1412355768129576963
1412355769912094723
1412355770159616000
1412355771946373121
1412355781987651585
1412355794725527556
1412355799909912586
1412355800165670912
1412355800966877187
1412355812526284800
1412355817337196544
1412355820625580033
1412355825914597376
1412355835418660864
1412355841915817984
1412355842582720513
1412355856235040771
1412355868105003012
1412355875315105797
1412355876531281922
1412355888426323968
1412355899369340928
1412355900959043584
1412355906524913664
1412355909565792257
1412355911713234947
1412355920269611012
1412355937495662594
1412355943954882561
1412355947532541953
1412355948367302659
1412355948912517122
1412355951307468801
1412355965219852291
1412355972933189635
1412355984597598216
1412355986619342850
1412355993883787265
1412355999625846789
1412356011663429635
1412356013689348097
1412356025353658369
1412356031796162562
1412356047273070598
1412356066390708225
1412356068722753538
1412356072128450576
1412356072317362178
1412356074167058434
1412356090495475713
1412356101534851076
1412356104290541569
1412356115598393358
1412356117099945991
1412356121449275396
1412356125719158790
1412356125593202691
1412356128965414916
1412356130836209664
1412356134720188418
1412356137236770817
1412356140260864001
1412356144736124930
1412356145482801154
1412356147101712385
1412356149958037506
1412356156362735616
1412356159139364869
1412356163400867840
1412356170472382465
1412356179158781955
1412356189145403399
1412356192358129667
1412356193348108288
1412356205922635778
1412356211643760647
1412356216378978309
1412356218643963908
1412356220707614723
1412356228005740553
1412356234519277572
1412356234485895173
1412356238332006402
1412356249547542530
1412356257172889601
1412356269143384070
1412356270833631234
1412356271357968385
1412356271391531008
1412356278068731907
1412356293201907713
1412356306883813377
1412356309681311746
1412356310612410373
1412356321408602113
1412356331445440513
1412356339691573248
1412356341268504584
1412356346608029698
1412356348977766400
1412356351909634048
1412356367852179457
1412356368556871684
1412356381672411137
1412356411066101766
1412356416514387972
1412356419039514626
1412356419395805188
1412356420427735043
1412356432129708046
1412356438744133635
1412356451633336320
1412356463234891776
1412356478686597123
1412356480917929993
1412356487834374145
1412356494507532291
1412356498387308548
1412356502162083845
1412356502191435778
1412356503693148165
1412356512631164928
1412356522122809344
1412356523528003584
1412356530255581188
1412356544310751233
1412356547267612677
1412356547754266625
1412356558227488770
1412356585574260737
1412356587730182144
1412356593597906944
1412356595300765698
1412356595917410307
1412356596664094721
1412356602573828097
1412356614838001671
1412356616167378950
1412356618839265281
1412356624702976005
1412356636509839369
1412356639257137153
1412356639341133824
1412356643640078336
1412356647616458754
1412356652527931393
1412356658236428289
1412356666557964294
1412356680667602944
1412356690121478145
1412356712254877697
1412356726116929536
1412356735575207936
1412356736732872710
1412356750561267715
1412356761995055107
1412356767044997135
1412356771126067202
1412356772057202688
1412356772233461763
1412356782538649606
1412356783385894915
1412356792923955205
1412356794253512708
1412356796413530113
1412356808526733313
1412356812691677194
1412356829741518853
1412356837425307658
1412356843570176004
1412356844673241089
1412356852151635970
1412356856916451328
1412356861416849413
1412356863077752832
1412356864935927816
1412356874645557249
1412356881520246784
1412356888696610816
1412356888830873603
1412356895847952386
1412356905394229253
1412356925614821382
1412356926042673152
1412356936327127041
1412356938189336589
1412356957579583493
1412356967801233413
1412356991180316672
1412356991608000515
1412356992685981696
1412357007194181633
1412357008318156803
1412357021857419267
1412357022868246529
1412357023338016772
1412357032339034118
1412357037066002433
1412357041536913416
1412357042141122565
1412357045852987392
1412357052773679107
1412357063917793285
1412357068737200133
1412357072289677316
1412357089037541379
1412357090589523970
1412357097145212937
1412357098986303488
1412357111162368001
1412357125452537856
1412357127151271938
1412357145484431360
1412357146587639816
1412357149590708226
1412357170113437698
1412357182314762240
1412357183455461379
1412357187465367558
1412357193916207108
1412357200882905089
1412357215219036170
1412357219803295749
1412357220814237696
1412357223439867906
1412357224459116547
1412357228414345216
1412357240321945600
1412357242259599368
1412357252938350592
1412357256981667842
1412357276166328320
1412357277454045185
1412357281186988038
1412357292117405698
1412357306126372868
1412357316163342336
1412357318537355271
1412357324166111239
1412357332663681033
1412357353266159617
1412357354272796677
1412357354654298117
1412357381279846402
1412357392243650568
1412357394634522629
1412357406521135107
1412357425475301378
1412357427278848009
1412357427849203712
1412357432697888769
1412357439568109569
1412357450615951360
1412357452268453891
1412357452704665600
1412357462263468035
1412357468093620227
1412357490969284609
1412357493351665668
1412357503246123013
1412357508925214733
1412357512779677703
1412357513106833412
1412357527300362243
1412357531553435651
1412357533000519680
1412357536259313666
1412357546631786508
1412357548477403139
1412357559592243205
1412357572535914496
1412357577527156740
1412357584548372481
1412357606442561537
1412357615372451841
1412357615917674500
1412357617108897793
1412357619285729280
1412357628173467649
1412357642635431936
1412357645860757506
1412357649677565957
1412357654853345281
1412357660360560641
1412357664022175746
1412357666584686596
1412357677322321921
1412357677355786243
1412357685517893635
1412357689020198913
1412357689468915718
1412357700307070977
1412357714840195072
1412357716941721606
1412357718040473600
1412357726420844544
1412357729134411777
1412357729721663490
1412357731831398401
1412357733807017987
1412357752333115394
1412357754816106497
1412357754380029955
1412357759488585733
1412357760432230403
1412357770528145417
1412357791369605121
1412357794527944704
1412357810302730247
1412357811397345282
1412357816824729600
1412357818703831041
1412357826526121987
1412357827365048321
1412357832792588296
1412357833820192768
1412357839025324033
1412357873443741698
1412357874999828482
1412357884856258566
1412357888266444800
1412357889415651331
1412357891105988611
1412357891261186054
1412357894708858883
1412357906071048194
1412357909439188993
1412357917467103232
1412357928141664260
1412357930708520960
1412357935842344967
1412357956428050433
1412357957262643200
1412357958684401664
1412357959603015683
1412357974962606081
1412357976829136899
1412357978729103362
1412357980297830400
1412357980675362816
1412357986991869952
1412357988917071872
1412358007007105027
1412358010345766913
1412358024698773506
1412358026271641600
1412358032957362177
1412358042759307265
1412358045586247680
1412358047184338944
1412358049625522179
1412358052477652998
1412358059444297734
1412358064166952960
1412358071351795719
1412358075655372800
1412358077869928450
1412358081879711750
1412358099055169536
1412358101131358208
1412358111566905344
1412358116214120448
1412358119720689668
1412358127169769475
1412358141920956416
1412358142684545025
1412358146593599492
1412358147180843009
1412358152754896899
1412358172745027590
1412358179044749318
1412358193301409793
1412358199668269062
1412358219008200708
1412358224959864840
1412358225337327620
1412358239493177346
1412358239837057025
1412358239883235335
1412358258732552192
1412358275178369030
1412358279682945028
1412358279984992256
1412358282983866370
1412358283646623744
1412358298142011396
1412358299475865607
1412358305406668803
1412358307545817089
1412358314508251144
1412358318111313924
1412358321034645504
1412358341507047426
1412358349211975682
1412358351762202624
1412358355658711040
1412358361123897348
1412358365083275265
1412358374113517570
1412358385245339654
1412358389666095104
1412358395231936513
1412358397647785987
1412358399979790336
1412358408611631111
1412358410662825986
1412358411404988418
1412358412915163136
1412358426475171843
1412358426638831616
1412358431692840961
1412358440803049472
1412358449833316353
1412358452601667590
1412358469492133891
1412358483169759233
1412358502232858629
1412358512634695681
1412358512915750913
1412358530460434434
1412358533182525446
1412358547069816833
1412358553617285120
1412358572105777155
1412358578606800898
1412358580980924417
1412358584659107845
1412358587385516035
1412358590770388996
1412358596457746436
1412358600349995010
1412358603772620807
1412358608260530178
1412358609279893515
1412358610974220288
1412358611368656900
1412358613071548416
1412358627386613760
1412358628582084612
1412358654460825601
1412358661142466562
1412358706738704384
1412358722790342661
1412358724115734531
1412358725768261635
1412358726040817665
1412358733909442561
1412358740079153153
1412358749600325634
1412358753962184705
1412358757531664391
1412358758076932096
1412358769049210886
1412358772308144132
1412358782580150272
1412358784077512704
1412358785725833218
1412358788888268802
1412358814360227844
1412358816809766920
1412358824841809922
1412358841203773444
1412358847726080002
1412358855326146561
1412358864889057280
1412358865996419073
1412358867590201345
1412358874456367104
1412358876591136773
1412358879531446275
1412358881058070529
1412358881687130112
1412358891824771075
1412358893720702978
1412358893741559808
1412358909986177024
1412358930886533121
1412358932794806274
1412358935076425730
1412358939207942146
1412358941162409985
1412358944199110658
1412358954424864775
1412358963476275201
1412358965548158976
1412358966265495557
1412358975828418560
1412358980047941638
1412358983805980675
1412358988776230912
1412358990055591939
1412358996938215426
1412359002973949952
1412359030392098818
1412359036784234498
1412359039846080512
1412359042337497090
1412359052810625035
1412359059412557826
1412359066421190657
1412359068749008899
1412359081004777472
1412359083232006151
1412359090400079880
1412359106288144386
1412359114399698948
1412359114877964288
1412359118178996227
1412359120804528129
1412359150244438020
1412359156099600384
1412359160478552066
1412359167663390721
1412359170800553990
1412359174734876674
1412359174915252227
1412359178375643136
1412359189859557377
1412359190752997377
1412359198239690761
1412359208960512002
1412359215142817793
1412359227004256256
1412359229692944384
1412359237410377729
1412359241130680325
1412359243190079488
1412359245861896192
1412359252295913478
1412359253298401280
1412359253503926279
1412359253919244291
1412359267747872774
1412359283216371712
1412359289092648962
1412359295220473857
1412359295455223816
1412359310550745089
1412359330469498881
1412359334466576391
1412359336521723908
1412359336995721220
1412359341382983683
1412359345900343303
1412359346105634820
1412359353537949696
1412359355425378307
1412359357866598404
1412359359414349825
1412359372936781828
1412359373595181066
1412359376212414468
1412359378343108614
1412359394881413120
1412359395875475457
1412359406356992000
1412359406298320897
1412359406403080195
1412359434077184002
1412359438636404737
1412359442281156612
1412359456147472392
1412359459578560512
1412359473855963139
1412359475835588611
1412359483997798405
1412359490305855495
1412359493598560257
1412359494219276290
1412359498405007369
1412359525278101504
1412359528457412614
1412359531108179969
1412359538678767620
1412359539823890433
1412359542579601409
1412359546044096518
1412359554436902912
1412359556173381636
1412359561097383944
1412359561239990279
1412359564209496066
1412359569523814401
1412359575215423488
1412359576435847172
1412359590537203712
1412359590969180166
1412359593439682564
1412359597281595392
1412359597482991620
1412359620115451909
1412359627962998784
1412359631729483782
1412359638310428673
1412359650540851200
1412359656656232448
1412359673462738944
1412359676054835200
1412359683587858432
1412359692584734721
1412359701094813699
1412359702478999554
1412359708317564930
1412359721588334592
1412359728001433600
1412359735760756737
1412359738298298371
1412359738394923009
1412359750222639105
1412359751854440449
1412359762436558850
1412359775661268993
1412359778899173380
1412359790798516224
1412359791347896324
1412359803251433478
1412359803838554118
1412359807579852802
1412359809660338181
1412359824650739712
1412359828450811906
1412359829306359811
1412359830359183363
1412359842237497346
1412359860759543808
1412359863691321344
1412359863645134848
1412359865402630145
1412359871970820099
1412359899732918275
1412359918028349448
1412359919945216004
1412359920050008067
1412359921899737091
1412359930816778240
1412359930951131136
1412359934684008456
1412359938660261889
1412359941923512321
1412359944255545345
1412359947216732169
1412359950525997058
1412359957614252035
1412359963062673410
1412359965877030915
1412359976996118528
1412359981198888961
1412359981710688264
1412359981702303744
1412359983166013443
1412359997699223555
1412360001889484807
1412360001675427844
1412360002891878400
1412360003961462784
1412360005718773762
1412360007216152579
1412360023016148997
1412360030255554560
1412360036911833097
1412360039390711808
1412360044658802691
1412360045313069057
1412360045384318979
1412360045535252482
1412360047674499073
1412360050988011523
1412360054389497861
1412360057132666880
1412360057208020998
1412360061813465089
1412360067148660748
1412360076044738560
1412360079773470720
1412360096328388612
1412360100744941568
1412360104490455041
1412360105828388872
1412360113143402497
1412360121993342979
1412360149994557447
1412360154994020355
1412360158248898564
1412360174329757699
1412360178465378305
1412360181816737793
1412360182366031880
1412360195624341507
1412360197050441730
1412360197432033280
1412360200023986179
1412360210157539330
1412360210409160706
1412360213726892041
1412360222585274372
1412360232169267200
1412360234362941441
1412360235864440832
1412360239874183173
1412360248376152071
1412360249764425732
1412360261701414920
1412360262255001602
1412360264310308864
1412360264855527429
1412360275924295682
1412360280508665857
1412360286913413122
1412360288310116356
1412360292143562753
1412360295390056451
1412360296690114561
1412360297025769478
1412360298304983043
1412360301299736577
1412360302679793668
1412360304726401033
1412360311168962560
1412360315820445696
1412360317837918208
1412360325643526148
1412360326469894147
1412360328231464962
1412360330026569729
1412360332132159488
1412360332719370241
1412360332723593218
1412360334749360129
1412360343490220035
1412360343624499204
1412360346128506885
1412360347646791680
1412360357591535623
1412360363132194818
1412360367641088006
1412360373437562880
1412360379523649536
1412360380282818561
1412360383990579207
1412360388860166146
1412360389434634242
1412360397286424579
1412360404106416132
1412360405217914884
1412360405444284417
1412360417146556417
1412360422422896641
1412360424666841090
1412360430354190337
1412360443490828293
1412360452693278728
1412360462218432515
1412360468392521729
1412360473266302978
1412360480799272963
1412360492006338563
1412360492107112452
1412360501414203392
1412360503066824705
1412360504186712064
1412360504207609857
1412360519688798209
1412360525175050240
1412360526479257601
1412360527414759432
1412360533001523203
1412360536512249859
1412360550747500553
1412360556032393218
1412360574256680960
1412360577591218177
1412360580288192512
1412360609648185344
1412360623422263297
1412360628740804614
1412360637792112644
1412360641520799747
1412360646579138561
1412360647099228165
1412360650177851392
1412360653587636228
1412360660860690437
1412360664689958917
1412360667537952775
1412360684738813958
1412360712270319616
1412360714791133184
1412360724165234701
1412360731539001345
1412360733921251330
1412360738069532677
1412360747544461312
1412360748249010177
1412360751415758856
1412360753508667397
1412360753995255813
1412360755077386240
1412360756880887808
1412360765571403777
1412360767958093829
1412360784022151169
1412360789965606920
1412360791932669961
1412360803056066561
1412360805744627713
1412360806424006657
1412360808156311555
1412360808454135813
1412360808907128832
1412360821502525445
1412360825231261698
1412360826716045312
1412360826879610883
1412360833661771786
1412360836929228801
1412360838531497987
1412360866599739394
1412360867103100929
1412360875659481090
1412360879413231618
1412360902129721345
1412360910216257546
1412360919103930375
1412360936376045570
1412360940662710275
1412360945091985414
1412360951567994881
1412360958392086530
1412360958874423299
1412360965987831820
1412360970471567364
1412360987768983552
1412360994068779011
1412361000934805506
1412361011835854850
1412361015979909120
1412361018832003073
1412361020027277314
1412361025937186816
1412361038117453829
1412361043658031105
1412361045012893699
1412361054202515461
1412361058984075264
1412361059747328004
1412361070329597952
1412361071017431043
1412361071663489027
1412361071860539393
1412361073454374914
1412361075807358981
1412361077392916485
1412361081809297409
1412361083877216263
1412361087698223106
1412361091783528450
1412361095935836163
1412361105289236484
1412361112704671745
1412361131155464194
1412361133307146240
1412361135773261828
1412361137790668814
1412361143998427138
1412361145961361411
1412361149367078918
1412361160179994632
1412361163799773192
1412361163984146440
1412361164906958850
1412361167037775873
1412361170271543297
1412361170640572418
1412361175438966786
1412361179230478338
1412361190513205250
1412361191880548361
1412361192404918273
1412361194300755968
1412361199610630144
1412361200223019011
1412361203398107136
1412361211463745540
1412361213598646273
1412361216350068737
1412361218396930050
1412361219802021888
1412361221387567111
1412361232049442820
1412361236998766592
1412361245944995841
1412361251922055168
1412361257781501952
1412361258582654977
1412361260952338442
1412361262445572097
1412361263074529280
1412361266681679872
1412361267138940928
1412361272822321154
1412361276966289411
1412361277138259969
1412361280359444480
1412361283798593536
1412361284981567494
1412361286445326342
1412361290245361665
1412361291964981249
1412361291990245376
1412361317198053385
1412361328640077829
1412361335522873347
1412361336193880066
1412361339155189761
1412361341743026179
1412361342883876865
1412361351608012804
1412361356720984066
1412361358331551744
1412361361275846658
1412361363004002306
1412361365700976641
1412361366296576009
1412361366573174788
1412361369261907969
1412361371358924804
1412361382901825537
1412361385670029316
1412361390095011843
1412361390845800449
1412361393664311296
1412361396067700744
1412361402522738691
1412361403751612418
1412361404779094025
1412361407983722498
1412361410953220098
1412361414006784001
1412361432331550725
1412361435724791811
1412361439738839041
1412361453433131008
1412361453760303107
1412361457556197376
1412361460026642436
1412361461767315460
1412361466003353603
1412361466724950016
1412361469610561543
1412361472827707393
1412361477839798272
1412361478963933186
1412361479035228161
1412361492570251269
1412361493392375811
1412361496634572812
1412361502863114241
1412361503827808257
1412361504125423620
1412361506176503810
1412361508537970690
1412361509632720898
1412361510500798473
1412361510576291844
1412361512048640000
1412361512321171462
1412361512786829312
1412361516490313728
1412361517731823617
1412361518382039041
1412361520256847872
1412361521099952130
1412361528326725633
1412361529153015817
1412361535578648576
1412361550397161473
1412361553794547714
1412361555769954305
1412361562384482307
1412361567572738053
1412361568789073923
1412361569099464704
1412361572387807238
1412361578746368001
1412361584287043587
1412361589802639360
1412361596345671682
1412361599915114497
1412361605736812547
1412361609884930050
1412361610996371459
1412361617866637316
1412361618550407178
1412361630822940674
1412361630692773891
1412361632622288898
1412361635432337412
1412361637571575811
1412361644181700609
1412361646941655043
1412361651228139522
1412361651379183619
1412361653673508868
1412361659692335107
1412361660724133892
1412361664356401154
1412361664993837057
1412361666906361862
1412361669154586625
1412361674737307648
1412361675391614980
1412361680609181696
1412361683624939523
1412361686246432773
1412361686527496192
1412361687232045058
1412361702323146752
1412361702922985476
1412361706286637062
1412361713241018368
1412361713735942147
1412361714683715585
1412361717905080320
1412361720945909765
1412361723840020484
1412361727526817792
1412361729506426884
1412361737513451529
1412361740747259906
1412361741246382085
1412361762012286979
1412361768735739904
1412361772472979458
1412361774666600449
1412361779745787908
1412361793314426880
1412361793956204547
1412361794174296064
1412361818413092865
1412361824973070338
1412361825795051520
1412361831633633286
1412361844120076291
1412361844719714308
1412361844774342657
1412361848918360072
1412361851783069701
1412361852055605249
1412361854077214727
1412361861933240322
1412361865699610631
1412361883064049667
1412361886318931971
1412361886688030721
1412361901464510464
1412361904790683649
1412361909135892480
1412361914156339201
1412361919680372739
1412361921257431043
1412361930195542017
1412361931097317376
1412361931424518144
1412361940463239169
1412361959048204292
1412361960579112962
1412361963808509952
1412361968061751297
1412361970175578114
1412361976613937156
1412361978560057349
1412361983463133184
1412361984117460994
1412361987649064965
1412361991033954306
1412362010663305220
1412362011048955907
1412362018808549383
1412362028807770114
1412362029726306308
1412362033501179907
1412362038731591682
1412362048986550274
1412362051247300609
1412362059413483528
1412362060474859520
1412362069777604608
1412362082893324295
1412362088698105858
1412362093861425156
1412362097040793601
1412362098529689601
1412362102061211650
1412362105647505408
1412362110072393732
1412362118951849984
1412362128145666048
1412362129454284800
1412362130083438593
1412362138589540357
1412362157061251074
1412362179223949314
1412362184957513730
1412362185158897665
1412362188312952832
1412362188736577539
1412362196957368322
1412362212895772674
1412362225784852481
1412362227601002498
1412362229886902274
1412362235222036486
1412362241521950723
1412362247305936896
1412362261134561289
1412362276733136900
1412362280197521409
1412362282449899525
1412362283464921091
1412362299608731660
1412362300795854850
1412362303685554177
1412362306525097984
1412362313710067713
1412362326951530508
1412362328503308288
1412362347746934785
1412362348023668737
1412362348774498309
1412362349797949440
1412362352264110082
1412362357192347648
1412362358920450051
1412362365232877571
1412362365983678465
1412362366814146560
1412362373042692101
1412362375177674752
1412362377731969028
1412362380802207755
1412362385860485121
1412362391430610955
1412362398166573058
1412362406567813122
1412362409491189762
1412362413643546628
1412362414138478596
1412362421637980161
1412362427770060805
1412362430999498757
1412362438343729155
1412362438863986689
1412362440323571712
1412362441799856128
1412362445109305344
1412362451706916868
1412362454403670017
1412362457813708801
1412362461605511168
1412362470753140740
1412362483818536961
1412362485277990912
1412362485995343875
1412362487832449028
1412362489719787524
1412362490059669516
1412362509345079303
1412362516819320832
1412362524733935616
1412362526864596992
1412362541251112963
1412362544623370242
1412362545969651715
1412362567121477636
1412362569692688391
1412362572225925125
1412362573337534470
1412362575812214794
1412362582795554817
1412362590412587013
1412362603318288385
1412362607185571842
1412362607626010634
1412362608183857153
1412362609081344004
1412362609756540930
1412362610037694467
1412362613716041729
1412362622129819653
1412362628438048769
1412362641041940480
1412362656757977094
1412362658880405508
1412362664085446657
1412362664236531713
1412362676441956355
1412362677742149636
1412362680330035216
1412362684264337408
1412362689859534851
1412362698306818050
1412362698768142338
1412362700966006784
1412362702731857921
1412362703876722689
1412362705520922625
1412362707123138566
1412362709128171526
1412362709987999749
1412362711342714881
1412362722356961282
1412362724726644740
1412362731529904131
1412362739931136008
1412362742888079362
1412362743391399937
1412362748990607366
1412362754497814535
1412362768947335173
1412362770926882817
1412362772134903809
1412362773401534464
1412362774945140738
1412362775263952896
1412362776245202950
1412362786903146499
1412362797569253383
1412362801427931138
1412362803793612800
1412362805689438211
1412362809753575424
1412362815726362624
1412362826144960517
1412362828250595332
1412362833980018689
1412362834034503682
1412362850610253825
1412362872244641796
1412362880712949768
1412362883921547265
1412362888958840834
1412362894034022400
1412362896600977408
1412362912694472708
1412362915244511232
1412362915236265986
1412362917228515329
1412362922404294665
1412362922567901185
1412362929693995008
1412362940473241604
1412362943199551493
1412362948589334529
1412362963722321921
1412362973838987267
1412362979891453956
1412362993552273414
1412362994214858756
1412363003597631488
1412363003710914561
1412363010417561608
1412363011180933120
1412363011705167876
1412363012233646083
1412363018113978369
1412363018441211905
1412363027081535489
1412363028327247872
1412363032244723712
1412363034459213836
1412363035893587970
1412363043384791050
1412363052117282817
1412363052436144136
1412363056210927616
1412363063660003330
1412363064335376385
1412363067699220482
1412363074305028105
1412363076679110662
1412363085545889794
1412363088599207944
1412363089442390017
1412363100280410115
1412363104541982725
1412363126209716224
1412363127920934912
1412363128776445958
1412363141120417798
1412363149500719108
1412363161232105473
1412363162943475715
1412363170824560640
1412363172351295490
1412363178747518976
1412363186154754054
1412363188742635522
1412363189912850436
1412363190814523393
1412363191007399943
1412363194056810499
1412363194732064779
1412363195369484290
1412363204106371081
1412363205905727491
1412363211576250370
1412363220355006465
1412363226357116929
1412363231901851649
1412363234372378624
1412363238797463556
1412363239942463489
1412363240944906243
1412363248184201220
1412363248951869446
1412363251363553283
1412363253053751312
1412363255692005378
1412363257919283201
1412363261299675143
1412363270116290561
1412363280950120450
1412363281122181120
1412363288961241091
1412363294610972673
1412363296666132480
1412363297274408961
1412363306942205953
1412363308087320577
1412363317054783491
1412363319986458627
1412363325719994369
1412363332313620480
1412363340832071683
1412363342413549568
1412363350177161218
1412363356997042184
1412363363800301573
1412363372444667907
1412363375296798720
1412363379000422401
1412363380577517570
1412363384838889477
1412363385480568836
1412363386818547716
1412363388395655170
1412363395723005959
1412363399783194626
1412363400630485001
1412363402257764355
1412363417327968256
1412363431848652802
1412363431945158663
1412363435174764544
1412363445685608450
1412363447317282823
1412363456766906369
1412363465621217280
1412363465990164487
1412363469186158599
1412363471493152772
1412363474374627330
1412363475255431168
1412363488895377409
1412363497841868804
1412363511678881795
1412363514124058624
1412363514648354817
1412363519190777859
1412363521866690562
1412363528892211200
1412363541961715713
1412363544805494787
1412363555568078850
1412363560156643336
1412363562220064776
1412363562505355268
1412363563478536193
1412363565860724738
1412363568079687682
1412363569514098688
1412363582839439370
1412363587553615873
1412363596298866690
1412363596756045824
1412363600216440837
1412363605937360897
1412363606876995585
1412363609611530242
1412363613898252288
1412363614187495427
1412363625159921672
1412363629400190976
1412363630625001472
1412363632206397451
1412363635377291265
1412363635855441920
1412363639688990720
1412363640339107844
1412363645821009922
1412363656256536581
1412363657728692226
1412363657825112065
1412363659154702336
1412363661809799169
1412363674602311684
1412363680059174914
1412363692851843073
1412363697813663745
1412363698295906304
1412363701219377152
1412363702431584263
1412363712242016260
1412363712049131522
1412363712678313991
1412363728008318978
1412363729728069634
1412363732206854147
1412363733418995719
1412363742499725313
1412363742927626242
1412363747063123970
1412363748598243332
1412363749659394049
1412363751190196224
1412363751672758279
1412363765585174529
1412363768466657280
1412363776268058627
1412363776884719617
1412363778608406535
1412363789220130820
1412363793439539200
1412363804759965699
1412363806366482432
1412363812364242944
1412363813777719298
1412363814041964552
1412363814822199296
1412363820488552456
1412363821537280002
1412363821772001286
1412363823965630468
1412363824942956547
1412363837920133120
1412363838041825282
1412363838540877832
1412363841363714052
1412363841413976066
1412363841871171590
1412363848036855808
1412363848225525764
1412363848510849027
1412363856509235204
1412363859432779780
1412363860649054212
1412363863933087746
1412363867297128449
1412363869528506382
1412363871957008388
1412363885273763841
1412363887010271233
1412363898133659651
1412363901983940611
1412363907616980994
1412363908527144965
1412363920661266432
1412363921202237444
1412363931650342922
1412363933151744005
1412363935466938373
1412363937434288129
1412363937589366787
1412363940894588939
1412363943138430981
1412363944413614082
1412363945634115584
1412363951430569985
1412363955650150406
1412363965103894529
1412363978240581633
1412363979800780812
1412363980123906049
1412363982338396160
1412363987400884226
1412363990458580994
1412363994346754049
1412363994984235010
1412363996775153664
1412363998121672720
1412364000768102406
1412364007407771650
1412364008125091840
1412364009626554369
1412364023933308928
1412364035144699904
1412364035320844289
1412364038449905666
1412364045638897666
1412364047408943104
1412364050571354113
1412364058834051072
1412364061673766917
1412364063187910656
1412364084410994691
1412364091352662019
1412364095777656833
1412364099191816194
1412364103960600585
1412364104119898119
1412364112940707842
1412364114312286209
1412364114404515841
1412364122113642496
1412364125393481742
1412364125439774723
1412364129764098052
1412364137942982658
1412364140128182275
1412364146520231937
1412364150676746244
1412364157551316992
1412364160382357505
1412364163012255745
1412364175116947457
1412364182478012416
1412364185342730247
1412364187465129984
1412364189004349443
1412364189021130754
1412364192355659778
1412364200467341320
1412364204770676738
1412364205244784645
1412364207841071108
1412364209409646592
1412364220566544386
1412364225981333508
1412364227763916802
1412364228846141449
1412364229424947200
1412364234302930950
1412364234705489920
1412364237788307461
1412364239646474242
1412364240992751617
1412364242003456010
1412364246193782791
1412364254020345858
1412364254980632580
1412364268062785537
1412364269732118532
1412364278527664128
1412364295438995456
1412364308953116674
1412364309221580801
1412364309384941572
1412364317966491650
1412364322114879495
1412364323897348097
1412364326124625927
1412364326573281288
1412364328397725696
1412364329186381827
1412364331250065410
1412364337042309121
1412364336991977472
1412364340347510784
1412364344512425984
1412364347318362112
1412364348660629510
1412364349377765376
1412364350728380416
1412364353102397446
1412364358735339523
1412364363802021888
1412364364359811080
1412364366838743047
1412364374824656900
1412364376712126467
1412364377378918401
1412364378981113860
1412364382068260867
1412364382210867205
1412364392444968976
1412364406197919746
1412364406487457794
1412364411336118274
1412364417296175104
1412364418286080001
1412364426884390915
1412364439517503492
1412364440566075398
1412364444601094149
1412364448501833729
1412364450384986112
1412364452695998464
1412364452889083907
1412364457741799424
1412364468084957187
1412364478054871042
1412364486867042312
1412364489773699073
1412364494936891395
1412364507813453830
1412364511374462976
1412364517196062723
1412364517540089857
1412364518987010049
1412364521239363585
1412364522745208835
1412364527170162690
1412364528411504642
1412364529502093316
1412364533562318854
1412364541174890500
1412364542412308482
1412364543452356612
1412364550830239746
1412364552738590727
1412364557494935556
1412364558056951809
1412364568131739650
1412364570392465410
1412364571973726208
1412364578101547013
1412364579384950787
1412364582090387457
1412364583617150981
1412364606639648768
1412364608694784000
1412364609445580800
1412364611488305153
1412364616794099716
1412364616894668802
1412364628529668097
1412364640013717509
1412364656841302022
1412364659689242629
1412364660137988100
1412364668207763458
1412364671768801281
1412364684024442883
1412364684506845184
1412364684636852226
1412364687367454720
1412364692123799553
1412364693973307401
1412364699212161025
1412364709672615939
1412364723769823232
1412364730895900673
1412364736721657857
1412364741771661322
1412364746570010627
1412364750885953539
1412364753549377545
1412364755684237321
1412364756468518912
1412364758951604224
1412364759681351686
1412364760901947395
1412364762386776066
1412364762554437634
1412364763032600580
1412364769307217924
1412364775347064841
1412364775963738119
1412364784318701568
1412364789498667011
1412364792145268736
1412364795383365643
1412364805160189954
1412364806523428864
1412364812332326914
1412364827369127943
1412364837024317446
1412364841021476868
1412364843773050887
1412364846746652678
1412364852480200705
1412364855835869185
1412364860160106498
1412364863070945285
1412364863356157953
1412364864924930048
1412364868691410947
1412364868959846403
1412364880561152005
1412364891999121410
1412364895379771394
1412364897132875776
1412364906284961793
1412364914648289282
1412364924601446403
1412364927059251210
1412364930007941121
1412364941554864132
1412364943534477313
1412364946625662976
1412364958562668545
1412364959657381893
1412364961893040130
1412364961947566089
1412364963381796864
1412364964438872065
1412364974190645248
1412365016129585154
1412365016184111107
1412365016486002693
1412365016523849738
1412365021414408206
1412365023385632776
1412365026187526144
1412365034051686404
1412365034576023553
1412365036744581120
1412365038502002695
1412365050040393730
1412365053920227337
1412365058101874688
1412365062807777282
1412365062984015875
1412365066138234881
1412365068373798913
1412365073566347264
1412365078276587534
1412365080973352962
1412365081875210241
1412365087814426624
1412365088456163337
1412365091081797645
1412365091815710720
1412365103559843849
1412365105061412866
1412365114246762505
1412365116763484165
1412365117581316096
1412365123604213760
1412365130227146752
1412365130130624515
1412365135633600512
1412365137001041921
1412365138137653254
1412365138674565135
1412365141849612296
1412365150569439238
1412365152637313026
1412365172400963593
1412365181288693763
1412365182299484161
1412365190189006855
1412365194882387971
1412365202469928960
1412365204755824643
1412365210032259083
1412365212360060931
1412365214264311809
1412365217640632324
1412365222308986881
1412365225433653251
1412365228868837376
1412365254235807747
1412365260837715970
1412365275102597125
1412365275303907329
1412365289438732288
1412365290579582977
1412365291581935616
1412365291636596736
1412365295658975241
1412365297638543360
1412365298766958593
1412365301702873090
1412365307658833928
1412365312763252739
1412365314059292680
1412365315460284436
1412365319578992641
1412365334183616515
1412365337077690369
1412365341829775360
1412365341838266370
1412365343289393158
1412365345445318656
1412365344161816579
1412365346749796353
1412365350721798144
1412365354781663235
1412365356518318085
1412365362851725328
1412365364328009737
1412365365544460289
1412365368190849030
1412365372645425155
1412365373551394820
1412365385953914884
1412365386750873602
1412365387920855041
1412365387778473985
1412365388805967875
1412365397865676801
1412365400017358850
1412365404484214785
1412365406480781313
1412365408716345344
1412365411191037954
1412365413321748480
1412365420032675841
1412365436809850881
1412365437422157825
1412365437392752648
1412365439171244035
1412365442086277124
1412365443696926726
1412365444405772288
1412365451762573313
1412365454341984259
1412365461296193537
1412365461325594626
1412365464597041167
1412365486944227335
1412365493608980480
1412365497539174400
1412365504526888964
1412365505411923975
1412365510306537473
1412365534285418500
1412365535271129091
1412365542909001729
1412365545425539072
1412365550743961610
1412365554254594052
1412365561451847683
1412365563490230280
1412365567227482112
1412365573221228551
1412365575985139714
1412365587200634882
1412365588404609025
1412365599280357377
1412365600861691906
1412365609229111300
1412365613784313860
1412365615109640195
1412365636966268928
1412365653751721990
1412365662463442947
1412365666762563585
1412365668016656389
1412365672206716929
1412365683493588996
