1319790761404190722
1319790768756822016
1319790786431647745
1319790830442455042
1319790904723427328
1319790982162993153
1319791001268080641
1319791002438295552
1319791091118448641
1319791097879592961
1319791102044606470
1319791328365060099
1319791447122563073
1319791568296022016
1319791576613179392
1319791618992594944
1319791737750081538
1319791891387351041
1319791896215027712
1319791944982298624
1319791975583813632
1319792105431105538
1319792159575322624
1319792191649288194
1319792271798140928
1319792304723406848
1319792593039806464
1319792724174950402
1319792919650263040
1319793048948097024
1319793085241458688
1319793091583225859
1319793103570493440
1319793187700068353
1319793244490838017
1319793271342858240
1319793401215287298
1319793442206158849
1319793442822774791
1319793513383497736
1319793523072393216
1319793673186480131
1319793759278657536
1319793937146589185
1319794022794276871
1319794284535664640
1319794714665771010
1319795175049228289
1319795233438224384
1319795250517475328
1319795490972520448
1319795507137400834
1319795516390182913
1319795584983683073
1319795682430115840
1319795803037134850
1319795862189580294
1319795886025625601
1319795926978957314
1319795928992186370
1319796005764816903
1319796138954940417
1319796338121449473
1319796683807559681
1319796692594589697
1319796759531384832
1319796879681441793
1319796968554745857
1319796987634585607
1319797028289978375
1319797058434297857
1319797365612695554
1319797441340768256
1319797708861902848
1319797721348202496
1319798004635684865
1319798079063650304
1319798180880461824
1319798272697876480
1319798519738216448
1319798648696262656
1319798704560361477
1319798728023175168
1319799415213875202
1319799741207748609
1319799758995787776
1319800000864526337
1319800053456797698
1319800105134968832
1319800142053150720
1319800366406488064
1319800459939504129
1319800718413410307
1319801136522661890
1319801149147545600
1319801558507360258
1319801856240111618
1319801905414082560
1319802445183279104
1319802448047951873
1319802528977092614
1319802636321705985
1319802650368577536
1319802828337127424
1319802909396070400
1319802927679217665
1319803084877430784
1319803397831262209
1319803506614767616
1319803576512925697
1319803854406492160
1319804295378833409
1319804304488861698
1319804305474539520
1319804352199053314
1319804483568685056
1319804483640111106
1319804717447467015
1319804895252279296
1319805102463614976
1319805390427582464
1319805415530635264
1319805452633460737
1319805470073257984
1319805477946085378
1319805604035203073
1319805622200795138
1319805730212503552
1319805771295674370
