1318869639917613056
1318869677896921088
1318869846491320327
1318870087441461248
1318870116147351557
1318870261249331200
1318870269897957377
1318870458306076672
1318870472491175936
1318870603017953282
1318870613507923975
1318870744462393344
1318870997299232768
1318871033512906752
1318871097480183808
1318872000430039040
1318872002170703872
1318872173025628161
1318872217036509190
1318872227710947329
1318872261781225477
1318872317792079873
1318872437002567680
1318872470309527552
1318872662605778944
1318872719987965952
1318872720248012801
1318872742519767041
1318872799235244032
1318872895561621504
1318872986125029378
1318873008363233280
1318873032576872449
1318873233261813760
1318873285359185920
1318873319022727168
1318873348928098304
1318873449788485633
1318873470802010112
1318873661747724291
1318873697072152576
1318873721604628481
1318873726880944128
1318873783684325376
1318873796082892801
1318874005567377409
1318874046445092864
1318874410661695493
1318874433394704387
1318874451325325312
1318874499761250305
1318874579549495297
1318874588944674817
1318874790241931271
1318874804779470849
1318875056412426246
1318875143146536960
1318875192496717824
1318875237052723202
1318875316887060480
1318875344653459456
1318875438521995264
1318875454263201793
1318875471728136192
1318875488685854723
1318875813081681920
1318876092057399298
1318876218951872514
1318876264074194944
1318876289445580801
1318876401831989248
1318876511223545858
1318876571328040961
1318876600688062465
1318876643281096704
1318876721656041475
1318876888689971201
1318876963919040517
1318877035222208519
1318877138477600770
1318877375346712576
1318877601428111361
1318877860879200256
1318877880538025985
1318878011563847683
1318878059223764994
1318878113359663106
1318878308172529665
1318878315135062017
1318878334022012928
1318878397318221826
1318878457644879874
1318878796003639302
1318878848696582144
1318878850483445760
1318878859392057347
1318878908692004865
1318878908977192961
1318878912034664449
1318878924273709058
1318878975515594752
1318879046290313219
1318879089252511751
1318879098798804993
1318879427732729857
1318879502055972866
1318879594917826560
1318879635564875776
1318879781493067776
1318880032073408513
1318880106404663296
1318880107772203008
1318880243956944896
1318880314610110469
1318880407807471617
1318880483913142272
1318880765929836545
1318880787840798720
1318880809533739008
1318881084113760256
1318881111393456128
1318881149947699201
1318881356458414081
1318881411349217281
1318881426931068928
1318881461685059584
1318881606581559297
1318881610998173696
1318881729587851264
1318881755882049536
1318881825696157698
1318881833942208514
1318881835653451777
1318881837318635521
1318881862912253952
1318882040104677376
1318882374629851139
1318882489730015232
1318882588581384194
1318882684689473536
1318882740528422912
1318882826394230785
1318882840352837635
1318882863882948611
1318882949031485443
1318883081332293633
1318883140836929542
1318883162043437058
1318883201348227072
1318883215357186053
1318883403761025024
1318883432647229441
1318883466885431299
1318883482358018050
1318883507825909760
1318883679968649216
1318883683152035842
1318883702148157440
1318883728098197506
1318883763863117832
1318883812227616769
1318884073117503489
1318884075680169984
1318884308443107330
1318884388126470145
1318884430694449152
1318884459395960833
1318884628078485510
1318884631878324226
