1320183330600587264
1320183391027929093
1320183393590628353
1320183695379255296
1320183753482727424
1320183849763147777
1320183896793862145
1320183915001352193
1320184000665640961
1320184092902739973
1320184354300137472
1320184495417532419
1320184624178286592
1320184723252142083
1320184949098598401
1320185044036579328
1320185116249960451
1320185137791811584
1320185437055602689
1320185612893208576
1320185853524779008
1320185955592990720
1320185961888755712
1320185980423335938
1320185991009767424
1320186041869963264
1320186100594446336
1320186155321745409
1320186220710944768
1320186588849004545
1320186733691109376
1320186793187311616
1320186817526849536
1320187006421434369
1320187017502875649
1320187062000275456
1320187100201930752
1320187121412509697
1320187196972929024
1320187315512369157
1320187338702598146
1320187350895513600
1320187353793728513
1320187365315530753
1320187366703845376
1320187516041883648
1320187653468360704
1320187780371152896
1320188105069002752
1320188194831405061
1320188221956018176
1320188352344326147
1320188578262093827
1320188675951632385
1320188731748421633
1320188810030972928
1320188956462379008
1320188969577951232
1320189059067711493
1320189155440250885
1320189251166887942
1320189359551705088
1320189376647864320
1320189444138455041
1320189563130712067
1320189681099706368
1320189892362706945
1320190024416030720
1320190130020384769
1320190480005693440
1320190510791786497
1320190582413619201
1320190602110242818
1320190637174517760
1320190660167802880
1320190858994479104
1320190898601381890
1320190932763987969
1320190989689126912
1320191057913548800
1320191140369518594
1320191244669157377
1320191301887905792
1320191361182797829
1320191400135241729
1320191456368353283
1320191751139823618
1320191783729549312
1320191840285560836
1320191990919614464
1320192018878992385
1320192084960251904
1320192103033434113
1320192134104797185
1320192185845907457
1320192347104305154
1320192493955272704
1320192548984426496
1320192727359852545
1320192728345530374
1320192951796953088
1320192960856772608
1320192984667836417
1320193017303752704
1320193190180380672
1320193245264175104
1320193314767933440
1320193454232817664
1320193515859693568
1320193533622484998
1320193561682448384
1320193645643993089
1320193762623193089
1320193797548986368
1320193817442537473
1320194258360438786
1320194307622658048
1320194379554971649
1320194640268677120
1320194864877850626
1320194989024964609
1320195055840186368
1320195082796978177
1320195127420149760
1320195179442294787
1320195188392783872
1320195204704571392
1320195209322430464
1320195519692611586
1320195550285680641
1320195568946286594
1320195595064217600
1320195846743490564
1320195910232625152
1320195915781648384
1320195953198940160
1320196095767699457
1320196123760312321
1320196131301838848
1320196175127982081
1320196232245964800
1320196276181413888
1320196372558036993
1320196390882951168
1320196397275119616
1320196400685068289
1320196459623518208
1320196476849487878
1320196481681424390
1320196482079854592
1320196511456808961
1320196539571200000
1320196612883238913
1320196793372651522
1320196823689105408
1320196921860960256
1320197007638589448
1320197065805266944
1320197302955339776
1320197471268528129
1320197869207433216
1320198194282811392
1320198371747991552
