1320485326935052288
1320485338016632833
1320485390998933504
1320485405523906560
1320485630636294145
1320485684210208772
1320485694331117568
1320485926699737089
1320485972207755266
1320486015295983616
1320486088507494400
1320486237090664448
1320486424194519040
1320486475331489794
1320486493866106886
1320486514980200449
1320486768328675328
1320486973392510977
1320487214804094976
1320487327156744192
1320487360862236672
1320487447998980096
1320487664387239936
1320487711686492161
1320487845367369730
1320487875654373376
1320487881249533954
1320487961746497538
1320488308313591814
1320488355747012608
1320488440144822280
1320488468351455239
1320488486923694081
1320488558327726081
1320488793695203337
1320488829615284224
1320489007281823744
1320489306369200128
1320489432189788160
1320489460027502592
1320489497482723328
1320489673488257024
1320489835963056128
1320489933715378176
1320489963495034880
1320490129195192327
1320490139320258563
1320490248556683269
1320490286326386689
1320490408997212162
1320490710756429824
1320490744029745152
1320490892231241730
1320490945134108672
1320491217617063936
1320491304879489025
1320491315537338368
1320491384332312588
1320491472916013056
1320491561772199936
1320491782291873792
1320491837736521728
1320491850692788224
1320492043857207296
1320492103906983936
1320492128741609472
1320492259473842178
1320492365761650695
1320492418727366659
1320492439484964864
1320492469964939268
1320492498956017665
1320492525195567104
1320492584465256449
1320492625720418306
1320492720041922560
1320492855228588034
1320493064897630215
1320493232694833153
1320493324357279748
1320493371643682817
1320493402430021632
1320493651282305024
1320493811882221568
1320493813530546177
1320493897026588677
1320493912197312512
1320494108566343680
1320494128828993536
1320494200043888640
1320494345615745024
1320494426666401792
1320494465161687041
1320494504454070273
1320494535986847755
1320494736734650381
1320494745270046726
1320494850525949952
1320495183243448320
1320495209759715329
1320495407366066178
1320495467898249218
1320495501528227840
1320495737600385028
1320495750082682887
1320495765974863874
1320495794261209089
1320495960829513728
1320496066450501633
1320496111207919616
1320496170221776896
1320496215071559681
1320496265768148992
1320496432302845952
1320496507447984128
1320496686570110976
1320496746544451584
1320496919450406912
1320496948772663296
1320496976308424705
1320497263064567812
1320497292932194305
1320497301228560390
1320497672139190274
1320497813533450241
1320497822299545602
1320497987190169600
1320498026155249668
1320498055263576064
1320498204773928962
1320498311401406464
1320498702591627265
1320498954094710785
1320498955671621632
1320499046423945223
1320499066757894146
1320499090749231104
1320499162660691968
1320499174471725056
1320499176917139457
1320499198039625729
1320499277295222791
1320499324183216128
1320499348766117890
1320499357246959616
1320499424494190593
1320499459315425285
1320499464008724480
1320499604098588672
1320499664773406721
1320499667612758016
1320499671442333701
1320499698667577346
1320499711388897284
1320499745417289730
1320499947268149248
1320500163010584576
1320500223739858945
1320500257038491649
1320500268186931200
1320500347274670082
