1393763113577721856
1393763115469316096
1393763119667847169
1393763120326144005
1393763121769062402
1393763122934997001
1393763128509222918
1393763140295405570
1393763146704199680
1393763154752991233
1393763169257021440
1393763170410319874
1393763173866553344
1393763181458333699
1393763183924547586
1393763185337921536
1393763188290646025
1393763189557538817
1393763190362689536
1393763223355092992
1393763236911140865
1393763253344296965
1393763254384660481
1393763255332392968
1393763265524686848
1393763265965039617
1393763271468060677
1393763271585456135
1393763275536535552
1393763280515223558
1393763280905113606
1393763284772339714
1393763292661825543
1393763295526592512
1393763295920902146
1393763305186004993
1393763305517428736
1393763306356330496
1393763310982598656
1393763318234554368
1393763328778854402
1393763335460593665
1393763347422662656
1393763350832627712
1393763350962655253
1393763351876947970
1393763356054491141
1393763368108888068
1393763372995383296
1393763384408121345
1393763387453083648
1393763405614534658
1393763407279448067
1393763408194023425
1393763412048556036
1393763444848046082
1393763447326887943
1393763447561654273
1393763454339584005
1393763455765782529
1393763465123278851
1393763466532556801
1393763467786694656
1393763471590834177
1393763477043437572
1393763498216157190
1393763519225548803
1393763530193530884
1393763531191881730
1393763533893079047
1393763567833395200
1393763569292890116
1393763569532080128
1393763573206188034
1393763573797724164
1393763575655632896
1393763579912933379
1393763586674241536
1393763587219410944
1393763587974475780
1393763594152538114
1393763598569197568
1393763600465022984
1393763611571462144
1393763618735288322
1393763640675905539
1393763645889421312
1393763647172726786
1393763647458095111
1393763647550275584
1393763652680003587
1393763661584519180
1393763662528229377
1393763673479335940
1393763675970969605
1393763677933772800
1393763689770065923
1393763695835197446
1393763732942172162
1393763735173533697
1393763739954860032
1393763759601160194
1393763765066235910
1393763766681096193
1393763767675088897
1393763775120084995
1393763782980079618
1393763786281029639
1393763788726362121
1393763791087804420
1393763797106573313
1393763800080437251
1393763808611430404
1393763810721284102
1393763812000493572
1393763812675887104
1393763821119016970
1393763830275190791
1393763833374810115
1393763834423304198
1393763845294985216
1393763846137909250
1393763851603103748
1393763870108422144
1393763883601498114
1393763899795808257
1393763904866586624
1393763908721201161
1393763909253877762
1393763918963675141
1393763923963285506
1393763924932186112
1393763927067172866
1393763935233495041
1393763955722661890
1393763955814936578
1393763967814746115
1393763970360696835
1393763970767486976
1393763984814362624
1393763988387901441
1393764002564657152
1393764010256965634
1393764012643475457
1393764017815105536
1393764019899707393
1393764030267887619
1393764031949799429
1393764035980574722
1393764048483676162
1393764051155554305
1393764061486092292
1393764062144700416
1393764067676868612
1393764072303202304
1393764075432259588
1393764085431472131
1393764089701167107
1393764105220132864
1393764117505314816
1393764117790355458
1393764123859689472
1393764124748877825
1393764127617789956
1393764128867557384
1393764132445372420
1393764138950676484
1393764146022215685
1393764147989565445
1393764156361281538
1393764158609534976
1393764162245853187
1393764162510237696
1393764162845687809
1393764165089628163
1393764165328662530
1393764171364200454
1393764181841678337
1393764210018951173
1393764210266542082
1393764214569795592
1393764243758096385
1393764252192698369
1393764270060589058
1393764287722803206
1393764297336053760
1393764298619596800
1393764301991817219
1393764312431439872
1393764322329903107
1393764322854068225
1393764333344067584
1393764341795676164
1393764354076463104
1393764358803451906
1393764361341186051
1393764365753483267
1393764366189793284
1393764369327181825
1393764369910177792
1393764374280540161
1393764381436129283
1393764392529973248
1393764395994554373
1393764401321238531
1393764402126540801
1393764415036706823
1393764423018459136
1393764427065823243
1393764461043986433
1393764469126299650
1393764487648382984
1393764488374099971
1393764489242152964
1393764501426634757
1393764502584184835
1393764508439564289
1393764510343696384
1393764518984044545
1393764521030799363
1393764521404248064
1393764522045820928
1393764527573901320
1393764547245248514
1393764552223780866
1393764553645858816
1393764555784953857
1393764556535595008
1393764559807205380
1393764574319583232
1393764583286874115
1393764586545893381
1393764588458496000
1393764592711475203
1393764627348000770
1393764629134733319
1393764638660210690
1393764638609784834
1393764642460114946
1393764663192555522
1393764666225082369
1393764676765306880
1393764677495050247
1393764677654568962
1393764681530105857
1393764681941016582
1393764683119726593
1393764698168963072
1393764702468067331
1393764710777040900
1393764713532518404
1393764719182303234
1393764722202320896
1393764725306003459
1393764740686442497
1393764743010258950
1393764746294435840
1393764748173488128
1393764754297077761
1393764758835253251
1393764770134827009
1393764771380482048
1393764800614838276
1393764813885493250
1393764818096693252
1393764818658766850
1393764819619225603
1393764826644729860
1393764827277967368
1393764832982208512
1393764840561389570
1393764841064701953
1393764850187259906
1393764852087156738
1393764857539874821
1393764864884187137
1393764872672845826
1393764891236970499
1393764895729061901
1393764901655547905
1393764905698971648
1393764906545999872
1393764908622286849
1393764912804114433
1393764925726773252
1393764927765192706
1393764930495598593
1393764936753557514
1393764951165079555
1393764953010671622
1393764954801586177
1393764955480940546
1393764971096551429
1393764975638761473
1393764981800308736
1393764991103164417
1393764998007099395
1393765002834694145
1393765004801822722
1393765010887880708
1393765018626297860
1393765019628806148
1393765021847588871
1393765023676260353
1393765025869754368
1393765028306722820
1393765034468253696
1393765036477321217
1393765061001310208
1393765063434162181
1393765081800970240
1393765089501540353
1393765092685230080
1393765095457570816
1393765106933243905
1393765107688161283
1393765109823156225
1393765113350471683
1393765113866326017
1393765129217581060
1393765129884426240
1393765136658309127
1393765140009426946
1393765157696942082
1393765159454183425
1393765160741974016
1393765167960412161
1393765169222856704
1393765170401456128
1393765183693144067
1393765199962804225
1393765203322359810
1393765209152622603
1393765209634975747
1393765215179735040
1393765221940875268
1393765231084589056
1393765232170967043
1393765236583317505
1393765239313862656
1393765241129881601
1393765244044984322
1393765260721627138
1393765262671765508
1393765269340786693
1393765276966129666
1393765299518730240
1393765308486258691
1393765309664743426
1393765310294077440
1393765310608588805
1393765310981832707
1393765321203347460
1393765327670968323
1393765328027627521
1393765328304365568
1393765360155910147
1393765366438977536
1393765367718285319
1393765382582833154
1393765383518183429
1393765388840697863
1393765390891864064
1393765392850501633
1393765393483829250
1393765398923800581
1393765418960146433
1393765421203877890
1393765425972867075
1393765431337308163
1393765460907155463
1393765465797775365
1393765466821234689
1393765467282558979
1393765469480493057
1393765485490049036
1393765486911967234
1393765488417705992
1393765490712006656
1393765493161480192
1393765493769637890
1393765495065747459
1393765496613326852
1393765497880129536
1393765499348082688
1393765501126381572
1393765501495545863
1393765509955559429
1393765530717282312
1393765561381781505
1393765572677029888
1393765574447177729
1393765574656675842
1393765575244107776
1393765582256885763
1393765584169443329
1393765585515782154
1393765596588695554
1393765596773240836
1393765606990786563
1393765614028738560
1393765634157289474
1393765634123702273
1393765636069789696
1393765642743001088
1393765646769528832
1393765649252487170
1393765676389703681
1393765691866689537
1393765693187821572
1393765720362668033
1393765756416892930
1393765758094790656
1393765765879275521
1393765766609182724
1393765769314504707
1393765771323523082
1393765772665626626
1393765788679540737
1393765790864773121
1393765793028993027
1393765800121622531
1393765805641412609
1393765810980761600
1393765813572706308
1393765827845902336
1393765833889910788
1393765852898635778
1393765853544419328
1393765858774814722
1393765879796617216
1393765880841003015
1393765883978289157
1393765890731225088
1393765892224397313
1393765891968421891
1393765896662003712
1393765907743264769
1393765909290905600
1393765913346945025
1393765915318132739
1393765917155332096
1393765932867096578
1393765945055891456
1393765958817288198
1393765965033320448
1393765966878810114
1393765969613443079
1393765971001843712
1393765982234107913
1393765986075955204
1393765986688512003
1393765998164025345
1393765998931685378
1393766019131338752
1393766055810584576
1393766065642033152
1393766073208655873
1393766076543012869
1393766081966137346
1393766082570194946
1393766093001400322
1393766095585038342
1393766099498373121
1393766102623129601
1393766111863267329
1393766123376611329
1393766132809703424
1393766135460470789
1393766136509042690
1393766150144593920
1393766153793769473
1393766154364231681
1393766158948577281
1393766161003814913
1393766163042082818
1393766166590595073
1393766167932719104
1393766169048494084
1393766179529846787
1393766182541475840
1393766204792320001
1393766206918778881
1393766207648579585
1393766218918674435
1393766220869013504
1393766220919230466
1393766227949113345
1393766232344702979
1393766235980976132
1393766250510159880
1393766281820573699
1393766304033787904
1393766305908527105
1393766306831380480
1393766306961268737
1393766308706066432
1393766309234573312
1393766316767551490
1393766331900596225
1393766335054860288
1393766349621669893
1393766352247218176
1393766372245639170
1393766378801352705
1393766382488068102
1393766384006402052
1393766396044136455
1393766401710698500
1393766406475370496
1393766410711613441
1393766423177089025
1393766432396124165
1393766439035842565
1393766468370804736
1393766469171884033
1393766475345842177
1393766475270340608
1393766482694262785
1393766486418681859
1393766494237036546
1393766518039752704
1393766522141642754
1393766537589317642
1393766556161564672
1393766558682468354
1393766576751620096
1393766590571847684
1393766594602536967
1393766599761534979
1393766624633794560
1393766631185125379
1393766634331033600
1393766636692324354
1393766638705651715
1393766640144113664
1393766645320069121
1393766651049365505
1393766655155654657
1393766680577384448
1393766685539115008
1393766707676778499
1393766722960773131
1393766723287977985
1393766723585720322
1393766725636657155
1393766729658994690
1393766735552163841
1393766740388028421
1393766745685610498
1393766758239121410
1393766766971609095
1393766769693581312
1393766769786068995
1393766775087640576
1393766787401928706
1393766790635966464
1393766796474429440
1393766803751325702
1393766811410190338
1393766812240728066
1393766813951877120
1393766823024373763
1393766828653129730
1393766835460448256
1393766840963276805
1393766859162361860
1393766863188893700
1393766865994870786
1393766867332853764
1393766878909186052
1393766891882229760
1393766923331059715
1393766925562384387
1393766925587521537
1393766947188264960
1393766950031949824
1393766951219077120
1393766953999872000
1393766968440860675
1393766978771357703
1393766978955923456
1393766995166859269
1393766999319252996
1393767005677834244
1393767005807804416
1393767015232454662
1393767027731435520
1393767031116210177
1393767041119760385
1393767041333612546
1393767045448228867
1393767050460340227
1393767062447742985
1393767068500037635
1393767071423492098
1393767088590925827
1393767090398457859
1393767094710415360
1393767095440134144
1393767098988601344
1393767101769273345
1393767104684326917
1393767105674182656
1393767106085335042
1393767116998733827
1393767121629364227
1393767129837621253
1393767135424417796
1393767149349441538
1393767150859558913
1393767154533683202
1393767157205458945
1393767162041483266
1393767162943361024
1393767182807490568
1393767187555491840
1393767193096069123
1393767201073733632
1393767207604264960
1393767214919176197
1393767215443415041
1393767237459210240
1393767244434391040
1393767250310701062
1393767270674010112
1393767271475056641
1393767278433476608
1393767285035261958
1393767286658457602
1393767287543394305
1393767288663281664
1393767293998534658
1393767306577256449
1393767312151416834
1393767315330801669
1393767323237031936
1393767328882597893
1393767336889524227
1393767343856226304
1393767351854772224
1393767355658948609
1393767373627219970
1393767374894010377
1393767379306524674
1393767391444623361
1393767405109788673
1393767406061899779
1393767411631984640
1393767433434017794
1393767435799511040
1393767439599423488
1393767448361545733
1393767453168226313
1393767459879067648
1393767462450057220
1393767467969748992
1393767469047705601
1393767474735235076
1393767480556929027
1393767487037231104
1393767490807795715
1393767494763036673
1393767504514895873
1393767520948027394
1393767526270709762
1393767526610440193
1393767532750848002
1393767554749931520
1393767563688034304
1393767569975255040
1393767570419994624
1393767574622687235
1393767587633242113
1393767588979744768
1393767591433355266
1393767605186478080
1393767630595665923
1393767646944845827
1393767662602407936
1393767679765499905
1393767680956633089
1393767682445545472
1393767685960388614
1393767687096999944
1393767688573526019
1393767690200928256
1393767707368206338
1393767717359001602
1393767717740507136
1393767730415906816
1393767737990828033
1393767766134513666
1393767776867655683
1393767789542920192
1393767791598047236
1393767799810560001
1393767801043759104
1393767806978510848
1393767806282485762
1393767813907632134
1393767827040051200
1393767829166600192
1393767830705823744
1393767831351685125
1393767833969074176
1393767840537145354
1393767841271267331
1393767844953788420
1393767853665497090
1393767853900374024
1393767855288635398
1393767859050921987
1393767859642376198
1393767861194219524
1393767862536491010
1393767864977395721
1393767867674361856
1393767880701976581
1393767883780526080
1393767885131157508
1393767885873553408
1393767887244959746
1393767894241189890
1393767900721209346
1393767922926034945
1393767928676425729
1393767933281775616
1393767942366584832
1393767942844665856
1393767943893397504
1393767947978477572
1393767951648673792
1393767953670320128
1393767955402575875
1393767957000511493
1393767962641764353
1393767973433843712
1393767973677117441
1393767984510869505
1393767991012102149
1393768017570500611
1393768018379825158
1393768020074405888
1393768020472832006
1393768022922366978
1393768032514625539
1393768037321486336
1393768039062155264
1393768042849619969
1393768051095465989
1393768055226863618
1393768071073050625
1393768079453261826
1393768081747374084
1393768081764327424
1393768083957948418
1393768085346263042
1393768088924041219
1393768108481863685
1393768113066242057
1393768117319446530
1393768140081967106
1393768146801156096
1393768147983892482
1393768148617285633
1393768150718685184
1393768153218494468
1393768165113536514
1393768165440737284
1393768170394210304
1393768189046177792
1393768203625635844
1393768210256695297
1393768211271794689
1393768228711583746
1393768233811935240
1393768247397257220
1393768255794384896
1393768259191820288
1393768260110151681
1393768262605934594
1393768273561505792
1393768279978745856
1393768289193529345
1393768309020151809
1393768310202851329
1393768315890307073
1393768317203140615
1393768320336232449
1393768322395623428
1393768326925533185
1393768338065694720
1393768358500356097
1393768379908034560
1393768380390383618
1393768405237436416
1393768409565962245
1393768416243298307
1393768421515476993
1393768424363335686
1393768434647937024
1393768436103217152
1393768444739346433
1393768446798680066
1393768454331772932
1393768455640289280
1393768465702428676
1393768468328062976
1393768476121223169
1393768479417769988
1393768486736965632
1393768498946449415
1393768501790199810
1393768507628736512
1393768518324207622
1393768519909748737
1393768524103880704
1393768525798330374
1393768525936959488
1393768526616354822
1393768529481150467
1393768544731549700
1393768550804844545
1393768550897123334
1393768607583252482
1393768607612538882
1393768608199708674
1393768617154469890
1393768619931148288
1393768628894502914
1393768635802472451
1393768650402934785
1393768657386283010
1393768660162990082
1393768664910876678
1393768672020336644
1393768684477423618
1393768684930359302
1393768692803059715
1393768707554414604
1393768708833677315
1393768711350226950
1393768714349146113
1393768715066519556
1393768724398854144
1393768734528053251
1393768742622949376
1393768745059987456
1393768745223397376
1393768754685923334
1393768755545706503
1393768760423587840
1393768765465243654
1393768775669870592
1393768784809185280
1393768788710002689
1393768792187052032
1393768802396131328
1393768807488004097
1393768812114325505
1393768815603896322
1393768821303955456
1393768837091368963
1393768848118136836
1393768849648934915
1393768852492746755
1393768857182089216
1393768872067571714
1393768872151560192
1393768875616096258
1393768887007817731
1393768906632962049
1393768916636377101
1393768932675244033
1393768936236331011
1393768955030827009
1393768967383044098
1393768982767865857
1393768998597132293
1393768998790123525
1393768999545094149
1393768999972839427
1393769038346690562
1393769040812953602
1393769059003641857
1393769065135722497
1393769074241441797
1393769076753895424
1393769080461479939
1393769082898497539
1393769088170684417
1393769094457937920
1393769102603431937
1393769111180570624
1393769111436541956
1393769117451177985
1393769127446257666
1393769134111039488
1393769156902744064
1393769158152622084
1393769165803065346
1393769197734440960
1393769215056781317
1393769219569893377
1393769221478309890
1393769228226936838
1393769230718443524
1393769247067631621
1393769262242701315
1393769288285102081
1393769292265672705
1393769292278206464
1393769293989519362
1393769297244311555
1393769300524081154
1393769303082741765
1393769308111527938
1393769317314007040
1393769320652619777
1393769321428668424
1393769335550849025
1393769344732057607
1393769364424433665
1393769367930814465
1393769391687356416
1393769391817478147
1393769392736030723
1393769393218260992
1393769398394052612
1393769404865863682
1393769408791678978
1393769413380243456
1393769420414193670
1393769441171677192
1393769449707253761
1393769452617957376
1393769460859760641
1393769462218776581
1393769472037695488
1393769477326741507
1393769489985060864
1393769509517860865
1393769515293364224
1393769521316511753
1393769521937207301
1393769523120156679
1393769523422146560
1393769528966983685
1393769534159396865
1393769543894376453
1393769548860510217
1393769549124755460
1393769563494490118
1393769576408694789
1393769579244032000
1393769579659280384
1393769594498654208
1393769596474245124
1393769602799357952
1393769614669238272
1393769618540539904
1393769626295754755
1393769628686446595
1393769632666820609
1393769633614745601
1393769641424658435
1393769651088236547
1393769657480269829
1393769660974256131
1393769675247427589
1393769681782153217
1393769687276654593
1393769689583472645
1393769690674212865
1393769696789467136
1393769702778834947
1393769710961913858
1393769719652573188
1393769744768110595
1393769749616553984
1393769751457927178
1393769753727180803
1393769757393014786
1393769760295374848
1393769764363853824
1393769766196711428
1393769770697199616
1393769777135509513
1393769780931403778
1393769788799864832
1393769790217539586
1393769805942042633
1393769824501866497
1393769843288117250
1393769858299478016
1393769859276754945
1393769861600395265
1393769883763191812
1393769895800844289
1393769896148836358
1393769898103513092
1393769902385688579
1393769909012766722
1393769918584209410
1393769922153512970
1393769932115021824
1393769933310349316
1393769937198456832
1393769939169947649
1393769947604537347
1393769957310308353
1393769959201722369
1393769961781399552
1393769974708199426
1393769982782320648
1393769984329986049
1393769985579814918
1393769985634226182
1393769994052378626
1393769999320457216
1393769999542759429
1393770011295064066
1393770011538436096
1393770014721908736
1393770027606740993
1393770046447448068
1393770050079793156
1393770053502337024
1393770055494606856
1393770057054969858
1393770076361396225
1393770081134518278
1393770095059509251
1393770110561792005
1393770116945375235
1393770120963624961
1393770125174755330
1393770131474591744
1393770132305027073
1393770139338825730
1393770143122001920
1393770161816031235
1393770166953988101
1393770182716231683
1393770185706799104
1393770203360661504
1393770203733889030
1393770214085570563
1393770215314395139
1393770223962976256
1393770226777473029
1393770238542495747
1393770248675811330
1393770261955190787
1393770266220797954
1393770275632787462
1393770283912372224
1393770292363743233
1393770299863207938
1393770307576504323
1393770308692180996
1393770310898356228
1393770330297028608
1393770334638198789
1393770335456006149
1393770353332133892
1393770381945622531
1393770384370061314
1393770389499650048
1393770391882158081
1393770393551327240
1393770404049682432
1393770407170297857
1393770413935800320
1393770417077116928
1393770417790279687
1393770423263932416
1393770425931468808
1393770436656308225
1393770443346153477
1393770451466428420
1393770468939812870
1393770472169361411
1393770481606664193
1393770487512174594
1393770502796152834
1393770508718587907
1393770513512550405
1393770517241372675
1393770527299231744
1393770528201191425
1393770536233275400
1393770536359153664
1393770540251369474
1393770541077696512
1393770566994235393
1393770579652657153
1393770582576177160
1393770586812428290
1393770588347375625
1393770600569655301
1393770627786444802
1393770634199674882
1393770643599024131
1393770647776423939
1393770658560102403
1393770676713054208
1393770678013337602
1393770705284644865
1393770705875918849
1393770708887429123
1393770713337802756
1393770720711221252
1393770723647365127
1393770729250902016
1393770732187004931
1393770741229756420
1393770758573223942
1393770759437398023
1393770778261262336
1393770781541212169
1393770783990849539
1393770793478377472
1393770794048790530
1393770794644381696
1393770801036472322
1393770802257014789
1393770805536780289
1393770806564560897
1393770807260852224
1393770810654003203
1393770823354249217
1393770830945918983
1393770831969456129
1393770834360156161
1393770837208027137
1393770838491492354
1393770846452322305
1393770853813325826
1393770854530502657
1393770856728256513
1393770863179173894
1393770880942157825
1393770886604496900
1393770888986697729
1393770891671085056
1393770897069248519
1393770901045399555
1393770910969122819
1393770930162130947
1393770936856453120
1393770941675606021
1393770951611850752
1393770956150255617
1393770961628016641
1393770961841819648
1393770981894901762
1393770990472105985
1393771005915631620
1393771010789347328
1393771011863023623
1393771021849743365
1393771029928026116
1393771040682086411
1393771061464817664
1393771066971938817
1393771083812073472
1393771095908569088
1393771098840342531
1393771138342338562
1393771139701297153
1393771140892479495
1393771147196395521
1393771174123945986
1393771175084367874
1393771182638444550
1393771184299429889
1393771190305517570
1393771198979399682
1393771205711351812
1393771208609517568
1393771219594399749
1393771220441645057
1393771223377711106
1393771242889617408
1393771247339806721
1393771247763288067
1393771270487961607
1393771279216484357
1393771284035739648
1393771289618391048
1393771303228764165
1393771303878934531
1393771322623238144
1393771343301206021
1393771343552864261
1393771391221125121
1393771402034089988
1393771402533081091
1393771409176809474
1393771409105686529
1393771413375422467
1393771420853760000
1393771442408394752
1393771449396219912
1393771468681531392
1393771474368942080
1393771480052293632
1393771484519174148
1393771487778295808
1393771489476845573
1393771497613774848
1393771511387987970
1393771511337598976
1393771555079999488
1393771590593261568
1393771592736378883
1393771592770101250
1393771607399694339
1393771610692362240
1393771638433349632
1393771639767187456
1393771640912154631
1393771651301482503
1393771651871821825
1393771652224323584
1393771660432625669
1393771684734382085
1393771696528707586
1393771702748807171
1393771706070802433
1393771729416163334
1393771732583002112
1393771733715390466
1393771754254831616
1393771764707119104
1393771767089487874
1393771767630503937
1393771770965118977
1393771783116009473
1393771786546864129
1393771787675111424
1393771795292033025
1393771798588796932
1393771804074860547
1393771813784653827
1393771818134110208
1393771821875425280
1393771834764582913
1393771838858268674
1393771870097379341
1393771877471035392
1393771883892457472
1393771884206968832
1393771885704486913
1393771891794513921
1393771893073846275
1393771894361534465
1393771908072546305
1393771909008044033
1393771918394806272
1393771922987565056
1393771924455575553
1393771954130366470
1393771956726546433
1393771959360659456
1393771986434727940
1393771994793975818
1393772003069349888
1393772008178176001
1393772015857905664
1393772019934707712
1393772034111377409
1393772035264811009
1393772053992394752
1393772062242660356
1393772076389994499
1393772079028211713
1393772078973730816
1393772085185503244
1393772104252862464
1393772108119953408
1393772122665742336
1393772125941637121
1393772129842176006
1393772135936450560
1393772151568621569
1393772166005547009
1393772179024752642
1393772188210286592
1393772190877708290
1393772191515172865
1393772197181890561
1393772199429955584
1393772206518411264
1393772210624417794
1393772233974185984
1393772247303606273
1393772260444577793
1393772266199166976
1393772267415359493
1393772270699663362
1393772272557740033
1393772295907385347
1393772298423963651
1393772302811090944
1393772304195211264
1393772317977714688
1393772325791801347
1393772336789131264
1393772339632951297
1393772341201678340
1393772343802175488
1393772348394942468
1393772360558424066
1393772362475114498
1393772371966844928
1393772379839647744
1393772381185978370
1393772389150990339
1393772398109937672
1393772400244781057
1393772404019695623
1393772408264351750
1393772430729125889
1393772434814214145
1393772442464575491
1393772443504947207
1393772454921838593
1393772458285572102
1393772466523328512
1393772479147954182
1393772484856516610
1393772510710280193
1393772512916303877
1393772517655908354
1393772532550053888
1393772537444585473
1393772544360992774
1393772544424136707
1393772556277231625
1393772570516750339
1393772581497364482
1393772594973880325
1393772620810801154
1393772627358007300
1393772627899166724
1393772629035655175
1393772656391069697
1393772662283964417
1393772678645944321
1393772683201028097
1393772709063151617
1393772724124889090
1393772748019748873
1393772748229513218
1393772757461225473
1393772770496942081
1393772772791226371
1393772773185576968
1393772784489164803
1393772805431431171
1393772809797574659
1393772823974400002
1393772828860854272
1393772841414414338
1393772841540018180
1393772852826972160
1393772853565198338
1393772856710860801
1393772860032884737
1393772860737470464
1393772867142098948
1393772879687274503
1393772883516743680
1393772893893320707
1393772895168614401
1393772898108674051
1393772909911547904
1393772925531181057
1393772946645299201
1393772947857448961
1393772955016974336
1393772956476641283
1393772964345229313
1393772981424324614
1393772986105139203
1393772986197544962
1393772987137073152
1393772995219492866
1393773006066012160
1393773009182158849
1393773015637368834
1393773022125772805
1393773023656701954
1393773025456230405
1393773026357911556
1393773033047920640
1393773044712214529
1393773045878124547
1393773058473611265
1393773060906422274
1393773070222036994
1393773077574598658
1393773113385574408
1393773126635331589
1393773126551474181
1393773140761776128
1393773147208433669
1393773154594590720
1393773155479547904
1393773163310469125
1393773186437758978
1393773194163769345
1393773202602696706
1393773204758466563
1393773207233175555
1393773214526959618
1393773218284990469
1393773218792722432
1393773221367922690
1393773234449965065
1393773240783233025
1393773241882140684
1393773266515349506
1393773284735422466
1393773285947572224
1393773294332039170
1393773296227868677
1393773311834804231
1393773312933728259
1393773317467762691
1393773342335832064
1393773358836117510
1393773377056165890
1393773387667976193
1393773389702209540
1393773398824611840
1393773401936891906
1393773402184421378
1393773413563392003
1393773425370537984
1393773430533545986
1393773439593320450
1393773452855705602
1393773470702575617
1393773478550020100
1393773491338588167
1393773496719888384
1393773512502956039
1393773513765396483
1393773514017185792
1393773515132788738
1393773530005884929
1393773540474826752
1393773542123216897
1393773555557470208
1393773597055885315
1393773597852848130
1393773608028164097
1393773619658989568
1393773619633954819
1393773623857401856
1393773625170272256
1393773645080809474
1393773651598581761
1393773666454937600
1393773666773569539
1393773679201357831
1393773687661342721
1393773698113445892
1393773728568430593
1393773730334056448
1393773731315544064
1393773734822023174
1393773741214208001
1393773768808484865
1393773771404763140
1393773775771119618
1393773789364867078
1393773791604396033
1393773821937823751
1393773823850205187
1393773830133387266
1393773832117366786
1393773836580098048
1393773850115067904
1393773872500011010
1393773878128766976
1393773878917451777
1393773888782360576
1393773897959497731
1393773898114605060
1393773904980680704
1393773922542264331
1393773930331131906
1393773930742263810
1393773936165351426
1393773941022511108
1393773957422018561
1393773961645748231
1393773964250451968
1393773973968605184
1393773992562016258
1393774013604765702
1393774016914067462
1393774017320873985
1393774024111628289
1393774024702926850
1393774028930707457
1393774030319198213
1393774039718670338
1393774052205027333
1393774104046538753
1393774108236673024
1393774116151336960
1393774123034324996
1393774132190400517
1393774136636452865
1393774139387703301
1393774141355008007
1393774143464632324
1393774149193977859
1393774149441658887
1393774168055980032
1393774180605128704
1393774182954151937
1393774185529450496
1393774200503029761
1393774205100072962
1393774206987481090
1393774214868611072
1393774216374325248
1393774216642707460
1393774243381452800
1393774249609940994
1393774257985843200
1393774274633248769
1393774278563307524
1393774279909650435
1393774288939925505
1393774294702952453
1393774302999187456
1393774340412362752
1393774340953436160
1393774346032742400
1393774358418526208
1393774358632353794
1393774364760420354
1393774367025340420
1393774377632604167
1393774380690206723
1393774396255490052
1393774398801289220
1393774408515428353
1393774410876735489
1393774420599066626
1393774424634105862
1393774430719856642
1393774435296059394
1393774439741939713
1393774449003008003
1393774453121708032
1393774458125488132
1393774462848352263
1393774496176218115
1393774502052614151
1393774505365958656
1393774519236636673
1393774525746057217
1393774565122187266
1393774567869620226
1393774602522816513
1393774604414382080
1393774604548726784
1393774649767436290
1393774653668315137
1393774655090069504
1393774656163880962
1393774656314920961
1393774667391963140
1393774669812097026
1393774674073505794
1393774680016883713
1393774680863956995
1393774683896561665
1393774691089743876
1393774694503907328
1393774705090383875
1393774709691621378
1393774717836959744
1393774719543906306
1393774720353333249
1393774736430206978
1393774738397347840
1393774743300444164
1393774748153303042
1393774753501097985
1393774753828192258
1393774758576025606
1393774773218414600
1393774783846920193
1393774786124333060
1393774790628970497
1393774805405470720
1393774825676713984
1393774829774557185
1393774835503820800
1393774845322727428
1393774853845438469
1393774865497288705
1393774875903287296
1393774882987646977
1393774888813465605
1393774889413365763
1393774905506689025
1393774907280920578
1393774907780177920
1393774914969260034
1393774922703413248
1393774922913128451
1393774931071094785
1393774940080394241
1393774943758864385
1393774948112650240
1393774953426792451
1393774957398736896
1393774971596382209
1393774971919474690
1393774978345095172
1393774985009901568
1393775028215418881
1393775033290563586
1393775034456551424
1393775037635862529
1393775040420843522
1393775069906747393
1393775070649233408
1393775073031450626
1393775097144512518
1393775098134421506
1393775102265749505
1393775108703932417
1393775117696737281
1393775120452177922
1393775124483084288
1393775128153104384
1393775143017717760
1393775159602040836
1393775187124948992
1393775187284332547
1393775188681007106
1393775189444513793
1393775192737030144
1393775199347163140
1393775218640949251
1393775221577068546
1393775242363944960
1393775249892593676
1393775256834355200
1393775262823710722
1393775263301918720
1393775264786681857
1393775268876079104
1393775276396621831
1393775299356028933
1393775304540397569
1393775308667596801
1393775311767101442
1393775327265005568
1393775329060089857
1393775348651864065
1393775360341430276
1393775362312589320
1393775369673707520
1393775389453914112
1393775401135185926
1393775406986141696
1393775410513682434
1393775415018328066
1393775432487555072
1393775452183953408
1393775454687940609
1393775461801603073
1393775474040578050
1393775483251302400
1393775493548154882
1393775493783056387
1393775499206402054
1393775508165382145
1393775512879869956
1393775538431537153
1393775542915108864
1393775546643849216
1393775547432509442
1393775552511844355
1393775562137636871
1393775573428629507
1393775573881737216
1393775574158438401
1393775605066387458
1393775606769258497
1393775612800733184
1393775616504254464
1393775616223334400
1393775617758355457
1393775618752405505
1393775622523138049
1393775639413538821
1393775658724069378
1393775663270686727
1393775663958614017
1393775680387694596
1393775685341093888
1393775693822152705
1393775707407282184
1393775717352083461
1393775722951544832
1393775724406919168
1393775724817960961
1393775735031087105
1393775740022370307
1393775748821962756
1393775749786750977
1393775749988028419
1393775750700961792
1393775781680136193
1393775801175187460
1393775827423174657
1393775842199703557
1393775859635429384
1393775887963725827
1393775906318028803
1393775915524509699
1393775920125812736
1393775931823689729
1393775938555420672
1393775941101494273
1393775951834619905
1393775966023942144
1393775973418639361
1393775987540770819
1393775993442160650
1393776002652950531
1393776008143253505
1393776013163761665
1393776025532780544
1393776032730255362
1393776034021928961
1393776055505227776
1393776060089704450
1393776074677374978
1393776091723091971
1393776097330933763
1393776099629228033
1393776100237484034
1393776108064104448
1393776125378060288
1393776125856333826
1393776130604294148
1393776131833221122
1393776132676198402
1393776145800200197
1393776166704586752
1393776169216995331
1393776174392766466
1393776178637557765
1393776181892235265
1393776197465747456
1393776198312882177
1393776199713927171
1393776200477257736
1393776209469874177
1393776224330084353
1393776241736622081
1393776249668055040
1393776261420494850
1393776266504019975
1393776272271192066
1393776282354307074
1393776288238686214
1393776295633293312
1393776312670633984
1393776335810670594
1393776344362749954
1393776348880068610
1393776364386402309
1393776366504620042
1393776367670595585
1393776370233319426
1393776374930808835
1393776380576342024
1393776381532725249
1393776387186520064
1393776395126394883
1393776404567760908
1393776412465770500
1393776423035359235
1393776431868563457
1393776435513397249
1393776438889885696
1393776474100994050
1393776482233716736
1393776499103129600
1393776502827896834
1393776508129271814
1393776511870816256
1393776514026676237
1393776515414990848
1393776523879100417
1393776525804244995
1393776537271418880
1393776539922321411
1393776541172002823
1393776546012405767
1393776551536340992
1393776555986325506
1393776576056020993
1393776584570642432
1393776584994209792
1393776590547468290
1393776614727512066
1393776619198636035
1393776632830300160
1393776643768930308
1393776648894377985
1393776653558497280
1393776654053527558
1393776655752118272
1393776664056844289
1393776681446428672
1393776696445313024
1393776697875603456
1393776704578064388
1393776720281444354
1393776721506316292
1393776733409710080
1393776734730866689
1393776741445951488
1393776745732481030
1393776745724088322
1393776754251100160
1393776758474756098
1393776779186393090
1393776782399000576
1393776799314845699
1393776815865479170
1393776825965367300
1393776826615570432
1393776828221988864
1393776866880802818
1393776891337879555
1393776899822821377
1393776902687449092
1393776907754278914
1393776914305896451
1393776920706183170
1393776921436164097
1393776922732105735
1393776929535414276
1393776929665437696
1393776945721085952
1393776946643816450
1393776948787044356
1393776959054876672
1393776969309900802
1393776999609499650
1393777016135065600
1393777023508643840
1393777025530269696
1393777025714999297
1393777026327269383
1393777036523626496
1393777040244068353
1393777043767128064
1393777047177244674
1393777047915450372
1393777049483898885
1393777055549075456
1393777068874162181
1393777073655746562
1393777092949544961
1393777096929992704
1393777106400673792
1393777114550345729
1393777115686973440
1393777146624192516
1393777146896789507
1393777151132925953
1393777163569033216
1393777183579983879
1393777187568951299
1393777191507353602
1393777195412242439
1393777198696386560
1393777199514275840
1393777201728737280
1393777201636593667
1393777206330023937
1393777229486858240
1393777230883344389
1393777244074483715
1393777250923859971
1393777258096177152
1393777271912247299
1393777283853430792
1393777284465807361
1393777284763447298
1393777295744249856
1393777316455751680
1393777317093298185
1393777337070673920
1393777337942953985
1393777341621432321
1393777341768294401
1393777344851050500
1393777346394607624
1393777346864369664
1393777350123393025
1393777361162629124
1393777361863143426
1393777372197834755
1393777415306944513
1393777417743917059
1393777431144800260
1393777433459953664
1393777443547193355
1393777450102951937
1393777457631801344
1393777460693590019
1393777463948238850
1393777471384809472
1393777493946032140
1393777530646241285
1393777549512220675
1393777560375500800
1393777570144002048
1393777583599271936
1393777592616906753
1393777602721193986
1393777607204802561
1393777632202960898
1393777645368848386
1393777651496665088
1393777653690380288
1393777662624108550
1393777665585422350
1393777669293187074
1393777690361036800
1393777704261013504
1393777706853076992
1393777722908766210
1393777734300676099
1393777734350946307
1393777734908841986
1393777736037044224
1393777765665570816
1393777773186060289
1393777799643734019
1393777800667140096
1393777801904361473
1393777803787595781
1393777811073159171
1393777828035010561
1393777843566489600
1393777857344593920
1393777859093729282
1393777863124426757
1393777864470843393
1393777869541855235
1393777875589943306
1393777875749244928
1393777882757992453
1393777903309967366
1393777913452011522
1393777936092721152
1393777941339906049
1393777949824864257
1393777950462418944
1393777952622514179
1393777968149721088
1393777980975976452
1393777983396229121
1393778013167181826
1393778036001042434
1393778043202666508
1393778049909407746
1393778065029935104
1393778075775668224
1393778079877771264
1393778096168476672
1393778113360797700
1393778118133911556
1393778126380015618
1393778134542131203
1393778143559917568
1393778152640483331
1393778167144337408
1393778189873283072
1393778194273034243
1393778194390548480
1393778204054331394
