1392283359917789185
1392283363671674887
1392283363780698118
1392283372655874049
1392283373188489217
1392283373507391493
1392283375436664832
1392283384567812096
1392283396609646601
1392283401114238976
1392283413327929350
1392283426883923970
1392283446668574730
1392283459507396611
1392283474694975488
1392283487869317120
1392283489693732870
1392283491564462082
1392283497180565505
1392283501597167617
1392283508412874761
1392283521088163851
1392283521822113793
1392283524321906689
1392283539698225153
1392283548783157252
1392283568802521092
1392283572447313922
1392283585676136453
1392283596124270593
1392283600330969089
1392283620983836676
1392283628504330242
1392283631184396289
1392283639610703874
1392283652382359552
1392283655251267585
1392283656304136198
1392283658304827396
1392283658845884425
1392283660355768320
1392283665061777411
1392283666978639877
1392283668840914957
1392283668861923350
1392283671529287680
1392283696657485826
1392283726474797058
1392283728442011652
1392283736771862534
1392283747001667587
1392283749426077698
1392283751997050885
1392283753536364549
1392283758573899779
1392283770166857731
1392283771014062080
1392283774168141827
1392283778857459715
1392283790379266055
1392283792325464065
1392283799019565057
1392283800261042177
1392283813762453510
1392283825942798338
1392283836294311938
1392283850844250116
1392283854803816448
1392283864614195205
1392283865713020931
1392283873204064258
1392283875213299713
1392283879394979842
1392283881513103366
1392283886638358529
1392283887385161729
1392283898839769088
1392283905512951818
1392283907060551682
1392283908482506752
1392283916027969539
1392283918724911106
1392283925590986752
1392283933807501315
1392283944045981708
1392283948869328897
1392283958298169347
1392283966414245888
1392283969215946762
1392283973913563142
1392283974546771970
1392283984457965571
1392283994566365186
1392283996092985346
1392283998173470725
1392283999800856582
1392284002820702209
1392284007681851395
1392284010789752836
1392284031857930243
1392284058076516355
1392284066360274944
1392284071343001601
1392284073188495361
1392284075218456579
1392284089655324672
1392284099990196238
1392284100325613572
1392284104880705539
1392284119879536640
1392284138024079365
1392284142004539399
1392284150195920900
1392284177605693442
1392284185390424068
1392284224829415428
1392284227970818048
1392284231661809669
1392284233033568257
1392284239627005952
1392284254629994502
1392284258375331842
1392284260988452867
1392284261651202053
1392284261722382337
1392284267921633282
1392284277283328005
1392284281553276930
1392284288079515648
1392284301853667342
1392284309457817602
1392284322665795585
1392284331003891713
1392284333617078273
1392284352323547136
1392284353556729857
1392284359051333633
1392284370833190913
1392284374264160257
1392284380647759875
1392284389078409216
1392284392937066496
1392284398914056194
1392284402990780419
1392284406031790083
1392284409538113538
1392284415196233728
1392284417196916738
1392284431864328194
1392284440596860930
1392284443046334465
1392284444061442050
1392284458515013632
1392284463082745859
1392284479482368002
1392284486684102659
1392284488533696518
1392284493675786242
1392284532301197313
1392284545265938438
1392284547111325705
1392284561187475457
1392284571903963139
1392284578551848968
1392284581626355714
1392284582087733251
1392284588618043393
1392284589838770176
1392284591294013443
1392284603700940804
1392284605185675265
1392284605420474368
1392284605873418243
1392284607031111680
1392284608432066563
1392284622206210048
1392284629399388166
1392284640363401216
1392284663956209670
1392284669270450179
1392284672026103809
1392284680381140998
1392284682356551687
1392284687322828803
1392284688354484225
1392284697267372039
1392284701172244480
1392284721644769285
1392284723045601281
1392284725616812036
1392284729257381888
1392284729672552452
1392284769455681543
1392284782940196864
1392284784521465859
1392284801449840640
1392284809276403714
1392284813772529672
1392284819946672142
1392284826422624258
1392284834500857856
1392284837826813957
1392284840406360069
1392284841694187522
1392284848115552264
1392284850900459525
1392284856629940226
1392284861587759108
1392284880348672000
1392284892499742721
1392284902901616647
1392284904948391941
1392284908266139650
1392284921343971331
1392284925022416899
1392284935617196033
1392284941191458818
1392284967573524482
1392284982119485440
1392284993905332228
1392284996048728064
1392284996161789956
1392285000377176067
1392285008807739392
1392285034350927878
1392285037324685315
1392285052663435269
1392285052936019970
1392285054907338754
1392285066382950407
1392285078106091520
1392285087585095680
1392285088705130496
1392285095684304899
1392285102311452677
1392285103649296388
1392285108594515972
1392285135488397312
1392285145525325827
1392285159387385856
1392285163892088836
1392285177578201091
1392285178643501056
1392285180933648384
1392285188932218881
1392285195064184834
1392285196024782848
1392285201770946565
1392285205621133313
1392285210474172417
1392285214777372673
1392285217394679808
1392285236810043393
1392285267168436224
1392285279315271682
1392285292673916931
1392285307660341251
1392285310789160963
1392285315193348096
1392285322952724482
1392285349234323462
1392285350505103364
1392285369215893505
1392285372407705600
1392285413516140546
1392285423662256138
1392285428355579906
1392285431752953856
1392285446638612481
1392285453018144772
1392285457640304641
1392285461507284993
1392285476862709760
1392285477961494531
1392285478758457352
1392285481107292162
1392285481874907143
1392285491014287361
1392285496471138307
1392285499834781698
1392285506050822145
1392285515467079688
1392285518222692352
1392285521876037634
1392285525428654083
1392285535293480961
1392285537470320641
1392285538359578624
1392285546362249218
1392285563789537283
1392285573973483522
1392285584446656516
1392285587613249537
1392285588825546752
1392285597251907586
1392285597927198721
1392285608001875970
1392285610510069764
1392285619611738116
1392285625668161538
1392285627874414592
1392285630562930692
1392285643464536065
1392285646224494602
1392285661584007168
1392285692181446658
1392285693448269827
1392285698942767111
1392285718920056832
1392285728751570948
1392285733965160452
1392285738121654273
1392285738390147076
1392285741175250947
1392285742806704128
1392285752394924034
1392285768643645449
1392285791091572738
1392285797294886914
1392285798242816003
1392285801459769350
1392285809278164994
1392285816051748867
1392285819822563328
1392285836750639104
1392285839409942529
1392285844803883008
1392285863443304452
1392285870997135363
1392285893822750721
1392285895768875013
1392285898268626951
1392285913804279814
1392285924738969603
1392285934603882497
1392285940949868546
1392285943835631618
1392285944036970503
1392285944980680705
1392285945542684672
1392285954249920514
1392285967084507140
1392285983110955009
1392285984025423875
1392285990518247427
1392285990576955393
1392285990933381127
1392286004984258565
1392286013544931328
1392286024349401089
1392286029961261056
1392286050010079232
1392286050974789634
1392286055114608641
1392286058029588480
1392286060336623618
1392286065893982208
1392286097066139656
1392286107312828420
1392286111599271937
1392286120466018304
1392286122995331074
1392286137054601217
1392286146395316230
1392286148937007110
1392286149977116672
1392286153403895809
1392286155215867912
1392286159271649282
1392286161339437064
1392286167069085705
1392286187709153289
1392286197813235718
1392286198043918337
1392286241773731840
1392286269091233802
1392286272648060928
1392286274665558017
1392286276477349889
1392286277035253763
1392286292013109255
1392286295683178498
1392286295901106178
1392286300674396160
1392286318135291915
1392286332479700994
1392286334102999045
1392286341732265984
1392286363630723073
1392286369821564929
1392286371830812680
1392286375030968320
1392286395264163842
1392286395520229380
1392286396723892229
1392286397768347651
1392286400234590208
1392286405494255617
1392286413413134340
1392286413912252421
1392286416688664576
1392286421990264833
1392286425366859776
1392286446308966401
1392286468698214404
1392286470493204480
1392286473311997956
1392286478525419523
1392286489610948609
1392286491515277320
1392286506824265730
1392286508103647236
1392286524448731137
1392286538696957953
1392286542035554313
1392286542454996994
1392286548247330820
1392286563564916736
1392286573916532739
1392286599510171649
1392286610817880065
1392286617423945728
1392286623514177537
1392286639481892880
1392286697174536193
1392286736663945216
1392286739310518276
1392286745119576065
1392286788664823813
1392286789080059904
1392286804393398276
1392286809946722308
1392286833283842056
1392286838090575878
1392286841693425665
1392286848563785732
1392286854637031426
1392286861515763720
1392286876283719688
1392286876497813508
1392286899239260165
1392286899847540739
1392286906256396289
1392286912279367690
1392286918424076288
1392286934643449863
1392286937793376256
1392286938196021249
1392286939311591427
1392286943401189380
1392286949776535563
1392286955308822531
1392286955866558467
1392286960719306754
1392286969460367362
1392286971125510147
1392286978826285057
1392286987428769799
1392286999717945345
1392287003593482240
1392287008064741376
1392287008995770370
1392287012414234624
1392287018026160132
1392287026771333130
1392287031565373440
1392287031871647746
1392287055787565056
1392287061164560392
1392287081980858373
1392287092840050692
1392287099840249865
1392287101761294337
1392287112330874880
1392287135890350090
1392287147416330241
1392287149240684544
1392287200650346501
1392287210628472834
1392287212230922244
1392287216999669762
1392287219210194947
1392287227355537408
1392287235169521667
1392287274885279745
1392287278723125248
1392287292174213120
1392287296662216709
1392287317553938435
1392287319034634240
1392287320561242113
1392287332250886148
1392287336730349574
1392287340589162496
1392287385296064516
1392287397119995913
1392287413540622339
1392287415793033223
1392287422629568514
1392287424118595585
1392287434797420544
1392287445333446661
1392287479995174912
1392287480087564290
1392287480859095040
1392287486185967617
1392287493102342145
1392287503349080070
1392287517915979777
1392287551705206784
1392287560077037576
1392287562845224962
1392287569161953280
1392287582231347206
1392287583556849665
1392287585234395137
1392287585460961283
1392287593384009737
1392287607971713029
1392287620101779457
1392287625201979393
1392287626955210757
1392287651126923267
1392287653660401664
1392287659482128386
1392287663500238848
1392287664552960000
1392287665949749253
1392287697843195906
1392287702742044678
1392287703128055814
1392287704499384320
1392287733633064961
1392287746052349955
1392287746727813128
1392287748107735048
1392287751249223684
1392287751538581504
1392287754680102912
1392287780387053569
1392287780802236417
1392287780261318660
1392287783943819264
1392287806379237382
1392287809575145474
1392287810841948165
1392287838654410753
1392287857071493128
1392287859969859587
1392287871470559236
1392287890319761412
1392287898955919368
1392287909978443778
1392287915376513037
1392287916848828419
1392287922444029952
1392287923064778759
1392287934506803200
1392287936050257921
1392287939846152194
1392287965540503560
1392287977540358155
1392287981537476608
1392287983324127233
1392287987531239430
1392288000432820225
1392288001712082945
1392288020879998976
1392288026655698945
1392288026445979648
1392288027158982660
1392288029717504000
1392288036520529922
1392288040576593925
1392288044812685317
1392288047023235076
1392288051850797060
1392288053394173954
1392288053671211010
1392288073606705154
1392288098835435527
1392288102446780419
1392288103172165633
1392288111787483137
1392288121182593024
1392288122487017472
1392288127734083588
1392288131244695554
1392288137523519490
1392288152941912064
1392288155357810692
1392288155936563200
1392288159698849798
1392288168439857154
1392288173770698752
1392288179730980865
1392288183287566336
1392288186576089091
1392288190095007746
1392288193999867909
1392288215076384770
1392288220583501824
1392288225419431937
1392288230909767688
1392288236475662340
1392288253915529217
1392288265315799040
1392288289709830147
1392288294780739586
1392288299755065349
1392288305073442817
1392288306994552838
1392288307476828165
1392288311188799493
1392288314145722369
1392288322492502016
1392288325898174467
1392288334601326594
1392288349000450048
1392288349277278208
1392288352448270337
1392288355455365123
1392288397142597632
1392288397499281409
1392288397964701699
1392288420249145344
1392288430638321664
1392288440566181888
1392288447277248515
1392288447407304705
1392288477987885060
1392288486879731714
1392288505447993345
1392288509839413249
1392288513530351616
1392288525530374146
1392288557113528329
1392288558795341828
1392288563153313803
1392288572439351298
1392288577631842306
1392288591242432512
1392288601430364160
1392288610171465735
1392288611333115906
1392288617637326848
1392288620351041538
1392288620346806274
1392288629939187717
1392288639304888323
1392288653972582404
1392288663371796482
1392288667243253765
1392288677200605184
1392288679293382657
1392288688017641473
1392288689284280320
1392288694128844809
1392288711732248580
1392288716253765639
1392288725355401219
1392288735757160456
1392288738462502916
1392288739234181120
1392288747702702080
1392288771027070979
1392288777914175492
1392288795136040967
1392288795148574720
1392288797711347712
1392288803369357316
1392288807056289793
1392288808067117057
1392288833857851403
1392288840338055173
1392288862806835204
1392288872097148929
1392288872562896896
1392288872856436741
1392288889633746948
1392288893505048579
1392288895157538819
1392288910466850816
1392288911376871425
1392288918100332549
1392288924387581952
1392288944297943044
1392288953877680137
1392288960945156097
1392288968675311622
1392288970122399745
1392288973956030468
1392288974664654848
1392289001592197129
1392289003358011404
1392289003488034818
1392289012795256834
1392289016549097475
1392289029673164802
1392289043535187975
1392289047691862018
1392289062719934465
1392289064162762754
1392289067384164357
1392289071041495049
1392289081367871492
1392289089794289667
1392289102108585989
1392289108324724738
1392289126016299011
1392289130374107142
1392289131053686791
1392289151240839169
1392289151924334592
1392289151777746944
1392289152121643011
1392289170479980544
1392289173827096576
1392289174892466180
1392289183427870720
1392289184375730179
1392289192563011591
1392289201165635590
1392289202516148230
1392289204147613699
1392289219834417153
1392289223009619981
1392289246132817926
1392289253514792962
1392289255280545794
1392289256064831489
1392289258539421697
1392289270459731974
1392289271734628355
1392289341322448897
1392289344564699139
1392289348721197058
1392289353536245768
1392289358900649998
1392289369445203969
1392289381877231617
1392289399686246409
1392289402894888960
1392289412516622339
1392289414022320130
1392289415414697985
1392289419240083458
1392289422578704385
1392289429998407680
1392289431336460295
1392289433827774465
1392289445638901763
1392289451305484292
1392289451246825472
1392289455210332160
1392289472641830912
1392289486726385668
1392289492711710726
1392289492850126855
1392289493508661250
1392289500311605253
1392289502190874629
1392289510118105093
1392289523690786817
1392289533727674372
1392289543554932736
1392289547309002752
1392289561372499975
1392289562391719943
1392289563586957312
1392289563574423555
1392289563771432960
1392289570084036609
1392289596386459650
1392289597283962882
1392289599397957635
1392289601318948865
1392289607299993600
1392289621992685575
1392289626833014784
1392289640271388674
1392289640644677633
1392289646759976962
1392289660836188165
1392289663977656321
1392289678225821698
1392289678305415172
1392289680171966468
1392289681346269187
1392289685263765514
1392289695044939779
1392289697657933826
1392289697888497670
1392289709951537155
1392289726233825281
1392289727043145728
1392289731245838340
1392289738384715784
1392289740184068099
1392289742209826816
1392289761474326528
1392289762174701576
1392289771574202371
1392289783813005312
1392289795397722114
1392289815253618688
1392289817376010246
1392289832517394432
1392289836069908485
1392289841019113472
1392289852821893120
1392289864230518786
1392289874959650816
1392289886833627137
1392289896543539205
1392289901052366849
1392289904936296449
1392289907859722245
1392289914952245252
1392289917561081859
1392289924368400386
1392289928663511040
1392289930081013761
1392289932027248642
1392289935135318030
1392289937953787907
1392289941930004485
1392289971243978753
1392289972825296900
1392289973009780737
1392289978525310976
1392289998377000962
1392290014613082120
1392290014554431488
1392290020271161345
1392290022435565569
1392290031037911042
1392290037706936323
1392290048037457921
1392290057625690112
1392290075233423360
1392290078626570240
1392290085585006593
1392290106418081793
1392290110457229317
1392290124243812368
1392290125283880963
1392290138349264896
1392290146415005704
1392290149065797636
1392290167436849152
1392290173598068736
1392290174478942212
1392290177297653762
1392290191780495360
1392290200554967047
1392290214555516932
1392290229759975427
1392290230775029768
1392290241675923461
1392290241789132800
1392290248072196099
1392290253566787587
1392290257400471552
1392290262995636225
1392290267160535046
1392290274651611137
1392290303126740995
1392290304422674432
1392290308638007297
1392290320335851522
1392290321049001985
1392290331534712840
1392290339776569352
1392290345975619584
1392290356784504833
1392290365974192128
1392290366989213705
1392290374379474945
1392290376820609025
1392290388761890823
1392290396680515588
1392290409561350153
1392290418847477763
1392290427986919427
1392290445280034816
1392290449549926400
1392290454071242755
1392290456994783234
1392290457863000064
1392290464854724610
1392290465094017032
1392290465828024321
1392290476510769158
1392290494907101189
1392290505220894721
1392290506273525762
1392290516688019459
1392290519993098245
1392290549131005952
1392290556458389510
1392290556588351492
1392290565430124547
1392290593984839682
1392290601538920453
1392290607326973952
1392290614478209026
1392290623084847104
1392290627883241472
1392290634027859972
1392290645478461442
1392290648737427460
1392290656551374849
1392290669100552192
1392290677686341633
1392290682983702529
1392290690214682624
1392290694023327750
1392290700293779462
1392290705838465025
1392290714428624899
1392290717037305858
1392290720917114883
1392290721340739584
1392290763136901120
1392290770133061632
1392290792757202949
1392290798201360384
1392290810356408325
1392290820804333568
1392290837262913536
1392290866618724360
1392290868632109060
1392290870507065344
1392290872633532425
1392290872851451906
1392290875355566080
1392290879990337537
1392290885233172480
1392290920222007298
1392290937808818176
1392290940207865859
1392290944427380740
1392290945496797184
1392290949112475650
1392290949599010821
1392290962706243587
1392290964211908609
1392290967286280193
1392290967747588097
1392290968444022793
1392290975607934979
1392290988673179656
1392290988740259841
1392290998911336450
1392291004418568199
1392291010604986368
1392291013012692998
1392291020801396739
1392291028267409410
1392291041051439106
1392291044121878531
1392291045656862730
1392291045883486211
1392291047976304640
1392291054368530436
1392291057245642752
1392291063969239042
1392291064380284929
1392291071443587075
1392291071674044417
1392291084542304260
1392291085456756739
1392291091026784269
1392291097515335682
1392291115261382662
1392291116049907715
1392291116846764034
1392291118184861698
1392291118407200770
1392291119145291782
1392291127525613571
1392291130205691907
1392291144625803273
1392291145779011588
1392291147612049410
1392291158328500232
1392291176095444992
1392291189475344392
1392291197293576192
1392291211688480768
1392291233410674691
1392291235902201858
1392291237147856898
1392291243737165824
1392291248224956416
1392291257356062727
1392291264041783305
1392291296111316993
1392291307259838470
1392291316780908549
1392291317615628294
1392291326478200832
1392291327614849025
1392291328818655233
1392291334782861313
1392291335663722498
1392291338385772546
1392291353128804352
1392291353426464770
1392291354147917826
1392291366953054210
1392291378005102593
1392291381339697152
1392291399232626692
1392291400067256321
1392291402864898048
1392291404584562691
1392291409537945603
1392291409944850435
1392291411479908356
1392291415569227782
1392291432719818752
1392291444770041858
1392291447114637315
1392291456295993346
1392291456564580362
1392291471915634691
1392291475682115586
1392291493243588612
1392291498931236865
1392291539745972230
1392291543755763712
1392291545907408903
1392291546440114176
1392291562445426689
1392291566052646913
1392291587636580354
1392291598738808836
1392291605600559107
1392291606590410752
1392291610314960896
1392291628824465410
1392291629629911046
1392291638102343687
1392291640023425033
1392291658033729539
1392291663431753733
1392291673787539465
1392291676408881152
1392291676450955267
1392291680582209538
1392291680922095616
1392291682218135553
1392291685606989827
1392291692066361345
1392291694616399873
1392291698420629511
1392291701205708800
1392291708512227329
1392291724505096202
1392291726136549376
1392291726405087233
1392291728426561536
1392291729060110338
1392291730167255043
1392291745476616192
1392291749150724099
1392291749524090881
1392291751310864391
1392291760588529665
1392291781069447168
1392291807283892226
1392291807791308805
1392291835301740549
1392291847033208835
1392291858202517505
1392291863835529220
1392291867140759552
1392291873775972353
1392291889584422916
1392291905774436352
1392291912279789570
1392291913487818753
1392291944852774913
1392291946845007872
1392291949210529800
1392291952524210180
1392291952431935491
1392291966021406722
1392291968823308288
1392291971084001282
1392291977081860099
1392291978059173890
1392291985864671240
1392291997529083906
1392291999588311040
1392292001270337542
1392292001958305792
1392292002360819719
1392292005359800323
1392292007683313666
1392292020207632387
1392292031884496896
1392292050834317312
1392292052159844352
1392292065833361419
1392292066571427842
1392292071726358530
1392292073190170625
1392292079561150464
1392292083604545538
1392292094312542209
1392292110770921473
1392292111542886403
1392292120338259971
1392292133311328256
1392292134099750913
1392292145713844241
1392292158443507712
1392292166970576897
1392292172049747971
1392292185203257346
1392292198549360640
1392292206673678337
1392292236772184065
1392292237598396420
1392292242535055360
1392292253226258435
1392292259924783104
1392292283379159040
1392292287670104064
1392292289251364867
1392292290610171905
1392292299338440706
1392292315411136514
1392292316954701824
1392292322193379332
1392292323975909378
1392292339247288321
1392292340753223688
1392292342800035843
1392292358268522501
1392292358558031872
1392292367277887489
1392292378837274625
1392292442200678401
1392292443064786950
1392292445623308288
1392292497838252036
1392292504620486664
1392292523993874440
1392292529706577921
1392292533485584389
1392292534173540353
1392292576741531657
1392292579518164993
1392292582823235590
1392292598706970624
1392292602158874626
1392292603354402822
1392292610870493190
1392292611206090753
1392292613189943297
1392292636053045249
1392292654222819331
1392292660329648131
1392292661994872832
1392292668521201667
1392292669141917696
1392292671759204362
1392292687013814273
1392292688112852995
1392292690453311490
1392292694819475459
1392292695196925952
1392292712779558917
1392292715371454464
1392292722757697537
1392292723269373954
1392292729414057984
1392292729636462595
1392292746573107204
1392292747680395269
1392292757478150145
1392292769373249539
1392292778202124292
1392292785441558530
1392292827816730628
1392292843641659395
1392292858296553472
1392292865607446533
1392292866328731648
1392292867045871616
1392292870183440384
1392292878307704838
1392292878672662529
1392292881935765509
1392292883173101568
1392292885731684354
1392292892392054789
1392292893868662785
1392292894199869445
1392292907995090945
1392292944397234176
1392292960650207232
1392292964207140865
1392292976869662722
1392292979608625155
1392292983265976321
1392292983664373761
1392292984394117121
1392293004338208768
1392293007748001793
1392293009174106116
1392293029826924546
1392293045605867520
1392293048927678466
1392293060285976585
1392293067957305344
1392293068079042566
1392293073137258496
1392293083476340740
1392293084113768451
1392293086315810824
1392293091835473921
1392293095157403653
1392293096705216514
1392293111754235904
1392293114975461376
1392293131639533572
1392293138128154626
1392293149142364161
1392293154997559298
1392293156373286924
1392293161356070913
1392293169660760068
1392293173184106498
1392293177588076546
1392293181270765573
1392293182499590146
1392293183598465027
1392293188929523716
1392293202359734273
1392293211666796547
1392293213331804161
1392293214149693440
1392293227735232514
1392293227835781120
1392293235431809030
1392293248861974533
1392293249897754624
1392293256306778112
1392293257493811205
1392293263168659459
1392293264682717184
1392293270877704196
1392293276284116996
1392293278851092480
1392293279962644491
1392293308018348032
1392293332693536773
1392293336577368065
1392293337730846721
1392293340121649153
1392293342172483587
1392293350322020353
1392293373919129601
1392293376737828866
1392293391174672390
1392293410472611841
1392293429632290830
1392293431414644736
1392293442542264323
1392293443121127425
1392293450196865024
1392293452185018371
1392293463610204163
1392293469994078209
1392293471852007424
1392293509047017472
1392293510401781760
1392293511228182535
1392293527921569793
1392293531163664385
1392293536381427722
1392293536549285888
1392293544719683587
1392293570728579076
1392293572024717312
1392293587438632963
1392293591721127944
1392293604337594372
1392293610570321922
1392293612696788997
1392293625380229122
1392293664055984128
1392293696377348097
1392293704011034624
1392293714261860357
1392293717038542850
1392293719148273665
1392293730833485828
1392293738966306822
1392293772084531200
1392293775175831559
1392293780888330243
1392293783895638016
1392293800522002435
1392293801214025729
1392293806519816197
1392293811745927174
1392293812962316292
1392293814673371142
1392293848550821889
1392293866640797697
1392293873574203395
1392293876732473345
1392293882495307780
1392293892838596616
1392293910408404995
1392293915806650368
1392293918771929088
1392293925050884097
1392293938761977859
1392293946685116417
1392293950795526148
1392293954993889283
1392293955962736641
1392293961323143172
1392293965106458633
1392293968835223555
1392293985595625475
1392293989483692037
1392294050317877253
1392294052423376897
1392294055116169226
1392294060703064065
1392294063102042113
1392294071641718787
1392294088876060673
1392294093942833152
1392294097143009281
1392294106563588097
1392294107448479750
1392294108090159107
1392294113085693956
1392294128344567814
1392294133084082178
1392294139920740355
1392294144249274370
1392294144882712578
1392294148787654661
1392294150008082438
1392294153950830603
1392294173601144833
1392294175421472770
1392294185236054024
1392294193184260097
1392294196015415296
1392294195898064898
1392294200415293449
1392294203338547200
1392294203258966017
1392294214369648640
1392294214470443008
1392294246036623360
1392294254567821312
1392294256946077696
1392294258959343623
1392294269260599299
1392294269302444033
1392294269415829506
1392294301875335171
1392294304819728384
1392294323639578625
1392294332237975553
1392294359102537730
1392294359282987010
1392294361757491202
1392294367591759875
1392294403444596739
1392294407324389378
1392294411787243520
1392294414878494720
1392294421786288129
1392294426949652483
1392294436999254016
1392294445719048193
1392294463523856387
1392294470251646980
1392294479831392261
1392294483522424839
1392294486060019714
1392294490631725056
1392294493345521675
1392294505756471297
1392294527176695812
1392294528980291584
1392294537666519046
1392294538123743234
1392294539562561536
1392294557551763458
1392294576803647494
1392294583699066882
1392294587637583873
1392294588321341441
1392294596114321412
1392294599490629638
1392294600782630916
1392294603584417803
1392294607992483840
1392294608676261889
1392294612233068545
1392294622202712066
1392294623238922242
1392294623335309315
1392294626162352128
1392294641756741634
1392294644072001538
1392294646731223044
1392294652741492742
1392294659561607178
1392294664250826758
1392294665202937857
1392294674866446338
1392294675936124940
1392294678381346819
1392294686178562050
1392294691807375360
1392294693497626625
1392294707955392518
1392294719548440578
1392294719783325708
1392294725990768643
1392294729719721985
1392294738179485696
1392294739588751360
1392294761378324488
1392294768814788608
1392294785017204737
1392294791078162436
1392294801052094464
1392294809403023362
1392294821587423235
1392294827602104320
1392294854579920896
1392294858140708866
1392294861710274563
1392294862515408896
1392294866411941888
1392294873668231170
1392294880152543232
1392294900218073112
1392294905201020930
1392294911270002688
1392294912155176961
1392294914902220803
1392294928408104961
1392294942618357761
1392294953397760002
1392294953812992000
1392294955331248130
1392294956874747911
1392294961396084736
1392294972137816072
1392294987866443777
1392294988168433674
1392295006476644352
1392295007298727936
1392295028983312385
1392295034934996996
1392295041964462086
1392295050042875913
1392295063774842881
1392295071463223297
1392295077683236870
1392295091981766657
1392295100592627713
1392295101213380609
1392295134197321728
1392295141591764992
1392295141877112835
1392295147883352064
1392295150429294596
1392295160252403718
1392295164584992771
1392295182817705989
1392295183602028544
1392295190199734275
1392295197468504066
1392295214082002944
1392295217437499397
1392295221652824069
1392295249179938816
1392295249901404162
1392295256696098817
1392295257195180033
1392295258130567169
1392295259397234691
1392295260584177664
1392295262102560769
1392295262773813255
1392295275658629120
1392295279697686530
1392295295887810569
1392295308558848007
1392295310131613698
1392295310609850369
1392295314686545920
1392295315621908481
1392295323041730567
1392295325633765380
1392295326946631684
1392295352661798913
1392295357346893826
1392295372559556610
1392295372811378694
1392295377336950784
1392295382978269189
1392295399440928769
1392295401332563969
1392295407032553472
1392295409863831554
1392295429115584515
1392295445947371520
1392295456722411520
1392295458312048641
1392295458488430592
1392295479573159938
1392295487017947142
1392295493884067841
1392295497449172992
1392295500624302081
1392295501219827713
1392295501651976195
1392295501677137920
1392295537815207941
1392295542689079296
1392295567183671297
1392295567238311940
1392295572896354305
1392295629129322498
1392295632153497600
1392295632845541376
1392295636909838336
1392295638533091328
1392295653418717184
1392295653548646408
1392295653620043778
1392295655977242631
1392295663434670081
1392295673324707841
1392295681159692289
1392295681583292420
1392295688403394563
1392295697597280256
1392295705000222721
1392295708158476294
1392295708376526855
1392295735337574407
1392295736293789699
1392295744749678599
1392295761547694081
1392295767310749696
1392295770792120320
1392295771358343173
1392295802509283328
1392295804157763588
1392295815683747840
1392295855911149570
1392295869366652933
1392295873376309260
1392295879554514947
1392295881815199746
1392295882310234113
1392295894427475969
1392295900064722945
1392295906695909377
1392295908448948227
1392295913834663936
1392295932616654848
1392295932574711808
1392295939302383617
1392295945849561090
1392295948920016899
1392295964006879235
1392295971397111811
1392295972483514368
1392295990200180740
1392295994444812288
1392295996500103172
1392295996550381569
1392296008479019008
1392296014179012612
1392296014896275458
1392296024803352578
1392296029819658243
1392296034211074056
1392296037793124362
1392296057971822592
1392296065253011457
1392296068348481545
1392296072354041861
1392296090469208068
1392296098853761026
1392296101806551040
1392296107380727810
1392296131699175427
1392296141681684486
1392296158043705345
1392296159952084992
1392296160681988097
1392296164805038081
1392296164809080832
1392296173667500034
1392296179996794883
1392296181133307905
1392296182488121344
1392296186955108354
1392296191778566152
1392296193808605191
1392296209893797889
1392296231758704641
1392296235072172035
1392296236401713165
1392296239161561092
1392296247072002048
1392296294836850690
1392296300452929537
1392296309625868289
1392296314650628098
1392296317876121600
1392296317976825857
1392296339615125505
1392296345894068228
1392296354408509441
1392296370178969601
1392296372070617088
1392296381109342209
1392296398750617610
1392296404303765506
1392296408372301826
1392296410012393475
1392296423715127299
1392296427708112905
1392296430837043201
1392296432435175424
1392296440802668544
1392296449124278285
1392296462059544580
1392296473283334146
1392296482049454081
1392296485295960068
1392296503905972226
1392296511506161664
1392296515025219584
1392296516174368768
1392296521526358019
1392296527784144899
1392296534327300098
1392296542619459585
1392296544402120707
1392296548315369478
1392296555663790082
1392296556573958148
1392296560030101504
1392296560793296899
1392296567839862787
1392296570050207750
1392296580837871617
1392296583937593347
1392296587657981955
1392296593588695040
1392296598529527810
1392296604099653632
1392296608285577218
1392296609598173184
1392296625876443140
1392296632604049410
1392296640627757056
1392296656671055874
1392296658688303105
1392296662295535618
1392296672382816264
1392296691567448065
1392296708114112512
1392296734378835973
1392296740846325762
1392296748970807299
1392296761889214466
1392296762954633220
1392296771125141507
1392296774891720706
1392296781178830849
1392296786124021760
1392296803790372869
1392296808660049921
1392296809196933128
1392296813546385410
1392296819334565891
1392296836568784898
1392296836761673731
1392296838800236547
1392296846509281282
1392296847180501001
1392296854923087872
1392296862825074690
1392296864997859328
1392296865115279362
1392296868709748739
1392296876070916096
1392296897730199555
1392296900326567944
1392296930206748672
1392296931678896132
1392296939979374594
1392296947860447236
1392296947952889860
1392296951341887490
1392296965396893697
1392296968077123584
1392296980194291714
1392296981482020866
1392296986607509509
1392296999530242055
1392297008065662979
1392297009026060288
1392297009864839168
1392297029393469443
1392297036335271942
1392297059416412160
1392297062700617728
1392297065888182273
1392297079666511872
1392297082464129026
1392297086905982985
1392297090898927617
1392297101535571969
1392297101766369287
1392297103548829699
1392297110150713349
1392297123299868675
1392297123912290304
1392297125447405568
1392297146951475205
1392297151737344001
1392297205608837124
1392297209958338562
1392297226555183104
1392297230309134337
1392297230699098112
1392297239641346050
1392297244477509632
1392297252346073090
1392297252798881792
1392297255512776704
1392297278518464513
1392297314320936960
1392297315898167298
1392297323473121280
1392297329001181184
1392297332578848773
1392297346768191490
1392297349783904258
1392297369555853324
1392297403282243589
1392297406239289344
1392297407178854403
1392297409099620353
1392297410211184642
1392297410366513155
1392297411377176577
1392297412983656452
1392297414199939073
1392297419568672768
1392297428901142529
1392297447330775040
1392297448865943554
1392297451994898433
1392297468902187011
1392297469178961923
1392297487508021249
1392297491786313729
1392297495519109126
1392297497461235712
1392297497826054148
1392297505673543680
1392297507095420928
1392297517459677189
1392297535444865030
1392297558177812481
1392297565765447680
1392297568797872128
1392297579145175041
1392297593120624647
1392297594861199361
1392297596194934786
1392297610074001408
1392297620761088005
1392297645301932033
1392297649089306625
1392297652273000452
1392297655770910720
1392297677505765376
1392297695780409350
1392297701069500419
1392297726574960641
1392297736003887107
1392297737631244295
1392297742496669699
1392297743826268165
1392297745759698944
1392297751505821696
1392297760704110592
1392297772590714880
1392297773752594435
1392297777120485377
1392297784259272707
1392297808242384897
1392297812646195200
1392297821890568192
1392297822704357377
1392297841482108928
1392297854895632385
1392297857265324034
1392297859874131971
1392297867537121280
1392297891763572737
1392297903587139585
1392297907039215620
1392297910646177792
1392297926144270337
1392297936961245187
1392297942577557514
1392297944582295554
1392297954078232583
1392297962403942400
1392297986198233089
1392298009434673156
1392298009438863363
1392298012865703938
1392298019148558337
1392298022768308227
1392298026446860294
1392298090758131712
1392298092507004928
1392298104842559491
1392298106457313282
1392298108147671049
1392298120260820993
1392298127718289408
1392298135108476929
1392298135758639104
1392298161058709510
1392298166918205446
1392298169074081795
1392298171146047497
1392298178452475905
1392298197507137536
1392298198845296640
1392298210971029511
1392298224317173763
1392298231103594496
1392298241316859908
1392298246437969921
1392298249562869762
1392298255363489795
1392298266570731520
1392298270307745794
1392298290901766144
1392298311969906696
1392298313664417792
1392298319410565123
1392298331876044803
1392298334438662144
1392298344353996803
1392298345260007428
1392298351366852609
1392298355200569345
1392298385407836167
1392298389430145029
1392298395277139969
1392298404995346433
1392298408212320259
1392298411127279618
1392298416730902531
1392298417607516160
1392298427246071810
1392298451958894593
