1389807043251380225
1389807056215891973
1389807062482231297
1389807065883979778
1389807080417153025
1389807083982315523
1389807087962710016
1389807092756881409
1389807100843417601
1389807133449883653
1389807143566536704
1389807190664523776
1389807194447679494
1389807206133080068
1389807225321844741
1389807233165299716
1389807240203313157
1389807253625081858
1389807257387520008
1389807257995530241
1389807258276700160
1389807261879521280
1389807269869592576
1389807271064997891
1389807272948293633
1389807284780507136
1389807289318658054
1389807290132353025
1389807294695841792
1389807296360828928
1389807348311601153
1389807362475577346
1389807363004112901
1389807366196154374
1389807368729473025
1389807369064882185
1389807378485420032
1389807381241028609
1389807388966981634
1389807409481273344
1389807452863057921
1389807458302967810
1389807461922603010
1389807463663296514
1389807474341994497
1389807503056142340
1389807529140572161
1389807535016742916
1389807539274063877
1389807541891252225
1389807541794770944
1389807547192905729
1389807562925776896
1389807572274741251
1389807575181430787
1389807585398648836
1389807596085792768
1389807597335715841
1389807609465610241
1389807652062990340
1389807654898475010
1389807658669051905
1389807665736470528
1389807695272816640
1389807700658114560
1389807707280994312
1389807722208583680
1389807736934723585
1389807741267582982
1389807752587878404
1389807763757350914
1389807765204336646
1389807786779938819
1389807806212149250
1389807816618041346
1389807818514046979
1389807818656649216
1389807830493016066
1389807832107819011
1389807835991601156
1389807838298611714
1389807864248733696
1389807897748463623
1389807918258827266
1389807926840152065
1389807940228444164
1389807972650467328
1389807973413892097
1389807977142513664
1389807981064245252
1389807989465485313
1389807992518975496
1389807995870011392
1389808001142431746
1389808038060597248
1389808051104882689
1389808053848059905
1389808067534102528
1389808072080699395
1389808072613195778
1389808078246326273
1389808078510563331
1389808079919796224
1389808085057695748
1389808088862101505
1389808095782572035
1389808097732882434
1389808108898328576
1389808163977838593
1389808179945426945
1389808181052837888
1389808182734860288
1389808216066772993
1389808233943027718
1389808237109780480
1389808249780719616
1389808280772485122
1389808286837342208
1389808286841679873
1389808310413529091
1389808311151779840
1389808326108532736
1389808329447325697
1389808340511899649
1389808363429670913
1389808365161750532
1389808374351548418
1389808382886940679
1389808414520320001
1389808437203144706
1389808449718870021
1389808461324722178
1389808462440374273
1389808463061061633
1389808485576155140
1389808491758374912
1389808513778585606
1389808514843889664
1389808522272010243
1389808543604355078
1389808560675172355
1389808561044082694
1389808569596383235
1389808569843916801
1389808576000978948
1389808588143665153
1389808601238319106
1389808629201739776
1389808654199660546
1389808661422166017
1389808673921245185
1389808676500754434
1389808679239790596
1389808715340165121
1389808722852126720
1389808724676546562
1389808748332466177
1389808756486201348
1389808769857622019
1389808775390015489
1389808809468645385
1389808829118832640
1389808848970686465
1389808865693294597
1389808866427166724
1389808875675680774
1389808884701753349
1389808897695825920
1389808900166209537
1389808917371310080
1389808917501390851
1389808926766419968
1389808953249341442
1389808971221934085
1389808999457955843
1389809005212495873
1389809022287585282
1389809026251190275
1389809045972918276
1389809054546018304
1389809065208000516
1389809095029379074
1389809104688910339
1389809110883856384
1389809112410730496
1389809121738776576
1389809125161377793
1389809125517930501
1389809134669746181
1389809145742872576
1389809160770899972
1389809161647570945
1389809166244515843
1389809178777116679
1389809193331404804
1389809208854335492
1389809210037207043
1389809211240980480
1389809212360773633
1389809213543755781
1389809222041300995
1389809238017462275
1389809264894648332
1389809303507193858
1389809317537255425
1389809317889576960
1389809327880409096
1389809338877988864
1389809345966317569
1389809367655108608
1389809378967031808
1389809383727636480
1389809385749286913
1389809394624368640
1389809400613851138
1389809423481139201
1389809424450138113
1389809447653023750
1389809466762219521
1389809467068272641
1389809479529738244
1389809480905334785
1389809496202022917
1389809499649626112
1389809508122251265
1389809534399500290
1389809539197784067
1389809558634344449
1389809680717737984
1389809713420771330
1389809723533258752
1389809736628023299
1389809737882083329
1389809741350723586
1389809754155806721
1389809778424258560
1389809780173148163
1389809782454898688
1389809798711967745
1389809804940566529
1389809878571655168
1389809889220784128
1389809889443291136
1389809910221770753
1389809972846989313
1389809977724792834
1389809981067862016
1389809982569385986
1389809989712289792
1389810014139961346
1389810028220018690
1389810034385715205
1389810037112008711
1389810047312482305
1389810056405962753
1389810075091537929
1389810082821468164
1389810088420859904
1389810090815852544
1389810093110276096
1389810093714251777
1389810119836377089
1389810148974104580
1389810151201415177
1389810154938552320
1389810179521269761
1389810180553121796
1389810183547736069
1389810190527066114
1389810195816058881
1389810206528262152
1389810237356474368
1389810242620248067
1389810268197294084
1389810283632226304
1389810313206317061
1389810314754019334
1389810332013576192
1389810333024403456
1389810333460566021
1389810334400196609
1389810344365862913
1389810346811133953
1389810361289818112
1389810362653020166
1389810365769285634
1389810386019360768
1389810387965530119
1389810436208570373
1389810438993584132
1389810448447442945
1389810451530326017
1389810461315502081
1389810489937510403
1389810496270856197
1389810502558158848
1389810537798770691
1389810538029453319
1389810539375722497
1389810542156656640
1389810567053860866
1389810567800578051
1389810590474854401
1389810598167334912
1389810605419290626
1389810620132827143
1389810622603407360
1389810627355443204
1389810627414163458
1389810629435805701
1389810649027411969
1389810670808469504
1389810673501151238
1389810690941231105
1389810694451875841
1389810712969687041
1389810717218443268
1389810718069993474
1389810733139959810
1389810735560200197
1389810739733360641
1389810751683039232
1389810777582936064
1389810806662090752
1389810816887754758
1389810821979586565
1389810823531483137
1389810831366377472
1389810833446871040
1389810834931478529
1389810852769972228
1389810872952950784
1389810883442843649
1389810913679593473
1389810944587542530
1389810946089050112
1389811004909961217
1389811014997139456
1389811015655690243
1389811015810912264
1389811023545208835
1389811024019156993
1389811041438031878
1389811042524438533
1389811048065159168
1389811074136903680
1389811098644193280
1389811101936668675
1389811107888459784
1389811137064050688
1389811149105893376
1389811162158600195
1389811175496445960
1389811178461818880
1389811185831251970
1389811195180322816
1389811236381020160
1389811254341013505
1389811267750203394
1389811299433861121
1389811313778565121
1389811320384462850
1389811341217603584
1389811347127521282
1389811353821454336
1389811357147615237
1389811390039265291
1389811445576212483
1389811446578487302
1389811455046815745
1389811467331932161
1389811501284970498
1389811501842661382
1389811508415287297
1389811512743587842
1389811522449313796
1389811524567371780
1389811541734825988
1389811555861155841
1389811562026872839
1389811564950261760
1389811575129792512
1389811596676026377
1389811616431157251
1389811630196760580
1389811638686076930
1389811663344373764
1389811666620231684
1389811672685158403
1389811688539521026
1389811702955454469
1389811709804613632
1389811721469145090
1389811743631740929
1389811751886098435
1389811758391611392
1389811780818542594
1389811786153558018
1389811817258442754
1389811819082964992
1389811827912155138
1389811831082991619
1389811842801799170
1389811860556369923
1389811889602023428
1389811893871669249
1389811899231989761
1389811938918649856
1389811958015266817
1389811967540350979
1389811985919877123
1389811987492843520
1389811999073243140
1389812006639874051
1389812013958930434
1389812027405778944
1389812046640951296
1389812051640455168
1389812059613720576
1389812066454839299
1389812075128520711
1389812087577186306
1389812158251380737
1389812165817872386
1389812173832998915
1389812194154516480
1389812200139862019
1389812220293419014
1389812231559385088
1389812257056514056
1389812260932100100
1389812268507049984
1389812277612716033
1389812291315568643
1389812308365352961
1389812310642872320
1389812313893457926
1389812366116737037
1389812419308888069
1389812435561984000
1389812457867259906
1389812470622027777
1389812493703389192
1389812538263605248
1389812570501046278
1389812576482070531
1389812600557522944
1389812636271878147
1389812646233448450
1389812647198171139
1389812650637418496
1389812660305235968
1389812668312211456
1389812668714799107
1389812675190874118
1389812684259004423
1389812710775287809
1389812730253742080
1389812739149762563
1389812835358679040
1389812842400997377
1389812852609912833
1389812859144589316
1389812873258434560
1389812906934497284
1389812910004740097
1389812931836071936
1389812936579891200
1389812958394568705
1389812995434291200
1389813003533516807
1389813003600678913
1389813009925742593
1389813020285677572
1389813022059900929
1389813024395984897
1389813026371645440
1389813049213612032
1389813058239811586
1389813077017780226
1389813085800583174
1389813149897953280
1389813153588940801
1389813204612575234
1389813208807100416
1389813212384686085
1389813232601387009
1389813234161659906
1389813241166155777
1389813281561452544
1389813301459124228
1389813302633537538
1389813311496069122
1389813327967051780
1389813331481874435
1389813338272669704
1389813392429486080
1389813394543312900
1389813395273048066
1389813433852436483
1389813438441041923
1389813440848400385
1389813449098633216
1389813454618378247
1389813458942758913
1389813496616046596
1389813502500503552
1389813507999289344
1389813518665404416
1389813523723821056
1389813526831697921
1389813554451263490
1389813556762136577
1389813557278121987
1389813569068273668
1389813577347964928
1389813598080290817
1389813603373518852
1389813630556901376
1389813633102790658
1389813642632171522
1389813654724521984
1389813674316029958
1389813718754762752
1389813723532046338
1389813744205668352
1389813764376039431
1389813768138362881
1389813780822044672
1389813783321710594
1389813788161937408
1389813805819916292
1389813811301998592
1389813853530116102
1389813859297513475
1389813882835767299
1389813949718216704
1389813960736591872
1389813967149690882
1389813977526329344
1389813989958430721
1389813996837122049
1389814005431144448
1389814028030017541
1389814044228476933
1389814071344525312
1389814095805915141
1389814122439659522
1389814138952577027
1389814140378750978
1389814162839138306
1389814173463285767
1389814185958248449
1389814198390120448
1389814211614711808
1389814214206820352
1389814216211763201
1389814223325171713
1389814230988201984
1389814258695872512
1389814269311660034
1389814275120771072
1389814288383188993
1389814300655693824
1389814302190628870
1389814306867335168
1389814346696495105
1389814350307860483
1389814367177396224
1389814384143192067
1389814390006980608
1389814424333168642
1389814439382294531
1389814456188907528
1389814493962776578
1389814502141698050
1389814504175783940
1389814505497055233
1389814518654586885
1389814525919076355
1389814543002517506
1389814571813113865
1389814588519108609
1389814607288672256
1389814609821921280
1389814622987984898
1389814623646388227
1389814638242529280
1389814645922271232
1389814653350469637
1389814687194361858
1389814704042881026
1389814735164608513
1389814758920970241
1389814777933811714
1389814783764017152
1389814787329114113
1389814810636861442
1389814814914977794
1389814827435057154
1389814864454029314
1389814877095559168
1389814909471367177
1389814915393851392
1389814939540459520
1389814944955314176
1389814946276417537
1389814956632133634
1389814971916292103
1389814988672421888
1389814997258317825
1389815030011604994
1389815033316614149
1389815044683169794
1389815072239742979
1389815081240862721
1389815107954388992
1389815116741369856
1389815117102022656
1389815118280679429
1389815130666409985
1389815144025296897
1389815157845598209
1389815158797598724
1389815188308774914
1389815208038764553
1389815208680566787
1389815219795419138
1389815219694804993
1389815242893496321
1389815254041907200
1389815278448652288
1389815287982313477
1389815293317459969
1389815295087284226
1389815323189202948
1389815326406176768
1389815343795691520
1389815347214127104
1389815365916626945
1389815381016027136
1389815391388590082
1389815398871277570
1389815403396931585
1389815404789485568
1389815421021339653
1389815423718215681
1389815428201926662
1389815435122683908
1389815435491610626
1389815451451023360
1389815451937542144
1389815472007176198
1389815499710623745
1389815505263861767
1389815511597322248
1389815531969163265
1389815548590972930
1389815552915423232
1389815578664181765
1389815600659144705
1389815613644623872
1389815620380749827
1389815627737665544
1389815629767663618
1389815640853151746
1389815653532590081
1389815684633333760
1389815690677288960
1389815712496164865
1389815714928812032
1389815743269588995
1389815811037188103
1389815830599200774
1389815864288026631
1389815865328218114
1389815874098393088
1389815880175919107
1389815892788142082
1389815898349969412
1389815905295736834
1389815918218334209
1389815923360600065
1389815959020580865
1389815973369237508
1389815987915034624
1389815992533102592
1389815995372605441
1389815995456393216
1389816002578370565
1389816021427568640
1389816026032975872
1389816027329048583
1389816032714387457
1389816056034717697
1389816065471893505
1389816067975831556
1389816073302601730
1389816074284240896
1389816076796502017
1389816094798581761
1389816098657292291
1389816109411586048
1389816135478956034
1389816136493981698
1389816139522445315
1389816153694949378
1389816160309370882
1389816164042280961
1389816175245340674
1389816186301419522
1389816201275129858
1389816223265918981
1389816227707510784
1389816232078049282
1389816236335316992
1389816270044938240
1389816277590491137
1389816284930580482
1389816287405039618
1389816289674240001
1389816308640796675
1389816313724358658
1389816317742616577
1389816319592312832
1389816338705645569
1389816340937117696
1389816357919809538
1389816379059146752
1389816379222597639
1389816381424738311
1389816405122379776
1389816411111964675
1389816413787918339
1389816453642194944
1389816472625508352
1389816477830709251
1389816487288868864
1389816549314285569
1389816552141299715
1389816556956291072
1389816572768829443
1389816582675775492
1389816584361873409
1389816589210378241
1389816602766581760
1389816604117065729
1389816618339819520
1389816628225970179
1389816643270889472
1389816669732675584
1389816708429357066
1389816711080292354
1389816714687389698
1389816717858074624
1389816738687107072
1389816748967227396
1389816763886366726
1389816768160583683
1389816782827962371
1389816786074357762
1389816794622398467
1389816806886584322
1389816809457655809
1389816814226399235
1389816819058462722
1389816821658923008
1389816832060792834
1389816841703358465
1389816850641473547
1389816855116845058
1389816874142257159
1389816878575460354
1389816878550462472
1389816904563531777
1389816925878898688
1389816933651034112
1389816939791409152
1389816947571937280
1389816962545553409
1389816985492541445
1389816989393297408
1389816990471135238
1389816999270887428
1389817002387120130
1389817018115756032
1389817034763079682
1389817090769567744
1389817094326263808
1389817118854615040
1389817121157287940
1389817133312401408
1389817155760410624
1389817159002386433
1389817160122265603
1389817182859763714
1389817202971316225
1389817211468980230
1389817220646252544
1389817221900226563
1389817227390558210
1389817230423060483
1389817247003185157
1389817254016163850
1389817261561626624
1389817278057832448
1389817279836090370
1389817310001598465
1389817343597977600
1389817357552414722
1389817359259496457
1389817414502785029
1389817415970656258
1389817439509041155
1389817442453659651
1389817467959070720
1389817471150923776
1389817497537425409
1389817505791741953
1389817550339510273
1389817590264991746
1389817595604393988
1389817604932579329
1389817663636004867
1389817675522600963
1389817722935013379
1389817729713061889
1389817731105517569
1389817732917612546
1389817739980673025
1389817771282759689
1389817784650063881
1389817787061788672
1389817790627041282
1389817798285746176
1389817798659133440
1389817827218104322
1389817828396568576
1389817839142510604
1389817841952591874
1389817844318224384
1389817846469996545
1389817847317078017
1389817852161662977
1389817855504523266
1389817867516919808
1389817867542093830
1389817882809274373
1389817886223618049
1389817899947282432
1389817907610275845
1389817910164611075
1389817931534569478
1389817936127283207
1389817937154871297
1389817945237250057
1389817955945439233
1389817975704797185
1389817988337995777
1389818004624617477
1389818007229194240
1389818007749287937
1389818025465978883
1389818034274160640
1389818054188703749
1389818086090579968
1389818086874882048
1389818132009607168
1389818136501833730
1389818156307320833
1389818164289183747
1389818172467990528
1389818183654289410
1389818199135375361
1389818244979208194
1389818246115725312
1389818246354718721
1389818252893827073
1389818264868429827
1389818266928001025
1389818279309492226
1389818287421333506
1389818298464866305
1389818313304199171
1389818349652221953
1389818364147634177
1389818370040614916
1389818403305582593
1389818405331554307
1389818413275521026
1389818416417034241
1389818440819478528
1389818448243576841
1389818472058658818
1389818495785910280
1389818504845545473
1389818549472940032
1389818572445163527
1389818574026407936
1389818585921511425
1389818597707485191
1389818627348570112
1389818627600179207
1389818630360104966
1389818694377877504
1389818701222981636
1389818704334966789
1389818710307729408
1389818725835104260
1389818728318218241
1389818780197421057
1389818786405101570
1389818813701570560
1389818818600570883
1389818824514412548
1389818830663294979
1389818856193990657
1389818867178872834
1389818869418582022
1389818874464440320
1389818880323952650
1389818892604739586
1389818926960463874
1389818944933011458
1389818950578544648
1389818986800496640
1389818999039434753
1389819051195584515
1389819052642783232
1389819073865949184
1389819139376693248
1389819157504532483
1389819168778764294
1389819181172805633
1389819190928805889
1389819195441876994
1389819201922080772
1389819217793355776
1389819220452511748
1389819231953309702
1389819241948344325
1389819262748004353
1389819290056986625
1389819334294392832
1389819334982213635
1389819346986352645
1389819403349467138
1389819404817289216
1389819414539800576
1389819415319957504
1389819420491583491
1389819426648821760
1389819430729830401
1389819459544698881
1389819473952075780
1389819480608550912
1389819482449661956
1389819482508517378
1389819493174505479
1389819507649118209
1389819510023151616
1389819518151704577
1389819524204175360
1389819559775854597
1389819561663369216
1389819567946485761
1389819586355159044
1389819624712192001
1389819627849633797
1389819636317925379
1389819642701520897
1389819653791354883
1389819663501074433
1389819683373789185
1389819686737563651
1389819702550073346
1389819730765123586
1389819736645541888
1389819750595715077
1389819753091543043
1389819756727783428
1389819766689304576
1389819781021372424
1389819800054947840
1389819813992804352
1389819813988605958
1389819859446403079
1389819871144419331
1389819923472338945
1389819939041673218
1389819942812323840
1389819953478397963
1389819974395392002
1389819977276936192
1389819979659350018
1389819981060198401
1389819987351773190
1389819987964039168
1389820020277002240
1389820087410905088
1389820103550808066
1389820115202494468
1389820119916810240
1389820149587447808
1389820152494034946
1389820153181794308
1389820171896885248
1389820197003952129
1389820199465979904
1389820227895050240
1389820262753861632
1389820267283861505
1389820268038721536
1389820272845459457
1389820276414697473
1389820278306316290
1389820292931883013
1389820309335777281
1389820336661663747
1389820353921396739
1389820355221417990
1389820363060699138
1389820364281323520
1389820366667751424
1389820373668044801
1389820382933356546
1389820383776346115
1389820404974243843
1389820417007923201
1389820424402341889
1389820432409268225
1389820437593460742
1389820438021251075
1389820450860118018
1389820477133131778
1389820478156541954
1389820480803201028
1389820489930092547
1389820535182438402
1389820536679591940
1389820554295738370
1389820556997013505
1389820566865993729
1389820580388507651
1389820594657521664
1389820595236450307
1389820645832228865
1389820664698208259
1389820666854232074
1389820679197913091
1389820680485572614
1389820687385350144
1389820695983521794
1389820697942315008
1389820723628183553
1389820768440233991
1389820771921448963
1389820776216285193
1389820816775286790
1389820830406909953
1389820836291383296
1389820846252908545
1389820848639561728
1389820849763409925
1389820871708078081
1389820944135426049
1389820953002184704
1389820971117211649
1389821016629661697
1389821026519830531
1389821049198497792
1389821051132071938
1389821051413086209
1389821059847835648
1389821066265174016
1389821071906545668
1389821079095414788
1389821096841695233
1389821108095000577
1389821109705625601
1389821134095339521
1389821138591645696
1389821147823366145
1389821177166716929
1389821178399924231
1389821186436075520
1389821195869163521
1389821202387120130
1389821203330834433
1389821209932664833
1389821214684696578
1389821258045349889
1389821270162817027
1389821285245472771
1389821336399265795
1389821353545527299
1389821372315090944
1389821395820032002
1389821412647620609
1389821412836265985
1389821422491611138
1389821427839209472
1389821437121376258
1389821446105542658
1389821446776520707
1389821448060088324
1389821451189071874
1389821510391566338
1389821537721716737
1389821546005508097
1389821547909578754
1389821554813403137
1389821558068285441
1389821569984258050
1389821570424659968
1389821576795803649
1389821603610087424
1389821623084199936
1389821644122771466
1389821648241627143
1389821650045128709
1389821676536287240
1389821687982694406
1389821688766947328
1389821713819463680
1389821722329714690
1389821726339616769
1389821736191987716
1389821749265682435
1389821776172130306
1389821776264265728
1389821814554177537
1389821822179418113
1389821824205148160
1389821844446920704
1389821878634565633
1389821890571640835
1389821903259389952
1389821929209536516
1389821941528162307
1389821947425394693
1389821973627293698
1389821990823944204
1389821995433398272
1389822041000484865
1389822044129439746
1389822047027535878
1389822060982149120
1389822071522226183
1389822086890377219
