1393657414742904834
1393657418312204291
1393657419733954561
1393657420031930371
1393657426193391620
1393657438251933696
1393657445717794823
1393657456476270596
1393657459290607616
1393657465535934464
1393657485932695554
1393657493071478792
1393657498230476801
1393657499216195586
1393657500306710539
1393657503913762824
1393657508456275972
1393657509362028545
1393657514735116292
1393657515775307782
1393657522712633350
1393657525652754439
1393657526936227841
1393657528018345984
1393657529381658634
1393657530253934592
1393657531579473928
1393657535861821442
1393657536264368128
1393657538831286274
1393657541503053824
1393657545009647630
1393657549853921282
1393657555373674499
1393657566601875456
1393657568401272838
1393657572733771776
1393657581621579778
1393657588915576832
1393657596549025795
1393657601544507392
1393657602597212161
1393657623413657607
1393657629537443840
1393657630288142338
1393657633316478980
1393657633492672517
1393657633643499521
1393657633815547913
1393657636936200194
1393657637439369217
1393657638437756928
1393657638907523073
1393657644599107584
1393657649464549377
1393657650064277507
1393657650336960513
1393657652144746499
1393657652765409282
1393657653440614400
1393657656045408261
1393657656397770758
1393657656548626432
1393657657861541889
1393657660889866242
1393657663561469957
1393657671581147138
1393657682461089794
1393657684788908032
1393657685619380226
1393657685921329154
1393657689457233920
1393657693710159872
1393657695459237895
1393657698994900993
1393657700156940294
1393657700756582403
1393657702241341440
1393657707522109442
1393657708079943686
1393657716325949446
1393657719027023872
1393657720855842823
1393657729357656071
1393657733585547266
1393657735540092940
1393657738387935237
1393657738887155713
1393657753177006080
1393657753588150275
1393657756796678146
1393657764807905284
1393657773343133696
1393657773569703938
1393657776283344896
1393657787176169475
1393657794851708928
1393657799905890313
1393657800564166657
1393657802476896261
1393657806524456961
1393657809825255424
1393657811784044548
1393657813457457153
1393657825105219587
1393657825826680838
1393657855744561153
1393657865337032705
1393657865529876487
1393657872702054400
1393657875575287811
1393657876426620928
1393657877043187712
1393657890486067205
1393657893069668352
1393657896282566659
1393657896689446912
1393657897607778304
1393657898807570432
1393657899117957121
1393657904507543555
1393657905480552448
1393657907238031362
1393657907976212488
1393657920869466113
1393657927131664386
1393657927362236419
1393657933284577281
1393657942348496897
1393657942390550529
1393657942793244672
1393657951303479300
1393657951794106368
1393657952800804864
1393657958316318726
1393657960124067843
1393657961071857664
1393657966256181250
1393657967514427393
1393657968353284100
1393657969636749314
1393657973881196545
1393657979132530695
1393657981129084931
1393657985113772038
1393657994215264257
1393657996799008773
1393657998699122688
1393657999781240833
1393658002306179074
1393658004181065733
1393658004214591495
1393658005921701895
1393658005984448512
1393658008421416963
1393658012858994696
1393658015056793607
1393658015409221640
1393658016239702017
1393658019209166855
1393658027819945985
1393658031662055428
1393658034682048517
1393658035604582400
1393658036514918401
1393658044198817795
1393658044807065603
1393658049433194497
1393658057025019911
1393658061672247296
1393658062150328322
1393658062330896386
1393658063350116355
1393658065426202629
1393658066260873217
1393658069708595201
1393658070014758919
1393658080542474241
1393658081419071488
1393658093121294348
1393658096786939904
1393658096841527298
1393658099148509190
1393658104735322112
1393658119054663682
1393658119826415620
1393658120774189057
1393658130194698243
1393658131129933826
1393658130848944134
1393658131922685957
1393658133684305920
1393658142177861637
1393658143280861185
1393658154144182283
1393658164105601031
1393658166085312512
1393658166991364098
1393658168580853765
1393658170896158726
1393658172649340929
1393658173240877059
1393658179163025410
1393658181885247488
1393658187958661120
1393658190206750722
1393658190349361154
1393658195827167240
1393658196850626574
1393658199673167874
1393658199832600577
1393658203527913473
1393658209236180992
1393658209978650631
1393658213485236234
1393658217188798464
1393658217335607301
1393658223929004035
1393658227900907522
1393658228790243333
1393658233290559489
1393658235962290181
1393658237858107392
1393658238827175939
1393658240664281090
1393658243164028931
1393658244795613186
1393658252018262022
1393658252311900164
1393658253884547073
1393658256644395008
1393658261627310080
1393658266417197056
1393658267893645312
1393658268015239168
1393658269546209284
1393658269894316037
1393658270468947971
1393658270812819457
1393658276710133762
1393658278601793541
1393658278974873601
1393658280644255744
1393658287510499331
1393658288089219082
1393658292291792898
1393658293768306690
1393658300516945921
1393658305445339136
1393658305847902213
1393658307433357320
1393658316686077954
1393658316736241665
1393658325426864130
1393658329491197958
1393658333266128898
1393658335027675136
1393658335799365632
1393658340027379720
1393658350139711488
1393658350357950465
1393658357811191814
1393658362013704193
1393658363293192195
1393658364299603969
1393658368808521729
1393658369022513154
1393658371107139587
1393658371706740739
1393658373237772289
1393658373669720066
1393658379206266882
1393658392565075970
1393658393752006656
1393658395559825408
1393658396088455168
1393658396109414400
1393658400966389763
1393658401972969475
1393658409896009728
1393658412949381120
1393658414237163523
1393658420906151936
1393658423892488199
1393658427143032838
1393658427386249218
1393658434390740995
1393658436596817921
1393658437909860357
1393658439189073921
1393658443081281537
1393658446218776579
1393658449309933570
1393658450194927616
1393658455756472320
1393658456608059396
1393658471992549378
1393658474517745664
1393658476870705157
1393658477378220040
1393658477315301381
1393658480020557829
1393658483686395908
1393658484269338624
1393658484441354248
1393658487641722882
1393658488157573128
1393658488237133824
1393658490573529089
1393658490795827201
1393658493207519234
1393658494189031432
1393658495061303298
1393658497699549188
1393658497737371654
1393658509095358465
1393658512253849600
1393658521959288832
1393658527374356482
1393658532197806082
1393658540728877056
1393658545258762247
1393658547255324685
1393658551202193409
1393658566419099651
1393658576493846531
1393658581413548033
1393658581510066177
1393658584605593606
1393658586337734658
1393658591505129479
1393658592889298948
1393658593249923076
1393658598442602498
1393658605824483330
1393658606436900869
1393658609393930245
1393658609976807425
1393658611386273794
1393658611444985858
1393658611449180165
1393658612300484608
1393658613055492096
1393658616503283715
1393658627760828419
1393658628566130689
1393658628691873792
1393658639009951748
1393658641870376969
1393658642721873931
1393658643250360328
1393658645725028355
1393658646677032961
1393658647343861761
1393658650900660225
1393658652851154948
1393658653174116352
1393658654944075783
1393658659918462978
1393658675580084227
1393658676834185218
1393658676947288065
1393658686510358530
1393658696031514626
1393658699969925124
1393658701479874563
1393658703438651396
1393658714415108100
1393658716264796168
1393658719221735427
1393658720987590661
1393658724640690176
1393658724875702281
1393658737307668484
1393658737399721984
1393658740084248580
1393658742609268739
1393658743389184000
1393658751119409158
1393658751585034242
1393658752092487691
1393658754667737088
1393658756832010241
1393658756890759170
1393658774355943425
1393658775165358084
1393658777744941056
1393658778546053128
1393658780747849729
1393658781045755906
1393658786808832000
1393658789459644417
1393658794547220481
1393658797139300357
1393658797273591815
1393658800750596098
1393658801912483845
1393658808161947650
1393658809063772167
1393658809340489731
1393658816143794178
1393658821361475585
1393658824670785541
1393658827397025792
1393658827942289418
1393658828865032199
1393658829741731842
1393658830282756100
1393658830744137736
1393658832493101056
1393658836167311365
1393658843884756992
1393658845508026370
1393658847705714689
1393658849635143685
1393658851107422208
1393658861941182466
1393658863577178114
1393658867947642884
1393658869138735104
1393658873211330561
1393658875711197184
1393658882484932608
1393658884217131009
1393658893109182469
1393658893838942210
1393658896062066693
1393658896687013891
1393658899388145667
1393658904488419330
1393658913128603649
1393658922750255106
1393658929507409924
1393658931109629956
1393658935089975303
1393658937438769158
1393658937501577218
1393658937942044672
1393658941742018560
1393658943088599042
1393658956875173894
1393658957269377029
1393658957990797312
1393658963997118473
1393658964118736898
1393658964450037762
1393658967033847808
1393658971333013508
1393658972763160577
1393658977989193732
1393658980996718593
1393658982628302853
1393658992661078016
1393659001968021504
1393659001401921544
1393659004551933957
1393659009392156672
1393659020498640899
1393659021576523777
1393659022167793664
1393659024797798402
1393659025510834176
1393659027817648134
1393659030631948288
1393659033924558851
1393659035144966144
1393659038169194501
1393659039297544197
1393659040383729666
1393659041574838272
1393659044204793857
1393659046004203523
1393659051326717953
1393659052362584065
1393659053990203400
1393659057051901952
1393659061695139841
1393659065050537988
1393659065482596352
1393659066682052611
1393659068808564740
1393659073812484099
1393659078073749510
1393659079877296129
1393659081500598272
1393659082318368768
1393659083153104899
1393659089033613317
1393659089968717824
1393659090262446082
1393659090543382530
1393659095954034689
1393659096071561216
1393659102279176198
1393659106167300099
1393659106943111169
1393659106993508357
1393659111972220930
1393659115747094530
1393659120511770626
1393659122977964032
1393659127910387713
1393659133430218759
1393659133543424003
1393659139025477632
1393659139763568641
1393659141097500673
1393659144997990400
1393659146113896463
1393659148957532171
1393659151616720900
1393659153013411841
1393659154938482691
1393659160512933888
1393659163067179009
1393659164044500994
1393659166418481153
1393659167781568515
1393659168423235585
1393659169186762752
1393659169677316097
1393659174379085824
1393659180972535808
1393659180943355906
1393659186706325507
1393659187591266307
1393659189407461385
1393659189717880834
1393659190283935746
1393659191886233600
1393659194205683718
1393659195283681282
1393659196277616640
1393659196323909637
1393659201801625607
1393659202095230979
1393659203546386440
1393659204121108483
1393659207174475778
1393659207350509568
1393659208554455043
1393659215885963264
1393659216699793413
1393659217702129664
1393659218067181575
1393659219354656772
1393659220357128193
1393659220541779970
1393659222450188298
1393659222374719488
1393659222915784706
1393659225033777154
1393659229043572744
1393659231904092160
1393659232877117446
1393659236735848449
1393659237058940931
1393659238262747151
1393659242046009361
1393659249822081024
1393659252246413312
1393659255362781184
1393659259100016641
1393659259615907841
1393659262493106176
1393659268516118528
1393659270097297409
1393659278108594177
1393659282898444297
1393659284483870724
1393659284680966145
1393659291362467840
1393659293988048896
1393659299050700802
1393659299835039745
1393659305950318596
1393659306432679938
1393659326783541248
1393659334341500930
1393659336954687497
1393659341664890884
1393659343615270920
1393659344735010818
1393659346438008832
1393659349646528515
1393659353375334404
1393659353861742593
1393659362024071180
1393659364259647490
1393659370584494083
1393659373273194496
1393659384010461185
1393659391707131908
1393659405896388610
1393659409637670913
1393659413752422400
1393659414708723712
1393659415396421636
1393659428436516866
1393659429392838657
1393659448732921856
1393659450641113089
1393659453291909121
1393659454764163075
1393659458413383683
1393659458602024963
1393659460523118593
1393659463228432385
1393659467670114309
1393659469171773442
1393659469360336898
1393659473194008579
1393659480450027521
1393659481268133899
1393659483931414528
1393659485676261376
1393659487240613888
1393659489069449219
1393659490172608512
1393659494782013440
1393659495847403520
1393659496988172289
1393659501681672192
1393659502180831243
1393659504093368321
1393659504403771392
1393659505330827264
1393659508279451659
1393659514444992520
1393659515976011779
1393659521277562881
1393659523777376262
1393659526184833027
1393659528034594817
1393659532195237889
1393659532870492162
1393659534602874885
1393659537928855554
1393659557147299843
1393659557939859466
1393659559835705345
1393659562822029312
1393659563136618498
1393659566865489923
1393659570447437824
1393659571776929792
1393659576386531332
1393659576797601792
1393659579733463044
1393659584410099713
1393659584942911489
1393659585152659463
1393659584812785665
1393659587681681408
1393659587652464646
1393659587996250112
1393659596422762498
1393659603553034242
1393659603838128129
1393659604731637765
1393659605822083075
1393659606849703939
1393659612277133312
1393659615246749698
1393659616974704640
1393659619449397249
1393659620313374721
1393659623849201670
1393659626722402308
1393659634175684609
1393659636272623616
1393659639187787776
1393659640345464838
1393659644791361536
1393659651598790658
1393659654119600128
1393659656036290564
1393659658624196608
1393659663804162050
1393659664836014080
1393659667729960961
1393659670758313989
1393659679746711556
1393659680552112136
1393659693533319168
1393659695928336391
1393659699157815298
1393659699719983107
1393659701209059330
1393659702651797509
1393659710134394881
1393659725363953665
1393659728597770244
1393659731353473033
1393659733781975047
1393659734541029376
1393659734641807364
1393659737841954818
1393659739595214850
1393659743667777537
1393659747191173125
1393659750202560512
1393659753075814400
1393659754967273474
1393659757840551938
1393659758712954886
1393659760877129734
1393659760961073153
1393659768154345474
1393659770687479811
1393659774714224647
1393659778338115587
1393659779495649284
1393659780766392322
1393659784566562821
1393659784587526145
1393659792267358209
1393659792607125505
1393659794548998155
1393659795048222726
1393659803956822020
1393659804174880771
1393659807425605634
1393659807492546563
1393659807626825733
1393659809346596866
1393659812148301827
1393659813012385796
1393659824278212614
1393659840837210112
1393659842900987905
1393659844788310017
1393659846248042497
1393659846289809408
1393659847921606666
1393659853470568454
1393659865508106240
1393659866669993985
1393659867114590210
1393659872831492098
1393659874345512960
1393659876107329542
1393659880087736322
1393659880112857104
1393659883900133378
1393659887196966913
1393659888245510149
1393659894075559937
1393659895891861513
1393659896193818624
1393659901033943042
1393659902325821442
1393659903873413120
1393659904838275078
1393659910265659398
1393659911951749126
1393659912845135875
1393659915668004867
1393659919853932553
1393659922013954052
1393659931958648835
1393659934458404865
1393659935976796162
1393659938187083778
1393659938057113600
1393659938468245513
1393659940062076931
1393659953211117572
1393659954016538626
1393659954884595712
1393659958168891393
1393659962870669315
1393659964447731723
1393659964745469959
1393659964783165442
1393659965676474368
1393659973830275075
1393659974090301440
1393659974505566208
1393659974946000898
1393659976711741441
1393659983485575169
1393659983552602115
1393659985574440963
1393659985989677057
1393659987256221696
1393659990326525956
1393659990607532037
1393659993275121671
1393660019003039745
1393660024505860097
1393660025432952832
1393660029094416385
1393660030558294021
1393660032131080193
1393660034157105159
1393660035339804672
1393660036191297538
1393660037030154240
1393660039458590725
1393660040133943302
1393660040498749440
1393660041316737034
1393660041547247619
1393660041635328000
1393660044621844491
1393660049151639553
1393660050288283648
1393660051458494464
1393660053509472256
1393660059205439494
1393660059243192320
1393660060010573824
1393660061210324992
1393660067027824642
1393660071079464971
1393660075122769923
1393660079744995328
1393660081238073344
1393660084811485184
1393660085747044352
1393660086057197568
1393660090285232129
1393660090452905985
1393660097323225098
1393660098564734980
1393660099168718849
1393660104004694018
1393660104873070592
1393660107930669057
1393660108052312071
1393660113458769926
1393660119263506434
1393660120115068935
1393660122086449154
1393660121775972355
1393660125936852996
1393660126259712005
1393660127698329600
1393660132412829700
1393660132563853316
1393660134216327177
1393660141208178689
1393660144265879562
1393660144706326533
1393660145255731201
1393660147206017024
1393660147457839105
1393660151920463877
1393660155020161030
1393660157809381377
1393660157985312769
1393660160397172740
1393660163488423936
1393660164952129538
1393660168907333633
1393660169129627649
1393660175127547910
1393660180064317442
1393660184459939843
1393660187337179138
1393660192219336706
1393660192747819012
1393660196199731200
1393660200477995009
1393660203426516994
1393660208757579780
1393660214470004736
1393660221726339076
1393660226658701313
1393660226771951616
1393660227648634882
1393660236234432513
1393660236532232199
1393660240952922112
1393660247739355137
1393660252386643968
1393660252512559104
1393660254680870914
1393660260028715009
1393660261379317763
1393660269050667012
1393660269662932995
1393660273995751430
1393660276747034624
1393660278483603458
1393660283495854083
1393660283516821508
1393660285626552324
1393660286729588742
1393660288000536578
1393660290156351495
1393660290768773121
1393660297177612289
1393660299174023172
1393660300675588096
1393660300675649545
1393660301925552132
1393660303603245059
1393660309907419138
1393660310133874690
1393660323127832576
1393660332091006984
1393660341511405568
1393660347278520322
1393660350629924864
1393660351867195392
1393660357646901254
1393660368690585607
1393660377255268352
1393660382447874052
1393660396494483457
1393660400848179203
1393660402375041024
1393660408741855234
1393660409593352195
1393660411980009473
1393660412718104578
1393660413829595141
1393660414295162886
1393660415704457216
1393660417860411394
1393660422524342276
1393660423757471745
1393660425670176773
1393660425879818242
1393660427532390401
1393660427947724804
1393660430820708355
1393660432020348936
1393660432116822016
1393660437640663040
1393660443198111753
1393660443483324421
1393660448273276935
1393660453491036169
1393660461099401229
1393660465507618822
1393660465679536128
1393660470087852033
1393660477096464384
1393660477247348737
1393660478782681089
1393660482523963393
1393660485921394690
1393660490363060228
1393660493634719746
1393660495018795008
1393660495345897472
1393660497107488772
1393660497677803521
1393660498739040256
1393660499544481794
1393660499607228417
1393660506527784961
1393660509623394305
1393660511615471619
1393660513310154757
1393660516950806528
1393660517600923656
1393660517785407494
1393660517957386249
1393660520440418305
1393660522151616512
1393660525775450113
1393660527826571267
1393660526983467010
1393660531874091014
1393660533174247428
1393660536680861696
1393660536877891585
1393660538471735298
1393660542104047619
1393660542741450752
1393660550459138054
1393660551130140678
1393660551448825857
1393660559514550275
1393660567924187140
1393660569585000449
1393660569698201600
1393660571074105345
1393660572378468354
1393660574312157187
1393660576547721218
1393660577898172418
1393660578611163138
1393660585393463301
1393660602489266176
1393660610232012802
1393660612182515716
1393660613700763650
1393660618025091075
1393660621418156035
1393660625763590145
1393660630360629254
1393660632579428360
1393660635976671233
1393660642817630209
1393660644797427716
1393660647964033028
1393660648664420354
1393660648786120717
1393660649578901507
1393660652137353220
1393660653521547264
1393660657208336387
1393660657778626561
1393660657896099842
1393660659980804103
1393660668931346438
1393660669514371073
1393660684769054723
1393660685830131712
1393660688887959554
1393660689965780995
1393660695024214018
1393660697574318082
1393660702087340036
1393660704071299081
1393660706638098434
1393660708563283970
1393660719040798726
1393660719737053186
1393660726108172291
1393660726989004802
1393660729090351107
1393660732315783175
1393660732730793989
1393660736682012672
1393660738485489678
1393660740687568899
1393660741199163393
1393660742562369548
1393660750657376263
1393660753157054465
1393660755891810307
1393660761751363584
1393660763965906944
1393660767136854032
1393660767740866572
1393660769061986305
1393660773617082368
1393660775370264579
1393660776355860480
1393660786145366018
1393660786996879372
1393660791153479690
1393660795456835587
1393660799873339403
1393660800489955328
1393660801169428480
1393660806613520387
1393660811445473285
1393660813647433737
1393660817166327809
1393660822828851204
1393660824238141443
1393660829619298310
1393660832903487489
1393660834858029064
1393660850301399043
1393660853325635586
1393660854818779136
1393660854751698944
1393660856274063361
1393660860074180611
1393660860246249476
1393660863253471243
1393660870706794499
1393660876612423682
1393660878051069957
1393660879418363911
1393660880005521412
1393660882324963336
1393660883100868609
1393660885135151105
1393660887194550280
1393660888469544963
1393660890084515841
1393660890184966149
1393660891565072399
1393660898494058500
1393660899567624196
1393660912070971400
1393660914272854018
1393660918098182156
1393660919633387521
1393660921562734595
1393660930240749573
1393660932371451908
1393660933721972739
1393660934183440385
1393660936741822466
1393660938444754949
1393660939573071876
1393660950562045953
1393660957323407362
1393660957784776708
1393660957721772034
1393660957868675073
1393660960032935940
1393660961324732417
1393660967788101632
1393660970774372353
1393660972670279683
1393660975191109634
1393660977816629248
1393660978387066880
1393660978810789888
1393660981067325445
1393660981490950155
1393660982140932097
1393660990231826433
1393660992324841472
1393660995046973445
1393660996867264512
1393660997303291908
1393660997336850433
1393660999203438592
1393660999341907978
1393661002210811906
1393661004630929416
1393661004962275331
1393661009940860938
1393661018602151937
1393661034926333957
1393661036545335301
1393661036822159361
1393661038084730880
1393661041209393152
1393661045768527877
1393661046985052161
1393661050717941760
1393661054744465408
1393661056610881538
1393661059035193346
1393661059878293504
1393661061220421640
1393661061971185664
1393661062696873985
1393661068707205123
1393661080816295936
1393661085408972803
1393661091532599296
1393661092820393989
1393661099975847942
1393661104790908932
1393661113129185282
1393661114890739712
1393661115138142208
1393661116082016256
1393661133404479498
1393661136642486274
1393661138076831751
1393661140056645639
1393661147820220420
1393661151167254532
1393661157127430145
1393661157953740804
1393661160973504514
1393661166681985031
1393661167701151747
1393661168087183360
1393661174554759172
1393661177952100352
1393661179801833474
1393661184872632322
1393661187871625225
1393661188245008385
1393661195572289536
1393661199628255239
1393661202409140226
1393661204170694656
1393661208931278851
1393661212752171008
1393661225964290052
1393661228514521099
1393661228678066180
1393661233568665603
1393661236924014593
1393661248131239939
1393661248236134400
1393661253592174592
1393661262538559488
1393661267504603138
1393661267991089158
1393661277227024385
1393661279064186884
1393661281035563017
1393661297968001029
1393661298202669056
1393661298982985734
1393661298810839040
1393661301746978820
1393661302409601024
1393661304737603585
1393661304884404228
1393661311997915136
1393661313797156866
1393661315294527489
1393661317546876929
1393661319153393665
1393661320348807170
1393661321879638019
1393661323389464576
1393661324677238784
1393661325256101895
1393661327030161409
1393661329739714561
1393661330893246466
1393661340858961920
1393661342033137665
1393661342553358343
1393661347557171206
1393661348735815681
1393661349230743556
1393661350572875785
1393661360811171843
1393661366456758278
1393661368214204420
1393661368784543746
1393661369887625222
1393661372077166593
1393661376401399815
1393661377290637312
1393661380616728582
1393661385712734208
1393661387507961862
1393661390825590791
1393661394545950729
1393661395741249541
1393661395858870275
1393661400711630861
1393661402418659329
1393661406243823616
1393661407711932416
1393661409548976133
1393661410006257667
1393661411075690499
1393661418478710785
1393661418944090115
1393661421876137988
1393661422526246913
1393661425185345537
1393661433737408514
1393661435742285824
1393661436887388160
1393661437562826754
1393661444407939074
1393661445385117697
1393661446786064386
1393661448996327424
1393661451324338183
1393661453002018816
1393661454738345987
1393661455921188866
1393661458517348354
1393661458479828993
1393661471754792961
1393661476985004032
1393661481846296579
1393661481934262273
1393661482555031560
1393661482689306625
1393661488590561280
1393661494282231809
1393661497692278792
1393661501769146369
1393661502473842695
1393661504302436353
1393661504705241088
1393661507196624909
1393661509226668037
1393661513223835649
1393661513374736385
1393661516751294464
1393661518659604491
1393661521427795968
1393661524355473408
1393661525282414594
1393661527593426948
1393661528004448259
1393661540793004032
1393661541447176194
1393661544274169861
1393661549940719622
1393661551266119688
1393661555674284032
1393661558014627844
1393661558451015685
1393661558509772801
1393661561818996740
1393661565371441152
1393661566898384899
1393661567053533187
1393661571516207108
1393661573953200130
1393661576893407235
1393661579888140290
1393661585697214466
1393661598288523264
1393661598707818496
1393661602659020800
1393661607285297152
1393661612507156489
1393661613413183492
1393661623680839684
1393661637236822017
1393661640076374016
1393661647579930626
1393661649865699336
1393661650243293184
1393661656950054917
1393661664239652864
1393661670380261381
1393661676743020549
1393661679200780292
1393661679402160130
1393661679871873033
1393661685269999618
1393661686549073923
1393661693134315524
1393661701078331392
1393661708850188289
1393661709580226562
1393661712696442884
1393661714403635203
1393661720342712327
1393661729893232649
1393661733303062529
1393661737442975745
1393661738034343936
1393661739057696777
1393661739292561408
1393661742727802880
1393661743944118275
1393661746183802890
1393661746687139843
1393661752987066371
1393661754505322500
1393661756526968833
1393661756619300864
1393661756958941185
1393661757168754689
1393661762994647049
1393661768195584003
1393661769931886593
1393661771291009027
1393661771446210561
1393661771534241793
1393661773228642305
1393661774042255360
1393661777284579329
1393661781327949831
1393661786516332548
1393661790744154113
1393661796192604161
1393661796368662528
1393661797689806848
1393661801016008708
1393661802035175425
1393661802236481540
1393661805721899013
1393661807953334272
1393661817927344128
1393661828991963137
1393661832120963073
1393661839721041923
1393661843432951810
1393661848038252545
1393661852215881730
1393661852492746754
1393661854480732163
1393661858436075526
1393661865838977024
1393661868682747913
1393661874915397635
1393661875196502018
1393661875682938881
1393661877826179073
1393661880510689281
1393661881840242689
1393661886588145666
1393661890425929729
1393661890711150593
1393661891499724804
1393661898722316290
1393661900320280586
1393661905189933063
1393661908075569152
1393661910789332992
1393661918662078472
1393661922071957504
1393661923875557382
1393661928304779268
1393661933262356483
1393661935254704131
1393661935829331968
1393661935858630656
1393661937947496448
1393661939297837056
1393661942330494977
1393661945006366721
1393661950710763523
1393661954934263809
1393661959044743172
1393661963000074240
1393661964900053006
1393661969530511361
1393661969513734148
1393661979043065856
1393661980456652802
1393661980909703168
1393661981622738950
1393661990514667523
1393661995438657537
1393661997154062337
1393661999687430144
1393662012748668928
1393662014468337667
1393662018658480137
1393662019824340993
1393662021120532486
1393662022500376576
1393662023423217667
1393662029634805760
1393662032944246788
1393662033187328000
1393662033669787650
1393662034261069824
1393662041399824384
1393662047381082115
1393662048194732034
1393662048677007362
1393662050291752963
1393662058911129601
1393662065622102019
1393662065802452994
1393662065844363264
1393662070525149185
1393662078246862848
1393662081489047553
1393662081568759813
1393662083280027651
1393662085016473606
1393662085188435968
1393662085230481412
1393662085234524160
1393662089781260295
1393662090691424257
1393662091098157056
1393662093098840066
1393662094751543303
1393662095770615812
1393662096777179139
1393662100199952385
1393662100283789313
1393662100795367425
1393662101919571969
1393662102615724033
1393662102989115392
1393662103106506753
1393662105262428163
1393662109167276040
1393662111813877768
1393662113088999424
1393662118554124293
1393662125025812480
1393662126875717633
1393662126867337226
1393662127810957321
1393662129459269634
1393662134295347216
1393662135184527365
1393662136891625479
1393662137105477635
1393662138389078018
1393662147155087364
1393662153727619073
1393662154793005064
1393662156382433280
1393662157951221763
1393662158668505088
1393662170630606855
1393662179610660867
1393662182777368584
1393662183796396033
1393662185218400259
1393662187193917442
1393662188645142531
1393662193422450692
1393662195205017602
1393662196110987273
1393662200989028354
1393662204285636608
1393662205250347008
1393662207809007631
1393662208442179586
1393662215383928838
1393662217103437827
1393662219380953092
1393662220358144002
1393662221616570375
1393662222413574146
1393662225391525888
1393662231678787589
1393662232148512772
1393662234153394179
1393662234492952576
1393662236988780552
1393662237378744321
1393662243909378051
1393662246233022479
1393662248363732998
1393662248749576198
1393662250116857857
1393662250704015362
1393662253656911872
1393662255934345218
1393662256450359296
1393662257536634884
1393662258157346820
1393662260552294400
1393662261538009089
1393662262368407552
1393662262813024262
1393662264641671168
1393662266852220939
1393662269658128385
1393662272652853249
1393662275161108483
1393662280559169545
1393662287328776196
1393662290902278150
1393662291720167424
1393662293469278213
1393662295063027716
1393662295998337025
1393662299068633104
1393662313786400769
1393662313958412293
1393662320203677696
1393662323991011328
1393662324335169544
1393662325635301384
1393662328537698306
1393662330404319232
1393662333256413191
1393662335068295172
1393662337538789384
1393662338067226631
1393662340948582403
1393662341422669829
1393662343108874242
1393662347135365124
1393662357830725636
1393662358958968832
1393662361823629314
1393662364050984970
1393662364474646531
1393662364793311234
1393662373269950479
1393662377091010571
1393662382111698947
1393662383701303296
1393662384020074503
1393662384036749314
1393662385223782404
1393662388226822147
1393662391611805699
1393662394044461058
1393662394635886592
1393662395617185793
1393662402735091717
1393662408128880642
1393662408632176644
1393662411803090951
1393662411996073988
1393662414957203461
1393662421173248004
1393662424520167425
1393662426017579010
1393662429268258817
1393662432246214658
1393662432900489219
1393662435383562244
1393662436956413954
1393662441070923780
1393662444141166594
1393662446309621763
1393662446326501377
1393662447236616198
1393662452705996802
1393662453628682243
1393662453700046851
1393662453754519553
1393662456929689603
1393662457709690881
1393662467004305416
1393662467423748100
1393662468879233026
1393662478576492549
1393662486247841796
1393662487560527872
1393662491222282251
1393662493679964161
1393662495286571010
1393662499287752705
1393662499816452104
1393662502098153474
1393662502404231169
1393662503587098625
1393662505633861632
1393662507634495489
1393662510641807361
1393662512990760961
1393662513242263552
1393662514127261698
1393662524332167172
1393662529994362883
1393662535207948294
1393662537590349826
1393662539020521472
1393662542174511104
1393662542220861453
1393662543315542016
1393662548067618824
1393662551788081162
1393662553025286145
1393662554300248067
1393662557777444865
1393662560138842115
1393662562131193861
1393662563313983489
1393662567898288128
1393662568032444416
1393662572054908930
1393662572558053376
1393662573707513861
1393662573959163909
1393662575846608897
1393662575842267136
1393662581869621253
1393662583601827841
1393662588597190660
1393662591713435649
1393662595698249736
1393662597023649799
1393662597564571648
1393662601914167297
1393662601964531713
1393662605705814021
1393662606993358853
1393662607001677824
1393662611850366980
1393662612903108608
1393662618452172804
1393662620784152576
1393662622558564356
1393662624810758147
1393662625481887745
1393662631412568065
1393662633476300803
1393662637561454593
1393662643320369152
1393662645530677249
1393662647778881543
1393662651134271493
1393662654627995649
1393662656192655361
1393662659669671943
1393662663503323143
1393662664635666432
1393662673502445568
1393662676321153026
1393662681060712457
1393662681186553857
1393662681962450953
1393662682117525505
1393662690866843648
1393662691663822852
1393662693106667528
1393662694113218564
1393662700966850560
1393662701013028872
1393662701658943488
1393662704494186501
1393662704611733505
1393662704666165254
1393662704892760071
1393662708038340609
1393662708139139080
1393662708684312579
1393662718092193792
1393662719484735493
1393662719459356673
1393662720927576064
1393662721078431746
1393662727692996612
1393662740603064321
1393662746038661121
1393662746080595968
1393662747489996800
1393662748744056832
1393662750174371846
1393662750795177985
1393662751780876290
1393662759695421445
1393662764023906307
1393662766892920838
1393662771213094912
1393662772211113984
1393662773721288705
1393662779375063040
1393662785213587465
1393662786845224965
1393662795825229827
1393662800547831812
1393662801177161728
1393662808877899782
1393662810266103809
1393662812296077313
1393662813332197382
1393662813604810752
1393662814808543233
1393662818486931458
1393662825269129216
1393662828532453383
1393662828989452289
1393662836488871938
1393662838280003592
1393662841148817412
1393662849562542085
1393662851496226819
1393662852393836551
1393662852502745089
1393662852783689729
1393662854427983872
1393662863403798528
1393662867237482500
1393662868923559942
1393662869946970117
1393662873285562370
1393662874728419333
1393662878062944259
1393662878008418305
1393662889358069761
1393662893321859073
1393662893879668737
1393662898103259140
1393662900989042700
1393662902633123840
1393662903107084291
1393662902893256704
1393662906244423686
1393662913563463688
1393662916096839683
1393662916562280449
1393662916834959364
1393662919267610624
1393662920043778053
1393662923734716423
1393662933930938372
1393662937391267841
1393662943783374848
1393662943888297986
1393662944093818886
1393662951014375426
1393662952239153160
1393662953442975745
1393662953820467201
1393662956576071685
1393662957440016385
1393662960854192132
1393662961814630403
1393662962099970054
1393662969901318144
1393662975471460359
1393662976394104832
1393662980907208705
1393662981779558402
1393662983197270017
1393662986384928769
1393662987773349898
1393662987777593349
1393662998477111298
1393662999232229376
1393663000746217472
1393663002054901769
1393663006903463936
1393663010967719937
1393663012364554240
1393663021260713985
1393663026650300418
1393663032207810561
1393663032346116096
1393663032820215808
1393663041846366212
1393663051006623749
1393663055830163462
1393663059084840960
1393663061374881794
1393663065250582531
1393663065854332928
1393663067318272001
1393663070409412609
1393663071286185984
1393663072234000384
1393663073458827270
1393663075312705540
1393663076667379712
1393663078382903302
1393663080148705283
1393663084527562753
1393663095164264452
1393663098754506753
1393663100138704905
1393663104945299457
1393663105570414592
1393663107059253249
1393663110934847491
1393663111626993666
1393663117029216259
1393663119717720064
1393663122200748039
1393663122863542274
1393663137992298496
1393663141117108226
1393663146833887235
1393663147727331336
1393663151707672577
1393663154320777217
1393663154970836995
1393663155679596544
1393663162755518465
1393663166337458178
1393663168128368641
1393663168178757635
1393663169491468288
1393663170577793027
1393663175673876481
1393663180245594112
1393663182904963073
1393663184330973185
1393663185903775745
1393663189305360384
1393663191654207493
1393663192321171456
1393663194430910467
1393663196523728898
1393663201091403779
1393663208154533888
1393663208494440449
1393663209706606593
1393663214911623170
1393663215628869637
1393663218061508610
1393663218221031427
1393663219978416136
1393663226055962630
1393663226471231491
1393663228509671425
1393663229356875776
1393663235165810689
1393663236290007044
1393663242958905344
1393663244456235012
1393663246389874688
1393663252157054977
1393663253138509825
1393663254820360192
1393663256921837573
1393663261376122880
1393663262156234753
1393663262504505351
1393663267478937606
1393663268330299396
1393663268405788672
1393663271664857092
1393663275456335874
1393663281672380418
1393663283832541196
1393663285510254600
1393663285875154944
1393663288605618190
1393663290279088134
1393663299552677889
1393663300311867393
1393663300886478850
1393663316375994368
1393663318892584961
1393663319681077248
1393663321119854592
1393663321857945601
1393663322864685062
1393663323082723329
1393663323183493122
1393663328023728133
1393663328397012994
1393663334033985537
1393663338173722626
1393663338819715072
1393663344805130243
1393663346025525249
1393663353030025216
1393663359237517312
1393663360172965896
1393663363230617605
1393663363566219265
1393663364816060427
1393663365881507853
1393663367206760451
1393663371103424514
1393663374009962501
1393663376748793857
1393663382125940740
1393663388153225219
1393663389860306950
1393663392188096516
1393663394495045633
1393663399561736192
1393663400950042626
1393663402204143620
1393663406519906304
1393663410584399873
1393663413360992259
1393663414602326019
1393663417077096449
1393663417056219144
1393663420440981506
1393663421246283780
1393663424396242948
1393663426560282624
1393663429324328961
1393663432411521029
1393663432650629124
1393663440640696323
1393663444092694534
1393663444868648961
1393663445225164809
1393663447095726082
1393663448169390081
1393663449071198208
1393663450749022211
1393663455819927564
1393663461565992963
1393663462929207303
1393663464502140935
1393663472483803139
1393663473427501056
1393663474165768195
1393663476208447494
1393663478574026755
1393663478699859971
1393663480797016066
1393663480910188548
1393663480956338179
1393663486786473984
1393663488099237889
1393663489022078976
1393663490355830785
1393663501516804099
1393663507120500748
1393663508525457408
1393663510048133123
1393663511125843969
1393663519548223488
1393663520999235584
1393663523876589570
1393663530134478848
1393663535595638785
1393663536388354054
1393663536631623691
1393663536933613572
1393663537428447233
1393663538237825024
1393663541488635906
1393663546752307202
1393663547205251072
1393663547251560448
1393663547801014277
1393663549474582534
1393663556521009153
1393663558517460999
1393663559805014016
1393663560249528320
1393663561008779265
1393663562602659841
1393663568822902787
1393663570412457986
1393663572681527296
1393663574929723392
1393663584199069696
1393663586816253952
1393663594139635717
1393663599202095104
1393663600615739404
1393663600875741186
1393663612196204546
1393663612644954112
1393663618923724800
1393663621541072897
1393663622853844998
1393663624724586499
1393663627362586624
1393663627857735682
1393663630223101952
1393663631854870536
1393663633998204930
1393663644559368196
1393663647222751234
1393663656907452427
1393663658127994883
1393663661709959173
1393663662372630530
1393663662867419138
1393663667770740736
1393663668307599364
1393663670522105865
1393663671016910848
1393663671025520640
1393663671201640451
1393663675224018952
1393663681276387331
1393663682169643010
1393663684174561285
1393663686074540032
1393663686582079490
1393663690113699845
1393663692198141954
1393663692269568000
1393663692886081537
1393663696904364035
1393663699441836033
1393663711865446400
1393663712020647936
1393663712897257474
1393663714717364224
1393663714990034944
1393663717527724033
1393663724888657923
1393663726130286595
1393663727283568640
1393663734208475138
1393663736485842946
1393663741712076804
1393663742248882179
1393663749094006785
1393663750599741449
1393663754806702080
1393663757730070529
1393663762981326855
1393663764034170884
1393663764726226945
1393663765049131009
1393663768031203333
1393663770673754116
1393663772754128902
1393663773190336512
1393663775643889664
1393663779112734723
1393663786393817089
1393663791204818946
1393663793826312192
1393663799060746240
1393663799111131136
1393663801120018433
1393663805327122438
1393663808967626756
1393663817763143682
1393663818325061634
1393663820070010883
1393663820229398532
1393663822485938181
1393663823358406669
1393663825577222152
1393663830534737920
1393663831013011459
1393663832954920961
1393663837321109504
1393663842383695873
1393663844963266564
1393663848390008838
1393663850017349641
1393663850952765444
1393663853225865218
1393663854752698378
1393663859886542851
1393663860712919041
1393663861883035653
1393663862881361926
1393663864894537728
1393663865284616192
1393663866433908742
1393663868505894923
1393663869655162890
1393663870070231042
1393663870481350660
1393663875065827336
1393663878186274824
1393663881977942018
1393663883416510464
1393663885996007427
1393663887711645699
1393663888927899648
1393663892128026624
1393663893092847620
1393663898159620101
1393663899455602688
1393663903649865730
1393663908175654912
1393663910587293697
1393663911711297538
1393663919546257409
1393663920389332994
1393663922931122178
1393663925317603330
1393663926785691655
1393663929608454150
1393663930954883081
1393663931122700295
1393663933928677376
1393663934943711235
1393663939871916037
1393663942552133637
1393663944594702345
1393663948294086656
1393663959308328968
1393663960482672645
1393663961531240449
1393663963364163585
1393663966300180480
1393663968091250700
1393663968770551810
1393663976249167875
1393663977071292417
1393663978048458756
1393663978891620360
1393663981219364877
1393663982167265280
1393663987762532356
1393663991063449607
1393663993164795904
1393663995630981142
1393663995878518784
1393663997761794053
1393664000794243074
1393664003876868096
1393664010726297604
1393664011091124224
1393664012202741760
1393664012684955650
1393664014614360064
1393664026849251328
1393664033430011904
1393664042988888071
1393664048227442689
1393664048147881988
1393664052522487808
1393664053642502145
1393664054648995842
1393664055366324230
1393664055433433089
1393664059078283265
1393664061829652480
1393664062970634242
1393664064128126978
1393664071434649601
1393664073242394631
1393664078766383106
1393664078795706386
1393664079449972736
1393664091236048896
1393664093769371651
1393664095992299522
1393664097468702720
1393664098840219649
1393664099062476801
1393664102879440898
1393664103386845185
1393664105433739264
1393664108499804161
1393664108617142273
1393664108621402124
1393664111804919815
1393664113650319362
1393664114002702340
1393664114493333504
1393664120239443969
1393664120948367361
1393664122512809984
1393664123712442371
1393664124018647043
1393664125612564487
1393664126661005312
1393664131073552387
1393664131530584068
1393664131580973062
1393664135439822854
1393664138329591815
1393664140007251969
1393664142549020674
1393664148429590535
1393664151516598273
1393664152728711171
1393664161452896256
1393664163843616769
1393664165286490118
1393664166771183622
1393664168008445952
1393664172504887297
1393664174409007110
1393664180897697793
1393664187503628293
1393664188430503938
1393664188933943300
1393664189298794501
1393664190074789890
1393664195275608065
1393664197376897028
1393664198979334144
1393664201797799939
1393664203643293700
1393664213839749127
1393664213898252288
1393664215806742529
1393664216301670401
1393664219929878533
1393664223255932929
1393664223813718021
1393664225436909572
1393664227106123777
1393664227219492869
1393664227274014727
1393664227513147402
1393664230663069704
1393664231430447105
1393664231921311755
1393664234832240644
1393664236061003776
1393664241085911041
1393664242914562053
1393664243376037892
1393664245309530116
1393664246039334913
1393664247629029385
1393664250615406597
1393664251147870209
1393664260186591232
1393664271364411392
1393664279367270401
1393664279358939142
1393664286027825153
1393664287709794304
1393664294332608514
1393664294621962246
1393664295448178690
1393664295569866752
1393664306340843520
1393664306894364672
1393664311751544835
1393664314511298560
1393664315882889221
1393664321981386754
1393664323671654403
1393664326553190401
1393664328851623936
1393664331724640259
1393664334342070275
1393664338259554309
1393664338649563136
1393664339756732418
1393664341375922177
1393664346979545088
1393664349684703233
1393664350326566918
1393664352448811017
1393664354780807168
1393664358895472644
1393664362984976384
1393664364490772488
1393664365266624515
1393664367665684483
1393664371503472643
1393664374611533825
1393664381355892737
1393664383922888705
1393664384203907077
1393664385835577352
1393664389782327298
1393664393129254912
1393664392768729098
1393664401278898177
1393664401593487364
1393664406177914891
1393664408828760067
1393664417292816386
1393664417900810245
1393664419100495877
1393664422825107457
1393664424028909572
1393664430983028744
1393664431922503693
1393664437618417667
1393664439736434692
1393664440189571073
1393664440747249664
1393664453040820224
1393664454089342977
1393664458501902344
1393664460779294729
1393664461186244611
1393664464176754690
1393664473081073667
1393664474670899201
1393664476176474113
1393664477682454531
1393664478533849092
1393664479070756872
1393664482367344641
1393664486763008008
1393664494157668354
1393664506769838084
1393664507541704706
1393664508359413762
1393664509202468864
1393664509441712132
1393664510980890624
1393664513543532544
1393664521420427264
1393664521437339653
1393664524788682759
1393664529972834307
1393664530287321092
1393664532480937987
1393664535396069380
1393664535366569985
1393664536054538248
1393664537795055619
1393664541209280514
1393664544271212547
1393664544501866509
1393664546523566082
1393664548356296705
1393664549837058056
1393664551082766336
1393664553058279425
1393664556724113409
1393664557017567232
1393664563871059968
1393664565465001984
1393664565657751554
1393664566911856641
1393664569659121667
1393664569730424832
1393664570171039744
1393664579625005057
1393664582032502784
1393664587577315330
1393664588185473027
1393664588470706180
1393664589057961990
1393664596381257733
1393664598373408771
1393664599363260417
1393664598713245696
1393664600428711938
1393664601477324802
1393664613577752577
1393664616069320705
1393664616488652809
1393664617851748352
1393664617931362305
1393664618745274368
1393664620078931968
1393664625082777601
1393664625372172294
1393664627498704896
1393664628358488064
1393664628790595585
1393664630271225856
1393664636411682822
1393664639729348609
1393664639981039622
1393664640035565568
1393664641742647304
1393664644661796864
1393664650546499585
1393664651905355777
1393664657223716868
1393664658112978948
1393664660604391427
1393664661229346816
1393664665901838343
1393664674969931777
1393664678761435139
1393664680913215490
1393664684914475008
1393664689612095489
1393664690018979843
1393664692539695106
1393664694347440128
1393664694859223042
1393664698898321412
1393664700567674882
1393664712043163652
1393664715692314625
1393664717181358094
1393664719513325572
1393664723653169154
1393664723753779201
1393664729088942080
1393664736332423171
1393664738727321601
1393664745497059330
1393664747875315719
1393664750794461187
1393664753474543618
1393664753990516744
1393664756955811841
1393664756649656322
1393664756939034625
1393664757098442753
1393664758629421056
1393664760776994820
1393664765805744128
1393664767991054336
1393664769526312969
1393664783686115330
1393664785338839046
1393664785716326405
1393664791479152640
1393664796055285763
1393664804032716801
1393664804036952068
1393664805932834819
1393664811137830915
1393664811360264194
1393664814619185153
1393664819602075651
1393664826434473984
1393664833233510400
1393664834781188100
1393664842058379267
1393664848203063303
1393664848844759040
1393664851571060739
1393664853248823298
1393664854045691904
1393664854037307398
1393664854750208001
1393664855748403201
1393664856297984005
1393664858931961856
1393664860190396416
1393664861062660096
1393664864237797378
1393664864552329216
1393664867840643072
1393664870554427404
1393664872576077833
1393664880687808512
1393664882793349123
1393664885242871810
1393664887726002180
1393664891786076162
1393664895229468672
1393664897020530688
1393664901873287171
1393664903160811521
1393664918751219714
1393664921792139264
1393664928272326656
1393664929475874816
1393664931204145155
1393664932558917632
1393664933146120198
1393664933775167498
1393664935284994049
1393664940683272194
1393664942864310273
1393664945758343168
1393664949033918464
1393664952859234311
1393664955744878594
1393664955862306817
1393664957082832896
1393664959465336837
1393664962015514629
1393664971473661953
1393664973554003972
1393664980726190084
1393664980562714629
1393664987051159556
1393664987088920576
1393664989223870472
1393664990654181378
1393664990750683141
1393665003950051330
1393665007930548224
1393665011973722114
1393665013173346307
1393665013827739652
1393665015161540610
1393665015518011393
1393665016461762560
1393665017711513600
1393665027211677704
1393665028440481794
1393665028784525312
1393665030013526021
1393665031741476866
1393665032064536583
1393665041799467010
1393665045834371075
1393665048078344200
1393665052805304321
1393665056144035844
1393665061294641154
1393665068127162368
1393665068953489410
1393665069695836162
1393665070979338248
1393665073827094529
1393665077199478788
1393665079841902597
1393665081582387200
1393665082350055429
1393665085260935177
1393665086951018497
1393665089258074115
1393665092017864704
1393665092957450242
1393665093603315714
1393665095662768130
1393665097629896712
1393665104391118856
1393665109466230784
1393665112452460548
1393665113744412672
1393665116797906946
1393665117443723275
1393665120786599941
1393665125534494722
1393665126167891981
1393665134506168328
1393665134699102217
1393665137903558659
1393665138566258695
1393665140437012480
1393665141154226183
1393665152621420550
1393665154089426944
1393665154148179971
1393665157079781378
1393665157948129280
1393665160464592896
1393665162742276097
1393665163161653249
1393665165300695040
1393665166357696513
1393665169062973440
1393665170568736770
1393665171491491842
1393665172493914112
1393665172703637504
1393665172938571784
1393665173106266118
1393665176906383367
1393665181616676873
1393665185177477121
1393665190802120708
1393665192085569539
1393665193792577536
1393665195717898245
1393665207659077638
1393665210603368448
1393665211618545665
1393665213912604673
1393665216894885889
1393665224859963399
1393665226214625283
1393665232246120448
1393665235500867590
1393665242283094023
1393665248545153031
1393665251338452995
1393665252621885441
1393665255910248448
1393665256237453316
1393665271043346438
1393665273425797120
1393665276227440640
1393665276517011456
1393665277695561729
1393665279306215431
1393665279746625544
1393665282397380608
1393665284737847296
1393665284976701446
1393665296913911808
1393665297333248006
1393665298235076609
1393665298956492800
1393665302068703234
1393665303221981184
1393665304916598786
1393665306065735684
1393665308259389442
1393665316924821515
1393665318527115273
1393665318292238346
1393665319936303105
1393665327318372355
1393665328455065605
1393665331202248705
1393665333152583687
1393665334532468740
1393665339863404547
1393665340639301632
1393665344493993986
1393665354665181185
1393665360314908679
1393665360767766529
1393665361766195206
1393665364207210500
1393665365129920513
1393665367948468224
1393665369710153731
1393665372755316737
1393665375573659648
1393665375695376385
1393665376534335493
1393665376735596551
1393665377364848641
1393665378832769024
1393665384411066368
1393665391910653952
1393665394242621443
1393665399007244288
1393665400945184769
1393665405034635266
1393665406527803400
1393665406464839681
1393665409342218241
1393665409837006848
1393665423090995202
1393665423120478211
1393665433933389824
1393665436756103169
1393665440702947330
1393665441780752384
1393665445912223745
1393665446923030528
1393665451520139264
1393665452249862153
1393665454762250245
1393665456041570312
1393665457232650241
1393665463637340160
1393665468565626880
1393665471514398730
1393665473015914499
1393665477138845702
1393665478334111745
1393665480913793027
1393665481379176448
1393665488799076357
1393665490053042180
1393665495757373440
1393665499020550153
1393665504385015808
1393665510131204098
1393665510659788800
1393665521128775684
1393665521242054662
1393665529446084615
1393665530037522432
1393665536161112064
1393665538644189191
1393665542733668359
1393665550182666240
1393665554951589892
1393665558235779073
1393665564011241472
1393665565806452737
1393665570713874443
1393665574207725573
1393665574128001025
1393665576078385155
1393665579047862272
1393665580927004673
1393665584450072577
1393665593522393092
1393665593543364617
1393665595829334023
1393665597112782854
1393665597557202946
1393665601604837376
1393665602376683524
1393665602854825984
1393665614649053188
1393665617895444481
1393665619057336327
1393665622735654912
1393665625172611072
1393665626422530051
1393665640964239365
1393665643421921283
1393665646177636353
1393665647511437312
1393665659834441728
1393665659859517440
1393665660237107200
1393665662707396609
1393665663965667328
1393665664133435392
1393665666297651205
1393665666423484417
1393665667510018060
1393665670697607168
1393665675349069828
1393665676217290759
1393665677249048577
1393665680004640769
1393665685968932865
1393665686753398786
1393665688083091461
1393665689131569154
1393665691929219072
1393665692780560385
1393665693262827521
1393665694215061509
1393665700733100036
1393665701240528896
1393665701202825216
1393665702817640454
1393665707351572482
1393665708077289473
1393665717640306688
1393665717745065984
1393665726028857349
1393665727559782401
1393665730382639110
1393665741262508040
1393665744303493127
1393665747012907008
1393665757435682818
1393665758719324162
1393665758555611138
1393665759067398145
1393665759855874049
1393665760434720782
1393665762473041920
1393665766885629957
1393665772929523714
1393665779887915008
1393665782425468928
1393665787249012738
1393665787458641922
1393665790533115907
1393665790889582596
1393665792906956802
1393665795020922881
1393665797613051915
1393665797965316103
1393665799823446024
1393665800062570504
1393665802533052423
1393665804764213249
1393665805376790528
1393665806207123458
1393665817573830663
1393665818421047297
1393665821428310020
1393665821868806145
1393665823324180494
1393665826625134597
1393665829393240064
1393665833960833024
1393665834468450308
1393665852143190019
1393665855859224579
1393665857973329927
1393665858824667137
1393665861454471171
1393665863811624960
1393665870988251136
1393665876868702208
1393665882291937280
1393665883231379457
1393665885836091395
1393665888730103827
1393665889640329221
1393665900184838150
1393665902353264640
1393665905469665283
1393665905629016072
1393665906870427648
1393665908623675400
1393665916160942095
1393665920422264840
1393665931348373506
1393665936868188162
1393665938684145664
1393665941381156869
1393665942056484864
1393665942500962306
1393665942882766851
1393665944283615236
1393665946519285768
1393665952844242947
1393665957185396747
1393665966035308546
1393665976646897665
1393665977531846656
1393665978832142340
1393665983949197312
1393665985140477952
1393665986432208898
1393665988059557891
1393665988290236417
1393665988793540610
1393665992363057156
1393665992908181506
1393665995244441601
1393665995189936134
1393665995890470912
1393666000604782597
1393666008376823818
1393666012181041152
1393666012470554628
1393666013141553152
1393666020229910531
1393666023396683776
1393666029012852740
1393666035388198917
1393666035669114880
1393666037414076423
1393666042870784003
1393666044099706887
1393666045307719680
1393666045592883202
1393666047962669057
1393666053893414912
1393666059966697475
1393666064677023746
1393666077645754376
1393666081814896643
1393666088307675136
1393666093395369985
1393666095102451712
1393666095358255104
1393666097207934980
1393666100253151245
1393666100622200837
1393666103084208128
1393666103688183808
1393666120092164098
1393666130607226886
1393666131425120256
1393666133333614592
1393666133392347137
1393666140392415234
1393666140677758982
1393666141717819395
1393666144171610114
1393666150517645322
1393666157899571204
1393666163599544321
1393666166623772672
1393666168607674369
1393666175800860678
1393666180280369153
1393666181509173248
1393666185418448896
1393666186223755269
1393666191189712898
1393666191202426886
1393666192028618757
1393666194926837760
1393666202300555273
1393666204963852299
1393666206209507330
1393666210382950402
1393666211498520576
1393666219757219843
1393666226069590021
1393666227202056194
1393666228569399300
1393666229194399745
1393666231694098433
1393666234810503176
1393666236626636800
1393666238971269124
1393666244759412739
1393666245799645187
1393666247347384325
1393666248907558916
1393666248899055617
1393666252896444416
1393666253236154370
1393666257459859459
1393666258709749770
1393666260735602690
1393666261503053828
1393666262711078912
1393666263793143808
1393666272227962888
1393666275956740098
1393666279014338561
1393666288875196422
1393666289676300290
1393666295242047493
1393666322115043333
1393666323285151753
1393666323935219713
1393666329903828995
1393666331610959874
1393666333359841280
1393666334735622147
1393666338774736911
1393666341169680386
1393666345032691712
1393666353698062338
1393666354205511680
1393666357485608961
1393666359117205508
1393666362359250944
1393666362753564677
1393666371851104266
1393666382164811782
1393666387319611396
1393666394215129091
1393666396995862529
1393666397927002117
1393666397931294731
1393666398111551488
1393666401492094976
1393666402779795460
1393666405384527873
1393666405514584069
1393666414540513282
1393666416058896384
1393666417120223235
1393666423159803906
1393666428818100225
1393666430353252354
1393666434132185089
1393666436724318215
1393666440838975491
1393666442554392595
1393666443355459585
1393666444110573569
1393666461458182145
1393666464230563845
1393666464138285056
1393666468294823944
1393666469347696652
1393666470387675136
1393666472208211969
1393666477086187531
1393666477736222721
1393666488003874819
1393666489538973699
1393666493024452609
1393666494693847049
1393666494861545472
1393666502335795205
1393666502402924547
1393666509399117825
1393666512267923459
1393666516025970688
1393666517372477440
1393666518605516806
1393666522250371073
1393666523160616961
1393666523991101442
1393666529078677506
1393666533193404417
1393666534535573505
1393666536162742275
1393666548271919106
1393666550968643584
1393666554487709696
1393666558719762433
1393666559688720389
1393666560229888006
1393666568073191431
1393666572766437377
1393666572947017743
1393666575866159113
1393666576121929728
1393666576495353857
1393666581109030913
1393666583487188994
1393666589543870468
1393666595721863168
1393666599748399104
1393666602449743873
1393666611962384402
1393666611953881090
1393666619835027460
1393666620292276231
1393666622540353539
1393666627812532232
1393666633131040770
1393666645000921092
1393666646527651852
1393666651963465730
1393666653582413829
1393666657432780804
1393666658410143750
1393666660360392710
1393666661912358915
1393666663438946304
1393666668061208585
1393666668522582016
1393666668904202240
1393666669986394114
1393666677380952080
1393666693382111233
1393666708754292738
1393666711195328512
1393666711702933508
1393666716799053827
1393666720309579777
1393666721773498376
1393666721886638088
1393666724197584897
1393666724327694336
1393666725283962883
1393666727779594240
1393666728853450752
1393666729260175364
1393666731110027265
1393666733022449669
1393666734159171589
1393666738508681223
1393666738802368516
1393666743005061125
1393666743860617218
1393666745165131779
1393666749594284044
1393666750579871761
1393666750705590273
1393666752039505920
1393666755613048833
1393666756950986755
1393666758314106883
1393666764521676801
1393666765574524929
1393666766803460109
1393666768694960129
1393666768825053184
1393666769978597381
1393666773820583946
1393666775833710595
1393666777641594884
1393666778962694146
1393666778786668551
1393666787875573761
1393666792652898305
1393666794133540864
1393666794296995840
1393666795182215168
1393666796670967809
1393666797778440193
1393666800986976257
1393666803709227008
1393666806376812549
1393666808134180872
1393666811456102400
1393666817445572608
1393666822080184322
1393666823107715073
1393666824701632514
1393666825729286148
1393666826211528704
1393666827834830850
1393666829499781123
1393666830301020160
1393666838668718084
1393666842074488835
1393666842783195136
1393666848969854976
1393666850261803011
1393666852937637889
1393666853973618690
1393666857996013577
1393666864178290692
1393666875888898048
1393666880523616256
1393666880863412226
1393666880959877121
1393666888056573954
1393666888488693766
1393666889025409024
1393666893190361091
1393666893031088134
1393666893580546064
1393666893920223232
1393666895862280197
1393666907304235012
1393666907346251780
1393666908256407554
1393666912274436096
1393666912442273797
1393666914317176833
1393666914564538368
1393666917890551808
1393666918066819073
1393666920856100866
1393666922911260674
1393666928108056576
1393666930855358467
1393666932503613441
1393666932545630210
1393666933069811712
1393666935288590337
1393666936794451977
1393666938430185474
1393666938644176899
1393666939579518992
1393666946785320960
1393666952132927489
1393666953177444357
1393666963092639745
1393666963096801280
1393666972991229953
1393666978209013761
1393666980482322438
1393666996756156417
1393667003634884608
1393667009024565250
1393667011725512705
1393667014338691075
1393667014955311116
1393667015961812996
1393667019476803590
1393667021183782912
1393667024010637312
1393667025143205888
1393667025663369216
1393667026175016969
1393667028674883598
1393667037713428482
1393667042977320960
1393667050959147017
1393667050984382474
1393667053454721024
1393667054809620489
1393667058248912899
1393667059339472897
1393667075990822918
1393667077735698437
1393667078385807365
1393667078629036032
1393667079321104390
1393667084232572929
1393667095431368708
1393667102469353472
1393667102611890177
1393667102637105153
1393667106105876485
1393667106474975233
1393667111785017347
1393667120475648003
1393667129032036354
1393667137806520321
1393667149714137089
1393667151274332177
1393667167137275914
1393667167262941184
1393667170400276481
1393667171977420806
1393667172405321728
1393667179678216192
1393667179858567168
1393667180223422464
1393667182286999555
1393667184946302980
1393667191330021378
1393667192089051138
1393667195285168131
1393667202818187264
1393667202969214979
1393667205984931844
1393667210036527108
1393667211131293703
1393667211248742400
1393667222661443586
1393667223101841412
1393667226226601985
1393667229485502465
1393667229619683329
1393667231528235012
1393667234564804611
1393667239505657860
1393667240008974337
1393667244106915840
1393667244740206595
1393667246392815624
1393667251874709504
1393667254529798152
1393667257335570432
1393667263069364232
1393667267284533249
1393667267863355394
1393667268073213952
1393667273060016129
1393667279263518724
1393667280584646657
1393667282119843840
1393667282098921472
1393667283197825031
1393667283277557761
1393667286356172805
1393667287429812224
1393667296284057606
1393667296808349696
1393667296829321218
1393667297852678148
1393667305054351360
1393667305922572296
1393667310196563969
1393667311048044548
1393667311303806980
1393667311685484545
1393667320849997825
1393667324993998850
1393667330907979787
1393667334808743936
1393667336008306691
1393667339015491585
1393667339812364291
1393667342224093184
1393667346859020289
1393667347949318148
1393667348029190150
1393667353288790024
1393667361107030016
1393667362033971205
1393667365972320256
1393667369638170632
1393667370263228420
1393667372414869504
1393667374126190592
1393667374377848835
1393667380367085568
1393667381524897798
1393667385371004933
1393667388542005254
1393667389405999114
1393667390320242689
1393667399572983808
1393667400462077952
1393667403591163905
1393667409328869380
1393667412617170944
1393667415872000000
1393667418967445505
1393667419537821700
1393667424176807938
1393667425523191812
1393667426206720000
1393667429541220358
1393667430422130689
1393667433433505792
1393667436503650304
1393667438613438464
1393667437971705860
1393667441826336771
1393667445198508034
1393667448558194689
1393667449992609796
1393667453184614405
1393667455365656578
1393667460570640385
1393667460847620097
1393667460772122624
1393667465637515267
1393667474827194369
1393667477800820737
1393667482343329800
1393667496985702404
1393667499728719874
1393667505902735362
1393667507156787201
1393667509329481730
1393667518145785857
1393667518670114817
1393667522449354760
1393667538391683073
1393667541709512704
1393667543965978624
1393667552434393095
1393667556381241353
1393667558797193222
1393667560667713536
1393667562328629249
1393667562676752387
1393667563477880832
1393667568897073157
1393667572780969987
1393667575452626945
1393667575293349892
1393667576509644808
1393667576937390080
1393667583593885700
1393667584562716673
1393667585758179329
1393667594129866754
1393667594402467841
1393667597271543813
1393667598617776128
1393667600987549698
1393667603273437184
1393667604292771844
1393667605601337349
1393667607069343746
1393667623502684163
1393667624362405889
1393667629685030915
1393667633367511041
1393667638270771200
1393667642238586887
1393667647661694976
1393667658919206913
1393667663197573124
1393667663470206981
1393667664711667716
1393667674597732352
1393667681241509891
1393667686165516291
1393667686849257477
1393667690984730624
1393667690825388039
1393667692524146703
1393667699746738178
1393667701269270534
1393667704465371136
1393667704490450944
1393667705601859585
1393667708483346435
1393667709808914434
1393667714770771974
1393667717899685893
1393667724354613252
1393667728091885569
1393667728578207745
1393667730096762884
1393667736300048384
1393667740091756547
1393667740670599168
1393667747163295747
1393667747356237825
1393667750971809802
1393667753224069131
1393667753555349504
1393667754104745987
1393667755308683266
1393667757674225674
1393667758005522433
1393667759318323201
1393667761671446529
1393667765354082305
1393667771192410112
1393667775533621251
1393667776368103424
1393667779241422849
1393667779383988230
1393667785503481868
1393667795318083588
1393667797046136836
1393667803257860100
1393667813936492545
1393667815471828993
1393667822903984130
1393667831808630784
1393667833217781760
1393667834710986759
1393667834828365826
1393667841585565699
1393667842676043782
1393667842675982338
1393667845318496264
1393667845842636800
1393667846899605506
1393667848850055171
1393667851668623364
1393667853061083140
1393667855070253059
1393667855166722051
1393667859272851466
1393667865576972295
1393667867795759109
1393667871264346112
1393667873042731008
1393667873432903688
1393667881712422914
1393667883113254912
1393667885369790467
1393667886934368258
1393667888989437954
1393667891015344131
1393667894253293571
1393667903250001923
1393667911005478914
1393667911089328129
1393667911739482115
1393667912448282627
1393667914801291268
1393667915325616139
1393667920182579200
1393667921612709888
1393667926201446401
1393667928969465856
1393667928936038406
1393667935110144000
1393667939954397185
1393667941422571526
1393667943339266048
1393667945256079362
1393667946040365064
1393667954580013056
1393667955729211394
1393667965489356802
1393667967691464706
1393667969327185920
1393667969587294213
1393667975819907072
1393667979846459392
1393667980823875585
1393667983243989003
1393667987488579586
1393667988004478982
1393667989069774851
1393667990407716867
1393667993142444034
1393667993570267144
1393667993440296966
1393668007780655104
1393668008850169859
1393668011366785024
1393668012276867073
1393668016039071744
1393668035156844545
1393668041334870016
1393668042970656769
1393668043654320128
1393668044120002573
1393668046858821632
1393668046976344065
1393668055599927301
1393668057290231809
1393668062629535744
1393668062981787651
1393668064366014467
1393668064563105794
1393668067608174597
1393668078265847812
1393668082275602435
1393668087598157827
1393668089540222981
1393668093394571266
1393668097983270913
1393668105625378817
1393668106078224385
1393668111442788354
1393668116215910403
1393668125095256073
1393668127326711812
1393668130744983557
1393668131487371277
1393668133131534343
1393668142195482624
1393668145269854210
1393668145852846089
1393668147828465664
1393668150428901376
1393668151204892683
1393668153520103424
1393668153910120452
1393668159434108930
1393668162722410501
1393668168237867008
1393668168686751748
1393668175535874048
1393668177150758915
1393668178736148480
1393668180397207555
1393668180657180675
1393668181357596672
1393668183341608963
1393668185719705603
1393668186822877187
1393668189016363009
1393668194393542664
1393668194448023552
1393668196314587140
1393668202647879681
1393668208029220864
1393668208750735363
1393668213796483077
1393668213905440769
1393668215193182210
1393668216715677699
1393668217508356096
1393668221216038912
1393668221614526464
1393668222851952641
1393668223434858497
1393668224038973447
1393668225016029185
1393668225804685320
1393668227096530951
1393668229227184128
1393668230372286465
1393668230569287685
1393668232612093954
1393668235376144390
1393668239381643270
1393668242602872836
1393668248244269060
1393668251972931586
1393668253650665472
1393668262416760837
1393668265025712141
1393668265466081280
1393668270386028545
1393668271438647296
1393668272852246534
1393668278413824000
1393668281169584128
1393668282671054855
1393668283564449793
1393668286110437376
1393668294348054529
1393668296633839620
1393668301134434306
1393668303051235343
1393668303684521991
1393668306150776832
1393668311087411201
1393668323355811842
1393668326254067722
1393668327738945543
1393668333715615744
1393668335200571395
1393668342238662656
1393668344105082890
1393668346151907330
1393668347007586309
1393668347221450757
1393668357023490056
1393668357610684417
1393668357971349507
1393668361947652099
1393668374735904773
1393668374983593986
1393668375553978369
1393668381564456961
1393668385540542465
1393668392444481538
1393668395443228673
1393668396173176838
1393668396261154816
1393668396802355201
1393668399960666113
1393668401449500672
1393668403622187010
1393668404805087237
1393668415403986946
1393668416662241281
1393668419506118658
1393668422332977160
1393668425814355971
1393668426149896194
1393668432072110081
1393668433938731021
1393668439168847873
1393668445816991745
1393668447238705154
1393668447788277763
1393668456902500368
1393668457665896459
1393668458735357952
1393668461642067968
1393668465555345412
1393668468378058754
1393668469074370568
1393668469548191746
1393668470210977793
1393668472794648577
1393668475638489089
1393668476053692421
1393668477731344386
1393668479023190017
1393668481044795392
1393668481913135105
1393668482290573317
1393668490150649856
1393668491048222720
1393668491677405187
1393668492226932741
1393668500544180224
1393668503362838533
1393668505581522944
1393668506013421568
1393668506550480896
1393668506579832832
1393668507317981192
1393668510811709448
1393668513441587200
1393668517984100358
1393668521997922304
1393668524548182017
1393668525043064833
1393668526792134661
1393668534555881473
1393668541644214282
1393668543149903873
1393668544953475085
1393668545112940544
1393668553711263745
1393668553572851714
1393668556290678791
1393668558656258051
1393668561168633857
1393668566285635588
1393668567657324544
1393668568340910080
1393668572803645440
1393668582433767424
1393668588297408527
1393668594890797058
1393668597013127170
1393668597340381191
1393668597302562822
1393668597482807296
1393668611110285312
1393668614276796416
1393668623089115136
1393668626004197378
1393668632601788416
1393668633516195841
1393668633465737218
1393668639643955200
1393668640243867651
1393668641036505090
1393668645755133952
1393668655578112000
1393668655414759433
1393668657578868736
1393668658900180992
1393668667385303051
1393668667720847360
1393668674486251528
1393668682606288896
1393668684464496652
1393668686301384704
1393668686960111616
1393668687228542976
1393668687689707522
1393668690671927299
1393668689271083017
1393668691863031808
1393668704538447872
1393668713006706700
1393668726441062408
1393668731453067266
1393668746552778755
1393668748607897600
1393668754551320576
1393668760079372289
1393668764340731905
1393668766194675712
1393668769344462848
1393668771185897476
1393668777154383874
1393668779259858944
1393668780476100608
1393668781323419648
1393668782124589059
1393668782535544832
1393668785744355328
1393668790978846726
1393668798054608898
1393668798234906637
1393668805528719360
1393668809416978434
1393668815872053250
1393668816312299520
1393668819537645569
1393668823413297153
1393668831881617415
1393668844292427777
1393668853436239874
1393668854488780800
1393668864991383555
1393668865763123203
1393668875611381767
1393668877331075073
1393668880116109314
1393668885237444611
1393668889914007564
1393668893558910979
1393668896541057031
1393668896708759558
1393668898357194754
1393668904497688576
1393668906217353217
1393668906389164037
1393668909610328064
1393668918833733633
1393668922516332548
1393668924164624384
1393668924273618945
1393668925703872512
1393668927067070465
1393668927306100740
1393668929915031552
1393668932934934530
1393668936693129224
1393668939306045440
1393668940757274625
1393668941990481923
1393668944309981186
1393668944871952391
1393668948990648321
1393668949020135424
1393668950383333376
1393668959249920003
1393668961309450245
1393668966153863168
1393668966220972032
1393668976228581381
1393668977319104521
1393668981228191747
1393668982570426375
1393668985816768513
1393668988161429509
1393668988236873733
1393668992443748359
1393669002170351616
1393669011695677447
1393669014153482245
1393669016388980736
1393669016565293059
1393669017433513985
1393669026446970882
1393669026556039168
1393669027722141700
1393669030561583104
1393669032059052034
1393669040141344769
1393669042163044352
1393669044084088839
1393669046608949249
1393669048647356417
1393669050136473607
1393669052577550343
1393669058646663169
1393669062425825281
1393669067106570240
1393669078787792896
1393669081107161089
1393669082147295232
1393669089990610952
1393669091450306573
1393669093589401604
1393669099151138816
1393669101298487297
1393669103085293568
1393669106914766854
1393669107703160832
1393669109926219785
1393669110584729602
1393669111784296448
1393669112484679683
1393669116926496773
1393669133523369984
1393669139387011076
1393669141303906306
1393669142084001804
1393669145883987974
1393669156168511490
1393669156663283713
1393669158727004161
1393669158819319812
1393669164112384000
1393669169342713856
1393669171989340162
1393669176426782720
1393669178129801216
1393669178817753089
1393669179564335115
1393669180684218370
1393669183448264707
1393669184169648129
1393669186568687618
1393669188573556737
1393669194210713601
1393669196970606595
1393669200367915009
1393669200724566016
1393669203509579778
1393669208760672256
1393669208693624833
1393669209616420867
1393669212485390344
1393669218177069058
1393669219108130820
1393669220236414982
1393669220961902593
1393669231334547470
1393669252104720392
1393669253765771267
1393669266684055553
1393669269905461254
1393669273529298947
1393669275118968835
1393669278872780801
1393669281037049863
1393669291153764352
1393669299680649217
1393669301454852097
1393669306827776000
1393669307658297353
1393669307658379266
1393669308480425984
1393669310430711814
1393669315107373058
1393669318974525445
1393669319209357314
1393669331461054470
1393669334833131521
1393669338587041794
1393669347265101826
1393669350045929475
1393669356744155136
1393669358652739584
1393669361303527425
1393669363614601218
1393669375606075401
1393669381465411584
1393669381939417091
1393669383390642181
1393669385244532739
1393669391745572864
1393669393926733834
1393669397487702022
1393669402197901315
1393669402290233346
1393669403116548096
1393669403489841154
1393669425497317380
1393669429817450500
1393669440621793281
1393669441829879813
1393669445722202115
1393669446078582784
1393669449643962369
1393669450793209856
1393669453674475520
1393669456975568897
1393669458149920769
1393669458758090758
1393669467054518275
1393669468472160259
1393669469180989445
1393669469491195906
1393669471156412416
1393669472825737218
1393669474755153920
1393669480614608903
1393669481113792512
1393669489867296768
1393669493432352769
1393669494522920965
1393669502051786753
1393669502081114112
1393669507453911042
1393669510033547264
1393669511992143874
1393669514529808389
1393669525665632259
1393669534356316165
1393669537409769475
1393669540307947523
1393669542405185547
1393669543353069574
1393669551783546885
1393669552693727232
1393669553306148870
1393669555764043780
1393669557064175622
1393669558486118406
1393669563099779076
1393669563321962497
1393669564731301889
1393669565041741827
1393669565507411968
1393669565394165763
1393669566434136066
1393669568254652420
1393669572654424067
1393669577289060353
1393669579528933378
1393669596129861632
1393669597098823681
1393669600437538816
1393669606024237056
1393669606640820224
1393669607148294144
1393669608968699908
1393669616560398341
1393669616870821888
1393669619580276741
1393669620310020096
1393669621761249281
1393669626794586113
1393669631030792202
1393669631307489280
1393669632922464260
1393669640417529857
1393669640618856449
1393669641843642372
1393669648265191432
1393669649888333831
1393669653126393863
1393669655416344576
1393669659128385536
1393669660650967040
1393669661540114433
1393669670604091397
1393669674706030592
1393669677516210177
1393669679667892224
1393669694268211200
1393669694641475585
1393669697518940161
1393669700744265729
1393669702061223936
1393669704342966275
1393669704410095617
1393669705911648256
1393669709954945025
1393669712874192908
1393669720927256583
1393669722881859587
1393669724383424520
1393669727772319744
1393669736379023361
1393669739789094915
1393669743073243146
1393669748110544913
1393669751398969346
1393669757061275651
1393669769459503104
1393669769442861057
1393669769715462148
1393669785305636864
1393669785620295681
1393669791223672834
1393669791743873027
1393669818302226443
1393669825017237504
1393669832869044232
1393669832915181574
1393669843115720709
1393669851646881792
1393669851806375936
1393669856583692292
1393669867480485895
1393669870433169408
1393669880654835717
1393669881199960065
1393669883410501633
1393669884341415936
1393669891673272322
1393669892797353984
1393669893115965443
1393669897205338114
1393669897092313096
1393669897943715843
1393669909620551680
1393669914343272448
1393669916377632774
1393669923336040448
1393669924296527872
1393669930860482560
1393669933339496457
1393669937848365057
1393669941417676800
1393669945351884801
1393669946383683591
1393669946794602496
1393669949336530945
1393669952205467654
1393669959172214791
1393669967405531142
1393669971776004096
1393669972648357888
1393669975596888064
1393669975991279624
1393669991870894081
1393669992621694978
1393670000263708675
1393670006668505089
1393670019389657089
1393670030399741953
1393670031599362059
1393670037420924929
1393670038037487617
1393670038494892042
1393670039027417089
1393670040424157186
1393670042764591109
1393670044220002318
1393670045536952320
1393670047864868864
1393670048351412227
1393670050024882176
1393670050150764548
1393670052612878336
1393670054525423616
1393670056874233857
1393670060888231939
1393670060737171461
1393670067523657729
1393670071369682945
1393670072506351616
1393670076193251331
1393670078059659266
1393670084099411969
1393670089367502849
1393670089279430662
1393670089422123017
1393670096585900038
1393670097974267909
1393670100042100741
1393670104433401856
1393670104756506632
1393670105100341249
1393670106710958085
1393670113597997057
1393670118186627081
1393670118404542469
1393670121730805761
1393670123806920704
1393670130891112448
1393670130954117121
1393670134598828033
1393670135693598721
1393670144061108227
1393670146103906307
1393670147609489408
1393670152693059587
1393670157281554434
1393670160733532161
1393670161824194563
1393670167713009667
1393670168019148801
1393670170531430401
1393670176034459651
1393670179817721867
1393670183303135233
1393670186146963460
1393670187325566976
1393670193608540160
1393670194405330945
1393670198578749440
1393670205663059973
1393670207139422210
1393670214160568320
1393670218635939857
1393670225468563460
1393670234247204871
1393670238508445696
1393670241444634627
1393670244447703043
1393670249011060738
1393670249627758596
1393670270594977794
1393670272520265730
1393670275003265025
1393670275766624264
1393670279348490248
1393670281764524033
1393670283127660545
1393670296029351937
1393670301041537034
1393670303956471814
1393670304241655808
1393670309518012417
1393670313376890887
1393670314589048834
1393670315251744770
1393670321190887424
1393670328665133056
1393670332146401283
1393670345568047104
1393670346633580549
1393670347283746822
1393670348885970944
1393670354095288326
1393670354825056261
1393670356624412677
1393670358977363971
1393670360894148608
1393670361762390017
1393670363167531013
1393670365864501257
1393670372675842049
1393670374508871683
1393670379000926210
1393670379269464065
1393670380313669632
1393670382956261379
1393670385858748416
1393670401499164675
1393670415030099968
1393670416699322369
1393670430091788296
1393670430557356041
1393670432427892738
1393670440275517443
1393670445141008385
1393670448622178308
1393670449675046915
1393670450346135556
1393670461028900867
1393670462337601537
1393670465638518788
1393670473322405888
1393670476854177795
1393670485393780740
1393670486404521987
1393670492834385925
1393670500019183619
1393670503429193735
1393670512837070850
1393670517857599489
1393670519254290437
1393670521083072512
1393670535071117312
1393670535519870976
1393670536153210890
1393670540397740037
1393670541576392714
1393670546458566657
1393670548882870280
1393670550334189573
1393670554901700615
1393670559221829633
1393670562753523714
1393670563294547968
1393670563525185536
1393670567472111617
1393670567891374081
1393670568168280064
1393670570844332035
1393670574942171136
1393670580403163140
1393670581053132800
1393670585516019715
1393670586816159750
1393670588279963648
1393670592189112324
1393670594172919808
1393670596026847236
1393670597830488065
1393670598530899969
1393670599071895553
1393670600053379074
1393670603886956545
1393670606906855424
1393670610601988097
1393670619762364416
1393670622815870980
1393670626431275008
1393670628922859520
1393670641736462341
1393670642441011201
1393670646664679432
1393670653035925507
1393670654168240129
1393670662124879876
1393670668160491521
1393670672275197956
1393670679132839938
1393670683465445377
1393670684308508677
1393670684879073285
1393670687127183365
1393670687450095621
1393670689916432386
1393670691388538881
1393670693758377984
1393670698816638980
1393670700263780358
1393670705728954368
1393670709851869190
1393670711131136000
1393670712615968769
1393670713316286465
1393670721289822210
1393670721675563010
1393670728055066624
1393670728319479812
1393670730307444736
1393670732308221955
1393670733763649538
1393670733956517888
1393670736967979009
1393670738268364802
1393670747122507778
1393670750238871555
1393670751794966529
1393670752637915136
1393670755595005952
1393670756819685381
1393670757637660681
1393670758166114304
1393670760519008257
1393670760640565248
1393670761697660928
1393670761878106119
1393670765728485383
1393670767242485760
1393670767041077249
1393670768245018631
1393670769167806465
1393670775136260096
1393670779460538376
1393670781175992320
1393670788625039362
1393670788776005634
1393670792311881738
1393670792177537025
1393670794262171648
1393670800021102606
1393670804429320193
1393670809739165698
1393670810594914309
1393670814638170115
1393670815305064451
1393670821160312842
1393670821378461702
1393670821722435589
1393670824213815303
1393670824683470849
1393670827950972929
1393670829058060289
1393670832912838657
1393670837966827523
1393670840991027207
1393670840831545344
1393670842404548613
1393670848087793672
1393670849354366979
1393670849497075717
1393670855306088448
1393670856790925312
1393670859815104520
1393670860716740610
1393670864269361155
1393670864919433216
1393670867884724225
1393670875426131969
1393670877212987392
1393670879192748037
1393670884376915972
1393670894497812480
1393670894954844160
1393670900013223938
1393670906908614659
1393670920892518407
1393670923245457410
1393670925254549508
1393670935899688960
1393670937485234179
1393670940052135943
1393670945479413760
1393670948969226241
1393670951322148864
1393670954937585665
1393670957743628297
1393670958838390788
1393670967570931714
1393670976341151747
1393670978622865416
1393670986277527557
1393670995723046914
1393670996763283463
1393670997136470016
1393671002517753856
1393671005311180804
1393671008561860617
1393671012093419524
1393671011816574977
1393671013632708611
1393671014400266250
1393671015037906958
1393671017256701955
1393671022218522624
1393671030321860610
1393671032578379785
1393671034570780675
1393671037737488389
1393671038337273860
1393671038890872832
1393671042699251712
1393671042804166658
1393671044842496001
1393671047367507975
1393671047917056000
1393671049284182016
1393671054359400449
1393671055739396101
1393671070264213512
1393671083908243457
1393671086101893123
1393671087037337604
1393671090770120706
1393671093425033216
1393671094893260802
1393671095757180929
1393671103957110784
1393671121837330432
1393671122462384135
1393671125352292356
1393671127147454469
1393671129336729602
1393671131014512641
1393671132083937282
1393671145661124616
1393671148748034048
1393671150564257794
1393671154406100997
1393671154573844481
1393671156125810692
1393671157887418368
1393671160412311552
1393671165189574660
1393671171564998656
1393671172315914243
1393671179995648000
1393671180322803721
1393671179823722497
1393671191672524801
1393671198450532355
1393671199331389446
1393671202024038401
1393671204079390724
1393671204268126212
1393671210769207296
1393671215345250307
1393671219656986625
1393671224136503301
1393671225612947459
1393671226766368768
1393671235121422347
1393671237008728065
1393671243941875712
1393671246949257217
1393671254054297600
1393671258370420740
1393671268021506058
1393671268495417345
1393671271645388801
1393671275625725958
1393671278096179201
1393671278507151360
1393671281313296387
1393671290393960454
1393671295712120834
1393671297750683653
1393671300401483777
1393671306114076672
1393671307062124548
1393671307313631233
1393671320764702720
1393671329015078915
1393671331481366528
1393671344219435008
1393671351517556737
1393671356059897860
1393671370748268544
1393671372623294465
1393671373491408897
1393671374057529348
1393671375861211141
1393671395373199360
1393671398963429377
1393671399491899392
1393671402180448256
1393671402931245057
1393671406257311748
1393671408258064398
1393671409281511425
1393671418320146432
1393671418714288129
1393671426088083458
1393671426389983241
1393671430534045696
1393671430726955008
1393671431116914688
1393671435722366977
1393671435856531461
1393671437437874181
1393671439216152577
1393671440193441796
1393671459264892933
1393671464633741313
1393671470610632704
1393671472724410371
1393671478265061376
1393671478357463049
1393671479502462979
1393671479808729091
1393671481318649864
1393671482253844480
1393671483151552517
1393671483042406400
1393671484736950276
1393671485378727936
1393671487802990599
1393671509735006210
1393671510536163330
1393671513820307458
1393671515246313473
1393671515447562243
1393671516244484097
1393671524423450632
1393671529171410955
1393671537157361671
1393671547441844226
1393671558539857935
1393671559202574337
1393671559496208384
1393671563573088256
1393671572892753920
1393671579901497356
1393671590676676610
1393671591184187395
1393671604945760260
1393671610708619265
1393671622112911364
1393671626709999620
1393671633244676097
1393671634502967300
1393671636184875008
1393671643310944256
1393671664395685890
1393671670955606016
1393671686092988421
1393671694146064385
1393671695349735424
1393671699942547456
1393671705034379267
1393671705927852034
1393671712600858627
1393671723023835137
1393671724084957187
1393671727918555144
1393671730955268096
1393671732423233536
1393671732981030915
1393671734029520896
1393671734801350661
1393671737074716675
1393671743022174211
1393671748302688256
1393671752526483461
1393671754137194501
1393671754363584516
1393671757496832002
1393671759510048772
1393671761296723969
1393671762689335299
1393671775997804545
1393671776253747204
1393671782826139648
1393671784700985348
1393671786097696774
1393671791076388875
1393671793215524867
1393671802761715714
1393671806373048321
1393671810902761472
1393671816510590976
1393671817701769217
1393671826782441474
1393671830200799235
1393671834114068480
1393671841345114112
1393671842129383431
1393671842422923265
1393671842842435590
1393671849016500230
1393671852250353666
1393671860403900416
1393671860936712193
1393671860970196997
1393671870029914114
1393671875448868865
1393671878573690885
1393671887721488387
1393671889172660224
1393671889235550210
1393671889206267906
1393671889822703617
1393671890305159171
1393671893891391488
1393671897578197000
1393671897523671043
1393671898463014912
1393671898492547077
1393671901935898626
1393671906176372741
1393671906377805830
1393671908646801408
1393671910135717889
1393671915437428736
1393671917027176454
1393671916930703361
1393671918528733188
1393671927298871296
1393671931870777353
1393671934357950465
1393671937440759808
1393671942721490951
1393671944004804609
1393671946370314243
1393671949285351425
1393671952267497474
1393671954348007425
1393671955463692288
1393671958785495043
1393671963881742340
1393671975923437570
1393671981317427206
1393671994026176517
1393671995439599616
1393671997649993728
1393672000644673538
1393672003773739011
1393672004658683910
1393672013282164746
1393672014947397639
1393672021490425860
1393672026859229188
1393672031736975361
1393672044718460930
1393672044055830536
1393672052075163653
1393672056034762753
1393672057800560642
1393672061072166915
1393672075534012416
1393672075856936961
1393672083205345284
1393672091258523652
1393672091635830785
1393672092961460224
1393672101295362049
1393672104420184066
1393672104982290432
1393672107481985026
1393672118085341184
1393672120232783873
1393672130588340224
1393672135944531968
1393672136590434304
1393672136733216773
1393672139845287938
1393672145331314689
1393672146753314822
1393672147122462725
1393672149253099523
1393672151153184770
1393672151585202183
1393672152411480064
1393672157792804868
1393672158249947137
1393672169507459079
1393672172011466770
1393672174809067523
1393672180320329729
1393672185684840452
1393672186716729345
1393672187916308482
1393672191749857282
1393672200046137346
1393672210494152704
1393672211060248576
1393672211995660291
1393672221806186503
1393672222892494851
1393672224243077121
1393672237316706304
1393672240751808512
1393672245504053252
1393672245944463361
1393672251392897024
1393672254043611136
1393672254555312133
1393672259261317120
1393672261450620928
1393672261761216520
1393672261975019521
1393672272137777152
1393672275464003584
1393672276206358536
1393672283219243016
1393672290156548098
1393672292308246536
1393672293654597632
1393672295894372358
1393672301418356740
1393672306044686337
1393672306845790220
1393672307529355267
1393672309089705984
1393672309031018500
1393672309312036873
1393672309337116673
1393672313942560768
1393672315867697152
1393672322100473859
1393672333282398208
1393672333861265418
1393672337808138243
1393672338852438016
1393672339716550658
1393672344883941379
1393672349904420867
1393672353683492867
1393672366060974081
1393672366773833728
1393672366576881667
1393672367549947904
1393672368501886984
1393672370603315210
1393672372385951744
1393672383177789442
1393672390182375424
1393672394355531776
1393672395911745537
1393672401649549313
1393672409216163844
1393672412689047559
1393672414958170114
1393672416115761155
1393672419559288832
1393672420171603977
1393672420234518535
1393672420603568128
1393672420825915396
1393672421824155650
1393672423619321857
1393672425812889601
1393672428111421440
1393672428476317703
1393672429281726472
1393672432062500869
1393672443781337089
1393672445014458368
1393672445643612164
1393672451570081795
1393672459719569408
1393672466590048260
1393672471107223557
1393672477201534976
1393672481853091843
1393672484482961411
1393672484809973760
1393672488987643908
1393672490371661834
1393672490510168064
1393672495740424192
1393672497627746306
1393672501016793091
1393672508264521728
1393672508503642115
1393672508453396482
1393672508700860419
1393672510663794693
1393672512202969090
