1396556516526809088
1396556518300995584
1396556541721862149
1396556553721950212
1396556562437656580
1396556567131181067
1396556596608598017
1396556601369272333
1396556603030077440
1396556612618305536
1396556615202058240
1396556623150297088
1396556624303738883
1396556629693190145
1396556632797196294
1396556636202885120
1396556644000075780
1396556656113246217
1396556668943613956
1396556679186198534
1396556681484455938
1396556700199620612
1396556713441087493
1396556722496368642
1396556729295454210
1396556732273410049
1396556733900808195
1396556735826087938
1396556737440800768
1396556753358123008
1396556769560760320
1396556788061937666
1396556800766402565
1396556813814878217
1396556822446854151
1396556835893678081
1396556844093644803
1396556852301684737
1396556880344924165
1396556884430184453
1396556891396972546
1396556902482513924
1396556927354736649
1396556933826596871
1396556949660082176
1396556962238697474
1396556972359565313
1396556999937052674
1396557002193702925
1396557009491693569
1396557012008329222
1396557012809379842
1396557016349519873
1396557018979315713
1396557020900171780
1396557057277534210
1396557089254875141
1396557093478469638
1396557098297737219
1396557158779478017
1396557161178697729
1396557167885438984
1396557175338766344
1396557183643357185
1396557203197218816
1396557218510786574
1396557247107371008
1396557249800192005
1396557263813423106
1396557275716849667
1396557285019820041
1396557302140792833
1396557332738359303
1396557338497232904
1396557347259092992
1396557349012320258
1396557366930415616
1396557369300115463
1396557399364939778
1396557400564449282
1396557436786466818
1396557454960300032
1396557461805543430
1396557470684811271
1396557486702931970
1396557488846217216
1396557491396386822
1396557513902989318
1396557522895523841
1396557529761697797
1396557534983606281
1396557557737656324
1396557578088292356
1396557588523896836
1396557604613197825
1396557648447905794
1396557657184612353
1396557668823691264
1396557689283620865
1396557692072730627
1396557693788114945
1396557718052347912
1396557732598198280
1396557764101554179
1396557767574491136
1396557769252081664
1396557774092480513
1396557783156285440
1396557817264365572
1396557835551481856
1396557867931537411
1396557882645229577
1396557889448210432
1396557898256470016
1396557912487645184
1396557933622726661
1396557936084885504
1396557961137434632
1396557994662453248
1396558003931844612
1396558011615875075
1396558033153576967
1396558035980537856
1396558055110762496
1396558055903485958
1396558072802385934
1396558111947862025
1396558119468212224
1396558164527624195
1396558185360773123
1396558197415108617
1396558201282310144
1396558214091599873
1396558218080530443
1396558222173958144
1396558232236302339
1396558232684990464
1396558239244894215
1396558241933537283
1396558250070380549
1396558254247972871
1396558259880960003
1396558263374733314
1396558264293330947
1396558270328942604
1396558271738040320
1396558272946188289
1396558281506803716
1396558281825558535
1396558289593372679
1396558296031580162
1396558297289957378
1396558300897071109
1396558304621563907
1396558310808117260
1396558315413463040
1396558319762952205
1396558327530803202
1396558327438614532
1396558336791748609
1396558357566083072
1396558363710865410
1396558365061521408
1396558377912737794
1396558381112954882
1396558396774617095
1396558430341451779
1396558432489009154
1396558434108116996
1396558436029112320
1396558442425307138
1396558460276199426
1396558460725211143
1396558462553780225
1396558486851538946
1396558488633954304
1396558493897822208
1396558506015215619
1396558516203237379
1396558528731664384
1396558548092522496
1396558555650605060
1396558556124487680
1396558558800580611
1396558568493563908
1396558569957478407
1396558581194006539
1396558602052243459
1396558606259032065
1396558614303625217
1396558642434953221
1396558654459940870
1396558696319262725
1396558700509372418
1396558724395724805
1396558728434880512
1396558729135394819
1396558729164828672
1396558736244805633
1396558736148291592
1396558742976618498
1396558750148857857
1396558753147785218
1396558753797853184
1396558757979623427
1396558758462033925
1396558819853963266
1396558850401112066
1396558880528818180
1396558882101673990
1396558887591944194
1396558903387643905
1396558907884154885
1396558920353599488
1396558930952785928
1396558935897878529
1396558949839691781
1396558975030681604
1396558980269297665
1396558985281511424
1396558985642221569
1396559011898707971
1396559012397735940
1396559062012100609
1396559063597690881
1396559067942895617
1396559086225854466
1396559092173479939
1396559098238275585
1396559115007062017
1396559136188424203
1396559147106177024
1396559159294930951
1396559165330501635
1396559179918217217
1396559190538260486
1396559228031193093
1396559246263656448
1396559255914696706
1396559274860498945
1396559292896059397
1396559297732124676
1396559353184985088
1396559358486622208
1396559380162781195
1396559396369534979
1396559404812566528
1396559435309461511
1396559467114807301
1396559481794924544
1396559507078139910
1396559550535327752
1396559571154579473
1396559574598041608
1396559579102679042
1396559579224367104
1396559589328490497
1396559590473433088
1396559599977869313
1396559605979705345
1396559625416290304
1396559629593817089
1396559637550407682
1396559650372341763
1396559660484726784
1396559674959302657
1396559695482179598
1396559698053173256
1396559699596750848
1396559702671122437
1396559704822845443
1396559705422667781
1396559712275947522
1396559732437970944
1396559741434871816
1396559746908438530
1396559752755359756
1396559753724182529
1396559763266232321
1396559770170101765
1396559777979944963
1396559791728828419
1396559804051697673
1396559813732179968
1396559826964996107
1396559847496331265
1396559849538871301
1396559854911819778
1396559861006192643
1396559867511545856
1396559876000714755
1396559876692881415
1396559877288480771
1396559882921390081
1396559884901040131
1396559890248839171
1396559902471036928
1396559903829934082
1396559905176186883
1396559907529404419
1396559916660371458
1396559934913982464
1396559936079925251
1396559943826739200
1396559947488444416
1396559952194555905
1396559971555368961
1396559971479851013
1396559983529975811
1396559984301912069
1396559998000435200
1396560001792098310
1396560008645685257
1396560018657382408
1396560019706064905
1396560033517817857
1396560059375759362
1396560061846151171
1396560074072633344
1396560096776314887
1396560096784752640
1396560096793174017
1396560101645946883
1396560111288659970
1396560119186575361
1396560122382454788
1396560129122787329
1396560134474584065
1396560150941556743
1396560157614776325
1396560172307333126
1396560185230041092
1396560198341332994
1396560230893248515
1396560247561523204
1396560260664545284
1396560266087776259
1396560266863783937
1396560273805242370
1396560278238601216
1396560281468391427
1396560306160214021
1396560310572437511
1396560312833388548
1396560354172354560
1396560358198988800
1396560370622504961
1396560379715616772
1396560403182796801
1396560436405981187
1396560440684007424
1396560455800291328
1396560465824784387
1396560475660308481
1396560486129405957
1396560496464117760
1396560510288547841
1396560520963051521
1396560531956322305
1396560534477197312
1396560540785430530
1396560546422472711
1396560548121219075
1396560549912137733
1396560560502759429
1396560574461497346
1396560581814104071
1396560593558007810
1396560594124173315
1396560594933792768
1396560602508713990
1396560639427072008
1396560652639080457
1396560685090238465
1396560688093573130
1396560695991357445
1396560697790803976
1396560708448358400
1396560711829032962
1396560736697167872
1396560754472480768
1396560773376356353
1396560774890459139
1396560802245660672
1396560803034124292
1396560821698846721
1396560836127297538
1396560841349255172
1396560845623148548
1396560852254216195
1396560874207277057
1396560876430364675
1396560882340179971
1396560891412455426
1396560895740989441
1396560934777274371
1396560945263038467
1396560945296470017
1396560961297780736
1396560968466014212
1396560975340326914
1396560984081375232
1396560987596144645
1396560997150773248
1396561017224654850
1396561040276705282
1396561040381562883
1396561062003097603
1396561071503204360
1396561081443749891
1396561084753055748
1396561089417015298
1396561089542905859
1396561092814393344
1396561099525443587
1396561159910723584
1396561166969843719
1396561171516297218
1396561207805493257
1396561223991369729
1396561257277411333
1396561298129924098
1396561310746247169
1396561352974536705
1396561396456951812
1396561406598606849
1396561411493355521
1396561424042938370
1396561424764346373
1396561429831036928
1396561437473091585
1396561441751248902
1396561452123803648
1396561461250457601
1396561467252559874
1396561471442624517
1396561504753786881
1396561505521307651
1396561519060606982
1396561532675256320
1396561540342599681
1396561548127080450
1396561549272260612
1396561550798999554
1396561556054298625
1396561563591626754
1396561571313242115
1396561578439360513
1396561584793735175
1396561588249927690
1396561590984474625
1396561596370104329
1396561599742320644
1396561628527796232
1396561630981464066
1396561635876147208
1396561637985820672
1396561638975803396
1396561647217479680
1396561700648898561
1396561701705760771
1396561704948051968
1396561715840442373
1396561734090072067
1396561774216941575
1396561777635246087
1396561789857325058
1396561805787369472
1396561815623065608
1396561857087950849
1396561864063168517
1396561882329325573
1396561884912947202
1396561888008409090
1396561910825328642
1396561913224568840
1396561914126340105
1396561938218373131
1396561962541137922
1396562016643469314
1396562029717118977
1396562061002514435
1396562072910061568
1396562080585576449
1396562087573340163
1396562089284706309
1396562096662396931
1396562101074894848
1396562122843344909
1396562138127339520
1396562148042674180
1396562152459096064
1396562169886556162
1396562211313799169
1396562224873869314
1396562230351568897
1396562240673918978
1396562240891932673
1396562247527305218
1396562271149641732
1396562281165639681
1396562285875896321
1396562289210368000
1396562299801022468
1396562307359154184
1396562342410924035
1396562365097910277
1396562367438368770
1396562371947032579
1396562379853516803
1396562388246220803
1396562392641847302
1396562416880824323
1396562417765785604
1396562420873797637
1396562437130833933
1396562449000669184
1396562465312366594
1396562471532498947
1396562472430100482
1396562486862569475
1396562504394977289
1396562520719204361
1396562528646270976
1396562530609291269
1396562552398696449
1396562560392982529
1396562566109876224
1396562582614458373
1396562609655136258
1396562631180308490
1396562655842816003
1396562655867936769
1396562667670810627
1396562671663726592
1396562680970895361
1396562682589876231
1396562692421431302
1396562698209570818
1396562712159784963
1396562717390090246
1396562737002467328
1396562767256055809
1396562797677457421
1396562799913013253
1396562822478270474
1396562842019500032
1396562847988162566
1396562849988743171
1396562862139707395
1396562878430339078
1396562886168924160
1396562894435897353
1396562921711304704
1396562922864840711
1396562924672532485
1396562930506870787
1396562942791987200
1396562945635614723
1396562974928633856
1396562990640484352
1396562992733597698
1396563000975192064
1396563008378204166
1396563012094398464
1396563019577139202
1396563021695275012
1396563034978533383
1396563036190740483
1396563053446115328
1396563059146117120
1396563066079223812
1396563069116076036
1396563076871294977
1396563077240434688
1396563080197263360
1396563090364190720
1396563101856813056
1396563103530196992
1396563108420784135
1396563113776848896
1396563122358419456
1396563125298663425
1396563135033536512
1396563135541047296
1396563141245509635
1396563152687570949
1396563157838139395
1396563171788431365
1396563173726162953
1396563177048088578
1396563177555464194
1396563180596469764
1396563195402366978
1396563196215967749
1396563196895449092
1396563199907016704
1396563209134518274
1396563221595754496
1396563232798695426
1396563236061949956
1396563266546147340
1396563276910272515
1396563291300720640
1396563348981010442
1396563350696435718
1396563375056900096
1396563380941561857
1396563384582217738
1396563390881878019
1396563397383049219
1396563403163017217
1396563407998959618
1396563424289738753
1396563424977596418
1396563436222521344
1396563437476536320
1396563455293812739
1396563467671273473
1396563479503507458
1396563493902602248
1396563506145677315
1396563512697270278
1396563522532876303
1396563531328262150
1396563536545943553
1396563538148212743
1396563540710940677
1396563540673273857
1396563547862274053
1396563569366470664
1396563580263280640
1396563584059011073
1396563586227396609
1396563592502251520
1396563603352862721
1396563617827405828
1396563661112504321
1396563663868342272
1396563667802599428
1396563693077364737
1396563695166279683
1396563706021023744
1396563706503368706
1396563714959085571
1396563732721975297
1396563739290308623
1396563766461050885
1396563769757630468
1396563774379790338
1396563821330845697
1396563850590396417
1396563886967607307
1396563910921183236
1396563927266377733
1396563939618562050
1396563960065892360
1396563970480300033
1396563982249570305
1396564000809291776
1396564031515807744
1396564040856522758
1396564042786000897
1396564065447677953
1396564066970259462
1396564067213402112
1396564075665047552
1396564087199338497
1396564113506045961
1396564122871943171
1396564138508312589
1396564156749271040
1396564191314681859
1396564229046509573
1396564246398386185
1396564250051678212
1396564259790893058
1396564261120446466
1396564268405952516
1396564272554123266
1396564282196729856
1396564301935169546
1396564307911921664
1396564328548032519
1396564340824846340
1396564349049839618
1396564350526164993
1396564350706532352
1396564352761835522
1396564357115518977
1396564364581228546
1396564377055158278
1396564379374661639
1396564404494340099
1396564408482996226
1396564409938583552
1396564429999902723
1396564430981378054
1396564442402463746
1396564444939841539
1396564447192301571
1396564488820822019
1396564497171681280
1396564499310784515
1396564544915394562
1396564549487271937
1396564552267882496
1396564553622855689
1396564578197286916
1396564604709478406
1396564619347566599
1396564623978082307
1396564630613397506
1396564631439777797
1396564637760593922
1396564640080048132
1396564650662240260
1396564653753372676
1396564705469247492
1396564737069043712
1396564743167557639
1396564747953246209
1396564773861482499
1396564775862145027
1396564776155631617
1396564813808119817
1396564814789373953
1396564821454241794
1396564825526792192
1396564827624062976
1396564831830953987
1396564857529507843
1396564864164777985
1396564867872608257
1396564903188590593
1396564915117244422
1396564915415101451
1396564916463554561
1396564928153067521
1396564934704582662
1396564937036664836
1396564951624523782
1396564959736172547
1396564971618586625
1396564989297643521
1396564995488423937
1396564996968968194
1396565019224072193
1396565027726008320
1396565032406863876
1396565042464763917
1396565108592160772
1396565134504497157
1396565139973890053
1396565151642423301
1396565152774901769
1396565157388734465
1396565169065521152
1396565181426278401
1396565184186142720
1396565184383176717
1396565194688671749
1396565239349481474
1396565250447708164
1396565253178146818
1396565260732076038
1396565261868621824
1396565283003842562
1396565283859468290
1396565296819982347
1396565299202183170
1396565308635328519
1396565309629292544
1396565325047468032
1396565397252411393
1396565407704797190
1396565428575555588
1396565437312212995
1396565450688016386
1396565498536599553
1396565504156848129
1396565532388724737
1396565541226258437
1396565556367556612
1396565562772316167
1396565565247004674
1396565571060240384
1396565609463353346
1396565620641001475
1396565621261934595
1396565626068606983
1396565633081307136
1396565656020135941
1396565657471291392
1396565734180933632
1396565765650665473
1396565769794686977
1396565770948120577
1396565775121539072
1396565782943784960
1396565813533061122
1396565834739421185
1396565835888664588
1396565838447136770
1396565847057989633
1396565856944115713
1396565858890178565
1396565865382825985
1396565889072439300
1396565898064846848
1396565914292731911
1396565928717000707
1396565937160081419
1396565955963146245
1396565976490070016
1396565978503385091
1396565982731198466
1396565988393508868
1396566027392143365
1396566030814617600
1396566035667505157
1396566048409804803
1396566048233594880
1396566051429642242
1396566068957679620
1396566142173466632
1396566149899431937
1396566176390582272
1396566193633435650
1396566222225956867
1396566224495157254
1396566229649870848
1396566244036431872
1396566248507518976
1396566251737128963
1396566257751805955
1396566263233716228
1396566273446748160
1396566291784286212
1396566304371400706
1396566319122759682
1396566336554344450
1396566347123888130
1396566387179593732
1396566387607314436
1396566405470822402
1396566413985271808
1396566438740217860
1396566463394189318
1396566472160329741
1396566474924429313
1396566492905230336
1396566501663121410
1396566513629372416
1396566538224902159
1396566549847101441
1396566551931899914
1396566578498519041
1396566580037828608
1396566583577702400
1396566611356622848
1396566616855437322
1396566619640446979
1396566622006022144
1396566667912650756
1396566672413237253
1396566711487324168
1396566731016003584
1396566739945672710
1396566742193872897
1396566753002590211
1396566762213216256
1396566769045737472
1396566779867148288
1396566785302818818
1396566796833067010
1396566837316382722
1396566843968659459
1396566848238391304
1396566851589754884
1396566880907825156
1396566881415352320
1396566899308199942
1396566921424773121
1396566934079033352
1396566935396098058
1396566935454855170
1396566935731646468
1396566945294585857
1396566947609804800
1396566983240519684
1396567004362862592
1396567008632872960
1396567014001500162
1396567015830212609
1396567044540309506
1396567083954188293
1396567087183646721
1396567101997993985
1396567111540133891
1396567135770529794
1396567141109927938
1396567141160263683
1396567146168082433
1396567150979133444
1396567160588230657
1396567167211130885
1396567177508003842
1396567178724483074
1396567205681184770
1396567210789793792
1396567218050125828
1396567228909334532
1396567253269708802
1396567266150473733
1396567267622727686
1396567302536056839
1396567303420928000
1396567309523763201
1396567309830041614
1396567318881263616
1396567329643778049
1396567340964356102
1396567351177486344
1396567362732756992
1396567369733087239
1396567375579738113
1396567408987590657
1396567417925558272
1396567419372642310
1396567438255345672
1396567441128493060
1396567444253155328
1396567446929219591
1396567491300663296
1396567531733798918
1396567541988958212
1396567548464828418
1396567570459758595
1396567583369924608
1396567588994433037
1396567632871108608
1396567634464976901
1396567651594481675
1396567671609700352
1396567684922236930
1396567685786394627
1396567690576240641
1396567707512889345
1396567711484989440
1396567717482835980
1396567724613160968
1396567726999539714
1396567758716952582
1396567767688617985
1396567785128538116
1396567786068058119
1396567800693477376
1396567831282700299
1396567841076387847
1396567843227983880
1396567844163407876
1396567844549271553
1396567861892505601
1396567866938384384
1396567881404530690
1396567887251394562
1396567900610338819
1396567905869832193
1396567914157907971
1396567931325124608
1396567933346795520
1396567946378498049
1396567984114700289
1396567990460690438
1396568004972924929
1396568005367246858
1396568022035439616
1396568044760076296
1396568063936540673
1396568076578029568
1396568085629448193
1396568109939630080
1396568111348862980
1396568131615682567
1396568140394422282
1396568163786002432
1396568183675424768
1396568184778543108
1396568207746555910
1396568220094631939
1396568225136234501
1396568230249050119
1396568234032238598
1396568238281027586
1396568239447019520
1396568260229926912
1396568269822304263
1396568296003051522
1396568302336446464
1396568303359995912
1396568305247399942
1396568319986044928
1396568360540950534
1396568368296210434
1396568378756763656
1396568386914684930
1396568407798071300
1396568408838197248
1396568435178446850
1396568440446541828
1396568458838433793
1396568481353535491
1396568496927092740
1396568504141115392
1396568532758958081
1396568532452786178
1396568561305354241
1396568568628719616
1396568573414416385
1396568595442851847
1396568597879656449
1396568601327546369
1396568615604850688
1396568637427826692
1396568639113883650
1396568639717978122
1396568644633694214
1396568651096944642
1396568669149409286
1396568671896621056
1396568676065714178
1396568743526895616
1396568744256626688
1396568750816694273
1396568756311126016
1396568777219878917
1396568811231354882
1396568812401709056
1396568823344603142
1396568868215312390
1396568896912740354
1396568905309593600
1396568909776625670
1396568914138595330
1396568934518693889
1396568944983617539
1396568971277737985
1396568980467245058
1396568982229069829
1396568990445625353
1396568991619899395
1396568999975063561
1396569014944493570
1396569038311022594
1396569039141580801
1396569043226841088
1396569052894486528
1396569068631695372
1396569068879101954
1396569073949941761
1396569077359931392
1396569080610574343
1396569096687214597
1396569103159152640
1396569127221874688
1396569129910513668
1396569136885551107
1396569138458415106
1396569151364165633
1396569167541772289
1396569181127065604
1396569183794737153
1396569215843241985
1396569224416432130
1396569226631077892
1396569243471147011
1396569248210722816
1396569264937656320
1396569314363326464
1396569323653767168
1396569381803634692
1396569384341184513
1396569390275981315
1396569394281582599
1396569429383680001
1396569468160159747
1396569478176071682
1396569488326340609
1396569494676443136
1396569498749186048
1396569524938416128
1396569528885293057
1396569563815288833
1396569587349659659
1396569587903205377
1396569606228164615
1396569610376388609
1396569624137850880
1396569640214614018
1396569644878557187
1396569651245719555
1396569652004757504
1396569660795940867
1396569667259572224
1396569670954586112
1396569674859651085
1396569686733561859
1396569697982861312
1396569702919516161
1396569708648968193
1396569721345089538
1396569721819041795
1396569731449167877
1396569743071617025
1396569755713167364
1396569762797400066
1396569766094151682
1396569768367251457
1396569775355179009
1396569778039533569
1396569779721281536
1396569787933741057
1396569795735089153
1396569799778611203
1396569809182023681
1396569811321196545
1396569812126605320
1396569841155313666
1396569888177725442
1396569889205153794
1396569919320334337
1396569940585558018
1396569954992984067
1396569978116186118
1396570000421445633
1396570001985794051
1396570018821849089
1396570020218556424
1396570020906426372
1396570032944123905
1396570034055618570
1396570038279319553
1396570061201104897
1396570064745287691
1396570091471335425
1396570106818404353
1396570111704805385
1396570146257448965
1396570149759635456
1396570153085775873
1396570165068845058
1396570166171947011
1396570167975415809
1396570185977372673
1396570187961454592
1396570204096942089
1396570248262918144
1396570252306264066
1396570257511178241
1396570273541939201
1396570294396063754
1396570295775944704
1396570296996540422
1396570306827878401
1396570313152884742
1396570315497541634
1396570316629966848
1396570331519848451
1396570336230055937
1396570347600818176
1396570351987986435
1396570358153633792
1396570362352005120
1396570373836218371
1396570391645024256
1396570399983341569
1396570401493368832
1396570401606668291
1396570436150964227
1396570511291805696
1396570514802593793
1396570516811509762
1396570541016891397
1396570549367676928
1396570550160355333
1396570554094669824
1396570578597863425
1396570582024609796
1396570583932960768
1396570603839238152
1396570610663362562
1396570614417301506
1396570614631002113
1396570615692201984
1396570625980968962
1396570641978073088
1396570654741131264
1396570655450025987
1396570679273680896
1396570684759977986
1396570694062804995
1396570715479056395
1396570715856556033
1396570716170981378
1396570717941030912
1396570725251784714
1396570725465698306
1396570733225054208
1396570735158702080
1396570752090927105
1396570800443076611
1396570802179526659
1396570802330365952
1396570805027344387
1396570805832757248
1396570810920448002
1396570846966157313
1396570867350581257
1396570870114574338
1396570874917101576
1396570878046052361
1396570878251503623
1396570881556688899
1396570898459631616
1396570909092220931
1396570910996455428
1396570921947729923
1396570933633114118
1396570954948440064
1396570955506274304
1396570963307896839
1396570991900479493
1396570995570348035
1396570998095372290
1396571002482561025
1396571061517529088
1396571074461061121
1396571082753077248
1396571085810716673
1396571128794075136
1396571157776805893
1396571185706643463
1396571221622501379
1396571221928513537
1396571234062815234
1396571235174084609
1396571237753704450
1396571244879810565
1396571251200741383
1396571259270426625
1396571265293553665
1396571270058287104
1396571274323759104
1396571276039294978
1396571284012666891
1396571293106032641
1396571307723182081
1396571312454131712
1396571316904472577
1396571328346394624
1396571359895986180
1396571366808162310
1396571374097940483
1396571374383243264
1396571396860379137
1396571431635390471
1396571441253036032
1396571448362340356
1396571455756853255
1396571459816919045
1396571470583709697
1396571516503011331
1396571523515703296
1396571537466175489
1396571543161999361
1396571547662385152
1396571559175749632
1396571567992287234
1396571573323124739
