1399002637266268163
1399002637396283399
1399002639241826309
1399002641699459079
1399002645902217218
1399002645667450883
1399002647936516096
1399002652323766278
1399002653690978310
1399002661144367108
1399002662935404544
1399002666454421508
1399002668434079746
1399002668396388353
1399002670732546056
1399002679632875522
1399002681641930758
1399002681818112000
1399002684036878337
1399002687044161537
1399002689481150468
1399002692396085248
1399002701132746757
1399002705587150852
1399002706925305857
1399002712641916928
1399002721546551300
1399002743306555396
1399002750076153857
1399002754002137091
1399002762499735558
1399002762436694019
1399002771043491856
1399002774369673218
1399002777112571905
1399002784503107586
1399002785488805893
1399002785903939584
1399002791708930050
1399002792988119047
1399002795752103936
1399002796318507008
1399002797484347395
1399002797782167557
1399002802710532098
1399002817537449985
1399002821509279744
1399002823757500419
1399002834948046849
1399002840887005187
1399002849455984641
1399002852249460741
1399002852748521474
1399002857119100930
1399002861673934856
1399002863221760004
1399002864333201415
1399002865109061632
1399002868288569349
1399002898516697091
1399002900286771205
1399002901822021632
1399002904292257793
1399002905143779330
1399002911728979968
1399002917122756612
1399002919161237513
1399002921090486279
1399002922084560899
1399002923300888583
1399002925125574656
1399002926035521536
1399002928875180032
1399002937054011394
1399002938958401538
1399002943412527106
1399002946831015937
1399002951692267522
1399002960403734537
1399002962731618313
1399002962903588866
1399002965470371848
1399002965969621000
1399002966179434497
1399002975159209986
1399002976669224965
1399002978510643203
1399002979043213312
1399002986056126469
1399002987297640453
1399002989252296704
1399002994511945734
1399003002833408002
1399003004251086854
1399003004825657347
1399003010404073475
1399003013898018822
1399003016276103170
1399003023268065284
1399003023423246344
1399003037549670405
1399003044273029121
1399003049583157253
1399003049989902336
1399003050790948869
1399003052045082632
1399003055090286593
1399003066943291398
1399003073205448713
1399003073926746117
1399003077873651715
1399003080369213443
1399003085901635586
1399003092033720323
1399003100015382534
1399003101563133956
1399003112229253125
1399003114708013061
1399003121104437249
1399003121637072899
1399003130617024516
1399003131535495168
1399003132743536643
1399003134924525574
1399003138510704644
1399003144789671938
1399003149046738951
1399003155229155334
1399003164049768452
1399003167359111169
1399003168197988358
1399003173415751685
1399003178604003336
1399003184547332100
1399003187454038016
1399003189169606656
1399003192889909252
1399003194013806593
1399003200913559558
1399003202083770379
1399003202335481858
1399003203358822401
1399003208698142720
1399003210698874882
1399003217476952065
1399003218378690560
1399003219628630017
1399003225395806211
1399003236732973059
1399003237122936833
1399003245473800192
1399003248099475459
1399003252075683841
1399003255351480323
1399003256819535875
1399003260392919041
1399003264805490690
1399003265270882304
1399003268068564992
1399003269993693189
1399003272866795528
1399003275538669570
1399003275911786496
1399003276104847361
1399003277786632195
1399003286880071683
1399003288612139009
1399003288918401026
1399003297994866688
1399003299416842245
1399003300012331010
1399003304064081927
1399003308182978561
1399003310393266187
1399003312339361793
1399003314323402756
1399003314914828289
1399003315619307520
1399003316898590725
1399003327254437889
1399003327606755329
1399003328286167041
1399003332690120705
1399003334544089091
1399003339908542464
1399003342827921409
1399003345868759044
1399003346221080576
1399003348402159617
1399003348863533056
1399003353019944961
1399003358011170817
1399003361807155203
1399003370027982850
1399003375748927488
1399003382484926469
1399003385773371393
1399003392404430849
1399003401241829377
1399003406510039043
1399003407914987524
1399003414701412356
1399003415833845760
1399003416853192706
1399003420883755013
1399003425438769154
1399003428240736260
1399003429318676484
1399003436394373120
1399003437107494916
1399003443939975173
1399003443906301959
1399003445391208449
1399003466954117123
1399003484628848643
1399003490974933002
1399003495085133828
1399003498205921283
1399003501003345923
1399003504442757124
1399003505243852802
1399003513078763522
1399003513670311945
1399003525791850499
1399003530816598017
1399003532376875011
1399003532607504392
1399003534272704512
1399003535895846918
1399003539465129987
1399003542216744965
1399003547442810882
1399003550202597380
1399003550966030339
1399003551247052800
1399003553083969545
1399003553671237634
1399003554124234759
1399003556984799233
1399003564601716738
1399003569517441027
1399003570968616960
1399003576584654858
1399003579348828166
1399003586575704065
1399003587976384519
1399003595245248517
1399003601348014081
1399003602518167558
1399003603491340291
1399003605701701633
1399003618213236741
1399003621996601345
1399003627809906688
1399003635212750848
1399003637993467912
1399003638266269705
1399003641457954822
1399003647216869382
1399003648387059717
1399003649158922242
1399003650417172482
1399003653877297156
1399003654129127426
1399003656469368838
1399003661037080576
1399003664488878083
1399003671380246533
1399003672730693637
1399003675033366540
1399003675620564998
1399003676333592579
1399003677235441675
1399003682289504263
1399003698618159107
1399003699498815488
1399003700023156736
1399003701407272965
1399003712459358212
1399003714770411532
1399003715449786381
1399003719614750724
1399003723582611463
1399003724463296518
1399003724970971138
1399003741714481160
1399003746063962116
1399003747620167681
1399003749889110016
1399003763151720450
1399003763617185795
1399003769044553728
1399003769942073347
1399003771003236352
1399003776493707264
1399003777492033548
1399003782219022341
1399003786417430540
1399003791488335876
1399003796236288004
1399003799059116032
1399003799834988546
1399003808320077829
1399003812694794242
1399003813223223296
1399003814636756996
1399003815312035844
1399003819103723522
1399003820093489159
1399003822580813827
1399003822840758281
1399003823436406784
1399003826980540419
1399003829165826048
1399003833121001480
1399003833150418949
1399003834572165124
1399003836568817665
1399003842788958213
1399003843095154697
1399003845238341635
1399003852465225729
1399003858303520768
1399003867917000705
1399003877308043271
1399003884354473995
1399003885277224961
1399003887932162051
1399003893804285952
1399003912292769793
1399003914473725953
1399003917007167491
1399003918059835392
1399003920320679941
1399003926465335299
1399003937139834880
1399003937064226816
1399003938796584962
1399003940709187592
1399003948812537860
1399003949135327240
1399003950498697217
1399003958350282752
1399003958178467843
1399003962959859714
1399003963148603400
1399003965736374278
1399003966105698309
1399003967556833282
1399003970430025738
1399003978466164741
1399003990453596161
1399004000565948421
1399004001451008000
1399004011014074370
1399004013987872768
1399004015015317511
1399004019419348992
1399004023416520704
1399004024792301568
1399004025295671301
1399004025446715393
1399004032816058369
1399004033277431818
1399004035722760197
1399004036829958153
1399004036943155201
1399004038360801282
1399004038696480775
1399004042886533129
1399004047756120065
1399004051447091201
1399004060385087489
1399004063946227713
1399004066206740482
1399004068417257474
1399004071974027268
1399004072368353284
1399004072615813125
1399004073559478277
1399004077175025666
1399004077988659205
1399004083311333377
1399004084800299011
1399004086041784321
1399004086817726468
1399004093650280450
1399004094401073153
1399004094711451651
1399004095562854400
1399004097282560006
1399004098993831936
1399004101694820355
1399004104806998018
1399004105050312709
1399004105683648512
1399004106191249410
1399004107378204679
1399004110087618565
1399004110217695235
1399004115188039680
1399004118900002818
1399004120128892931
1399004125136891904
1399004128030990337
1399004129448574984
1399004129989697539
1399004132816691200
1399004133185761282
1399004133575872518
1399004136277004291
1399004143432392710
1399004149270736898
1399004157441458179
1399004157428764678
1399004161463578634
1399004162508034049
1399004163321872393
1399004166018650115
1399004180099080195
1399004180434522118
1399004181227184141
1399004182355587072
1399004183257227266
1399004184784125960
1399004189376794624
1399004189485944837
1399004193306906628
1399004195827580934
1399004199807905796
1399004213615661056
1399004217046622208
1399004219592507392
1399004224147570692
1399004227398258699
1399004230581731330
1399004235157716994
1399004235904192513
1399004238743752704
1399004243340767237
1399004254883483656
1399004255982436362
1399004261246287872
1399004270175924226
1399004275959681027
1399004276761010178
1399004276828119041
1399004286634299396
1399004292275601415
1399004294972686343
1399004295928991750
1399004300638969864
1399004305508634631
1399004307509370880
1399004318670503944
1399004323875524616
1399004327419785221
1399004328828960772
1399004335758102529
1399004337783848960
1399004340585705474
1399004348051595267
1399004351042031616
1399004352170250249
1399004354703609857
1399004358323445760
1399004363042009091
1399004364208017410
1399004367282376708
1399004372512686082
1399004393371021320
1399004394130132993
1399004397246500871
1399004401080078337
1399004404230017027
1399004404519477252
1399004406796849155
1399004409871273990
1399004412178141189
1399004420319371264
1399004423460896769
1399004423737708544
1399004427898572809
1399004428976463877
1399004430679298048
1399004435381063681
1399004435888574471
1399004442079367171
1399004444189151235
1399004445329936390
1399004445753712642
1399004451596345348
1399004459221409796
1399004472609812485
1399004477437448195
1399004480490905600
1399004482667782149
1399004483112296449
1399004486677450754
1399004487612780552
1399004488250368001
1399004490645348361
1399004494038511616
1399004495355551745
1399004499604299785
1399004502649233416
1399004508085182473
1399004518688256010
1399004527811039233
1399004536606449666
1399004543568863237
1399004550749642756
1399004554700677121
1399004555044483074
1399004556185460740
1399004563961696258
1399004572207697924
1399004576318173184
1399004579136561153
1399004579472109570
1399004583322521601
1399004584090247172
1399004584320724993
1399004591274999808
1399004591568699397
1399004594089328650
1399004594810851333
1399004599458041870
1399004600917692424
1399004603446792193
1399004604486983684
1399004605699268610
1399004614846943234
1399004616554127362
1399004621541085184
1399004623474679811
1399004631267741696
1399004632081473539
1399004647377997825
1399004656672645120
1399004661676494850
1399004661781254145
1399004663886671875
1399004667435098113
1399004668471115781
1399004668697645057
1399004671251935232
1399004674406051841
1399004675853144065
1399004677728092164
1399004679263109127
1399004680466874376
1399004691409915907
1399004694194819074
1399004702277345282
1399004706853294085
1399004707197177859
1399004714818314241
1399004727866761218
1399004738281099265
1399004764910850050
1399004772418605058
1399004775442747395
1399004783181246464
1399004789866967042
1399004795428556804
1399004806203645961
1399004815020249091
1399004815141658627
1399004819986259972
1399004821026488323
1399004821185781764
1399004828731203584
1399004844493529093
1399004846305468419
1399004847127646212
1399004848390037505
1399004848985608193
1399004855235190784
1399004859999924228
1399004863514689538
1399004869026058240
1399004870133227520
1399004875233677312
1399004880614744077
1399004880933642241
1399004892958793731
1399004894531526660
1399004911979876357
1399004920511086595
1399004921899499527
1399004929646383107
1399004934570450951
1399004940199108610
1399004947878879234
1399004950961790981
1399004966254223361
1399004967613120513
1399004967759872002
1399004973506072578
1399004978698756097
1399004988689424386
1399004992246276099
1399004996750950401
1399004998244179969
1399004998999199744
1399004998877417474
1399005001264021517
1399005002706866177
1399005004921376773
1399005008155271168
1399005015436578817
1399005020532711424
1399005022248214530
1399005024236314630
1399005024324292609
1399005026178195461
1399005035493740553
1399005036089200641
1399005041734787079
1399005049049677827
1399005051201458182
1399005056377229312
1399005062261657604
1399005063415316480
1399005070788902915
1399005074353963008
1399005074496626691
1399005076971167753
1399005079110291459
1399005079743651846
1399005080297349127
1399005095669506050
1399005097418428418
1399005107832770561
1399005108701073408
1399005112459218951
1399005118578708489
1399005122726928384
1399005125851725825
1399005131186769925
1399005134919712773
1399005135150501888
1399005137818075136
1399005139315351553
1399005145925554177
1399005148970508291
1399005152103829505
1399005154704252932
1399005155463372802
1399005166142164998
1399005170168741889
1399005171418599424
1399005187579289609
1399005187679916034
1399005198706696197
1399005201369997315
1399005205916786692
1399005210136264708
1399005220206792704
1399005225042722816
1399005226917629957
1399005228351975432
1399005228331057157
1399005230851821575
1399005235440455688
1399005237223079937
1399005238401683457
1399005255392804865
1399005258282684420
1399005264100184064
1399005264544731138
1399005264725090306
1399005267417780229
1399005270785859587
1399005275890151427
1399005277702131719
1399005281099694087
1399005283754577927
1399005291568504833
1399005302863826948
1399005304919146499
1399005311956967430
1399005312515035140
1399005315333427209
1399005315522256896
1399005318441545729
1399005319716552712
1399005323793424384
1399005331670409219
1399005333192941580
1399005334010798084
1399005335424208901
1399005341161910283
1399005348158189569
1399005352838971399
1399005357557571591
1399005360191639555
1399005378030051328
1399005383243440132
1399005401178415105
1399005404110241801
1399005406698016776
1399005407025283078
1399005411462819840
1399005412054159362
1399005415472513025
1399005416177246217
1399005422363758599
1399005425220083723
1399005430379073536
1399005438784327680
1399005444643897347
1399005445113610244
1399005446325821442
1399005446569136130
1399005446715940868
1399005451510026240
1399005451556118529
1399005452625608708
1399005454227820557
1399005454618013696
1399005457356791817
1399005457935654914
1399005472376725505
1399005474104778758
1399005490068131841
1399005491213307904
1399005492379271170
1399005495831281668
1399005497806626820
1399005499803250696
1399005508154138632
1399005512180670469
1399005517259972612
1399005522309824521
1399005537434583044
1399005538654978048
1399005545210671105
1399005552471121923
1399005552680738819
1399005556363317255
1399005557210681344
1399005558221443076
1399005558548668424
1399005560805249028
1399005564194242570
1399005566958137348
1399005568795299842
1399005572930883584
1399005577234235394
1399005578395983874
1399005585517912066
1399005596284825602
1399005604144992258
1399005607341010952
1399005608288952323
1399005611128410114
1399005612164501506
1399005617931620355
1399005619500326913
1399005635874856960
1399005638978686981
1399005639821692930
1399005645337239561
1399005656577822724
1399005658436022272
1399005661103497218
1399005663007760384
1399005670335139845
1399005671195136003
1399005672423919625
1399005684096770050
1399005702417358855
1399005704841830403
1399005708859887616
1399005709677645830
1399005711313653762
1399005728728354817
1399005742032621569
1399005749276123136
1399005754846289924
1399005757450842114
1399005764316844032
1399005776618926085
1399005778543931400
1399005790980100096
1399005798726918144
1399005801079922688
1399005801444904961
1399005807392526337
1399005816032739331
1399005816246751233
1399005819790786563
1399005825402818560
1399005835636916226
1399005837834833922
1399005849683701761
1399005855572443137
1399005856793047046
1399005858042945536
1399005864749588481
1399005864879607814
1399005867127853058
1399005871510745088
1399005872081231874
1399005872991387650
1399005884353765386
1399005885016559621
1399005885255520263
1399005889005342720
1399005896961822720
1399005899146989572
1399005905463566336
1399005906923360256
1399005913068064773
1399005919686578182
1399005921213353987
1399005930277249025
1399005934391861249
1399005939714478083
1399005950795825161
1399005952423075844
1399005957334736909
1399005958257401856
1399005970005520393
1399005971377180673
1399005974351028226
1399005975399518208
1399005977677074442
1399005978364944385
1399005979396673541
1399005981326004225
1399005984811520004
1399005991367282688
1399005994018082826
1399005998602493959
1399005998497505281
1399006023600455685
1399006024292503552
1399006028025327618
1399006029422075904
1399006030680498185
1399006035092836355
1399006037026410508
1399006038070861825
1399006042688741376
1399006050532134914
1399006053464002560
1399006057716932612
1399006059919032320
1399006067783254017
1399006078126497793
1399006087492292609
1399006088054206468
1399006088352120835
1399006090717765637
1399006091971903488
1399006101924941826
1399006104491859970
1399006108702973953
1399006109575397377
1399006115262873608
1399006120228835331
1399006129343143938
1399006138973229057
1399006151400824834
1399006152348872707
1399006153347043339
1399006157088296967
1399006161861439495
1399006163807752195
1399006175589449736
1399006183340584969
1399006188776341505
1399006190797922307
1399006191125155848
1399006193792819201
1399006196749766656
1399006198188462083
1399006200499523584
1399006206648258562
1399006208137187334
1399006214676230153
1399006219033927681
1399006223458979843
1399006229247234054
1399006229607944193
1399006231554035715
1399006241997926400
1399006243285569539
1399006245810446342
1399006251665825806
1399006252257193989
1399006260389896195
1399006261014847488
1399006266475884547
1399006268388347906
1399006271865593861
1399006280262381572
1399006284612046850
1399006287543869441
1399006292400803843
1399006297266196481
1399006300227444739
1399006301473095686
1399006315536596995
1399006329033814019
1399006334255878147
1399006338294890500
1399006338383032325
1399006340278857729
1399006340660355073
1399006346465341441
1399006352681357316
1399006353834795017
1399006366036119554
1399006373204140041
1399006377620742150
1399006384239386630
1399006387552886786
1399006391134670848
1399006395513593858
1399006395706482688
1399006396629147650
1399006397933658115
1399006403340214273
1399006403604500483
1399006410734669828
1399006413620350979
1399006425716695043
1399006440765992967
1399006451780046853
1399006457966829573
1399006462802677761
1399006462354022400
1399006475222138887
1399006476505604100
1399006479802376192
1399006480020348937
1399006492288643073
1399006494322880514
1399006498013937666
1399006500677423106
1399006503848325121
1399006506641723400
1399006507253919744
1399006512710774792
1399006514686271488
1399006519002222599
1399006519442624517
1399006520835293187
1399006525176254470
1399006528527556610
1399006535905386501
1399006548286918656
1399006555580817409
1399006566825836548
1399006576699006982
1399006579291197444
1399006579148705795
1399006583212871680
1399006588179042311
1399006589797945344
1399006598790410243
1399006609326501894
1399006610924523522
1399006616746446848
1399006620168896513
1399006620852445187
1399006625269178372
1399006641916461063
1399006644567150598
1399006646706356233
1399006648165801996
1399006651672190984
1399006652343504899
1399006663684804616
1399006664813056000
1399006679723921412
1399006685205762056
1399006686120136704
1399006690943463427
1399006694945009672
1399006700246536198
1399006706856759299
1399006709549604864
1399006710665125889
1399006713752166401
1399006715404820484
1399006731397701633
1399006735382114305
1399006741308739584
1399006744139878403
1399006745675153413
1399006747386318849
1399006749227585536
1399006752981520385
1399006754613121024
1399006756190183424
1399006762531950592
1399006769662238721
1399006772292161538
1399006777132388357
1399006786187935747
1399006790369562627
1399006795159461889
1399006798191943686
1399006800800845827
1399006805074665482
1399006821348745217
1399006827581476868
1399006829624049666
1399006832824356864
1399006834304946176
1399006836678922242
1399006844572606465
1399006845717602308
1399006850562002945
1399006852839477254
1399006862163410945
1399006862851383300
1399006869260283905
1399006869914484741
1399006870132625409
1399006875027480584
1399006876654784515
1399006885370417154
1399006885525786628
1399006887270490115
1399006895965446146
1399006900331630599
1399006903028617227
1399006914399379459
1399006925308665856
1399006929817636866
1399006930836803585
1399006934267699205
1399006936616640514
1399006937300230145
1399006946569691151
1399006947924320258
1399006948356407296
1399006957948661763
1399006964181463045
1399006970217172992
1399006971207032832
1399006975258734595
1399006983882166272
1399006983320186880
1399006984075157509
1399006985970925572
1399006986306568192
1399006987745038336
1399006988416204800
1399006992908406788
1399006997173968898
1399006997928984581
1399007017415712772
1399007024428371978
1399007026081054728
1399007026353684482
1399007039800504323
1399007040052219904
1399007061283794950
1399007064295362567
1399007064379297795
1399007066224664579
1399007070842654720
1399007071110979589
1399007072931483661
1399007075079004164
1399007081106219013
1399007083228508164
1399007084780261379
1399007084876795909
1399007092346736640
1399007094406324229
1399007095857594381
1399007096625156096
1399007101469483008
1399007103105355781
1399007106733277186
1399007108176228353
1399007109036052489
1399007114157244420
1399007115595812871
1399007117625995265
1399007123720134657
1399007128422019074
1399007130884231170
1399007136663801856
1399007138786201603
1399007141382471685
1399007149368307718
1399007158168076292
1399007169324924935
1399007169757036544
1399007175134023685
1399007180230115328
1399007181966512132
1399007187943399429
1399007188664922116
1399007191328243713
1399007194025132034
1399007194788483082
1399007202824830976
1399007204921921536
1399007213197283334
1399007213646073857
1399007214585757696
1399007222772862980
1399007229412614150
1399007240812699649
1399007243236958213
1399007244453400580
1399007247171166209
1399007248886558721
1399007251592065024
1399007256738504707
1399007263872987142
1399007264284057603
1399007267052195849
1399007267215884291
1399007273406529536
1399007275256139781
1399007282810089480
1399007283024220166
1399007287377809415
1399007288120152067
1399007289256812544
1399007290817073157
1399007292603965440
1399007293170241537
1399007295061647362
1399007295040737283
1399007295758024709
1399007296538267648
1399007297658052610
1399007298056511491
1399007308626247683
1399007310173851648
1399007311188930566
1399007311880884239
1399007317962678279
1399007318977646594
1399007328070930432
1399007329106812933
1399007338044997633
1399007343283781635
1399007354113253380
1399007357896740866
1399007360476233731
1399007367266721792
1399007367954583558
1399007368684490752
1399007372396335112
1399007382638940180
1399007384438153224
1399007396614348804
1399007397017001985
1399007398753300483
1399007399017648133
1399007400959610881
1399007407641092098
1399007408559734792
1399007423499702272
1399007428381925381
1399007429866688513
1399007439194705922
1399007441866706945
1399007444253171712
1399007447738720259
1399007454831251457
1399007462557114368
1399007474485587974
1399007476842995714
1399007486531747847
1399007490398998533
1399007495000055808
1399007502486933506
1399007506693771272
1399007509378080772
1399007509889880067
1399007512922370052
1399007517741654019
1399007530286788619
1399007534736842753
1399007550587109379
1399007559823020035
1399007566433292292
1399007569012789257
1399007570933735426
1399007575954366470
1399007594958802948
1399007595885563914
1399007599027277828
1399007605763215360
1399007606002393091
1399007611861753856
1399007612385984519
1399007613241729030
1399007633999163398
1399007636721385472
1399007643465924608
1399007647618174981
1399007647601287176
1399007648666861574
1399007651690860547
1399007660503187458
1399007660498898944
1399007660712808448
1399007660846944265
1399007665897021442
1399007666312298503
1399007667348250626
1399007671152525316
1399007675447332865
1399007680467902465
1399007685383802881
1399007689552896004
1399007690739924994
1399007692312649731
1399007698318987269
1399007699207999489
1399007699807870976
1399007701401747459
1399007708611706888
1399007710230810628
1399007720355868675
1399007722536902675
1399007723585409025
1399007726689263620
1399007734847188994
1399007736940072962
1399007737082572809
1399007739511152644
1399007744204709892
1399007745492361216
1399007750500257796
1399007758788214788
1399007761640394754
1399007775951368197
1399007779352940549
1399007779533180932
1399007783979266051
1399007785258422273
1399007790023077894
1399007792086884353
1399007794934816772
1399007796759199748
1399007801184239619
1399007801809190912
1399007805181288451
1399007805500235787
1399007812496203779
1399007817193902085
1399007818099744768
1399007821816025090
1399007824009695233
1399007824374648833
1399007826773696518
1399007831219703815
1399007835367694347
1399007836684931078
1399007840065499138
1399007840673673218
1399007841168642052
1399007843416748039
1399007848361869316
1399007848818905088
1399007854586118151
1399007863712800768
1399007866728566785
1399007870612426752
1399007872395120645
1399007876975374345
1399007885321916417
1399007899871899650
1399007902615080965
1399007907472019464
1399007908554149888
1399007911817494529
1399007921464295427
1399007925356560385
1399007928456253445
1399007930096230404
1399007933162209283
1399007939235663872
1399007941743857667
1399007941735374855
1399007954813263874
1399007957761900552
1399007958848065542
1399007961800904709
1399007962740449281
1399007964225183745
1399007964980203525
1399007965173014530
1399007968696340484
1399007968646029315
1399007969350668291
1399007983573426183
1399007990619852803
1399007993543499781
1399007996093550597
1399007997075075074
1399008009318285312
1399008018260447232
1399008020097429507
1399008037663252483
1399008041622724608
1399008048837021700
1399008050531356678
1399008051231920128
1399008053207437312
1399008064330686469
1399008065286983681
1399008070123012096
1399008071234506753
1399008079111462921
1399008079686115330
1399008099512487942
1399008100250685443
1399008105426427910
1399008109306290176
1399008110216368130
1399008115236892680
1399008116809867267
1399008117892001792
1399008119016013829
1399008123889795073
1399008129447247872
1399008137663987722
1399008139748519937
1399008140008513536
1399008141271093251
1399008141677715458
1399008158312325126
1399008163379171332
1399008170975141888
1399008170941599744
1399008172505899011
1399008173281918982
1399008174145871879
1399008178151596032
1399008183226621955
1399008188326834176
1399008193020375040
1399008200301682689
1399008200851181573
1399008201509687301
1399008202151415808
1399008202864300033
1399008203715878912
1399008204852453377
1399008216533590021
1399008218106507268
1399008218622353411
1399008219557556225
1399008223672385537
1399008237501009923
1399008241028321283
1399008243012227074
1399008247621644296
1399008253409906691
1399008255272275970
1399008256987705349
1399008262016667652
1399008264281546761
1399008268765257737
1399008269235113986
1399008269667024904
1399008276134694915
1399008276503699457
1399008276612747265
1399008278022139906
1399008278647017472
1399008290508529668
1399008291410296833
1399008291804512258
1399008293482233857
1399008298918158344
1399008306933342217
1399008308724473858
1399008329356218368
1399008333596532737
1399008336482295811
1399008337035935745
1399008341591048194
1399008347228196868
1399008361258098698
1399008367432110084
1399008375938109452
1399008378723225605
1399008381415919620
1399008381998829571
1399008384360329218
1399008391960403971
1399008392413392898
1399008401036873739
1399008407701508098
1399008412214628357
1399008413145776128
1399008418908848130
1399008424701009920
1399008438223507457
1399008439964155904
1399008452932902913
1399008453075611649
1399008462361800706
1399008462814826498
1399008464651788300
1399008465012412424
1399008464844689412
1399008466249949186
1399008467134910471
1399008477822033924
1399008485489188871
1399008487544438785
1399008488865501189
1399008494444023809
1399008495702315009
1399008496037859333
1399008500404166669
1399008502702608386
1399008512898846728
1399008518879936519
1399008518854774790
1399008523174875142
1399008527256072192
1399008533631352832
1399008536445734923
1399008536781275144
1399008551524315136
1399008553965211651
1399008556200828929
1399008556821721093
1399008560831373315
1399008564052729856
1399008579110072321
1399008579655540737
1399008597758124032
1399008599729442822
1399008604301238273
1399008609242009602
1399008612601761799
1399008613809725440
1399008617756389377
1399008623720763394
1399008625331519489
1399008625499181058
1399008643153018882
1399008650069483522
1399008679685410816
1399008685607702528
1399008688585678848
1399008689374208002
1399008697540661249
1399008705278926852
1399008716888944642
1399008718285545476
1399008724660936705
1399008725193658374
1399008726380544006
1399008726531686406
1399008728741937155
1399008734664433666
1399008735754924032
1399008743975579653
1399008748354609156
1399008749956784129
1399008751206768642
1399008754289491973
1399008756898349057
1399008764791906305
1399008765874163717
1399008767526776836
1399008771536531456
1399008786422108163
1399008786732306438
1399008787487363072
1399008793405669380
1399008793049157632
1399008793737011200
1399008797121785857
1399008800888270849
1399008802591105029
1399008809612419075
1399008811403202560
1399008813252964358
1399008813798150144
1399008815895302145
1399008829392789505
1399008830701412355
1399008831020146692
1399008838725087238
1399008841849872387
1399008848158076929
1399008848992690178
1399008849189916673
1399008849181528065
1399008855586131968
1399008863098228742
1399008864503177216
1399008864645775363
1399008869968457732
1399008870630969353
1399008871600070661
1399008873084690432
1399008881641205761
1399008893003513862
1399008910942556171
1399008921554063366
1399008922745274370
1399008929334456321
1399008932090232837
1399008935642910725
1399008935844196354
1399008936230068226
1399008936435535877
1399008936418856967
1399008944949850112
1399008948326383616
1399008951543476234
1399008952130539522
1399008952390762497
1399008954169110530
1399008954659844099
1399008957486665736
1399008966433247232
1399008967112548362
1399008967720796164
1399008970023579648
1399008976109514757
1399008982124175365
1399008989489283072
1399008989833138177
1399008997877895173
1399009003871428615
1399009006358777857
1399009008476999684
1399009008430747664
1399009009735196678
1399009020552400898
1399009026273329152
1399009027166666752
1399009029763088393
1399009030123790343
1399009036490661894
1399009040890576906
1399009043386150912
1399009056254275588
1399009056732246026
1399009058544259072
1399009066370813956
1399009076949008386
1399009080438497283
1399009080828739585
1399009089976418304
1399009091910090752
1399009092144799747
1399009097656279040
1399009101095391233
1399009104228716547
1399009104677408771
1399009111174430721
1399009111614705666
1399009114773098501
1399009119705702400
1399009124210389001
1399009129084166146
1399009138227793924
1399009149745348615
1399009151506956290
1399009151922094083
1399009152433807373
1399009152458964998
1399009155730399233
1399009155957022726
1399009157928210447
1399009160189169667
1399009165088075781
1399009165167710211
1399009168401616897
1399009169051578379
1399009171031445508
1399009176869871618
1399009178191007747
1399009180271484931
1399009187691122688
1399009190538997765
1399009191352692742
1399009192023838724
1399009192288174083
1399009197736566789
1399009199133138950
1399009201985314816
1399009208591339520
1399009210789138443
1399009221555990534
1399009229525168130
1399009233564282881
1399009236647096326
1399009241071902722
1399009241164308482
1399009242212974597
1399009242368073729
1399009244305936387
1399009246197522436
1399009250060427264
1399009255416532992
1399009257920491521
1399009258642055168
1399009264509796353
1399009267739467778
1399009268477595649
1399009281492623360
1399009282851586049
1399009291479179264
1399009297531559936
1399009300773851145
1399009304565456899
1399009305244930051
1399009306910076935
1399009307690209282
1399009310802382855
1399009318926700553
1399009320159825920
1399009331245375491
1399009335007748096
1399009336752488459
1399009341529903106
1399009343253716997
1399009344809799681
1399009345833259009
1399009346634223616
1399009347640774657
1399009356432150532
1399009357388464135
1399009358076334081
1399009359435157505
1399009365009440772
1399009371472924675
1399009376610967554
1399009377114365955
1399009383829446658
1399009385045766146
1399009389281890306
1399009398853353477
1399009399042154501
1399009404431728651
1399009409796354061
1399009415802535940
1399009424707031041
1399009425231421443
1399009433565466629
1399009434555359235
1399009436019171329
1399009438774726659
1399009441983369223
1399009447515721730
1399009447599554565
1399009449541615618
1399009455833063426
1399009455828832258
1399009456394997761
1399009456755597321
1399009458651533316
1399009462254505985
1399009471993724931
1399009477161111555
1399009479169961985
1399009481560932354
1399009484652093444
1399009485675372546
1399009506357620737
1399009514863616000
1399009515060662281
1399009518588203008
1399009524028219392
1399009535185018884
1399009540222373893
1399009542197891072
1399009543930224640
1399009545444265989
1399009546190872586
1399009549286313984
1399009551295385603
1399009559671459840
1399009569997611008
1399009571012808704
1399009571897753600
1399009581968150529
1399009586842062848
1399009587357835267
1399009595369177094
1399009598531641350
1399009599026601986
1399009609181024260
1399009610845999110
1399009613337534464
1399009613228478469
1399009615610888192
1399009622577590286
1399009644207558657
1399009644798889985
1399009646875193348
1399009655569801220
1399009656744267784
1399009664965115908
1399009666152140800
1399009668580757504
1399009670832869377
1399009671369854980
1399009676574986241
1399009677287976964
1399009679208894468
1399009682342154240
1399009684305162242
1399009688306528259
1399009689812279296
1399009703607160837
1399009704278437890
1399009708866945024
1399009718396280840
1399009719252094981
1399009721416364038
1399009721961660420
1399009736356401152
1399009737681866752
1399009741754429447
1399009741968273411
1399009745885962250
1399009748184358912
1399009752584265732
1399009756677763074
1399009759177621509
1399009762663034884
1399009761769803777
1399009766412894209
1399009767465664514
1399009774352601088
1399009779129929736
1399009780790792194
1399009786528735232
1399009789011714048
1399009792224645123
1399009796121153540
1399009808792047618
1399009812013277186
1399009826596745220
1399009830501822465
1399009834150682629
1399009865511677956
1399009869835948045
1399009873862578180
1399009877117194241
1399009888437669893
1399009889570082822
1399009901981016064
1399009910168309760
1399009911887974402
1399009917739098122
1399009920020664327
1399009922080133123
1399009926471684101
1399009928958840839
1399009932809232393
1399009932934930434
1399009934314856451
1399009942770683906
1399009960630001664
1399009964925009924
1399009969400283142
1399009970822201348
1399009970818007040
1399009972726505474
1399009982264209412
1399009984906674180
1399009985871425539
1399009988840886278
1399009989809872899
1399009994671104004
1399009995992178694
1399009996000706561
1399010001344204801
1399010002560450565
1399010007824302085
1399010013201502212
1399010019010486276
1399010023242665989
1399010030184284169
1399010031199305731
1399010032289734656
1399010036546883592
1399010037016805380
1399010039919173636
1399010040661614594
1399010040909082625
1399010042624430085
1399010050904100865
1399010051910770692
1399010053483548677
1399010057061289988
1399010057128394760
1399010069379944448
1399010070575333378
1399010087201615878
1399010089927852033
1399010091244814337
1399010091836248066
1399010093765697537
1399010095011401729
1399010099402784773
1399010100187217920
1399010100250091520
1399010109997547524
1399010122576322561
1399010123209711617
1399010125155799041
1399010126959284225
1399010140679028739
1399010141387755524
1399010141446541322
1399010144634212354
1399010145921798149
1399010154134347780
1399010163428757506
1399010169443524608
1399010170580111363
1399010186245795840
1399010186472443905
1399010187051036674
1399010187822915584
1399010195250974726
1399010196425383939
1399010198367449089
1399010206873489411
1399010212074373125
1399010212338573317
1399010216906215426
1399010220425170944
1399010222992101386
1399010223759654917
1399010227748540416
1399010229564629001
1399010236116176901
1399010245519851529
1399010250565599234
1399010255418400769
1399010255871385601
1399010256601112578
1399010257213394947
1399010258077601794
1399010259872649223
1399010265723772932
1399010267544145922
1399010273764143108
1399010275353845761
1399010285004992517
1399010285499781122
1399010295704526853
1399010295985709067
1399010305666174980
1399010308375650306
1399010312276234244
1399010316881518596
1399010328013283333
1399010334011277317
1399010334162276357
1399010336611655682
1399010343217635334
1399010348410228739
1399010354022305797
1399010354877763593
1399010357226610702
1399010359919493120
1399010370002448384
1399010371021815816
1399010385282338818
1399010385571762181
1399010390256885773
1399010390458126338
1399010414948585473
1399010416408285187
1399010422741606400
1399010423941210117
1399010426457894913
1399010426365497348
1399010432619364357
1399010434808795138
1399010436536672259
1399010438214524932
1399010442215923718
1399010442870149123
1399010443373334529
1399010451841814538
1399010465326452742
1399010467033587720
1399010470846033925
1399010472213594115
1399010474985984012
1399010478886637569
1399010481411665922
1399010484536451072
1399010488000917509
1399010498796953613
1399010503234490385
1399010503633129475
1399010506694807558
1399010508754210820
1399010508938924032
1399010524403159040
1399010525145616386
1399010530916982787
1399010537103560708
1399010543898284034
1399010553310416900
1399010561317228544
1399010564458782724
1399010570934788098
1399010571920498688
1399010575036858371
1399010577209606144
1399010578136449030
1399010602110963714
1399010602912210948
1399010605697097734
1399010606548766723
1399010620691783680
1399010625414742021
1399010627100758020
1399010640065302530
1399010643244630017
1399010644737900544
1399010646293946370
1399010656804802561
1399010662035070983
1399010664002240512
1399010672453718024
1399010674181738505
1399010675888898051
1399010676119506946
1399010679735062531
1399010684021575681
1399010692410265602
1399010695711236098
1399010697908916226
1399010700924620803
1399010701130223625
1399010702057164810
1399010714333986822
1399010724781903874
1399010726883127299
1399010729328513024
1399010733250301952
1399010733573259271
1399010733912821766
1399010734160424963
1399010735879979013
1399010740447686657
1399010742498562049
1399010743568277507
1399010744298049537
1399010755522011137
1399010765252796423
1399010766360137728
1399010766460706821
1399010768243286021
1399010770260738049
1399010771984654342
1399010780675285003
1399010781471989774
1399010784550789120
1399010786027114507
1399010787461533696
1399010792121540608
1399010792595468289
1399010793526468623
1399010796265361408
1399010796525559818
1399010797414584324
1399010797959929860
1399010804742201347
1399010809313902592
1399010811150954498
1399010812077953024
1399010812736552961
1399010813692809221
1399010817333350415
1399010823922765828
1399010824916586504
1399010829778014209
1399010830595858433
1399010831472508929
1399010835201208324
1399010839240261637
1399010839806550017
1399010841505288198
1399010842377601029
1399010845699448832
1399010849134727172
1399010850342465539
1399010861822447620
1399010862015385601
1399010862132834306
1399010872027144198
1399010872719253508
1399010875474952196
1399010878117187586
1399010884530343942
1399010885293723650
1399010902230417410
1399010907792019458
1399010916746907649
1399010920609812484
1399010920727187469
1399010927261986820
1399010930986557445
1399010934840913920
1399010939639414794
1399010940679454722
1399010941375766530
1399010943980511233
1399010949382774785
1399010953287454721
1399010957343481858
1399010961940418564
1399010962301091840
1399010966185070600
1399010970203267073
1399010972841365513
1399010980399665153
1399010997269000192
1399011006051934209
1399011009956749312
1399011019960225800
1399011031704342536
1399011032711012352
1399011040944443394
1399011041300856839
1399011043846860809
1399011049991516169
1399011051971039233
1399011054093545477
1399011057163714563
1399011064428347398
1399011070203809802
1399011070833012736
1399011071973679106
1399011075203469322
1399011078143725568
1399011083180933120
1399011086318411777
1399011092760711169
1399011096980189186
1399011097814966274
1399011100457418765
1399011100385939460
1399011120547975173
1399011121307262981
1399011121244246024
1399011124176166914
1399011128626143234
1399011134624129031
1399011138369622020
1399011139112087554
1399011144996507648
1399011148784091142
1399011151380422657
1399011162218549254
1399011168845455364
1399011171945127939
1399011175132807169
1399011180832772097
1399011184267993088
1399011184934887426
1399011193361100802
1399011193864421383
1399011196229980160
1399011196238434304
1399011212449353728
1399011214764744705
1399011216635285505
1399011224252305409
1399011228467539970
1399011230178742273
1399011236973588480
1399011238860902400
1399011239871844354
1399011240584876043
1399011244028334086
1399011245588578305
1399011247425736713
1399011252953812994
1399011258263916550
1399011259962515459
1399011261380280320
1399011262747447307
1399011265230512130
1399011269206843399
1399011270922326019
1399011277339570182
1399011277796626434
1399011280430718978
1399011281848446977
1399011284935344134
1399011289561591810
1399011292397010945
1399011296440459268
1399011302069215234
1399011306926133248
1399011309023371270
1399011311766282240
1399011313095823363
1399011315448909826
1399011317239910408
1399011319127461891
1399011320914141188
1399011320981123072
1399011324886138883
1399011332964470789
1399011335996850177
1399011337032843267
1399011337745825799
1399011339536900099
1399011343483633668
1399011345983365126
1399011346281230342
1399011351557640194
1399011355919892481
1399011363725455371
1399011365516361728
1399011366564995076
1399011367299002370
1399011369740034054
1399011369974845443
1399011386764713985
1399011388002078727
1399011388945797132
1399011392875679745
1399011398504484868
1399011406662422529
1399011406771462144
1399011409162350601
1399011409632059398
1399011413809680386
1399011417307627528
1399011426681958404
1399011432394489857
1399011432642093056
1399011442624536579
1399011444490911744
1399011448769155072
1399011450081927176
1399011451256279041
1399011457870749702
1399011458294247427
1399011459607236611
1399011476606758916
1399011476489265155
1399011479744024580
1399011483380555776
1399011491337154564
1399011499989995525
1399011500413669377
1399011502074519554
1399011507585925121
1399011509737512967
1399011513197682696
1399011526363783171
1399011526392963072
1399011535545155587
1399011537206005763
1399011539294687235
1399011546240532480
1399011550493609986
1399011567576961027
1399011569221132289
1399011571289014275
1399011572572246020
1399011577081339906
1399011581254508554
1399011582202482690
1399011589274038273
1399011590490497025
1399011592658849799
1399011595234197507
1399011597360697349
1399011601685127176
1399011602784006145
1399011603383730189
1399011609838854144
1399011612351033345
1399011618319527938
1399011624363565057
1399011628486512645
1399011633825927171
1399011635302256646
1399011641983918081
1399011651655925766
1399011654382272519
1399011664457089025
1399011664939257860
1399011667875438599
1399011672988262413
1399011680487542788
1399011688830091265
1399011693989036033
1399011699450023942
1399011702042152960
1399011702042025988
1399011705989079041
1399011710963392512
1399011713970704386
1399011714004357124
1399011719217782789
1399011721503600640
1399011725337411584
1399011729829400576
1399011735042985987
1399011741313404930
1399011745969197056
1399011750532370435
1399011751518031873
1399011754127003654
1399011759290126336
1399011759378239490
1399011764306595843
1399011766269513733
1399011766512898055
1399011771114049539
1399011777216749568
1399011784955211778
1399011787689775107
1399011789589917699
1399011793704472580
1399011794186866694
1399011795612966912
1399011801451298816
1399011802831212546
1399011816370487300
1399011816664092676
1399011818933297155
1399011819851632657
1399011824087883777
1399011828395438082
1399011828571807750
1399011836855525381
1399011837736218625
1399011838856032256
1399011839002951687
1399011839896264705
1399011839820791810
1399011845306929152
1399011846011506695
1399011847932686345
1399011849052594178
1399011854618284034
1399011855448821762
1399011857478950912
1399011858447704067
1399011864382693378
1399011865909501955
1399011869797621764
1399011869772312578
1399011872360251395
1399011875866697733
1399011883462529027
1399011886943948804
1399011890261417992
1399011892052570112
1399011894497742849
1399011899522441218
1399011900227215363
1399011906082512901
1399011911040212994
1399011917151223809
1399011921634938885
1399011924944240642
1399011929327349764
1399011935954276357
1399011941117476866
1399011943273230345
1399011947224436738
1399011953968885766
1399011955810222084
1399011958230237190
1399011961103290370
1399011965587054596
1399011967722037252
1399011982041399296
1399011984771846148
1399011991046459396
1399011992854306822
1399011995882491905
1399012002438189061
1399012003717402627
1399012008314478593
1399012008742330370
1399012012185862144
1399012013284728832
1399012013234348035
1399012013859348480
1399012014475943941
1399012014979178500
1399012026656116740
1399012030665871362
1399012031471181825
1399012038974783492
1399012039155236870
1399012045916454917
1399012055483502594
1399012059732447236
1399012065906282500
1399012070826336260
1399012074219577344
1399012079453892613
1399012079688896515
1399012085548392450
1399012087783997445
1399012091583942660
1399012094020886533
1399012095463723008
1399012096499650566
1399012103902670851
1399012111980720128
1399012114816110595
1399012129517281283
1399012131786403840
1399012133132771328
1399012136651743234
1399012138283417604
1399012138224660483
1399012141273919495
1399012143882719234
1399012146072141825
1399012152392830981
1399012152866967554
1399012153215131650
1399012161037295617
1399012168104808451
1399012173574291456
1399012174803214341
1399012179077173251
1399012182357127169
1399012192230461445
1399012193568538628
1399012196252782598
1399012198488281090
1399012206109470727
1399012207480901632
1399012210060443651
1399012211905888259
1399012216179920900
1399012216897257472
1399012217400483841
1399012221171105800
1399012222098096129
1399012223591325698
1399012230805393410
1399012243409231875
1399012245279973386
1399012249029775376
1399012263621586950
1399012264318013446
1399012265249099780
1399012266264125445
1399012266461306880
1399012272501137411
1399012277215535107
1399012283712475136
1399012286153568256
1399012288456183812
1399012291052462083
1399012291392196608
1399012305296371719
1399012307007586312
1399012307045433344
1399012309339623424
1399012313848594436
1399012313974386688
1399012328708976643
1399012330130841604
1399012335864401921
1399012337651097602
1399012338137800706
1399012343506407424
1399012347180638214
1399012348157956098
1399012354466234369
1399012355225178113
1399012357771304962
1399012357888643073
1399012358232682499
1399012359503450116
1399012364628996097
1399012373738901505
1399012375265689600
1399012375857176583
1399012379904536579
1399012380638552067
1399012391149445125
1399012398447595526
1399012399068418052
1399012400209313802
1399012404957171715
1399012408753115136
1399012409969348612
1399012410099388417
1399012412339204099
1399012412758581256
1399012415409471489
1399012432157184003
1399012435672043521
1399012436053790722
1399012436544573440
1399012440780718088
1399012451069407237
1399012457109151749
1399012459206303754
1399012466747641857
1399012470639968256
1399012473504731138
1399012474913951747
1399012480161136646
1399012485739388935
1399012504018239494
1399012505561731080
1399012523874062336
1399012526717759496
1399012544275169286
1399012545734746115
1399012546317856768
1399012550394712066
1399012560192512004
1399012562553872385
1399012565947146242
1399012584863326209
1399012586209820676
1399012586977431556
1399012592874659842
1399012593168179214
1399012597450612739
1399012599036092416
1399012600193683457
1399012602337021960
1399012618082283525
1399012620036984834
1399012623090262017
1399012624373800960
1399012624772239365
1399012629411160072
1399012629696454656
1399012639414575109
1399012639360098310
1399012647572434951
1399012653465583618
1399012675326259202
1399012677800845316
1399012679726030849
1399012690400579584
1399012692132655104
1399012699724451840
1399012705588105224
1399012706766704641
1399012710159990787
1399012710243733504
1399012714974875649
1399012719387463682
1399012721010565124
1399012725489950720
1399012726991634441
1399012727259947015
1399012727549476868
1399012729508098052
1399012729411756041
1399012731047628801
1399012733849423881
1399012736965746692
1399012736986664962
1399012747359182851
1399012748860743686
1399012751205355523
1399012756829851658
1399012756771282952
1399012760265146370
1399012772529295360
1399012773497954309
1399012773904982020
1399012777767837699
1399012781257416709
1399012781626646536
1399012785833463810
1399012787465113600
1399012790086606852
1399012806012309511
1399012808646397952
1399012809741111298
1399012812723310600
1399012819744473092
1399012822407954437
1399012824249257987
1399012826346315777
1399012831996096512
1399012834500124674
1399012834936229888
1399012836630663171
1399012842183999491
1399012842079195136
1399012842385379328
1399012857656844296
1399012858277548032
1399012858676092929
1399012859795869700
1399012863273017347
1399012865026183172
1399012872743686153
1399012878389288961
1399012879840415746
1399012883279663104
1399012891458670597
1399012891747962886
1399012894583537664
1399012896428920837
1399012898081488908
1399012902032523273
1399012903102124042
1399012904658255873
1399012908642734100
1399012910844813316
1399012915525476353
1399012917899632641
1399012918851780608
1399012920072282113
1399012924065124355
1399012929899577344
1399012933187866627
1399012935092027397
1399012938414018561
1399012939143786501
1399012939235946507
1399012944504147968
1399012945338716160
1399012947234463745
1399012947704303618
1399012951328235523
1399012953911824391
1399012954775957504
1399012960962502662
1399012967501373448
1399012972111044610
1399012976590352387
1399012981300736005
1399012981761986566
1399012983578279936
1399012984270229504
1399012988510744578
1399012993007038464
1399013002624573441
1399013005732503552
1399013007955427334
1399013009230548994
1399013024707534850
1399013027677097986
1399013028843114498
1399013030474792960
1399013034337595394
1399013034928992266
1399013036711501824
1399013038661963779
1399013040985571329
1399013042055094274
1399013043195965442
1399013046996115456
1399013047704997892
1399013049042751490
1399013049827168258
1399013054877077511
1399013057519570946
1399013059243413506
1399013060216385543
1399013068831608840
1399013072551956486
1399013072937783307
1399013078763675649
1399013082362429441
1399013084656812035
1399013086095364100
1399013087827709955
1399013088519766025
1399013090587557893
1399013090268782602
1399013098690916352
1399013099244601345
1399013106748203008
1399013123529510914
1399013127249874946
1399013132819861508
1399013134283771905
1399013134770360321
1399013136599072779
1399013136917749768
1399013142336839683
1399013143838445568
1399013147797827584
1399013149131427841
1399013149492322306
1399013157880811527
1399013158765871106
1399013159957143552
1399013161790021636
1399013166911266822
1399013177514397700
1399013178147737604
1399013182937735172
1399013185374539781
1399013194996359168
1399013195260518402
1399013200679604230
1399013203791728642
1399013204425011203
1399013206056652802
1399013210829856769
1399013219788787720
1399013220371906564
1399013221181190148
1399013224046026756
1399013227103723522
1399013231067283459
1399013233449525253
1399013236096307210
1399013236163321861
1399013236863684617
1399013237497208833
1399013247143972865
1399013247559286785
1399013248209457172
1399013251665498113
1399013255423610884
1399013258993012743
1399013260351791107
1399013261274660872
1399013265422827521
1399013272309973001
1399013275333926916
1399013274767826944
1399013278399877124
1399013278781632520
1399013279633190917
1399013287275155457
1399013292128063491
1399013293944147970
1399013295865090050
1399013311849529356
1399013314945064967
1399013318505865226
1399013319722344449
1399013322524135428
1399013323996270595
1399013328614211585
1399013330229080078
1399013332657582083
1399013332997320706
1399013349568954369
1399013352320364549
1399013359907921924
1399013361556234241
1399013362336403465
1399013362038607876
1399013363540140035
1399013364823691264
1399013365385613313
1399013370976669697
1399013376756310018
1399013385539178503
1399013385858174981
1399013386491416581
1399013388022288390
1399013393361670145
1399013396385878017
1399013401087545351
1399013412634497027
1399013413439877122
1399013421761323010
1399013421740445700
1399013422344278024
1399013425477570560
1399013428648452096
1399013429881364486
1399013432867819526
1399013433148948485
1399013433090007047
1399013433236856836
1399013438593044483
1399013451758985231
1399013454707580929
1399013460000665602
1399013462454374401
1399013464803352580
1399013467529437191
1399013468846624771
1399013472986451970
1399013478921170949
1399013479198212096
1399013483912511489
1399013488798801929
1399013488954167298
1399013491323899904
1399013498051497984
1399013502518444034
1399013508168044547
1399013508440854528
1399013512047779841
1399013512207286274
1399013512236736515
1399013516162396162
1399013523909316610
1399013524987318272
1399013527369703427
1399013527873019909
1399013530414686213
1399013534852321281
1399013535313707009
1399013536647598083
1399013541542305794
1399013542137892865
1399013543651856390
1399013551780634627
1399013554691391491
1399013555496685569
1399013567228174341
1399013572823375876
1399013575868432387
1399013576078106629
1399013581245632516
1399013584005435398
1399013585708150784
1399013591815053316
1399013597167198208
1399013599679483908
1399013604448423937
1399013611616473097
1399013612648341504
1399013619145359360
1399013621234028545
1399013622462902280
1399013623226269697
1399013623352156162
1399013625184985092
1399013629165441034
1399013631564693510
1399013634097827842
1399013636388052992
1399013638913003522
1399013640842448899
1399013645741342728
1399013646471213062
1399013651131113477
1399013653811138561
1399013654171955201
1399013656457748480
1399013657820815365
1399013658600960006
1399013658747977729
1399013660312281091
1399013661465710597
1399013673088143361
1399013676661690370
1399013682902966274
1399013685524262913
1399013691547217921
1399013693330014213
1399013696890830851
1399013700133031937
1399013712913219592
1399013713814999041
1399013718319677447
1399013725131190279
1399013726473293824
1399013727949754372
1399013727656038406
1399013741702750212
1399013744038998020
1399013744894750734
1399013755015602176
1399013759780372482
1399013759960555523
1399013760807981056
1399013765589487620
1399013770060460034
1399013773323689987
1399013776444334081
1399013784908406784
1399013785214595076
1399013787882037251
1399013789379465216
1399013791749349379
1399013792248434691
1399013792764219392
1399013793649266691
1399013797965205505
1399013802365145089
1399013803560345601
1399013815325429767
1399013819196706818
1399013823542083585
1399013832606035975
1399013839509749763
1399013843083436037
1399013844962353159
1399013857373298692
1399013861672599553
1399013871516540931
1399013873538285572
1399013873856876544
1399013874813353984
1399013880802648064
1399013885970165764
1399013891158519819
1399013893058433026
1399013896585940992
1399013906652225544
1399013907600117760
1399013908065755140
1399013926801580032
1399013926873047041
1399013927040667648
1399013930660413452
1399013930907885569
1399013936767258624
1399013937413304322
1399013938214354952
1399013939615260674
1399013942295339011
1399013942979084294
1399013948779728899
1399013949832630272
1399013967368921093
1399013969122271236
1399013976323788800
1399013977154211841
1399013980778205186
1399013986771873796
1399013987656818695
1399013991331078145
1399013992849461248
1399013994749476869
1399014001045028867
1399014000961130496
1399014009790074884
1399014016807145475
1399014024000458753
1399014032867270659
1399014033861185546
1399014040962281476
1399014045009649667
1399014047505342473
1399014048113381382
1399014059505340420
1399014059471781894
1399014060151083009
1399014062466514948
1399014069110075398
1399014075531681795
1399014082641022981
1399014086130679810
1399014087732903942
1399014090908049412
1399014094208860160
1399014102966669314
1399014124823224330
1399014127616643074
1399014128388354052
1399014130598780937
1399014133907935237
1399014133706625027
1399014140237152256
1399014145937211393
1399014149183598595
1399014166921318404
1399014169983303681
1399014169970626562
1399014180322091009
1399014182515785732
1399014183123947524
1399014183505645570
1399014184633847810
1399014185271451651
1399014189214097415
1399014190774431750
1399014195811717129
1399014196038279173
1399014196289835011
1399014204611366914
1399014207253671938
1399014210328219650
1399014212165242883
1399014229450137601
1399014232574791684
1399014233522814985
1399014239272988675
1399014239335968773
1399014239700914179
1399014240166453253
1399014241106079745
1399014243949682691
1399014244222259203
1399014248483799043
1399014251604422656
1399014251537309696
1399014255496675333
1399014259623743489
1399014259867197447
1399014268805156864
1399014272601145350
1399014275906220036
1399014277466529795
1399014277697085440
1399014280679366658
1399014283007053825
1399014286836473856
1399014290091352070
1399014293283160068
1399014321393389570
1399014324010692609
1399014327609331716
1399014328993517573
1399014329861738497
1399014330818048001
1399014332055183365
1399014332411748356
1399014338820775937
1399014342599790593
1399014346584436742
1399014353408598028
1399014358987034624
1399014361989926918
1399014371364311040
1399014375168647169
1399014376758251523
1399014376724631554
1399014378536591365
1399014384861691915
1399014390540742658
1399014391551455236
1399014397297631234
1399014399722000384
1399014415119405059
1399014418076295170
1399014418336436226
1399014425030389766
1399014428717244417
1399014438905290755
1399014438959816705
1399014442185207810
1399014443690840065
1399014444953448448
1399014446513729537
1399014449437200384
1399014452284977152
1399014452469682176
1399014456600842246
1399014458970812421
1399014459218223106
1399014463051911170
1399014479820697600
1399014482748260352
1399014484367249410
1399014490075660292
1399014490767859715
1399014492344881160
1399014493783474182
1399014498128875523
1399014498929836041
1399014499869417475
1399014500410482688
1399014505364000771
1399014510636146693
1399014513362546694
1399014516936085504
1399014522644480002
1399014525358252034
1399014526620618752
1399014528533282817
1399014539375546374
1399014543221723136
1399014544589180928
1399014549286572036
1399014559273398277
1399014564000243713
1399014566449893379
1399014569054334978
1399014572330258439
1399014576251867137
1399014579510853637
1399014582107181059
1399014587698085889
1399014590768422916
1399014594249699332
1399014600083853317
1399014600645824514
1399014601006665728
1399014601404997633
1399014601535246337
1399014602608885760
1399014604857040901
1399014620547796992
1399014624301813761
1399014624310161408
1399014628953264128
1399014632421986305
1399014634028298241
1399014640567435265
1399014646577762305
1399014652193955845
1399014655708876814
1399014655700393991
1399014663275401223
1399014664525189126
1399014667171733507
1399014667197030402
1399014672817393679
1399014673022861319
1399014673299787777
1399014682799886348
1399014686163673094
1399014689972031493
1399014693247852548
1399014696976535554
1399014697546944514
1399014701573476354
1399014703490158592
1399014705344167937
1399014714798219264
1399014718208159745
1399014720070373377
1399014723811778561
1399014726844174345
1399014737111928835
1399014738932027393
1399014739179708423
1399014741582942212
1399014743575126020
1399014753524125697
1399014766920691713
1399014769097588736
1399014770779455488
1399014771429683201
1399014779180634115
1399014781156270083
1399014782657830917
1399014783853252608
1399014795899289602
1399014800068255748
1399014803151142913
1399014807987236869
1399014821769646088
1399014824076451841
1399014826295189511
1399014828094726152
1399014831341121538
1399014840996446210
1399014842787405827
1399014843743674369
1399014847732326406
1399014849095553029
1399014849342971912
1399014851943542791
1399014853063368707
1399014853952425986
1399014857018576896
1399014859384266762
1399014863213584391
1399014873158332417
1399014877965041664
1399014878971576320
1399014880338972672
1399014880846528522
1399014882545123333
1399014884235526148
1399014885124624387
1399014888438059016
1399014891399356416
1399014893261672450
1399014894796689415
1399014895950176261
1399014896168280065
1399014896583462917
1399014908088373248
1399014910869360641
1399014916552630272
1399014921992540160
1399014925654188033
1399014928812544006
1399014931022876677
1399014940027985921
1399014940195893250
1399014942401994755
1399014942896963586
1399014955815518212
1399014957283377153
1399014959640686598
1399014967836393476
1399014973242757123
1399014975834923021
1399014976761647104
1399014976887484417
1399014978888224770
1399014978976366597
1399014983242035209
1399014983632105474
1399014985586577414
1399014989038563328
1399014993656418313
1399014998983147525
1399015003945066500
1399015005748711435
1399015006507704325
1399015007413755908
1399015016456622080
1399015018239303683
1399015021007413251
1399015024455266304
1399015025709363200
1399015029106786306
1399015029660438540
1399015029685592066
1399015030524289027
1399015031266705414
1399015035511316480
1399015036727795720
1399015038929674243
1399015045716135942
1399015048283099141
1399015049927172102
1399015050153803781
1399015050896084999
1399015059032997896
1399015063395069958
1399015072530305026
1399015072698146819
1399015072928833536
1399015084681273347
1399015086392373253
1399015086786707461
1399015093711613959
1399015097222135808
1399015107380846595
1399015111868755969
1399015113319931904
1399015118621585409
1399015119384875008
1399015119527448581
1399015121712664577
1399015122199322630
1399015132512935943
1399015137667846144
1399015138326372352
1399015138720509954
1399015142357151745
1399015143250436101
1399015144814960649
1399015158006038537
1399015159067299845
1399015159507652613
1399015160522678272
1399015165711077378
1399015171062960128
1399015172702879754
1399015180697325572
1399015181389156352
1399015185172606976
1399015185877188613
1399015188070768640
1399015189174009862
1399015189702344704
1399015189899526146
1399015193850650624
1399015196358815745
1399015202348273665
1399015203048677379
1399015203489173513
1399015206999764994
1399015216168513541
1399015217779122182
1399015218131259399
1399015219855126528
1399015227581206530
1399015230651445251
1399015231683239940
1399015233960747011
1399015235873292293
1399015244714987522
1399015245654282249
1399015253090865152
1399015254152069120
1399015255724941313
1399015262158934016
1399015264818237445
1399015273861091335
1399015274636931080
1399015275501137920
1399015281264001027
1399015282459516929
1399015287165394948
1399015292056084486
1399015297550594056
1399015300339744779
1399015300436275201
1399015300771848200
1399015305150619650
1399015305423114242
1399015315594530819
1399015316504543240
1399015318870134785
1399015319671345152
1399015326042447874
1399015326654865410
1399015327883800576
1399015335660068866
1399015337165733893
1399015342819659777
1399015352122560518
1399015352290398208
1399015353141899269
1399015353821302784
1399015357235417089
1399015362444730369
1399015364218941440
1399015365322051586
1399015368958496769
1399015371424755717
1399015376382537728
1399015386117558280
1399015388382257165
1399015391427444740
1399015399119855624
1399015399778361354
1399015401934184458
1399015402466779139
1399015420493844484
1399015420678508548
1399015424994463753
1399015425531383812
1399015437363470339
1399015439393378304
1399015440660246533
1399015442426048513
1399015448306348032
1399015452173557760
1399015458251100166
1399015460583137289
1399015460771926017
1399015469307383815
1399015473807642628
1399015474625748995
1399015475988905984
1399015496121556992
1399015497816068097
1399015499560783873
1399015504598028289
1399015504681967616
1399015506489847810
1399015509908148226
1399015510830764034
1399015513628491776
1399015530720378885
1399015541772144651
1399015544968269827
1399015545035530240
1399015547384348680
1399015555575676935
1399015565331681280
1399015568968089600
1399015574148042758
1399015577130311681
1399015583623135235
1399015584801624065
1399015588979220481
1399015589503451138
1399015590648434693
1399015591206219777
1399015592766566402
1399015595656376323
1399015597606854664
1399015602371674112
1399015602757378049
1399015606301642752
1399015607555796994
1399015610059673605
1399015614119702533
1399015617051627525
1399015627369680898
1399015629877776395
1399015635435274243
1399015635888349187
1399015635837931527
1399015638748712964
1399015640485306370
1399015645493202945
1399015650270474242
1399015652443279360
1399015652644491273
1399015652808081409
1399015653454057474
1399015662090137600
1399015664459911172
1399015666443702275
1399015673813217285
1399015677063729153
1399015680821837830
1399015683296481281
1399015684638605318
1399015685284524035
1399015689994788866
1399015693220261892
1399015701336178701
1399015702321790980
1399015704851095564
1399015706931302409
1399015707556335621
1399015709737324551
1399015715185860612
1399015715974352896
1399015717249355782
1399015724690161674
1399015728108474379
1399015735159054340
1399015738946564097
1399015747213529093
1399015748144713741
1399015751089111051
1399015755480322049
1399015758928166914
1399015768109436933
1399015768390516737
1399015770663890948
1399015771158761472
1399015774237429761
1399015779178139657
1399015780965093379
1399015781715873792
1399015787705348096
1399015789559169024
1399015792444903424
1399015792688128005
1399015794911162370
1399015799868727297
1399015801777057795
1399015816549568520
1399015832349548546
1399015834706759680
1399015837789474817
1399015838049579008
1399015838829608961
1399015841119752192
1399015844500459521
1399015845553000461
1399015847054614529
1399015848032022532
1399015848828878851
1399015849101455365
1399015856470904833
1399015858559668234
1399015859662692352
1399015859935354889
1399015861021667328
1399015863110541316
1399015864033157120
1399015865111105536
1399015865895563268
1399015866080059400
1399015866532909061
1399015868949016577
1399015876515536901
1399015886393053187
1399015890620870661
1399015890725842945
1399015892713943043
1399015895033389056
1399015896035758084
1399015902885171204
1399015903287779331
1399015909725982720
1399015912242651141
1399015919020658688
1399015920232808456
1399015924775149579
1399015927757299714
1399015927895711745
1399015928117940235
1399015928499781638
1399015929502109701
1399015939941617664
1399015940482818055
1399015943884345350
1399015950729498626
1399015952205979650
1399015959541731328
1399015960351330310
1399015960795922432
1399015961248870401
1399015961915793409
1399015980320407555
1399015984057380869
1399015997600845827
1399015997860839427
1399016003502227457
1399016007599984641
1399016009814663172
1399016015674159108
1399016015430750212
1399016015766462483
1399016016558972935
1399016017171410948
1399016021118365702
1399016022062125056
1399016023756402690
1399016023953752064
1399016034913292290
1399016045172596738
1399016056409280516
1399016058451812355
1399016060540665858
1399016061052276737
1399016062163820544
1399016062084075520
1399016070342664192
1399016072095752198
1399016072280514561
1399016075182882820
1399016081629528065
1399016084620066818
1399016092119543813
1399016096976494592
1399016097676922880
1399016099484667910
1399016108703817734
1399016109081309186
1399016112134574081
1399016112168214528
1399016113770536962
1399016114399502336
1399016119940399110
1399016120804384774
1399016120842035205
1399016120967852032
1399016121035075587
1399016125611008006
1399016126072430592
1399016127221710855
1399016130145042432
1399016138755874816
1399016143143280643
1399016149065420804
1399016166283268100
1399016168866856961
1399016171358363651
1399016178639593479
1399016184779997185
1399016186764042240
1399016188252938246
1399016190182408192
1399016213800493057
1399016222478323717
1399016226895110158
1399016227633258506
1399016228279230465
1399016228899852291
1399016232053985287
1399016234004344832
1399016234969042944
1399016235191476224
1399016241034051588
1399016242212655109
1399016243408035853
1399016248902627335
1399016253281300492
1399016269597360130
1399016279403503617
1399016291034402817
1399016306075004928
1399016318926393348
1399016324165156866
1399016326979543043
1399016331232649216
1399016333170331653
1399016334206308352
1399016338148966400
1399016340065816586
1399016343907844097
1399016345291927554
1399016346805956612
1399016353340723207
1399016353718231040
1399016365436985346
1399016367177748480
1399016376824594435
1399016377978085386
1399016379966238728
1399016381820010499
1399016389843689476
1399016391789907969
1399016394532995074
1399016399666827267
1399016404813324292
1399016407661170688
1399016412564295682
1399016413734617089
1399016414275571714
1399016424400723977
1399016425629573120
1399016437537296385
1399016441794465795
1399016442708758548
1399016444273246209
1399016445783298050
1399016463218868228
1399016463613243399
1399016464594747393
1399016465211310084
1399016470806413312
1399016476930101248
1399016479480188930
1399016486778204162
1399016490767044625
1399016498824245254
1399016499474583552
1399016506734829576
1399016509863780356
1399016512019566598
1399016512447422469
1399016526024380419
1399016530654875648
1399016534614450184
1399016535990079488
1399016539949522953
1399016543908945922
1399016545444106246
1399016546702446595
1399016552167620609
1399016557200674817
1399016559448891392
1399016564997988352
1399016567589904398
1399016569775267848
1399016570245074952
1399016574191763460
1399016576897196037
1399016583205433349
1399016591292043277
1399016602222403592
1399016603497418753
1399016607859437570
1399016607704260616
1399016615514083328
1399016621033897992
1399016622141046794
1399016630454132743
1399016634380083202
1399016634908561409
1399016640101060612
1399016646719664132
1399016646778494982
1399016656291209218
1399016657675198472
1399016663257960448
1399016666709757953
1399016670203727872
1399016675895246848
1399016681675046915
1399016686947168261
1399016689212157960
1399016690969579524
1399016692597116928
1399016696015294470
1399016697085009926
1399016698636869632
1399016699098275840
1399016706174066690
1399016709193973760
1399016711899201538
1399016715082776584
1399016721831374848
1399016723832086533
1399016724729565184
1399016728370286594
1399016731012632577
1399016735928459267
1399016738965106693
1399016740479176706
1399016741984894979
1399016741980622850
1399016746619523073
1399016747676602370
1399016752810319873
1399016759202623489
1399016760901316609
1399016778769043458
1399016779075100674
1399016780228608003
1399016784766906368
1399016785668722695
1399016787593809923
1399016788646674432
1399016789275648008
1399016790965899269
1399016798553399296
1399016800281583616
1399016801753837570
1399016810096193539
1399016815863287810
1399016818665082883
1399016824767881227
1399016834792235011
1399016835387908100
1399016835543179264
1399016841784135681
1399016851955458053
1399016856464367616
1399016862743023618
1399016869101596673
1399016869504368651
1399016873858113538
1399016875107917828
1399016885908242433
1399016889309880322
1399016891205652481
1399016891184607232
1399016892656885775
1399016896494637067
1399016901196619777
1399016905973846017
1399016915067092992
1399016915402694656
1399016921387966470
1399016925888450560
1399016926911729668
1399016927364718593
1399016928430092289
1399016933756837888
1399016934448971778
1399016939771596800
1399016943898726402
1399016956309639170
1399016956821311489
1399016960927600641
1399016962647367683
1399016964702474245
1399016965415575552
1399016966786928645
1399016970742288385
1399016971996442630
1399016974026477569
1399016977331474433
1399016980229799937
1399016983056764928
1399016986580074503
1399016988052230153
1399016989218201600
1399016989692100610
1399016990375821314
1399016997229416451
1399016997623635969
1399016998013648898
1399017009728397319
1399017012542640134
1399017013872365579
1399017018096078850
1399017019182227456
1399017020709027840
1399017022369972226
1399017025847050240
1399017031509233664
1399017032033701890
1399017034109837317
1399017034696957955
1399017050572353540
1399017050660499457
1399017054049603589
1399017057006485508
1399017059187671051
1399017064157876227
1399017066213093379
1399017072001273857
1399017072542158851
1399017073951584259
1399017076958892035
1399017082298249217
1399017082545655810
1399017086891012097
1399017086907789312
1399017090267426818
1399017093203365889
1399017094969167875
1399017099687694338
1399017107925438469
1399017111335354369
1399017118042001413
1399017120046850048
1399017124287455232
1399017139164651526
1399017145472667649
1399017150510157827
1399017150740787206
1399017166146457600
1399017167505428490
1399017172110909440
1399017178557566976
1399017181917089794
1399017184748244992
1399017197545177088
1399017200078364679
1399017201940709378
1399017203517870085
1399017203530403840
1399017207431061509
1399017207787577346
1399017211004481544
1399017221578498048
1399017225470808068
1399017233314156545
1399017233481883648
1399017248916922370
1399017251794214913
1399017258010152961
1399017260606492674
1399017264800796680
1399017264926576643
1399017265891143686
1399017267602591751
1399017276855046147
1399017277228556291
1399017284753047556
1399017289463308294
1399017291388444673
1399017295431667722
1399017299877629954
1399017301446365184
1399017303270899715
1399017308450791426
1399017314356445184
1399017324880015365
1399017329766318083
1399017336426872836
1399017337496367108
1399017338125656069
1399017353292226560
1399017354122649608
1399017354500231170
1399017357192826898
1399017365422084097
1399017369096179716
1399017371637981192
1399017372120408066
1399017379942866946
1399017385437368333
1399017397504282625
1399017404643094533
1399017410888355846
1399017415011307521
1399017415737024519
1399017424633147393
1399017432166117380
1399017434233806856
1399017440797986819
1399017443436072963
1399017444069429251
1399017445986287623
1399017447399821313
1399017449765416970
1399017457352839169
1399017461400444930
1399017462343950341
1399017463703080966
1399017465422680066
1399017470971629572
1399017478605488128
1399017479586729985
1399017484296937472
1399017494585741313
1399017497559396352
1399017497576280068
1399017501011423237
1399017514240286720
1399017524088483847
1399017526328188934
1399017532577701894
1399017534909784064
1399017551389245448
1399017552316039169
1399017554207776768
1399017558662172676
1399017561602375686
1399017566354378759
1399017570078892040
1399017570368372739
1399017570565513216
1399017571756777472
1399017574566879232
1399017576471072768
1399017579516096521
1399017580300587008
1399017583685246983
1399017596343750658
1399017596939386894
1399017599434858496
1399017606800084992
1399017609534738441
1399017617797566466
1399017620221931520
1399017623375986690
1399017624827215872
1399017635644313612
1399017638626357249
1399017639901642761
1399017640715198468
1399017643688955904
1399017645362409472
1399017653679759367
1399017670452854784
1399017671669141509
1399017677104898050
1399017681337061377
1399017695295717377
1399017698680582145
1399017708017139714
1399017709787099140
1399017713436139529
1399017713717198851
1399017727331684363
1399017730385272835
