1389610753481641987
1389610753989218304
1389610754462998529
1389610754614173698
1389610757730574341
1389610762289782788
1389610764852412420
1389610774042091520
1389610775573041154
1389610779603779586
1389610780237066243
1389610781008924672
1389610782187573251
1389610783752007680
1389610786285293572
1389610788474736640
1389610790672601090
1389610792270585862
1389610799388237828
1389610802496245769
1389610810272620549
1389610815653875713
1389610822490542088
1389610833760694275
1389610857286488067
1389610859920433158
1389610862273384451
1389610870896947202
1389610875489751042
1389610880267022337
1389610882183819267
1389610893080551427
1389610904627646469
1389610920532398093
1389610921044189188
1389610920695848965
1389610924533633026
1389610926211358720
1389610933031342080
1389610957521907713
1389610966552301573
1389610966720122885
1389610977038012420
1389610982738206724
1389610991261044745
1389610991655268360
1389610992821100546
1389610998475149317
1389610998798106626
1389611002405298178
1389611015256543232
1389611021925453824
1389611031056375809
1389611031245242379
1389611037821968386
1389611039952719875
1389611039927451656
1389611043031244804
1389611054834012165
1389611055169425408
1389611058344742918
1389611063642005507
1389611064598401032
1389611065860935691
1389611067362320386
1389611068100530176
1389611080402411525
1389611081769709568
1389611082206035972
1389611084856844301
1389611086438150153
1389611091316064261
1389611100522614787
1389611107287912448
1389611113394937860
1389611114963554306
1389611122106388483
1389611124518162432
1389611125755502592
1389611130876727298
1389611131149426692
1389611143191318542
1389611148790599681
1389611155249848323
1389611159674830851
1389611159947448327
1389611160568311813
1389611161314742273
1389611167790809089
1389611170219372547
1389611173402746889
1389611180742922247
1389611183519510530
1389611184903573510
1389611205480878082
1389611216314720258
1389611217740763139
1389611223801495553
1389611223931441155
1389611232588570632
1389611234031554562
1389611240637485064
1389611241086259210
1389611241744777221
1389611255317495810
1389611257246871554
1389611266939965451
1389611279342620672
1389611278608470017
1389611279602565124
1389611285801746440
1389611286074433536
1389611291556392968
1389611294186164225
1389611303417876493
1389611305154211841
1389611307385511942
1389611309419876356
1389611315904274434
1389611318555066372
1389611318777425920
1389611320471814150
1389611322258690050
1389611323097378818
1389611322896265224
1389611323827359745
1389611330919882754
1389611343465099265
1389611345079947264
1389611344991764487
1389611346245918722
1389611352340172808
1389611353082671106
1389611357545418760
1389611358572920835
1389611359298523140
1389611361701928960
1389611361957818371
1389611364918992899
1389611366214930436
1389611371629666311
1389611373961883650
1389611375371198466
1389611378642726912
1389611384556593157
1389611386783870978
1389611389715509248
1389611396627902469
1389611397936517125
1389611405851074564
1389611420208156675
1389611433793622016
1389611433839767552
1389611439405428736
1389611443104796672
1389611447429341187
1389611455218061312
1389611455989833729
1389611459974467585
1389611462386192386
1389611464185585668
1389611477972160519
1389611484544749568
1389611493100978188
1389611493034020867
1389611498499055620
1389611505243496449
1389611505977413636
1389611510222053385
1389611510176092160
1389611516828295168
1389611517314744322
1389611518430416899
1389611524700864517
1389611526307426309
1389611527817158664
1389611530933637121
1389611532254916608
1389611537380167682
1389611543067758594
1389611547652026371
1389611555671715840
1389611564878028801
1389611574822768641
1389611581701599236
1389611589951754243
1389611591495307266
1389611593537830912
1389611597736206341
1389611599477026816
1389611600110305288
1389611606506545153
1389611625032962049
1389611628740726784
1389611637808713729
1389611641042612225
1389611643395526658
1389611645249392642
1389611649594798088
1389611655093383168
1389611669471563776
1389611670205452293
1389611681773461505
1389611684130549762
1389611698982633472
1389611707547459589
1389611707757211650
1389611713868206085
1389611718150664201
1389611730284724224
1389611731610218500
1389611735800221696
1389611735745662977
1389611741181526018
1389611742196535302
1389611745992392707
1389611752468488193
1389611765500108801
1389611769476362245
1389611770004664322
1389611774119489538
1389611774631202821
1389611784529584128
1389611784449953794
1389611786861690886
1389611789004931074
1389611790494015491
1389611802066100225
1389611806453272587
1389611813587783683
1389611816796495878
1389611824119746562
1389611825923305477
1389611825948348423
1389611828595118088
1389611831975497731
1389611831803719686
1389611837294092292
1389611844134858753
1389611847834390532
1389611849524469766
1389611854624956420
1389611876892479492
1389611884446429185
1389611897566138375
1389611909314347008
1389611914406219777
1389611914905358337
1389611926913785865
1389611927744106499
1389611939249131524
1389611947776036867
1389611948745138177
1389611951643316227
1389611966617079810
1389611967258767366
1389611967623614465
1389611988276465668
1389611991036141577
1389611995318603784
1389612006622310400
1389612007792467968
1389612007972814856
1389612009214382084
1389612009507856390
1389612015812026376
1389612025467265032
1389612054462533633
1389612055737552908
1389612056643518466
1389612067070496776
1389612073626345480
1389612073697558535
1389612075182350336
1389612084606820353
1389612092093829126
1389612095730225153
1389612097647087622
1389612101207920641
1389612113191215107
1389612118249336833
1389612118379483136
1389612120229093377
1389612120371699714
1389612122846294021
1389612137891262466
1389612142832332802
1389612144862416903
1389612154400256002
1389612156220444676
1389612160104468484
1389612163380224005
1389612166244864010
1389612173991813127
1389612191930855431
1389612193860177924
1389612194233454595
1389612208242495492
1389612215930691584
1389612215989383168
1389612218321412099
1389612220812697600
1389612224319270913
1389612224516263942
1389612229528625163
1389612235794833410
1389612239099936770
1389612241444499458
1389612251817127936
1389612252521717772
1389612252752355335
1389612261510193159
1389612263531847681
1389612263779172353
1389612263837995009
1389612264240656388
1389612268116226051
1389612270255321092
1389612273858138115
1389612275275898880
1389612276089565187
1389612282347286528
1389612282909392896
1389612284096520198
1389612286592094210
1389612286608826383
1389612288143994885
1389612301439827968
1389612303239290882
1389612305982365699
1389612312160571397
1389612312257048576
1389612316375887872
1389612322222755840
1389612327964528642
1389612329466097665
1389612330875596801
1389612342388961283
1389612355894525965
1389612358591520769
1389612364396482566
1389612365990268928
1389612367017807874
1389612367995101187
1389612370213830656
1389612370943643650
1389612374689259525
1389612374940913667
1389612388551335937
1389612388819800068
1389612392057917441
1389612393756569604
1389612395954376711
1389612401260122119
1389612402933747716
1389612411272024068
1389612416321953793
1389612423607373828
1389612435020058629
1389612438769778690
1389612443341520899
1389612443652001796
1389612448894701569
1389612455165272068
1389612457560186884
1389612457644085253
1389612457698734083
1389612475629412354
1389612490657603589
1389612493258043392
1389612493560061952
1389612497615814657
1389612498903568386
1389612501009002497
1389612503311781891
1389612508382593027
1389612510844792841
1389612518050439171
1389612532944359425
1389612544503910401
1389612545217081352
1389612555694493698
1389612556629778435
1389612557770633219
1389612560324857861
1389612562543677444
1389612565802536963
1389612566092161026
1389612571611652100
1389612575772614656
1389612578238763010
1389612581007024131
1389612586954633226
1389612594340761607
1389612610887331845
1389612613714300928
1389612617233313792
1389612622555791366
1389612649080569858
1389612653132148736
1389612656458231808
1389612658177970183
1389612658505179144
1389612664100462594
1389612665463447562
1389612668034686979
1389612670836518913
1389612678721654794
1389612680764280832
1389612681850761219
1389612682056245249
1389612683390070784
1389612683452952579
1389612686124544019
1389612690545397764
1389612692177104903
1389612700670566400
1389612702889299976
1389612711575654404
1389612713358278656
1389612715006701569
1389612717233762308
1389612719020650497
1389612724464799747
1389612737685250049
1389612744794509314
1389612750570016776
1389612752226996224
1389612760279945222
1389612761609613313
1389612765334155266
1389612774427271172
1389612780689444865
1389612782086152193
1389612782816047107
1389612783436591106
1389612785986936835
1389612797613457414
1389612800058736643
1389612807809814529
1389612821193887751
1389612821722243079
1389612832048746498
1389612833206198276
1389612842530353152
1389612842630873090
1389612843855753217
1389612845864669188
1389612846992986118
1389612853594841099
1389612857331945477
1389612858242121730
1389612862008659975
1389612865083035653
1389612873039683591
1389612875375804421
1389612887275094021
1389612890034950147
1389612894879424515
1389612895160393734
1389612897370836993
1389612901523148804
1389612901695111169
1389612901867081737
1389612909664391174
1389612914773045250
1389612916291170313
1389612928282685446
1389612932951064581
1389612948214239239
1389612951984918532
1389612963804418050
1389612963858878473
1389612963959607298
1389612965968719877
1389612972146786304
1389612976982872068
1389612995433611269
1389613007123009540
1389613019089494021
1389613019609673730
1389613027213860867
1389613039217950722
1389613044767072263
1389613049678422017
1389613050467078144
1389613065948258308
1389613068120952833
1389613073712009218
1389613075590963202
1389613084008927232
1389613094498828289
1389613100010192902
1389613101285269507
1389613103868878848
1389613107782238214
1389613108361039872
1389613132092481544
1389613140774572033
1389613142213332997
1389613144813805575
1389613152275505152
1389613164023533571
1389613167303606273
1389613174438117384
1389613176833126402
1389613179517296644
1389613179366518784
1389613180347994114
1389613186693873664
1389613189864824835
1389613192578486273
1389613197129404417
1389613197842337806
1389613198014238732
1389613201378193408
1389613204670586882
1389613208080633857
1389613213097107456
1389613218134249472
1389613219078033412
1389613221972217857
1389613225386336256
1389613226665648129
1389613229618253825
1389613235926618115
1389613242670977040
1389613243417600000
1389613253253242880
1389613254184357889
1389613260622630923
1389613264892534791
1389613269376290819
1389613275709542400
1389613281870946305
1389613296056258563
1389613296333082627
1389613300326060038
1389613302427242500
1389613304469811201
1389613309515730945
1389613314947362820
1389613316813766656
1389613323272982529
1389613327609962498
1389613335168131075
1389613338565373954
1389613341837074434
1389613342717890563
1389613345745952769
1389613345834078213
1389613356823191561
1389613358144397312
1389613366365224961
1389613367493545994
1389613372333871105
1389613372639961093
1389613373587865609
1389613381552857089
1389613395238850571
1389613407607853059
1389613423311396873
1389613424137707523
1389613433176403969
1389613436204634119
1389613436670124040
1389613437291057153
1389613437605466114
1389613439673421824
1389613445079838720
1389613448665858052
1389613455502725126
1389613462691667978
1389613464453369860
1389613473080958987
1389613484523065350
1389613488268619781
1389613490805960705
1389613492139741184
1389613495935635459
1389613496933879818
1389613501052719107
1389613512553496577
1389613516034879493
1389613517393866754
1389613520120127503
1389613526134579201
1389613527615352838
1389613530127773699
1389613532711464965
1389613535978786818
1389613536247222277
1389613540550615044
1389613546028158976
1389613548049993730
1389613547898900483
1389613550243622913
1389613557852037120
1389613560624517126
1389613560817274882
1389613563791122435
1389613567196942336
1389613568530714624
1389613569801601026
1389613569927380994
1389613579964456965
1389613583672168450
1389613590123106307
1389613610079563783
1389613621580386309
1389613623186710532
1389613623618654214
1389613625678123010
1389613627146227715
1389613627892670464
1389613628769329158
1389613632305078272
1389613641977237511
1389613647610191878
1389613651888377857
1389613652425256960
1389613668288143361
1389613669063876610
1389613669273653253
1389613676420898823
1389613682531971081
1389613691507724294
1389613691700604935
1389613693890043904
1389613700189884416
1389613724458172416
1389613741193498624
1389613756452327430
1389613756427251715
1389613759103049732
1389613770935312385
1389613774852734981
1389613776874336258
1389613783719440384
1389613786349244424
1389613787863412739
1389613793320312837
1389613795958530050
1389613796776284161
1389613797728477186
1389613799481741312
1389613803239841792
1389613811116695556
1389613814270730245
1389613816091185154
1389613828573368326
1389613830041444352
1389613831849193472
1389613832776024072
1389613835464679425
1389613837230411781
1389613839512133635
1389613840158035968
1389613847573635083
1389613850895388673
1389613851235299335
1389613867693744132
1389613879949398020
1389613881576894467
1389613882398838784
1389613884483555329
1389613886807097349
1389613891127181316
1389613894067539969
1389613896797929473
1389613900270866438
1389613900706947078
1389613923398258692
1389613924044136452
1389613924413288458
1389613928733282308
1389613932835311623
1389613937126252544
1389613937780482049
1389613946357780480
1389613956998832128
1389613959817293827
1389613973104996353
1389613989521498114
1389613993736740865
1389613997255655425
1389613998702739465
1389614001814863875
1389614003974967296
1389614005250105345
1389614011545759756
1389614012502007809
1389614014850818051
1389614023335976963
1389614027748294661
1389614040842899457
1389614048128405507
1389614060732358657
1389614068999282688
1389614071411093506
1389614081045368835
1389614090570641410
1389614100322439177
1389614113727385601
1389614115841138689
1389614128575270914
1389614128755576840
1389614133264277509
1389614137794342918
1389614146258280449
1389614147520786432
1389614149236367363
1389614150679031812
1389614151526457351
1389614156060495877
1389614170514001928
1389614182845272070
1389614185412182018
1389614187672788992
1389614188260171776
1389614198607470593
1389614202256568336
1389614204911558656
1389614205687394305
1389614208426287107
1389614220564590592
1389614224532336643
1389614226914881536
1389614229301469184
1389614235433439233
1389614238755430400
1389614243335475208
1389614244900085762
1389614248855146498
1389614260557336576
1389614261081567232
1389614261131898882
1389614261605912578
1389614268706959363
1389614270560841735
1389614276747296778
1389614280220110855
1389614282959167496
1389614285937156101
1389614290013868039
1389614291507056640
1389614291846942720
1389614292958388226
1389614293486686210
1389614293671309313
1389614294078091265
1389614295399505927
1389614298691932161
1389614306455552000
1389614308217262082
1389614308472983554
1389614308997304320
1389614313443405839
1389614315657826312
1389614316572200964
1389614318489006080
1389614318652645382
1389614319390924816
1389614323312599051
1389614327469068289
1389614333265653766
1389614339343233033
1389614352018382848
1389614356678299650
1389614359794442241
1389614361505787906
1389614366480207877
1389614368749404162
1389614373090562048
1389614375208636420
1389614377494528001
1389614377800765441
1389614381756002306
1389614390052376579
1389614390983409664
1389614402622705670
1389614402735910912
1389614403843145735
1389614410730192899
1389614411510337540
1389614413758361600
1389614417508245512
1389614424437166080
1389614429646508035
1389614431605231618
1389614433148735494
1389614436420292611
1389614444867686402
1389614448759955458
1389614458813698051
1389614461913231368
1389614463473487872
1389614466472546304
1389614467219132421
1389614469991575554
1389614477738315783
1389614480078868481
1389614480649187333
1389614481098031108
1389614484814192644
1389614487339081734
1389614498227576838
1389614498483523584
1389614510412009472
1389614512215674885
1389614514539307010
1389614516791484420
1389614520872620041
1389614522403639299
1389614525867909125
1389614527973523459
1389614533329571841
1389614533988143112
1389614537024974850
1389614541407916036
1389614541332303877
1389614553181265927
1389614558990438406
1389614559657406466
1389614566502453254
1389614569803460611
1389614573255233537
1389614575738396678
1389614587486552068
1389614588036063237
1389614589990641670
1389614598106411012
1389614605312344066
1389614626426429441
1389614646890483716
1389614651844042754
1389614651982454787
1389614653144289285
1389614657493782530
1389614661616635904
1389614669913116680
1389614675537563649
1389614676821032960
1389614677546651652
1389614692612575235
1389614696400101385
1389614705778601988
1389614710522368001
1389614712334086144
1389614716352270336
1389614730642345985
1389614730772467722
1389614732366204930
1389614734794702848
1389614735297974273
1389614736308768771
1389614740175872001
1389614743095287810
1389614752616288262
1389614755254444036
1389614763307569156
1389614783461089281
1389614787986817027
1389614789668663304
1389614789928890381
1389614790587342849
1389614790746779656
1389614807465140229
1389614812842373128
1389614817057542149
1389614817955270658
1389614820111044610
1389614825144209411
1389614827442778116
1389614828281499649
1389614838842904578
1389614842919653386
1389614843389530117
1389614843733348356
1389614845713022976
1389614847608885250
1389614848380637188
1389614848477065217
1389614852134551558
1389614877195440131
1389614888998215684
1389614891783294982
1389614892278337538
1389614903795740681
1389614906035478528
1389614924830232582
1389614925115445250
1389614925358714885
1389614931453034500
1389614931864133634
1389614933227175943
1389614940227506178
1389614950201577475
1389614952747388935
1389614960339300352
1389614971345162243
1389614971739418628
1389614978429247489
1389614982002888705
1389614982657036290
1389614983617695749
1389614987493191680
1389614991058292736
1389614992819998723
1389615001963581449
1389615003192418304
1389615003515428866
1389615004656230406
1389615009844563981
1389615025556529152
1389615026059763724
1389615028853219331
1389615028861558788
1389615034901348356
1389615039355625474
1389615045592682505
1389615055776493568
1389615082477400070
1389615086059261953
1389615086977916928
1389615088475148291
1389615092480811014
1389615093672038401
1389615093688717312
1389615097169936386
1389615112521191428
1389615118372069382
1389615118724616197
1389615122805571584
1389615127503151110
1389615134159474689
1389615135610843141
1389615137343016967
1389615144372686848
1389615149506383874
1389615150773243904
1389615155751931906
1389615160432762887
1389615161099444226
1389615161242099714
1389615162869571588
1389615166262636545
1389615170855505921
1389615172084408322
1389615174466760707
1389615176832409604
1389615185040605193
1389615189872594949
1389615191147569152
1389615193462878216
1389615194184241158
1389615194201001985
1389615195438428160
1389615199670444035
1389615205194338310
1389615209917075458
1389615218511187969
1389615221644222465
1389615224270036994
1389615224639078401
1389615232037711872
1389615232725655555
1389615238669025283
1389615240506183680
1389615245031874563
1389615245048512513
1389615248936771595
1389615253818953733
1389615257002336257
1389615260194070531
1389615262643539975
1389615269924937733
1389615289374060544
1389615298261684227
1389615301281546240
1389615302829166596
1389615324341800964
1389615328951480320
1389615341022720004
1389615346508726278
1389615357300674566
1389615365693530117
1389615377651576834
1389615381044674564
1389615381732548609
1389615382407876616
1389615383234195459
1389615383213232133
1389615388359593988
1389615401567457286
1389615407112273925
1389615408869675011
1389615408790003715
1389615410656518147
1389615411239342083
1389615420223668228
1389615422362701827
1389615425936371713
1389615426016010241
1389615428855545858
1389615431518851074
1389615432085147653
1389615436224937987
1389615443728429059
1389615444894625804
1389615446865981441
1389615448283656201
1389615448543563781
1389615448791023618
1389615466528731140
1389615469989011458
1389615473537523713
1389615477299851273
1389615479191334914
1389615483272450050
1389615485533048832
1389615487206662153
1389615490503299073
1389615495935143943
1389615495859642381
1389615496534790145
1389615498141126656
1389615498925592579
1389615510099222529
1389615514431938567
1389615533675397128
1389615542030458891
1389615546799300609
1389615549378928645
1389615556471386114
1389615559008919560
1389615561680867331
1389615562104266757
1389615564151300098
1389615563119501312
1389615565900288001
1389615582417350656
1389615596338356227
1389615600180289539
1389615610485673992
1389615615258808320
1389615616277897218
1389615621864886277
1389615630907854849
1389615634040778756
1389615634846203907
1389615638851764224
1389615640533741571
1389615641594896387
1389615650461659137
1389615653305339904
1389615654559432706
1389615655847141377
1389615657264746502
1389615668635455488
1389615670476910601
1389615674176065544
1389615675635863565
1389615682426490881
1389615688801689607
1389615693352431617
1389615695713943565
1389615697177706500
1389615697320288260
1389615699996332032
1389615703246966788
1389615710385577993
1389615724633624582
1389615731315142660
1389615738370002958
1389615738600710155
1389615748071440389
1389615763976163329
1389615771337252865
1389615782267604993
1389615784742301706
1389615785098637312
1389615788408152066
1389615803218137090
1389615805684408324
1389615809421471747
1389615824080605188
1389615827167502344
1389615829067595780
1389615831592677376
1389615831978373121
1389615836038582274
1389615840220352512
1389615842300674062
1389615845081587719
1389615851859480578
1389615867885932547
1389615873019858950
1389615883677540354
1389615884604481538
1389615886340739075
1389615887523753988
1389615891264851971
1389615897770405890
1389615900370866181
1389615901557862402
1389615906448359435
1389615906523910148
1389615907777835013
1389615912110764042
1389615918699978754
1389615920511922176
1389615921438892032
1389615928061480960
1389615931459047426
1389615945556058123
1389615945912442880
1389615948869488640
1389615952745177091
1389615959783055363
1389615961288937472
1389615961410621446
1389615967395844097
1389615971246112768
1389615974861742088
1389615977877364739
1389615992972750848
1389616000308502530
1389616003601022976
1389616004204949511
1389616031975477257
1389616036534697993
1389616037990125569
1389616038787026945
1389616059167084545
1389616066008129537
1389616066708480001
1389616069028024325
1389616069028024322
1389616073796767757
1389616085629079552
1389616094625816581
1389616110585196545
1389616112539684875
1389616113449906177
1389616116184584194
1389616117602205697
1389616117916766209
1389616123562414080
1389616126213050371
1389616129140736000
1389616129866227715
1389616136476532740
1389616137151778821
1389616143002861569
1389616145964183554
1389616151726989314
1389616154356985862
1389616169250918415
1389616176544768003
1389616178352459779
1389616184694280197
1389616185713602563
1389616191044456460
1389616192407711744
1389616198745214980
1389616202889134081
1389616205116309504
1389616208543199232
1389616211269357569
1389616217925853184
1389616220769423364
1389616237668356099
1389616254533607426
1389616254697099264
1389616256513359874
1389616259453440005
1389616277929426944
1389616297600761859
1389616297927974915
1389616306702401536
1389616307130167305
1389616309768531977
1389616313987866624
1389616329179770891
1389616334355329036
1389616344430153728
1389616352055418884
1389616355033468934
1389616373706334213
1389616389879746563
1389616391775469576
1389616403657994242
1389616408271769601
1389616413153783810
1389616421945159687
1389616427443781633
1389616428022517763
1389616430417596420
1389616436306395138
1389616442446917637
1389616443575177216
1389616444686561280
1389616447240945664
1389616452295184388
1389616455281348608
1389616475158335495
1389616478949945350
1389616480657027076
1389616483060391949
1389616490446422018
1389616500999397377
1389616505772466180
1389616508318494721
1389616508880498688
1389616511770271748
1389616521593466882
1389616531672379395
1389616550185943040
1389616552203493379
1389616560499724291
1389616567781105665
1389616575775391749
1389616577213997056
1389616579604885510
1389616599976529921
1389616620008509440
1389616622680281095
1389616640245977089
1389616643660206082
1389616652715704321
1389616654322049025
1389616656016711684
1389616673280258049
1389616682281410565
1389616689394995203
1389616690200186883
1389616690233856012
1389616690367959043
1389616691483607040
1389616714871021570
1389616716141957123
1389616727265251337
1389616731958677505
1389616749905993730
1389616750593986563
1389616751474880512
1389616754372972545
1389616756885446660
1389616773062963203
1389616774048481281
1389616776103620616
1389616784962199558
1389616785725472771
1389616797129793548
1389616803559530502
1389616805258350600
1389616806726352896
1389616808840376322
1389616809851170817
1389616819711877127
1389616822174027785
1389616822941589507
1389616823289614338
1389616828188659717
1389616840708526091
1389616848065421312
1389616852012240904
1389616855720017922
1389616857716510724
1389616858366504965
1389616858651893767
1389616859973144585
1389616865220173825
1389616871289274368
1389616875051573250
1389616875202613249
1389616875357843458
1389616879564730372
1389616879333896194
1389616881292746752
1389616885046685696
1389616886367784963
1389616892491542528
1389616894655795207
1389616907175743492
1389616916776505344
1389616918189862914
1389616922740903941
1389616923923468291
1389616924837879811
1389616934522703875
1389616937043435522
1389616941225152522
1389616955011833857
1389616958438625283
1389616961596891143
1389616980550955008
1389616982094454793
1389616982996275205
1389616989073719297
1389616991288373251
1389616994916372482
1389616996891996161
1389616998083022848
1389617009646768132
1389617011655860227
1389617018274451457
1389617021378252801
1389617024092053504
1389617025090129920
1389617030412869632
1389617030572150792
1389617033172557825
1389617034317729794
1389617035106209796
1389617035445891072
1389617041993261062
1389617045155745793
1389617048460746754
1389617050419617799
1389617052365856769
1389617053779128320
1389617057206046721
1389617060095746050
1389617074163519490
1389617079364591618
1389617081491013632
1389617088793391106
1389617100126261250
1389617111195168770
1389617114311442437
1389617117876523016
1389617119826833409
1389617121513123840
1389617124335923205
1389617124625235970
1389617130438549512
1389617133030711297
1389617137057255430
1389617139087249412
1389617140811059208
1389617157957320707
1389617162575400960
1389617164424974338
1389617166253629440
1389617170167046150
1389617173270867975
1389617181269315587
1389617183974592515
1389617190710616064
1389617191109074948
1389617194510819331
1389617198998573060
1389617204786827272
1389617205013323779
1389617212370030597
1389617214903537666
1389617215314579461
1389617217239662597
1389617230413844483
1389617236114132996
1389617240681721864
1389617244599169033
1389617258612285445
1389617259321217030
1389617269832101897
1389617275708198912
1389617284059222020
1389617290019315712
1389617302312730627
1389617328418082817
1389617331987484674
1389617334587846665
1389617338551521281
1389617349679099909
1389617350635409408
1389617375381794818
1389617376350539778
1389617380737929217
1389617385011810310
1389617395132665861
1389617400727937026
1389617406717353985
1389617413507932179
1389617415013736453
1389617416347475968
1389617427764424704
1389617432348831748
1389617432868818953
1389617439965650944
1389617440812904453
1389617445510418434
1389617452422684674
1389617469501841409
1389617477395615757
1389617486341890052
1389617494093176832
1389617499596103682
1389617499939954688
1389617502095757319
1389617503396147201
1389617507816837122
1389617509813346307
1389617521376980992
1389617527622225920
1389617530256384001
1389617535855697922
1389617546383429632
1389617553622896642
1389617559595454467
1389617573659127814
1389617575710105604
1389617577345748995
1389617581527650306
1389617587085094913
1389617589769232384
1389617590662844419
1389617592491446272
1389617602939527175
1389617610891878400
1389617611604905992
1389617626251399171
1389617628973518852
1389617632404557826
1389617637735342080
1389617642290491394
1389617674255097861
1389617681196883988
1389617685374410754
1389617687882567680
1389617698955423746
1389617700775682050
1389617701157576710
1389617705033011210
1389617705070694401
1389617709093109763
1389617709365829636
1389617712238841861
1389617714252091401
1389617714885390342
1389617722099593217
1389617722485510147
1389617723756384261
1389617724582682625
1389617724696023044
1389617729230020608
1389617731293663239
1389617738520350720
1389617739703078917
1389617741687136256
1389617742462951424
1389617748263809028
1389617754798448642
1389617755553288192
1389617758028148740
1389617762008543237
1389617766026653698
1389617779637161984
1389617783424573444
1389617786809421827
1389617790169014283
1389617792236785673
1389617794178637829
1389617807218802690
1389617807336386562
1389617807890001925
1389617822943350789
1389617826378436618
1389617828697882627
1389617833819230212
1389617834951692289
1389617846167261185
1389617847861719048
1389617850541772804
1389617854425669634
1389617855088500752
1389617855075917830
1389617861895892992
1389617866736033793
1389617872129990670
1389617877171380231
1389617877469249539
1389617882959646730
1389617888852578305
1389617889100148739
1389617898084126724
1389617899082502146
1389617904115720197
1389617911870935040
1389617916769878022
1389617921555525632
1389617927943507979
1389617930116210692
1389617930707611654
1389617939679223810
1389617941826658305
1389617950882099202
1389617953084223491
1389617958683611137
1389617963234365442
1389617964551389187
1389617969362317319
1389617971690188800
1389617978816204801
1389617981135769603
1389618001880788996
1389618003042525187
1389618016472686596
1389618028682387459
1389618030221606916
1389618035929927682
1389618042058022917
1389618043802750977
1389618046222864384
1389618057375621120
1389618060227715073
1389618062505259012
1389618062542966795
1389618064380108807
1389618067458519046
1389618071854256128
1389618075314446337
1389618076480688136
1389618078141591554
1389618078498054149
1389618089021562881
1389618093199183873
1389618097166880771
1389618100090413062
1389618103974342656
1389618114078285827
1389618116548771840
1389618116976599042
1389618120155967490
1389618121187774468
1389618124077498368
1389618124950020102
1389618134030692355
1389618139063676935
1389618139323936769
1389618143727919106
1389618148039593993
1389618164913168385
1389618166276390912
1389618170609143811
1389618172072841216
1389618172106625029
1389618176309305351
1389618176141447172
1389618186052571136
1389618185507418112
1389618193258348551
1389618197071020038
1389618202787782656
1389618202951360517
1389618203878436868
1389618207237890049
1389618207913353217
1389618207942533126
1389618214615883780
1389618216650133507
1389618219225260033
1389618226762506241
1389618229618745348
1389618229706899458
1389618234681397259
1389618236514357253
1389618239735570434
1389618240335269893
1389618251538341891
1389618254570790912
1389618255082496003
1389618271234654210
1389618282135699458
1389618295763046407
1389618299198083074
1389618299952975877
1389618300502614021
1389618301228224512
1389618303832760321
1389618305305042947
1389618308312403968
1389618310027923456
1389618319637032960
1389618323051094021
1389618324267573251
1389618327367073804
1389618327740370945
1389618328147152898
1389618339656388616
1389618340751101959
1389618340222488579
1389618356446187522
1389618359143059462
1389618361101955072
1389618363140345856
1389618365858209795
1389618365837230089
1389618379158327303
1389618382803193856
1389618384342556672
1389618386385113088
1389618388239101953
1389618399131676674
1389618401815973892
1389618402474532864
1389618417783738372
1389618425526321156
1389618426755362820
1389618433445167104
1389618434690985990
1389618435538173956
1389618447240286213
1389618448976785408
1389618449937166342
1389618457465921538
1389618459236044804
1389618469230891012
1389618477988671491
1389618478471127041
1389618482275225601
1389618489120509953
1389618489460154369
1389618492924645381
1389618496657629185
1389618496783405062
1389618522007818241
1389618526734983168
1389618527955476482
1389618532221169668
1389618538613202947
1389618547517706240
1389618553804967943
1389618562650759169
1389618573300015107
1389618579994206217
1389618586621300739
1389618594120617990
1389618605235580929
1389618606342815745
1389618610620993546
1389618611157979143
1389618621777948678
1389618625233965060
1389618628585218049
1389618633920454658
1389618637414207490
1389618639465107456
1389618641889632256
1389618643848384513
1389618661514747906
1389618663720898562
1389618666883321860
1389618670570180611
1389618673304940544
1389618684436566029
1389618697929740289
1389618698818891781
1389618700261629956
1389618706209075200
1389618706779680770
1389618728774602752
1389618730611580931
1389618756876394497
1389618757237096449
1389618761108439044
1389618765281693697
1389618767563575297
1389618768565964800
1389618778426707973
1389618785108299776
1389618790355415042
1389618790535663619
1389618793526218755
1389618794637651969
1389618800706850818
1389618813331664896
1389618817819631621
1389618822970290181
1389618825608392706
1389618842306027520
1389618847393669124
1389618850451259398
1389618850816090114
1389618857275498498
1389618875998822409
1389618878150373380
1389618880264359939
1389618883250868225
1389618890892787712
1389618892436344834
1389618892633477132
1389618895405953028
1389618898408988673
1389618902997475329
1389618903081529349
1389618908039110668
1389618909922435074
1389618909704114176
1389618915475660800
1389618916188692480
1389618917719433216
1389618920752037891
1389618928805191690
1389618929266475010
1389618934182256642
1389618934895157254
1389618941081923584
1389618945796284424
1389618956323983362
1389618991216295938
1389618994290728967
1389618998309015560
1389619010707333121
1389619014511562753
1389619016097017862
1389619030382764040
1389619033788481542
1389619033943678980
1389619037186007044
1389619041661341697
1389619047671664641
1389619059768049665
1389619067288363009
1389619068500594694
1389619068693479427
1389619071147290624
1389619071205904393
1389619075693821954
1389619082190901257
1389619086406135809
1389619088998101001
1389619092974407686
1389619093452599301
1389619094886957058
1389619096006782987
1389619098343067656
1389619101245616130
1389619103145644037
1389619106597453826
1389619121055092745
1389619121034350596
1389619122510647302
1389619123894640641
1389619125522092036
1389619132614660098
1389619140101554177
1389619146585956355
1389619151522631687
1389619155125608448
1389619158141313025
1389619159970074624
1389619167641407492
1389619169440714752
1389619171902717954
1389619198712811522
1389619212977647622
1389619213413744642
1389619216186150914
1389619229058650114
1389619232581853190
1389619235383611397
1389619240244813827
1389619267792949251
1389619269135126531
1389619276521295874
1389619278362513409
1389619282984714241
1389619286096769025
1389619286226898950
1389619288084938756
1389619291239108610
1389619297727631365
1389619298801360899
1389619311057252358
1389619311363428358
1389619312122601477
1389619315654209543
1389619317105467394
1389619323338100738
1389619326802534405
1389619328383848449
1389619330564820993
1389619330799767552
1389619332339093511
1389619338081099779
1389619351439876100
1389619357165236230
1389619357643329539
1389619357966340096
1389619374382747652
1389619376912060422
1389619386298683393
1389619400240635915
1389619403243851777
1389619407626833921
1389619419299598343
1389619424626233345
1389619427558187011
1389619429412048898
1389619436643131395
1389619441810350083
1389619441718202368
1389619444293554180
1389619447380512773
1389619451872436227
1389619458013020161
1389619479429197824
1389619484726464513
1389619501625495564
1389619508957089793
1389619509330337796
1389619510697775107
1389619513218437121
1389619517014282246
1389619520042528768
1389619521552584707
1389619526283808769
1389619534881988608
1389619539206418436
1389619541093793796
1389619541920022530
1389619543312461825
1389619545271414790
1389619545799806978
1389619547104186373
1389619560320430086
1389619568428126213
1389619578943066112
1389619579320741888
1389619579668869120
1389619582088843273
1389619585545015302
1389619593510010886
1389619599868669952
1389619599881211905
1389619605035831297
1389619608596975620
1389619610807308293
1389619611671404553
1389619611662946304
1389619611918913542
1389619613319798790
1389619619162361863
1389619619216908295
1389619624887472129
1389619628893110275
1389619635964764160
1389619639676719110
1389619640310149122
1389619642348437504
1389619643975802883
1389619651638931462
1389619657905217538
1389619660832772102
1389619660849487873
1389619664511193096
1389619665521963015
1389619670551089157
1389619677484265474
1389619677857415168
1389619679040212998
1389619683247247361
1389619694429159427
1389619705854496769
1389619708094259202
1389619709075542020
1389619711558578182
1389619714658377729
1389619716537430017
1389619721088245761
1389619725467013120
1389619732140154891
1389619733067046913
1389619733193011200
1389619735046860801
1389619735646646273
1389619738108731392
1389619739408879616
1389619760183320580
1389619762951606276
1389619769788321797
1389619769679261700
1389619770928992257
1389619777090596875
1389619777103024130
1389619780252995584
1389619780756262917
1389619788956188672
1389619789463699457
1389619804772896768
1389619825593311235
1389619826243424260
1389619826314911751
1389619829527695362
1389619840957263874
1389619843167514630
1389619847013806081
1389619849882595328
1389619852067827714
1389619858753662978
1389619865397379074
1389619866341023744
1389619870266953729
1389619870451523588
1389619879205081098
1389619898536665089
1389619902797991936
1389619914139385859
1389619918367166468
1389619918627291141
1389619923278729217
1389619925535248387
1389619926772682764
1389619937875009537
1389619950034329606
1389619953821786120
1389619958838042632
1389619966094237699
1389619969177096194
1389619976357781505
1389619988147933185
1389619989662031875
1389619999279562757
1389619999522934784
1389619999988408328
1389620000361795586
1389620002819649536
1389620008670486535
1389620010864234504
1389620019038932994
1389620020347654155
1389620023472295940
1389620024076390402
1389620028182564864
1389620033492447233
1389620042145271814
1389620045517574150
1389620045882347531
1389620048189329420
1389620055537713152
1389620057890717701
1389620058255724553
1389620074269405187
1389620075687260164
1389620079143362567
1389620087062077443
1389620089453006854
1389620090421796864
1389620096302264321
1389620098936107013
1389620099817033728
1389620104900403205
1389620106947227654
1389620111288324100
1389620114115362818
1389620115914858505
1389620129722298373
1389620132314587141
1389620132662579200
1389620144234696704
1389620147388887046
1389620146872979459
1389620150505283585
1389620155492147202
1389620156851048449
1389620159250268161
1389620166783340544
1389620166682611712
1389620171258617861
1389620173074796551
1389620174739976194
1389620175406653452
1389620179634638848
1389620189814132736
1389620192171499528
1389620199796658176
1389620212660523008
1389620214917074946
1389620214971748354
1389620218650107905
1389620220248133633
1389620227810414602
1389620228263452681
1389620228414398467
1389620239466438661
1389620241756418050
1389620243908108289
1389620252627984384
1389620254519742464
1389620264531546115
1389620265647165447
1389620268310597635
1389620277584154625
1389620284655902729
1389620288585863172
1389620292398501892
1389620297112997889
1389620307644792833
1389620321813151746
1389620325713842178
1389620326611361793
1389620332575723526
1389620344659587073
1389620346374873092
1389620347104862210
1389620349453705217
1389620355019456512
1389620361633746949
1389620365333127168
1389620370878070787
1389620373528920069
1389620376116895748
1389620379451371524
1389620379346341888
1389620389806960640
1389620393267367938
1389620394496184320
1389620402284990467
1389620402671001600
1389620408698167300
1389620408773746693
1389620409675522059
1389620409549529088
1389620414935183363
1389620417912922112
1389620430642860032
1389620434501521412
1389620440293851141
1389620440985870339
1389620441749213186
1389620447596224520
1389620455913541632
1389620460753592325
1389620462334976007
1389620468852957193
1389620470765424642
1389620473328140289
1389620474779418629
1389620487697829892
1389620489560248326
1389620497055367178
1389620497873256450
1389620499466969089
1389620499248992260
1389620499479769088
1389620503581708289
1389620512611995648
1389620518593118213
1389620523408060421
1389620526499368962
1389620528109998082
1389620531591139331
1389620537807175682
1389620538713075713
1389620541426913284
1389620541406027782
1389620544836939780
1389620544874549253
1389620546048954373
1389620560288681985
1389620563342069764
1389620563807588352
1389620568652124163
1389620579750318081
1389620585106378768
1389620586389901312
1389620588122185729
1389620591204970498
1389620595265089539
1389620596116439041
1389620598163218438
1389620604026949644
1389620619529003012
1389620620652998656
1389620625245802500
1389620625598201865
1389620626307100676
1389620628454580226
1389620629083762694
1389620637564489729
1389620643079983106
1389620650621509638
1389620651095437320
1389620651133227012
1389620653821550594
1389620653809037313
1389620659479789573
1389620666098388993
1389620680002519043
1389620681445421060
1389620683769098245
1389620684817518599
1389620690433675265
1389620694271545349
1389620697521999873
1389620699430522888
1389620703687847937
1389620706162348035
1389620717889593347
1389620725502210048
1389620734910074885
1389620741365239810
1389620745735651329
1389620747497316353
1389620748302512128
1389620752211529728
1389620753084076032
1389620757542543360
1389620758964547594
1389620759421718528
1389620762303254529
1389620762584227848
1389620764165300229
1389620767034273795
1389620768560992258
1389620770628784132
1389620772176601091
1389620773422252032
1389620774420484099
1389620780422483971
1389620784520257538
1389620792728559618
1389620799498121218
1389620803826688004
1389620807211618306
1389620808239226881
1389620808855793664
1389620814354423809
1389620831853158405
1389620834239754246
1389620839440699396
1389620841386762248
1389620851490832391
1389620851612524545
1389620853659213828
1389620853965479938
1389620858511974404
1389620858986156034
1389620874798641155
1389620876119662596
1389620878837694470
1389620878904807429
1389620881647865864
1389620889314938887
1389620903047204871
1389620910253092868
1389620915038720002
1389620922244501505
1389620928678608903
1389620928657698822
1389620931895697413
1389620937679638529
1389620946403745794
1389620947414511620
1389620949465579523
1389620961650036739
1389620968520310785
1389620970197962754
1389620972953681923
1389620974535036930
1389620975432396803
1389620975600295936
1389620979928866820
1389620981770117125
1389620988288151562
1389620998626897931
1389621001202421760
1389621002167066628
1389621005186969600
1389621007938379780
1389621023323136000
1389621028134035456
1389621029341863937
1389621043850063879
1389621053001961481
1389621053173862400
1389621054130294788
1389621059440234512
1389621061906538499
1389621071536664578
1389621073855934468
1389621075840061446
1389621078620876804
1389621080386678785
1389621088577982464
1389621089429504005
1389621103484604417
1389621124779024384
1389621124816900099
1389621137546559490
1389621141938085897
1389621152910385155
1389621155514961920
1389621158513758216
1389621162838220803
1389621165333823490
1389621170127839233
1389621177115561985
1389621181867773954
1389621183411195909
1389621188993994752
1389621206081548288
1389621206614257665
1389621211068604418
1389621211878117376
1389621217049473028
1389621220325396485
1389621221130575875
1389621233298378753
1389621235835936775
1389621236829806594
1389621242613800965
1389621243041693698
1389621244090146816
1389621244052398081
1389621246363643908
1389621248595009544
1389621260242624517
1389621265565208576
1389621267041501191
1389621267842617350
1389621272695517189
1389621280471715842
1389621282568904709
1389621291121004544
1389621296380661768
1389621299304091650
1389621308657373187
1389621328647397379
1389621330660794375
1389621337660919809
1389621338134962178
1389621338638331905
1389621339150028810
1389621343738470404
1389621345793740803
1389621349635796993
1389621359106400263
1389621361694453768
1389621362386427910
1389621369088917513
1389621376303210505
1389621377016102927
1389621382246453249
1389621383961878529
1389621385744592903
1389621389959774209
1389621391461208065
1389621402014076928
1389621404174372868
1389621405398966273
1389621408402231300
1389621411962966019
1389621413863206918
1389621424428625921
1389621433811173377
1389621433727291396
1389621434998091776
1389621435937660928
1389621436919263243
1389621442552209408
1389621442803732480
1389621446578634753
1389621459031445505
1389621466468012032
1389621468410036225
1389621470482083840
1389621475477389313
1389621476110704641
1389621479986372610
1389621481206960128
1389621494981046274
1389621505311526914
1389621508583133187
1389621512009920513
1389621516342599681
1389621522017538048
1389621524857040897
1389621527205793801
1389621527319126028
1389621536487661571
1389621538933063691
1389621539012849670
1389621553961201665
1389621558336004099
1389621569123545097
1389621573749927947
1389621577562660869
1389621577734631424
1389621585548615685
1389621588371419140
1389621588715257859
1389621592787988490
1389621596726337543
1389621600442531845
1389621609019883526
1389621610101968897
1389621617500766210
1389621618109001729
1389621619425832960
1389621620952633344
1389621622374637573
1389621644029833222
1389621648949665795
1389621652917563395
1389621655664664580
1389621656264462338
1389621657485127680
1389621659200495620
1389621659192098818
1389621668885123073
1389621677907185670
1389621688950824962
1389621690473222146
1389621696940888072
1389621698459144193
1389621698492735488
1389621699054751746
1389621701575651331
1389621702842224646
1389621710345883652
1389621714770923520
1389621716494819330
1389621718319308800
1389621720219365377
1389621723239272450
1389621725835534337
1389621728754737154
1389621749789167624
1389621750393016324
1389621756911001601
1389621759712931848
1389621762917240833
1389621771859603462
1389621773499572225
1389621781577752577
1389621791144873984
1389621793099550723
1389621801156857862
1389621804923330560
1389621809717317634
1389621817388769283
1389621817917296644
1389621822916755456
1389621825471188992
1389621825416491017
1389621828134518797
1389621833641734144
1389621840423886849
1389621849135398917
1389621861395439618
1389621871533039625
1389621876276793344
1389621880542408710
1389621884497666052
1389621885487525891
1389621886527709184
1389621889501433863
1389621890545815554
1389621890881294341
1389621899437645825
1389621903120285696
1389621904869249034
1389621910619758598
1389621913643802624
1389621913966755842
1389621917745877002
1389621923794071557
1389621925010452485
1389621925312348174
1389621926348349448
1389621928147697665
1389621946023776257
1389621946497867776
1389621948909502469
1389621951195402248
1389621960515149824
1389621966156574723
1389621966676631557
1389621967146213377
1389621971906965506
1389621981121847296
1389621982719791106
1389621985429315587
1389621986268270598
1389621987723538433
1389622000688132096
1389622004207259649
1389622004332974086
1389622005108989953
1389622009747972107
1389622011165646852
1389622013229076483
1389622021387063297
1389622028752367623
1389622028999696385
1389622031457693705
1389622037556178944
1389622042396303360
1389622048389955584
1389622055713218563
1389622057017782277
1389622059332866048
1389622066459119622
1389622069650984967
1389622070741409797
1389622077431459848
1389622080744873987
1389622083605475332
1389622093944393729
1389622099132649473
1389622100604895236
1389622100588175361
1389622101053747203
1389622108301369344
1389622109719126017
1389622112587943940
1389622115226329089
1389622124545970177
1389622135006638090
1389622138617929733
1389622140941611011
1389622157873930243
1389622164769411080
1389622167847849990
1389622169722839040
1389622171782156294
1389622178312769536
1389622187938615299
1389622188962025472
1389622189163487232
1389622191675875332
1389622199393296391
1389622200228098051
1389622200387260423
1389622200861270023
1389622203554177024
1389622228061356040
1389622230204682240
1389622233891577863
1389622242389073923
1389622246013116420
1389622248013697024
1389622248835743744
1389622266829303810
1389622270084141058
1389622282495082498
1389622286697652228
1389622293475721218
1389622296034349057
1389622311163154438
1389622313851789319
1389622314673733639
1389622314707398656
1389622321246359553
1389622325306265603
1389622327130959875
1389622328103817217
1389622329399984129
1389622338744983552
1389622339885752321
1389622354083463172
1389622360106586124
1389622360366538752
1389622362539237376
1389622362690174977
1389622364825137155
1389622365676396546
1389622376460177411
1389622391500902400
1389622396324352000
1389622401315446793
1389622409112789000
1389622411176202240
1389622412325621770
1389622418038198277
1389622421196394496
1389622422538788873
1389622423004327943
1389622433422921729
1389622435050364932
1389622438091231236
1389622439907401731
1389622446706204675
1389622457204723715
1389622457116549125
1389622462153957378
1389622463458385922
1389622463999488003
1389622464792174593
1389622465467400192
1389622465928777738
1389622472929054722
1389622488309506055
1389622489135915011
1389622492080320524
1389622493317672962
1389622496685604876
1389622499302907906
1389622501869858817
1389622502834442252
1389622503937429504
1389622519418736642
1389622526209372163
1389622529925464064
1389622529958940677
1389622534308388864
1389622538234302467
1389622539350126595
1389622541258350598
1389622545884790787
1389622553224773633
1389622561567293441
1389622563681210371
1389622564478140420
1389622565111431168
1389622574791856132
1389622577404989442
1389622577891581962
1389622579871223812
1389622584380166149
1389622590524727297
1389622595314651138
1389622602373677061
1389622604261036033
1389622605783699462
1389622607645974529
1389622608392511488
1389622609092956167
1389622611294842880
1389622613299892224
1389622614587584513
1389622615367618565
1389622625283055624
1389622631893176321
1389622638692249602
1389622641212813318
1389622646577537027
1389622647517024258
1389622650599837698
1389622656169742336
1389622657637916678
1389622660485816320
1389622661991440393
1389622670220677121
1389622672032665601
1389622675895590914
1389622677187534856
1389622694950281220
1389622696812634114
1389622697987088386
1389622701183041538
1389622702160244738
1389622707654959119
1389622711803162631
1389622723572211717
1389622733907103745
1389622734880219137
1389622753414762501
1389622759307857921
1389622764827553792
1389622780233232391
1389622781076066306
1389622786176475136
1389622791587119107
1389622797756887041
1389622800890089478
1389622808293089289
1389622820150382595
1389622831852314624
1389622835254018058
1389622844032790531
1389622844531879939
1389622846830247939
1389622858314248193
1389622862349230084
1389622862844137488
1389622863309590531
1389622864299573254
1389622866027720705
1389622867327913991
1389622867764068352
1389622868175114244
1389622873891954692
1389622877150973952
1389622881391370242
1389622882557366276
1389622889452736512
1389622890266611717
1389622894431326210
1389622906653659144
1389622910147514369
1389622910655078403
1389622915302318087
1389622921149272074
1389622923242008576
1389622923388981251
1389622926945701888
1389622929999245316
1389622930154217473
1389622934138802178
1389622934747054083
1389622944234676225
1389622951893368834
1389622952434577408
1389622954640560130
1389622957018914821
1389622957941481474
1389622962962239496
1389622964765794311
1389622966212829188
1389622971396984833
1389622971749355525
1389622974647619591
1389622977046659078
1389622977348751361
1389622979525496834
1389622980569874436
1389622982348316674
1389623000459145219
1389623001868607488
1389623004200636418
1389623004972425220
1389623005639229443
1389623010194116609
1389623014199758848
1389623041479561217
1389623041471041540
1389623043379630083
1389623044931530757
1389623048987418631
1389623052305043461
1389623053164843010
1389623057015267332
1389623058370109440
1389623058483216386
1389623065265405952
1389623065412349955
1389623071397617665
1389623072911630336
1389623078045507591
1389623080516034560
1389623083313602562
1389623085821743108
1389623103932702720
1389623105396543497
1389623107690721283
1389623109314039810
1389623110794563586
1389623114691190786
1389623115970318341
1389623124476448768
1389623139131404295
1389623141543157763
1389623145078960133
1389623145976373253
1389623147452903433
1389623147557687305
1389623150518837252
1389623159280726016
1389623162091065346
1389623163424755713
1389623163881984004
1389623164368564226
1389623166134226949
1389623166364839938
1389623176615837698
1389623188854804488
1389623192856285190
1389623196719239168
1389623210325463043
1389623224493817868
1389623240864194564
1389623240952328193
1389623241602445314
1389623245234745346
1389623250448171010
1389623251790348296
1389623253115838464
1389623259432427520
1389623275899162627
1389623275811115017
1389623280680718336
1389623287479742468
1389623292055605251
1389623303552212997
1389623305188134920
1389623314927308806
1389623317691211777
1389623323034796033
1389623323722608643
1389623328550232065
1389623334158090243
1389623335122726914
1389623336607510531
1389623341753962502
1389623342102089728
1389623349115080710
1389623351690268674
1389623361622454275
1389623367930720261
1389623370505916425
1389623374620602369
1389623379330752517
1389623383822905344
1389623391120805888
1389623391829872643
1389623401136881665
1389623401363374080
1389623404039397376
1389623404307927044
1389623405972922369
1389623412792963078
1389623413992529925
1389623415959478272
1389623423354216449
1389623424566403074
1389623425820291072
1389623430065139716
1389623434846642186
1389623439070269442
1389623444044754947
1389623451921625091
1389623451841826822
1389623452928290817
1389623453532278785
1389623453930622976
1389623468690448394
1389623471458578433
1389623475480928261
1389623476584022019
1389623478568067077
1389623480119963649
1389623485077626888
1389623502307737611
1389623504161722375
1389623506292248577
1389623513514921986
1389623514450300928
1389623516669022209
1389623523103051778
1389623526202638343
1389623527293214720
1389623531906863106
1389623539641237507
1389623543088943104
1389623550991024131
1389623560474333187
1389623573573115912
1389623578061152258
1389623580778852354
1389623581211078660
1389623582041407488
1389623583543070721
1389623583907799043
1389623588383346690
1389623603923230725
1389623603994546179
1389623604782972935
1389623609216405513
1389623613444272134
1389623615176548355
1389623618699776004
1389623619526012943
1389623628883398659
1389623635959324677
1389623637993349123
1389623641537536001
1389623648017797123
1389623648038834179
1389623658486845455
1389623672453931008
1389623673561096193
1389623676518080512
1389623677487140865
1389623679219294220
1389623684147580928
1389623691181531141
1389623694838968321
1389623695853895686
1389623709196034050
1389623720533180416
1389623726426136576
1389623732084219904
1389623732856053760
1389623739948621833
1389623749960417281
1389623750950150154
1389623762153132038
1389623764367728646
1389623766137909250
1389623766506954755
1389623772878041089
1389623775184965642
1389623775386345474
1389623786958462976
1389623793581182976
1389623794201944072
1389623800757620740
1389623805908226057
1389623809901166598
1389623811096645634
1389623816519884802
1389623822899425282
1389623829165748227
1389623832676343815
1389623834702237702
1389623836006514690
1389623836161703939
1389623839164928000
1389623844168683522
1389623844915326978
1389623853677228033
1389623856537620480
1389623857225637891
1389623861617078279
1389623865018667022
1389623880768114689
1389623884308258816
1389623891711102983
1389623894248730629
1389623895691599879
1389623899168460801
1389623904969269251
1389623907272077313
1389623908316422147
1389623916151377920
1389623936057495562
1389623954734784516
1389623955451957249
1389623956362174465
1389623959914631173
1389623964679372801
1389623967061737477
1389623972699021314
1389623975794388999
1389624001480347655
1389624001928994816
1389624006245031941
1389624008367296512
1389624014390300672
1389624020761468930
1389624029825359873
1389624032329453570
1389624037953839104
1389624047474921473
1389624051933401091
1389624053959335939
1389624058539429888
1389624060947181570
1389624068362719232
1389624069578924032
1389624070279372800
1389624070686220295
1389624071055368199
1389624071466463234
1389624072603111424
1389624078944849925
1389624084468682752
1389624086612021249
1389624113195520002
1389624124876550144
1389624135115026432
1389624135609954305
1389624144153743360
1389624153691594752
1389624157479096326
1389624159232270339
1389624159412555788
1389624173048311818
1389624186943934464
1389624192841129989
1389624197698121730
1389624200797720577
1389624206506160128
1389624208704016395
1389624209173737477
1389624215981027332
1389624216325136385
1389624217449242626
1389624221815300096
1389624221769342979
1389624224357109760
1389624238210912258
1389624257290854401
1389624257634840582
1389624258272313366
1389624258989633537
1389624260294070272
1389624263821479944
1389624265717075968
1389624266858057729
1389624267931848713
1389624268137263107
1389624273984135170
1389624284570603520
1389624287930327043
1389624289775718400
1389624292527202313
1389624300529803267
1389624303709155329
1389624306674507777
1389624308209577986
1389624322105298944
1389624323866984452
1389624323992866821
1389624333010718729
1389624338064805888
1389624342770708481
1389624354330136578
1389624365994627072
1389624368309882882
1389624369366847490
1389624370537156610
1389624372894347265
1389624373091258370
1389624379965788164
1389624391319883778
1389624399280570368
1389624410185867267
1389624413205811204
1389624422429073411
1389624433673900038
1389624433690791942
1389624435821449218
1389624439449477125
1389624451441037324
1389624452950806531
1389624456222478339
1389624461230411784
1389624465043202054
1389624465303162887
1389624467358375939
1389624469073842176
1389624474626973698
1389624479861649417
1389624480541011970
1389624482181091330
1389624486320820225
1389624488925540357
1389624491328815107
1389624492817887235
1389624497481805827
1389624503777390597
1389624508773027843
1389624510668750849
1389624512405286917
1389624513558581250
1389624514208690176
1389624517396373505
1389624528758837259
1389624529622904844
1389624536539320322
1389624538879639552
1389624541446541318
1389624550782951426
1389624554914463744
1389624557049421824
1389624557976399874
1389624559612071939
1389624564708171778
1389624567728009217
1389624583679094793
1389624583838388224
1389624620811276291
1389624621851455497
1389624622920863745
1389624632626630664
1389624633947660288
1389624634514022403
1389624636627820544
1389624639924563968
1389624644760522753
1389624651664568323
1389624650750177282
1389624663928500227
1389624665585369091
1389624673680437249
1389624682471510020
1389624687676776448
1389624690453270530
1389624692345081863
1389624695788498946
1389624700322603009
1389624700318355457
1389624700716912648
1389624708878852098
1389624715707363334
1389624716600647686
1389624723492020231
1389624726255853573
1389624728692924418
1389624732262281216
1389624735735111680
1389624736183820293
1389624746610987013
1389624748511047680
1389624748573929473
1389624763560218626
1389624763862052865
1389624763925028869
1389624764843634692
1389624772628262914
1389624772682821633
1389624783717863425
1389624790747541507
1389624797915750408
1389624802474876948
1389624812625043460
1389624819654725633
1389624822100111367
1389624837514072066
1389624841871974401
1389624845902782470
1389624866937184257
1389624871693561857
1389624871886499846
1389624874272923648
1389624876781158413
1389624884553306113
1389624885706694657
1389624900764176385
1389624909333155844
1389624914727129090
1389624914810920972
1389624917784612865
1389624919739310080
1389624938378711040
1389624939632898048
1389624941587353600
1389624944619925504
1389624945672601607
1389624963615789056
1389624965909999619
1389624966400942088
1389624970800685057
1389624974881722375
1389624976769261568
1389624985795301378
1389624991692378112
1389624994339168266
1389624999397543943
1389625002085937154
1389625002970976260
1389625005223284739
1389625008650129415
1389625009308635139
1389625015855898626
1389625019077210112
1389625022780743682
1389625027058970629
1389625027658665984
1389625033291599873
1389625037192376328
1389625038538776580
1389625040140869633
1389625045148860416
1389625046302281728
1389625048135311365
1389625048571449350
1389625068133695488
1389625083681939459
1389625084113932291
1389625101512060936
1389625103722246144
1389625119581122567
1389625121044844545
1389625129458614276
1389625130956070925
1389625133069791234
1389625136823812097
1389625138895749120
1389625141752209408
1389625152749510658
1389625157514235905
1389625161289277446
1389625165986869255
1389625172060037121
1389625172320145410
1389625178611752967
1389625183896473600
1389625184097767426
1389625191580512263
1389625195128922113
1389625206738755584
1389625208710049797
1389625213529194497
1389625214414192640
1389625225147412481
1389625234093797382
1389625236065243136
1389625242465837063
1389625242629386246
1389625244382552067
1389625246622175233
1389625250682482689
1389625251332452352
1389625254457266178
1389625256558661636
1389625260308303873
1389625260488732683
1389625261340176385
1389625263147950086
1389625264603385873
1389625265140207618
1389625268612976643
1389625269388972036
1389625283892940806
1389625296295452673
1389625316860121099
1389625325135482885
1389625326926454792
1389625341174501376
1389625347239514114
1389625347805618176
1389625349898588162
1389625371214049282
1389625375932694533
1389625375873847301
1389625411546624007
1389625417619935234
1389625417649164291
1389625425136078853
1389625428386762752
1389625429137448969
1389625431976972293
1389625432622833665
1389625435865108487
1389625436372717569
1389625446413717504
1389625447126867969
1389625448800337930
1389625449567957000
1389625450041946122
1389625451904110594
1389625455116963846
1389625456555593729
1389625463681716229
1389625466009567235
1389625469126029312
1389625475824291842
1389625477346725888
1389625482602336257
1389625484644950017
1389625494904188930
1389625494971330563
1389625496967602181
1389625504706174976
1389625507092697089
1389625518295642114
1389625521399422979
1389625526768316417
1389625538835329035
1389625544312905731
1389625546406047751
1389625551145549832
1389625555662815237
1389625556115861505
1389625566702276611
1389625576059768834
1389625580698710016
1389625581470420993
1389625584066568194
1389625586428043269
1389625597899464705
1389625603347918849
1389625611916910594
1389625631097430021
1389625631890149382
1389625637036494850
1389625644112285698
1389625646372900868
1389625649170509825
1389625651854983169
1389625652303863808
1389625652521885706
1389625658632966150
1389625660461576199
1389625661690626050
1389625670632939527
1389625671668936704
1389625683605917696
1389625688404209666
1389625696927068171
1389625698860535810
1389625710776487941
1389625721186783234
1389625723783155713
1389625728317239297
1389625728652746755
1389625737989267462
1389625741482942467
1389625742166790151
1389625744125431810
1389625748185563136
1389625754019942400
1389625756968386567
1389625767965859844
1389625771610853378
1389625776409124872
1389625785481375749
1389625789021261825
1389625798022385674
1389625799406456837
1389625810219409411
1389625810605133825
1389625811788050432
1389625814459822086
1389625815445303297
1389625816766627842
1389625817362100226
1389625821564899332
1389625821820825600
1389625827038478337
1389625828561113095
1389625835636862978
1389625840686698500
