1390244928073129985
1390244953641586690
1390244954107166721
1390244957995294726
1390245024881852416
1390245052367003653
1390245053663227905
1390245079487447041
1390245090115862531
1390245091525242880
1390245108629442561
1390245143740026885
1390245150673281028
1390245159179272210
1390245161133768705
1390245166393483265
1390245170294181889
1390245200912654336
1390245216456687622
1390245219170361350
1390245221703749634
1390245245707816967
1390245265341300742
1390245302490308608
1390245316801273856
1390245331628085249
1390245332202754049
1390245350460608512
1390245364951834628
1390245366914768899
1390245368378662915
1390245393456410628
1390245436934561795
1390245534682783746
1390245563111780352
1390245592882946051
1390245648541405184
1390245685073793024
1390245690190729216
1390245709354610693
1390245717004808193
1390245733144670208
1390245751586951169
1390245787574181888
1390245792930217988
1390245825444556812
1390245838887161860
1390245840464355346
1390245857413406723
1390245878741487616
1390245932290039809
1390245950166208515
1390245954729791490
1390245960626970625
1390246029665046532
1390246031556845572
1390246031770615809
1390246070912012291
1390246072824512512
1390246175756865544
1390246202323709954
1390246203133136896
1390246224889094145
1390246238038200321
1390246242551222272
1390246250495234058
1390246283277897730
1390246348805574656
1390246355025596419
1390246370934771715
1390246387497930758
1390246396490616832
1390246406720532482
1390246414425407490
1390246486005452803
1390246513029361665
1390246525419261954
1390246530343337992
1390246585813147650
1390246595396968449
1390246608143540226
1390246639105884163
1390246639751811073
1390246663290343428
1390246678561624066
1390246704407011331
1390246715786027008
1390246719846223872
1390246722618621954
1390246736208269313
1390246771868069895
1390246782697869314
1390246822384447494
1390246826138378242
1390246840357040133
1390246844714954754
1390246861043163136
1390246918069051393
1390247007336505350
1390247016337379329
1390247025829052422
1390247078165626884
1390247083031019522
1390247123568893958
1390247153663152129
1390247162995486721
1390247193299365890
1390247197028007937
1390247239126241280
1390247246449582080
1390247256197144578
1390247293216071683
1390247318960721920
1390247334915751936
1390247346743779329
1390247348572463104
1390247352418582532
1390247384123330560
1390247386593779712
1390247387986374658
1390247413785497601
1390247424380137475
1390247440087928841
1390247443174993922
1390247464096215041
1390247472941969410
1390247511172861954
1390247516302630913
1390247530835890176
1390247574678933504
1390247579234062336
1390247586876035077
1390247589493284865
1390247591762333699
1390247669457686529
1390247710423494657
1390247712910712832
1390247740026798081
1390247761753395202
1390247766601912321
1390247780069920768
1390247794166968327
1390247802740039681
1390247804057133057
1390247826693763072
1390247829013110784
1390247836781002753
1390247839486386177
1390247859547746306
1390247864614391808
1390247904640598018
1390247907325009920
1390247908570763264
1390247909732536320
1390247949234581509
1390247978754007044
1390247988132515840
1390248011394076676
1390248015450054657
1390248029492502528
1390248074040250368
1390248089882144770
1390248090691678211
1390248100988661760
1390248106969731072
1390248116809568262
1390248131699298311
1390248132684832769
1390248158307966977
1390248209847554049
1390248210367762434
1390248241611030532
1390248282459418632
1390248316043202567
1390248325056696320
1390248338981851137
1390248339623628802
1390248349702377483
1390248351719989251
1390248353691099144
1390248392719228931
1390248445735284738
1390248446976618497
1390248463032537089
1390248469617692672
1390248473249914881
1390248493286141952
1390248497102852099
1390248542573408258
1390248576832479237
1390248606972751874
1390248626182443008
1390248638107037697
1390248652191436803
1390248666133303296
1390248671716036614
1390248694075826177
1390248701499781138
1390248701856202755
1390248710538416130
1390248720739049472
1390248724379676674
1390248756902256642
1390248801554903041
1390248802938916869
1390248803723317255
1390248807925895168
1390248808970399744
1390248816964689920
1390248818944495624
1390248826196447234
1390248842952577024
1390248884513824768
1390248894622220292
1390248917548376066
1390248923164549128
1390248925446262790
1390248948468645893
1390248971315056643
1390248978646765568
1390248986393681921
1390249009835556864
1390249031436148739
1390249070590058496
1390249076302794752
1390249082057224192
1390249092828123137
1390249152383229953
1390249155789037572
1390249162382495749
1390249184910094339
1390249190178045955
1390249197899706376
1390249198860210176
1390249232225996801
1390249263062523905
1390249281836273664
1390249290589786113
1390249310588112898
1390249319094267904
1390249345870618624
1390249377357340672
1390249394608377857
1390249441442082819
1390249464678473732
1390249493124292610
1390249513198161920
1390249520051728384
1390249525084839936
1390249563068452864
1390249698901073922
1390249720098983936
1390249775316963332
1390249801497948161
1390249805973229570
1390249811585163265
1390249904564408321
1390249926882430976
1390249937347174403
1390249938093805569
1390249972390502400
1390249992158388230
1390250010126831618
1390250016598597634
1390250027499458566
1390250039444975619
1390250054338949126
1390250057824411649
1390250084261154819
1390250116691365889
1390250120114065417
1390250171032866818
1390250187604455427
1390250189361844226
1390250224896155652
1390250263924154368
1390250271209623555
1390250298275504129
1390250351983566850
1390250355770920962
1390250393238638593
1390250394153013248
1390250410586300416
1390250424486305796
1390250428923879425
1390250432421842947
1390250435198390274
1390250438147051522
1390250441494126592
1390250444090482691
1390250446506369024
1390250458959261696
1390250462348120064
1390250462578978817
1390250478596988931
1390250488910712840
1390250499883081738
1390250527355703297
1390250528093917185
1390250529914294275
1390250543071866891
1390250578974969856
1390250581214646277
1390250627259944965
1390250637083004930
1390250692896567301
1390250729798094851
1390250754192064515
1390250786060443648
1390250803282198528
1390250822467006467
1390250830578737153
1390250830956318721
1390250832722112514
1390250845275578368
1390250869313126400
1390250917904195587
1390250923080011789
1390250929459548160
1390250942751145985
1390250984211980291
1390251025014083585
1390251035680182275
1390251035923464197
1390251039652204544
1390251150843260936
1390251166504689668
1390251181793030147
1390251248763482120
1390251252685189124
1390251260947812356
1390251261572878336
1390251279922962439
1390251288965885955
1390251289922125827
1390251289951576067
1390251310306537473
1390251310293868547
1390251343110094848
1390251347715399682
1390251356875747331
1390251357454667777
1390251428573106179
1390251434113896455
1390251442242531329
1390251446495547393
1390251446868881409
1390251490913267712
1390251495837376512
1390251497993105411
1390251514807996421
1390251517899247616
1390251520667525122
1390251546273779712
1390251556717608963
1390251589328199680
1390251601600917504
1390251616872378369
1390251661021564929
1390251669829652484
1390251674510450690
1390251737085358081
1390251778533249024
1390251784011198466
1390251797558800384
1390251818958000128
1390251833189224449
1390251876478857217
1390251877254664193
1390251898406461447
1390251899446833155
1390251899841040388
1390251910029000706
1390251926244274177
1390251983274119171
1390251983852933123
1390251989230137346
1390251997547450373
1390252008695861248
1390252012219011072
1390252014911819784
1390252042728443909
1390252055525216258
1390252061275480066
1390252069236396038
1390252109258502148
1390252129315602435
1390252160793911296
1390252173938860034
1390252201566642180
1390252215827369990
1390252217697980416
1390252219472105472
1390252219946061829
1390252247829794816
1390252254104543235
1390252268176302085
1390252277114540032
1390252283200430081
1390252286203543554
1390252326338826240
1390252337659318277
1390252348254171139
1390252384044081152
1390252402465443843
1390252418093490177
1390252439857614860
1390252484677996549
1390252510380756994
1390252532123963392
1390252556283166724
1390252561320628230
1390252566085308418
1390252573614120966
1390252580488552449
1390252599065128982
1390252602500210689
1390252605335609349
1390252634750263297
1390252639494025217
1390252672796839941
1390252693034344448
1390252695177551877
1390252712231641093
1390252766304641033
1390252767193800705
1390252794603577389
1390252853445357572
1390252865990668289
1390252868914094080
1390252886916018176
1390252903349329922
1390252911112986624
1390252960991653889
1390252970764345346
1390252975939940354
1390253011566538754
1390253027899191299
1390253067677978624
1390253084333514755
1390253093795729409
1390253154873364482
1390253163677163521
1390253170639712257
1390253193184022528
1390253196812034049
1390253205351800834
1390253244698570753
1390253272582311937
1390253288205996033
1390253288587673602
1390253295130787842
1390253322997751820
1390253324612612098
1390253331927416839
1390253334825689088
1390253351372304386
1390253362231324676
1390253374336024581
1390253385568432131
1390253387296518144
1390253404627296257
1390253438827646980
1390253453872615424
1390253501352189954
1390253502295855105
1390253525003902980
1390253565743177731
1390253571309019137
1390253613050732545
1390253635037171712
1390253656797290500
1390253695489687585
1390253743535448070
1390253745737543683
1390253762397315072
1390253784962637824
1390253811411963906
1390253850603491331
1390253865845633027
1390253867452059648
1390253898976333827
1390253916198113283
1390253964252393472
1390254046397665284
1390254053297434642
1390254064504606726
1390254074788913155
1390254075388862466
1390254085463478279
1390254090282754050
1390254094544248833
1390254098856005633
1390254104270753798
1390254122742341632
1390254157244862467
1390254170519719940
1390254188844695559
1390254201159233536
1390254233497350144
1390254241097424897
1390254258348568577
1390254271438807041
1390254284097347587
1390254314413768704
1390254315458207747
1390254319010820096
1390254385700216833
1390254397007880193
1390254428721139718
1390254435515998212
1390254458077159429
1390254513274109954
1390254522543525895
1390254525009760267
1390254552608215048
1390254580961714182
1390254593444098055
1390254617385070596
1390254620463800322
1390254633063432193
1390254642328653825
1390254642353741829
1390254661165268992
1390254681801306116
1390254688424103938
1390254698280755202
1390254698368802823
1390254701933998082
1390254707575242753
1390254716177760258
1390254717704368128
1390254729784172546
1390254739313491969
1390254770993221636
1390254782225465345
1390254799313068032
1390254862466797568
1390254870762909699
1390254871014789124
1390254872478593025
1390254889599635458
1390254955366391814
1390254978887913473
1390255002057379841
1390255027021881347
1390255039302848513
1390255072295194625
1390255087814070276
1390255091882541059
1390255111667167232
1390255119187468290
1390255119564947459
1390255131845931010
1390255150762127364
1390255150959300612
1390255159385759747
1390255173776248834
1390255186082516992
1390255189014323203
1390255189811208193
1390255202301845508
1390255255938498562
1390255260040638466
1390255284065550343
1390255285701423104
1390255300821884930
1390255310485528579
1390255316093259776
1390255355192438790
1390255377095213063
1390255388474449930
1390255403179597828
1390255410452574209
1390255426252443651
1390255430975193096
1390255461019136002
1390255474038251520
1390255479201222656
1390255504023334912
1390255507613503497
1390255531928047620
1390255549208530947
1390255577230610432
1390255593126961154
1390255595610124288
1390255609270919168
1390255611636502529
1390255627285368832
1390255641093083136
1390255653395083269
1390255658948194304
1390255663733948425
1390255681119342595
1390255683950596098
1390255684701335560
1390255709594468354
1390255747410313216
1390255764720263171
1390255770063749122
1390255797926498305
1390255810693971973
1390255814166863874
1390255850359607296
1390255856487444482
1390255867354882052
1390255881762353154
1390255903706959874
1390255928411316246
1390255954193784841
1390255995973144576
1390256002013057027
1390256018551103489
1390256027912839168
1390256043234627588
1390256045528915969
1390256049970626560
1390256051962974209
1390256076352851970
1390256089992675332
1390256106530766849
1390256170057838597
1390256194951032835
1390256203922432006
1390256211405193216
1390256213544349700
1390256226550882307
1390256241826537474
1390256259966947329
1390256296071417859
1390256297426178052
1390256320578740225
1390256329529466884
1390256339876786176
1390256345107075075
1390256351083864070
1390256356096200708
1390256360726597632
1390256361729056770
1390256424857526275
1390256461155024905
1390256467635150851
1390256476292255745
1390256480071438336
1390256494839582720
1390256499721523202
1390256506449268741
1390256512275296261
1390256517044125699
1390256532336660483
1390256571947622401
1390256601140023300
1390256627090141186
1390256651157057540
1390256651660300290
1390256657947574278
1390256674460557316
1390256683545411589
1390256694140211202
1390256722246356994
1390256727925342213
1390256737060536321
1390256739124121602
1390256760817131520
1390256771185451009
1390256771139260417
1390256787127881730
1390256890781716481
1390256905717694465
1390256915427516418
1390256948478676994
1390256976970403841
1390256982070804481
1390256988400103427
1390256990111240192
1390256996746661889
1390257040472395776
1390257040937914370
1390257055991095304
1390257109846142977
1390257123037270026
1390257129618120708
1390257141907394561
1390257190582226947
1390257201407741952
1390257223507582977
1390257224753242118
1390257271951798276
1390257299810365444
1390257316574990341
1390257323243941888
1390257326519721987
1390257365321228289
1390257382219997184
1390257385504182281
1390257395016732673
1390257395667021825
1390257396233252872
1390257399190142977
1390257528475459584
1390257546049605632
1390257567532818436
1390257586977624065
1390257596913889287
1390257660314931203
1390257673640284161
1390257744612139011
1390257756079263744
1390257761510903810
1390257772122488834
1390257772957143043
1390257773842157569
1390257774903373825
1390257775427608577
1390257812710825986
1390257831627067399
1390257832239542272
1390257868062998528
1390257886257942528
1390257899927187459
1390257904746475523
1390257905606217731
1390257926607097858
1390257945280196612
1390257964615884805
1390257972819808257
1390257996421345282
1390258070605926403
1390258073915244544
1390258082366824460
1390258083637694466
1390258102239387651
1390258105741676545
1390258140063535104
1390258152868884483
1390258158774403078
1390258161819455491
1390258166949163008
1390258169847459845
1390258175434186753
1390258189363449859
1390258192089821184
1390258195407454211
1390258197139705856
1390258211312254976
1390258229926522887
1390258231688187907
1390258241955778563
1390258257638445059
1390258268308742146
1390258270489567238
1390258276089180162
1390258277469102080
1390258281394941954
1390258321127612416
1390258322624876547
1390258325778931717
1390258334729654275
1390258336659132416
1390258388630753287
1390258404401291265
1390258406863384584
1390258431207084032
1390258450475651073
1390258460097400842
1390258463264100353
1390258473829552128
1390258485309362179
1390258495211986944
1390258497703514120
1390258500056412160
1390258505609777154
1390258515860668416
1390258532910567426
1390258540799873032
1390258541559259141
1390258549620629508
1390258559900848129
1390258567350005762
1390258568130138114
1390258587331547139
1390258612946313222
1390258613143449606
1390258636384088065
1390258636992270337
1390258645221380098
1390258666075533312
1390258679455289349
1390258695783727105
1390258697314709507
1390258704885243912
1390258719175421953
1390258750825566210
1390258757427466241
1390258779825049600
1390258782119342080
1390258784103174154
1390258786233892864
1390258809319346177
1390258831612071936
1390258860456357890
1390258880295301122
1390258924255916037
1390258951342723073
1390258979893354501
1390259038772940800
1390259048583471108
1390259060096778242
1390259075796062208
1390259084893507588
1390259086428712960
1390259164652490752
1390259182964809732
1390259183132491776
1390259184109641729
1390259242549010433
1390259286505410561
1390259292197068802
1390259346274144262
1390259359536619520
1390259380763996162
1390259406827294721
1390259412695232514
1390259422597984260
1390259423516393472
1390259462649356289
1390259484111646726
1390259507809423361
1390259512880345088
1390259520513925120
1390259523454124034
1390259523508609025
1390259524896964608
1390259556492750849
1390259584196034564
1390259595046801411
1390259622640975873
1390259634443796481
1390259656094855168
1390259658695352320
1390259659739697155
1390259664051445761
1390259665255161856
1390259671944949763
1390259679226441730
1390259687824760832
1390259693378023424
1390259703477833730
1390259710176075778
1390259747308380160
1390259752974827523
1390259758209413123
1390259767797501954
1390259768279932929
1390259820763041792
1390259823783161859
1390259845073444865
1390259879861002246
1390259896088629253
1390259898055892995
1390259902145306625
1390259907702710273
1390259948404101122
1390259975117803520
1390259986777923584
1390259992339615750
1390259998375104522
1390260007002787843
1390260009016176642
1390260010626822144
1390260014514855939
1390260019569041410
