1397462487537045512
1397462493547491328
1397462501613129734
1397462528846798850
1397462552179658755
1397462552645230593
1397462562325729282
1397462578645794818
1397462598187044871
1397462604491096069
1397462624082694147
1397462626205159424
1397462644622184448
1397462659629342722
1397462665467809793
1397462669154684931
1397462669272121344
1397462673483345922
1397462676888977414
1397462690432495616
1397462691313188868
1397462761907519488
1397462762805211137
1397462768773525504
1397462783831154692
1397462826105675777
1397462836217974784
1397462836864065537
1397462869529276424
1397462882770735105
1397462915561701451
1397462946037436420
1397462960654753792
1397462966249967617
1397462970326601737
1397462979566735360
1397462991025500168
1397463035044798467
1397463049229922308
1397463058272841737
1397463066569216000
1397463079693127686
1397463081882640385
1397463085649068032
1397463092183789572
1397463104414490624
1397463108210278402
1397463114841432064
1397463116800159744
1397463126933573632
1397463149129830401
1397463155517759488
1397463166754320386
1397463170797785091
1397463196974284801
1397463215882256392
1397463251374329860
1397463282231910401
1397463296643502080
1397463302331113472
1397463329115881472
1397463339844861952
1397463341996470272
1397463352855523331
1397463428525019137
1397463437253365767
1397463440814346242
1397463451845357569
1397463489204178946
1397463512595656710
1397463514395156484
1397463515313577984
1397463518522134529
1397463521747632132
1397463529326845954
1397463529964249088
1397463531864268800
1397463551254618112
1397463557680238592
1397463564361768960
1397463575212412930
1397463615809081349
1397463622637428738
1397463623325216769
1397463666396602368
1397463667147362307
1397463693865201668
1397463693928148993
1397463718217256970
1397463719077056512
1397463719496491011
1397463733442473988
1397463763218059264
1397463764908183553
1397463765675741185
1397463780267896834
1397463796961009669
1397463816674422784
1397463816946868224
1397463823859163140
1397463827353120773
1397463836563853312
1397463897158799365
1397463928687321089
1397463934022475778
1397463959024771072
1397463960757080065
1397463961990176771
1397463964250894342
1397463977102176266
1397464012623802372
1397464025953292288
1397464044249001984
1397464058039738371
1397464059625181184
1397464075672723458
1397464090151473152
1397464101744435207
1397464104877510660
1397464129519198208
1397464160439472130
1397464160955469824
1397464161974620161
1397464168551354372
1397464169348280326
1397464187534708737
1397464218069204999
1397464224142532609
1397464248608083968
1397464259190091778
1397464286151147520
1397464299036037122
1397464310146686981
1397464316815704071
1397464317436469250
1397464335874625543
1397464384859897862
1397464397023309824
1397464414429851652
1397464434990227457
1397464448340742144
1397464459812098050
1397464474248900619
1397464490833231872
1397464496155906049
1397464507123965952
1397464528942616577
1397464551344332801
1397464556461387777
1397464565504425988
1397464565152063488
1397464572852801542
1397464578213089280
1397464605933277187
1397464606818279424
1397464613130686464
1397464629186420736
1397464635444445184
1397464663642677256
1397464666524119041
1397464693690667008
1397464701374803968
1397464703404691456
1397464708836376577
1397464730088919041
1397464740771733505
1397464751135879168
1397464785034354689
1397464836406194177
1397464848905216001
1397464857834885120
1397464858732400645
1397464867024478209
1397464877699043337
1397464883847958528
1397464886007930884
1397464902189699075
1397464910116704259
1397464911760957445
1397464964001058818
1397464964261060608
1397464979595571200
1397464990592946181
1397465041562071042
1397465068116189184
1397465084725633027
1397465115860082689
1397465125632692225
1397465149267656707
1397465153000591370
1397465172445368320
1397465199343542272
1397465237100449792
1397465241915588613
1397465245182873604
1397465279731437568
1397465300619218946
1397465372308086784
1397465373885095938
1397465384077336588
1397465396203163648
1397465396475691009
1397465422639812609
1397465444559192067
1397465465564303361
1397465468437360645
1397465481200680960
1397465486120521732
1397465507570331649
1397465511907188737
1397465516726358020
1397465527858040838
1397465541908992000
1397465560821153793
1397465562813325314
1397465577375993857
1397465582820237313
1397465591384928258
1397465594509803520
1397465615363809280
1397465640370249728
1397465645176995844
1397465700969627652
1397465709274353666
1397465768602656770
1397465793072443394
1397465795425357824
1397465798374051842
1397465817802067971
1397465827012534273
1397465830468857856
1397465861171015682
1397465869421355013
1397465873141665793
1397465888262017034
1397465894876422147
1397465913339883520
1397465920751157248
1397465923577995264
1397465929965924353
1397465938404990977
1397465951310807053
1397465954439680002
1397465997469122562
1397466013776687107
1397466020332199936
1397466025013104640
1397466053861691393
1397466061000167424
1397466064624111623
1397466122694250496
1397466147251949568
1397466149391044609
1397466173042675713
1397466175710261249
1397466191967383552
1397466203757563907
1397466224100003844
1397466229225492486
1397466289908584454
1397466304991293440
1397466320623620097
1397466325816123394
1397466330308038657
1397466331310559235
1397466359110406150
1397466359890579457
1397466370439323651
1397466376927735809
1397466398910124034
1397466403309985794
1397466407894339585
1397466428664545281
1397466429713108995
1397466435140521988
1397466449845780482
1397466464391557121
1397466524835667968
1397466529097154576
1397466530602917889
1397466541017362435
1397466582683557888
1397466589373485057
1397466594947657728
1397466619815682048
1397466623976562689
1397466626015043584
1397466629458599937
1397466635649228803
1397466668016848897
1397466675457318912
1397466685561446405
1397466696009478147
1397466704406589440
1397466705085878273
1397466723264065537
1397466745313497088
1397466758789926918
1397466763735048196
1397466799424245762
1397466799826997249
1397466803094368258
1397466825118474245
1397466829933604864
1397466847554031617
1397466863555125250
1397466866977812480
1397466872862306308
1397466884535115778
1397466910896246784
1397466917200220160
1397466925555326977
1397466949190397952
1397466962335125508
1397466972883931136
1397466983461842948
1397466996946575361
1397467013786882049
1397467026566746113
1397467029234327557
1397467054114971649
1397467062457421830
1397467078488051719
1397467086289440770
1397467106116087809
1397467119827111936
1397467132808421376
1397467132355567621
1397467159387725829
1397467164186071041
1397467165230395395
1397467172922806273
1397467175435210753
1397467181143584769
1397467197589663745
1397467208469696513
1397467269353984000
1397467299733381121
1397467320923025411
1397467329508876290
1397467370008956928
1397467385398013953
1397467388082225154
1397467388807770112
1397467414556778497
1397467428074917894
1397467453836378117
1397467483381014530
1397467489718595584
1397467514456608768
1397467527291174914
1397467540218028032
1397467573957050369
1397467574997176325
1397467598367887360
1397467635986563073
1397467664121880578
1397467697873571840
1397467699752706050
1397467713484824577
1397467714998833156
1397467721185517570
1397467763472429058
1397467774021246981
1397467802739646464
1397467805562245120
1397467807416156163
1397467842962890755
1397467857114472449
1397467860306432003
1397467894565376004
1397467923136929799
1397467954711863298
1397467992368185345
1397468000274374656
1397468001599848452
1397468003277557764
1397468004938518531
1397468007660544000
1397468010265210882
1397468028523073538
1397468049813303298
1397468053986701313
1397468057811914753
1397468070004891649
1397468081371369477
1397468123079462912
1397468131568803843
1397468143933542406
1397468144751366144
1397468156302708738
1397468164825436162
1397468166419226627
1397468172517793793
1397468179182460929
1397468189441757184
1397468221691731969
1397468234392113157
1397468251622240260
1397468275160883202
1397468289681346562
1397468294592880640
1397468298179092480
1397468335969865728
1397468336519143427
1397468347269320705
1397468381268217856
1397468382849495042
1397468407973486594
1397468419046330371
1397468420870860802
1397468435064385540
1397468442496749570
1397468449106927618
1397468453498343427
1397468454320578562
1397468482753626114
1397468491100442627
1397468510897405954
1397468513850195968
1397468528857387011
1397468548394536960
1397468566748753931
1397468576123076608
1397468588840161283
1397468590689820674
1397468611514560513
1397468623845822465
1397468635568869376
1397468684503851015
1397468690174529536
1397468707320860677
1397468738358693889
1397468754464837633
1397468757887537152
1397468804200996867
1397468808080629763
1397468808781066245
1397468824090275846
1397468883708166146
1397468917304422404
1397468922908221441
1397468925521240066
1397468943015575552
1397468945754451968
1397468952511467520
1397468956064055298
1397468973935960066
1397468990700544003
1397468993351413763
1397468996887216129
1397468999475240967
1397469001790283776
1397469014218010625
1397469024020144133
1397469027237351424
1397469047189430272
1397469047290175490
1397469062880317440
1397469099467358209
1397469102550093824
1397469113400836096
1397469121634205696
1397469123580289028
1397469127564881927
1397469133889884168
1397469164009369602
1397469191490449408
1397469197366566913
1397469206891827203
1397469259396091904
1397469272171970561
1397469274965430276
1397469280212451329
1397469281252564996
1397469296410906631
1397469303201406977
1397469316333719552
1397469336286109698
1397469360105553928
1397469364622823425
1397469384373936128
1397469408956620800
1397469425129951240
1397469441412190208
1397469443953860612
1397469501558444033
1397469552854896641
1397469583842320385
1397469598233120769
1397469633767043076
1397469648627683331
1397469650078912513
1397469651458691072
1397469673088708612
1397469690360913920
1397469730332504066
1397469747738935300
1397469767360000005
1397469801430192135
1397469813115473920
1397469817741979650
1397469827728646149
1397469842983116800
1397469849815633924
1397469851115950083
1397469858481065984
1397469882581610498
1397469894510219265
1397469919890051076
1397469924587675654
1397469925740929025
1397469940391706624
1397469952060256258
1397470000148099076
1397470011057389575
1397470012726661122
1397470014215688194
1397470021450813440
1397470021740228608
1397470024101597185
1397470051582812162
1397470060151590912
1397470101067075587
1397470144100712449
1397470149167419393
1397470201277411331
1397470214908833797
1397470215550775296
1397470221800071170
1397470243539152897
1397470244625690626
1397470264250744835
1397470290398138372
1397470329467854850
1397470350036946954
1397470365295661056
1397470375861231616
1397470388272173061
1397470402218131456
1397470434250027015
1397470465543663625
1397470481037418497
1397470537799118856
1397470552441380867
1397470574138429442
1397470588864630787
1397470589145726977
1397470621521612801
1397470632200257536
1397470636293857283
1397470642216181764
1397470647085846530
1397470660901761028
1397470661757456387
1397470671580635142
1397470689213370372
1397470695529975811
1397470703247675394
1397470736860684296
1397470737804537856
1397470761963622404
1397470775032963072
1397470809313120257
1397470828934090762
1397470829240193029
1397470838547439616
1397470847527383042
1397470851407257600
1397470852417941504
1397470880884617220
1397470887746572293
1397470892519743492
1397470897687040002
1397470904347553800
1397470919157821440
1397470932931956736
1397470941282590720
1397470950724153345
1397470955132260358
1397470964879794179
1397470965798342659
1397470968352804865
1397470978343460871
1397470995254939650
1397470995766710280
1397471022669049857
1397471049848172550
1397471067833180164
1397471087294885893
1397471122480893953
1397471135848038405
1397471138196852736
1397471140205850625
1397471141841686529
1397471168500699140
1397471171981955075
1397471234628091907
1397471304933064708
1397471310016442369
1397471321798369281
1397471324075876355
1397471325178892288
1397471327427211264
1397471327699841030
1397471373216337920
1397471377515503617
1397471386742910979
1397471414245105664
1397471417004818445
1397471452903862276
1397471467902701568
1397471488383623170
1397471497749340162
1397471510579851269
1397471523976269832
1397471534147641344
1397471575402713088
1397471584164536322
1397471584516980736
1397471603382841348
1397471627093364738
1397471628217372673
1397471628997525504
1397471637444861952
1397471640020152324
1397471640741629953
1397471666213695488
1397471678880387074
1397471721213603844
1397471741233049600
1397471741509730306
1397471746199019520
1397471755061526538
1397471756877631488
1397471765475909633
1397471797205897216
1397471798883602433
1397471800351629313
1397471801207402498
1397471870123905035
1397471885168885760
1397471886355873794
1397471887874265091
1397471891841945603
1397471898313781251
1397471923278389250
1397471925748727809
1397471933533495296
1397471949186428934
1397471963354828801
1397471970178961409
1397471980723400705
1397471984104001536
1397471985693724673
1397471987711176707
1397471996246585344
1397471996657680384
1397472018690367488
1397472026336514048
1397472026235973635
1397472029402599424
1397472054048268295
1397472073748926466
1397472114224009218
1397472121912233986
1397472125112496129
1397472132410478593
1397472148931842048
1397472151385509888
1397472158323027969
1397472159576956929
1397472208751104000
1397472219924598784
1397472224249057280
1397472224261537796
1397472224823500801
1397472245144973313
1397472245694418947
1397472247162490881
1397472249020522500
1397472255148318724
1397472257140613121
1397472266665881600
1397472281736192000
1397472284189753349
1397472284823101442
1397472288287518721
1397472299146571778
1397472311947657216
1397472316964196353
1397472318549422086
1397472348098473984
1397472362879090689
1397472388862914562
1397472389311631361
1397472403190546436
1397472412363538432
1397472419808489472
1397472435725750275
1397472461348691971
1397472464167444488
1397472475198279684
1397472487747715076
1397472500821348359
1397472541929742337
1397472576104894465
1397472616303140866
1397472623076933633
1397472635563302912
1397472635986923523
1397472648980942854
1397472652747427843
1397472655117148160
1397472672813047810
1397472673127563268
1397472683952984065
1397472687153352704
1397472701296439297
1397472704802918400
1397472707839545345
1397472709701951488
1397472714982510593
1397472717847228419
1397472719839637506
1397472740999778308
1397472757311475715
1397472761459605504
1397472766329122818
1397472782234001408
1397472786608705537
1397472802920402945
1397472808909774848
1397472810784657408
1397472821547208706
1397472836063842304
1397472860185186310
1397472896067391488
1397472925805006849
1397472929181409282
1397472942791950336
1397472945006473217
1397472945832857604
1397472958130515968
1397473000782397440
1397473010840342530
1397473066024722432
1397473066519646208
1397473071628386308
1397473081241735170
1397473082139238405
1397473091106660353
1397473100980047881
1397473113059831810
1397473121892851716
1397473121905651715
1397473123675561984
1397473128838832129
1397473129505697793
1397473137411907585
1397473153635471363
1397473160195239937
1397473162078560258
1397473187244347398
1397473206492086275
1397473218999451650
1397473232178098176
1397473232786178048
1397473234170249221
1397473237550862339
1397473240054845440
1397473258052542465
1397473274594873345
1397473319654281218
1397473320862318597
1397473338037989376
1397473342270054402
1397473343591178243
1397473355675037697
1397473357281464325
1397473363895803906
1397473364961337348
1397473366840205323
1397473388864618497
1397473397324537859
1397473408389050369
1397473411689967620
1397473429612154880
1397473431575089152
1397473454996135936
1397473456124538882
1397473470909403136
1397473473073762306
1397473473161617411
1397473474420092943
1397473482099728384
1397473486302375937
1397473498142941185
1397473500059738112
1397473514043559936
1397473517671616513
1397473533312126978
1397473549971951618
1397473553121898499
1397473619966574595
1397473623909146624
1397473638849384449
1397473639469965312
1397473645744766976
1397473671879434240
1397473677835333638
1397473722320134149
1397473732269072384
1397473758437273600
1397473762866388992
1397473768637833218
1397473771351461888
1397473771003449345
1397473781765967874
1397473787486957569
1397473824417882118
1397473826280075264
1397473874908905481
1397473897734459392
1397473903400783872
1397473912963756034
1397473923634061315
1397473927316709382
1397473929451622405
1397473938091872257
1397473944089808898
1397473961177399298
1397473961777057793
1397473964419690497
1397473967758143490
1397473968043528192
1397473976461447172
1397473986913525765
1397474003137142785
1397474011815186432
1397474034497908740
1397474036456648708
1397474050268532740
1397474055373082628
1397474067632967685
1397474068278910976
1397474079066652674
1397474084124905475
1397474086587039747
1397474091875983369
1397474094392647682
1397474100344352771
1397474100000563204
1397474105436213249
1397474107147440130
1397474108904988675
1397474114852384768
1397474162428448776
1397474171362238471
1397474202408480769
1397474216207818757
1397474219785478147
1397474227154870276
1397474239582818304
1397474245689724930
1397474275775467520
1397474280103759872
1397474289088188416
1397474295865954304
1397474299024453636
1397474303382224899
1397474309916954627
1397474326115328000
1397474326241185792
1397474345358749697
1397474366959415298
1397474403571535873
1397474404150427652
1397474407392546816
1397474407853871104
1397474445791432704
1397474452347183108
1397474460828110848
1397474467668975617
1397474496953475072
1397474499734347780
1397474502200623107
1397474511562240002
1397474521968349186
1397474528528269312
1397474540989599746
1397474549076217859
1397474554159632385
1397474570395807749
1397474574594314241
1397474584526397445
1397474591535075332
1397474601429577732
1397474642516865026
1397474666000764929
1397474667447738368
1397474667510726660
1397474669242961923
1397474681653923843
1397474689396756483
1397474712427679749
1397474749366738946
1397474753577881601
1397474796192075777
1397474829180174337
1397474829834481665
1397474844464254980
1397474857189789702
1397474860738220036
1397474886461788161
1397474891721363470
1397474903981494273
1397474919840051208
1397474920997658626
1397474948361297924
1397474955504152581
1397474966266736643
1397474978031804421
1397474989826187264
1397474998646763522
1397475008885129217
1397475011334754305
1397475014010576901
1397475036127129602
1397475043035140096
1397475043555176448
1397475050228371460
1397475070679805955
1397475087217938432
1397475089155715074
1397475102170652676
1397475103219146752
1397475115991027712
1397475118658596865
1397475119170129922
1397475124014579713
1397475127793635328
1397475169623441414
1397475182017753091
1397475182009147396
1397475202024448000
1397475205048508419
1397475212631756802
1397475216914141188
1397475225038725122
1397475231074291713
1397475249281650692
1397475252821581828
1397475255984156676
1397475266792869891
1397475274858524675
1397475275399569409
1397475281271721984
1397475303765778434
1397475310401032192
1397475317107802117
1397475318190034944
1397475318689005574
1397475336770621449
1397475362305568769
1397475365396697096
1397475379909074944
1397475390667558913
1397475393859317767
1397475394714890243
1397475405158699010
1397475409470578690
1397475411127271430
1397475415279669249
1397475415472627718
1397475429582196740
1397475433789247488
1397475448410447875
1397475451765891077
1397475458300530689
1397475458711658499
1397475462910251008
1397475479246962688
1397475493738283014
1397475504786055172
1397475504664453121
1397475527124873221
1397475530878832640
1397475544376037376
1397475556262883330
1397475572880580608
1397475578433789952
1397475603238899715
1397475608834174980
1397475613036875776
1397475619273728001
1397475642447437825
1397475655067963397
1397475655625805827
1397475661204185089
1397475663787876357
1397475666283560963
1397475672046505987
1397475677255786496
1397475679185166337
1397475680212832260
1397475709241659396
1397475717554737160
1397475725536497672
1397475751797141507
1397475752866508811
1397475756620529665
1397475757073395713
1397475772508479488
1397475774916009985
1397475779248807936
1397475782780284929
1397475789864521728
1397475791504437250
1397475801273016321
1397475805802942464
1397475811129761797
1397475812606054403
1397475813541437443
1397475823733460994
1397475823767068674
1397475830406651904
1397475833116336128
1397475836698054658
1397475842305904641
1397475843081863171
1397475853676597254
1397475873830408198
1397475874895589376
1397475879186358277
1397475880201383937
1397475881459802114
1397475893983907842
1397475894151757824
1397475896743718915
1397475907833458693
1397475908122935297
1397475909687410689
1397475910484254724
1397475916209553411
1397475927722921989
1397475932458397696
1397475937462022146
1397475948128215050
1397475952674832389
1397475967967236098
1397475972966805507
1397475975626039299
1397475977052049412
1397475977425424384
1397475980877328389
1397475994857050113
1397476007322529792
1397476020890992645
1397476022833061888
1397476027182370816
1397476028805574656
1397476030286163974
1397476035520761861
1397476047709343747
1397476058316738561
1397476060476764166
1397476068508856329
1397476070656446464
1397476085466492930
1397476087781724160
1397476090436673538
1397476119486423041
1397476137161269251
1397476144731983877
1397476148871827458
1397476154404003843
1397476157461725184
1397476162062798850
1397476165670014977
1397476176747130881
1397476182652702722
1397476198108655617
1397476198393937920
1397476202286358531
1397476205176057863
1397476218216194050
1397476218547621890
1397476219143163911
1397476227447812096
1397476228035055617
1397476236079759361
1397476236289531904
1397476240810856452
1397476247144304644
1397476247601487872
1397476251791597571
1397476276458246146
1397476296309895168
1397476300957356032
1397476308389556225
1397476311711420416
1397476313418518528
1397476315389775873
1397476320158781440
1397476353587355649
1397476354900168704
1397476361573335044
1397476364786143235
1397476384910442496
1397476386118541312
1397476392745410562
1397476405559005188
1397476411397480451
1397476423087108099
1397476423208640513
1397476441428619272
1397476444050124804
1397476444452753410
1397476460642770946
1397476465935994883
1397476470050545668
1397476480813346817
1397476504259293186
1397476505647681540
1397476507585556482
1397476508961185799
1397476516422766595
1397476523238584320
1397476524006121473
1397476532545744897
1397476536412901382
1397476546386878469
1397476546647007235
1397476559649271809
1397476560500842496
1397476563403165699
1397476566146318340
1397476566586769413
1397476573113163777
1397476586874556417
1397476591203098627
1397476603081347079
1397476611495133190
1397476619619495944
1397476621284560896
1397476632546332672
1397476651944931329
1397476662711705602
1397476673159720962
1397476688041177090
1397476692336254979
1397476696446492675
1397476698052988928
1397476700275937282
1397476702037495808
1397476711290216448
1397476726301593603
1397476726582644736
1397476730303094786
1397476754151907328
1397476757175902212
1397476787450351617
1397476790478725120
1397476792668016644
1397476793141981190
1397476793431465989
1397476802235232256
1397476808933531654
1397476811903098883
1397476819578724354
1397476843167563782
1397476855301636096
1397476860871667717
1397476863144992769
1397476867955855361
1397476873001656322
1397476879041323011
1397476900151316480
1397476901485039627
1397476906795114497
1397476923052232705
1397476941725257730
1397476943436689412
1397476957332262913
1397476974369460227
1397476978517680128
1397476991331409922
1397477011338059776
1397477018061529088
1397477023203807232
1397477025762275330
1397477030367621122
1397477045974667271
1397477050152153090
1397477062060003332
1397477066350555139
1397477066824577027
1397477067642396673
1397477074097610754
1397477074428850178
1397477076148527108
1397477084209971202
1397477088081457153
1397477097749110794
1397477111342960641
1397477126517886977
1397477126652059648
1397477130607362053
1397477154854604800
1397477157006315520
1397477160424669184
1397477170939899905
1397477178799915009
1397477179458351104
1397477181723340800
1397477190430830593
1397477196961173505
1397477203877629956
1397477205999898625
1397477207669239813
1397477217211281410
1397477217483988997
1397477220650831876
1397477241739616256
1397477245371916291
1397477252938584066
1397477257740910600
1397477258273587204
1397477263583576067
1397477264137154560
1397477268834770944
1397477271754190851
1397477296970211329
1397477304201138180
1397477306898083843
1397477317916516359
1397477320152076292
1397477322303754242
1397477325973954560
1397477328465195011
1397477331397087234
1397477339987025922
1397477357552869379
1397477360098701313
1397477365991624712
1397477370861260802
1397477374170746880
1397477381443440642
1397477384991875072
1397477400284332032
1397477403874627588
1397477414641438721
1397477420077256713
1397477426234634240
1397477429686333449
1397477433301880832
1397477461869273090
1397477486074552325
1397477507683651594
1397477516143562753
1397477522875457541
1397477533084393477
1397477539715584001
1397477546107695113
1397477546107670532
1397477547613450242
1397477564482916358
1397477574247321600
1397477576231198720
1397477581457219585
1397477585240481799
