1400150209582272513
1400150211033546757
1400150221364072453
1400150222735560706
1400150230733967360
1400150231103254537
1400150232747421696
1400150234924142594
1400150236404846592
1400150242595688450
1400150250594082821
1400150253916000259
1400150255832735744
1400150265542623232
1400150266486267905
1400150273738174466
1400150274640121856
1400150284094083072
1400150313244430338
1400150315005927426
1400150324082532360
1400150328612294662
1400150333293219845
1400150334606041089
1400150335977496580
1400150336493457412
1400150336652955650
1400150337080774656
1400150344462745604
1400150345070911491
1400150358148648960
1400150382156959746
1400150389635289089
1400150404537720836
1400150405598810116
1400150419884675072
1400150420895551488
1400150430076727304
1400150439325323273
1400150447298682880
1400150449974611974
1400150457620774913
1400150461810941953
1400150467095760896
1400150484137152513
1400150500343943175
1400150506006253571
1400150506698199043
1400150514617159683
1400150525950234633
1400150525899722754
1400150530618499073
1400150535995527168
1400150537627045888
1400150563120164870
1400150572062363654
1400150579494764544
1400150581507805184
1400150594950553601
1400150598738133007
1400150599769890818
1400150606564663297
1400150611937480709
1400150627976679429
1400150630795198465
1400150637736771595
1400150667709190148
1400150680334000131
1400150681311498241
1400150714702131201
1400150719542415363
1400150723657187331
1400150734109356034
1400150734855979015
1400150739947769857
1400150741482934278
1400150745446596613
1400150748579700756
1400150754275516424
1400150756984983554
1400150760554483717
1400150769479847938
1400150771908464653
1400150773753843714
1400150782993862657
1400150791718121480
1400150791495864324
1400150792452050948
1400150794176020480
1400150797581656064
1400150802522644480
1400150829215125505
1400150832306262022
1400150839768064006
1400150840766238725
1400150842691489794
1400150845765861381
1400150850211827712
1400150856004145154
1400150859934097409
1400150869254062086
1400150883258732547
1400150885477453826
1400150888694521856
1400150889097154563
1400150895069908996
1400150901025820676
1400150919455535106
1400150926749585410
1400150926858543104
1400150931929501697
1400150932596301825
1400150936413159430
1400150941706379270
1400150949880942594
1400150954822062088
1400150975386730496
1400150976892448770
1400150978461061121
1400150993598222342
1400150994152001537
1400150994839687170
1400151003505246210
1400151008282558464
1400151009234722829
1400151013256941569
1400151022539059203
1400151053354647557
1400151056483487745
1400151078411202565
1400151078910447618
1400151084014915588
1400151105070305281
1400151131872022528
1400151135990714383
1400151138536542211
1400151144404426758
1400151152264626176
1400151159537553408
1400151187568144390
1400151191879700482
1400151214059364353
1400151218056400897
1400151232216457217
1400151236637335553
1400151237450928129
1400151239212548102
1400151268836974592
1400151275933769729
1400151276059561984
1400151282560782348
1400151298557714432
1400151303494459394
1400151303767068673
1400151305184858115
1400151307667771393
1400151310700212227
1400151314454220807
1400151323786432513
1400151333743824903
1400151336751009792
1400151338428690435
1400151340815245313
1400151344879636480
1400151351087144961
1400151370238464004
1400151371966521348
1400151372922703872
1400151374055227392
1400151380002848770
1400151389683204103
1400151396163407877
1400151399577567237
1400151402085851139
1400151412856823813
1400151418720370692
1400151420347715584
1400151434914582529
1400151436537835523
1400151441675796485
1400151443949166594
1400151455424725008
1400151459220660234
1400151459661074440
1400151462387372034
1400151465117822977
1400151476958285826
1400151488303755269
1400151496470245380
1400151497145425922
1400151501406834690
1400151503793385474
1400151542267789313
1400151553877569537
1400151560340971540
1400151575545401347
1400151578997366785
1400151583715889152
1400151589277601793
1400151594965082118
1400151605954088965
1400151608491712521
1400151610819502085
1400151618046283779
1400151618226696194
1400151618461392898
1400151621531734022
1400151639567253504
1400151642025218048
1400151646592811010
1400151649067356163
1400151656675819521
1400151665303441410
1400151683024494595
1400151687440916481
1400151690469326861
1400151699478749186
1400151700451778564
1400151707888369666
1400151709209579521
1400151726284492800
1400151726267813892
1400151743032348677
1400151747625111555
1400151764767285248
1400151767447486470
1400151777866129412
1400151780701347844
1400151792646688768
1400151797138866181
1400151801786163202
1400151812498415616
1400151812783718401
1400151813291130886
1400151814847221765
1400151826620690436
1400151830617899015
1400151832119369729
1400151855385264135
1400151859239686146
1400151859793256449
1400151865484988416
1400151875434041344
1400151874007879681
1400151893792497668
1400151914663321603
1400151915661447168
1400151916143853569
1400151919549554688
1400151926520442881
1400151927522881537
1400151945390825472
1400151947538276354
1400151972687187968
1400151975136743439
1400151987505750016
1400151987929292800
1400151988696932357
1400152006191456263
1400152021181796355
1400152022871986179
1400152030727991297
1400152031940259847
1400152032489705473
1400152034565931017
1400152040286961664
1400152044057632785
1400152056686690315
1400152059924697094
1400152084968845312
1400152096003919872
1400152107026726926
1400152107735474180
1400152111757750275
1400152121358446595
1400152128388141060
1400152134235082752
1400152154892013573
1400152160114024454
1400152163100332042
1400152172747231234
1400152178770202625
1400152184323547140
1400152193643188226
1400152202837204996
1400152208902086673
1400152210126819337
1400152217340891136
1400152218410618882
1400152242926145538
1400152245614702594
1400152247280013312
1400152257623171075
1400152259804209153
1400152272655589385
1400152276669550598
1400152289273282563
1400152297603227656
1400152297930326016
1400152298333130757
1400152311985446914
1400152316670476289
1400152324392341507
1400152328959762432
1400152339265122305
1400152342813630466
1400152344487157760
1400152347213504516
1400152368168288259
1400152368352792577
1400152390867685378
1400152399516508160
1400152400669908998
1400152413026332672
1400152430105481216
1400152440083824645
1400152451609620486
1400152454587727874
1400152461755682818
1400152486166421504
1400152486904844294
1400152487512866818
1400152488339140608
1400152488192397315
1400152493540192256
1400152498770518019
1400152499584110605
1400152500422987778
1400152508496957442
1400152509730201603
1400152510644555789
1400152517833498625
1400152528537501697
1400152533042143238
1400152551316725762
1400152565405261826
1400152572015558665
1400152578520932360
1400152586850910211
1400152593737957377
1400152612033515530
1400152622850400260
1400152624926793730
1400152626226991108
1400152646862913544
1400152651392851970
1400152653368217601
1400152667415007237
1400152680530518018
1400152682917154820
1400152694107611138
1400152705880973317
1400152712927383556
1400152715536310279
1400152721026658304
1400152744393125897
1400152752530001923
1400152766136340480
1400152769047273472
1400152772201353221
1400152777599430658
1400152779205734400
1400152793411993603
1400152799455875072
1400152803910328320
1400152807097909252
1400152816103141385
1400152820683321353
1400152822394494982
1400152823418036230
1400152839327043596
1400152845798633475
1400152850370547720
1400152858964733961
1400152876874301442
1400152885476966403
1400152892829433860
1400152925805027328
1400152926975410187
1400152941009555457
1400152959472836612
1400152961809096704
1400152980037410816
1400152982545518593
1400152986869923845
1400152993237028871
1400152994952495105
1400152998135799809
1400153012971180032
1400153033535680514
1400153041186131970
1400153041685389316
1400153042666856448
1400153043384025109
1400153057493753867
1400153067102867457
1400153067396415496
1400153070953132036
1400153070886014976
1400153108739670016
1400153109821677568
1400153118344716289
1400153124904615937
1400153126225596416
1400153138364137485
1400153149487423495
1400153155980218370
1400153161143312391
1400153180822982662
1400153187844251648
1400153189702377476
1400153190654435330
1400153199458373633
1400153201349910529
1400153205393301506
1400153213391847426
1400153219708473347
1400153225240711168
1400153231137796099
1400153235290267655
1400153240793194499
1400153243880198145
1400153244228329480
1400153247059484672
1400153250284855301
1400153257020960778
1400153258623184897
1400153259957002251
1400153276566446080
1400153290554347528
1400153294727749642
1400153296636203011
1400153297365835777
1400153299756662792
1400153306132066304
1400153325325201412
1400153338344349704
1400153338688139264
1400153342635134984
1400153344472227845
1400153348486090762
1400153368258125827
1400153370069856258
1400153370124554241
1400153375669424128
1400153380081840129
1400153383026237448
1400153400784809992
1400153401099313154
1400153414198345728
1400153423211794432
1400153434225987590
1400153435064864768
1400153438994911235
1400153440085413891
1400153440379092992
1400153452987232262
1400153470578180097
1400153476789944326
1400153482838020099
1400153516593799171
1400153516757422081
1400153533119356928
1400153536592232461
1400153549003239434
1400153553478447105
1400153556758544387
1400153561367867394
1400153569479651329
1400153579646771200
1400153579747524612
1400153580523380747
1400153587209097228
1400153633367506944
1400153637230235658
1400153638023045124
1400153643689644045
1400153659854491666
1400153661712523267
1400153676275126274
1400153681182535689
1400153689365434369
1400153699528462341
1400153703739539458
1400153706595762176
1400153719795109892
1400153727546318849
1400153732327776259
1400153752145854464
1400153764951166978
1400153776238043136
1400153779421515784
1400153785947799553
1400153792088248323
1400153812397080578
1400153815219945473
1400153816545304586
1400153819368067072
1400153819493904388
1400153821574205443
1400153828536823808
1400153834798911488
1400153842331766787
1400153867946446854
1400153872711262215
1400153903438598144
1400153918630363138
1400153921935585288
1400153926033412099
1400153927333691393
1400153929950842885
1400153937785851912
1400153945297784835
1400153950901346316
1400153952130318341
1400153969087950848
1400153975211675648
1400153977350729736
1400153986301313027
1400153988872409092
1400153989719773186
1400153997583978499
1400154002378067974
1400154017137893379
1400154020585541632
1400154031897468931
1400154036423233536
1400154039581618181
1400154043616579585
1400154051535245313
1400154056283283463
1400154070011232258
1400154085899194374
1400154111593664521
1400154118149267461
1400154120313520129
1400154120426721283
1400154121437548548
1400154126860836865
1400154127863365633
1400154140832112642
1400154153620549636
1400154161505660929
1400154168443256845
1400154182322200576
1400154186533294081
1400154203264221187
1400154212281974784
1400154212483452928
1400154223321489408
1400154222860058624
1400154230149763074
1400154233454878723
1400154243361878018
1400154252383772674
1400154256502624256
1400154264522067978
1400154269639008262
1400154290921119746
1400154300597161984
1400154306074988544
1400154316485410818
1400154316506292226
1400154318985068544
1400154319299694593
1400154320021213188
1400154321669574658
1400154342133469184
1400154344780144643
1400154356704591873
1400154358864662536
1400154361590784003
1400154362333302788
1400154377449582593
1400154378770788353
1400154381371256832
1400154397322055682
1400154403563356164
1400154415609257988
1400154415810633730
1400154420940361736
1400154436345942020
1400154436538978306
1400154439466426368
1400154454394028038
1400154474946215939
1400154479131987969
1400154483297067011
1400154484089798663
1400154486438465538
1400154498799005697
1400154537340530781
1400154541602004994
1400154546316484617
1400154559616540675
1400154559683698692
1400154562854633476
1400154564830109699
1400154573726044163
1400154591560355844
1400154600980713475
1400154615539249152
1400154618877857797
1400154620014469120
1400154620559826950
1400154643951411202
1400154649965985792
1400154664365088776
1400154666671886336
1400154671046709249
1400154675660341251
1400154686863327232
1400154692383121408
1400154707977555970
1400154714143080448
1400154715040534531
1400154717888471041
1400154722087030786
1400154723819397121
1400154728705806342
1400154737752805380
1400154742110707721
1400154746854514695
1400154749345796097
1400154767419187201
1400154769734385667
1400154778785751040
1400154783940550659
1400154808879886340
1400154847740141572
1400154866383822858
1400154871182016514
1400154884180168716
1400154900810641417
1400154909228609541
1400154914551123970
1400154918242164744
1400154921526304772
1400154932016300035
1400154932972564490
1400154951750389763
1400154952446713857
1400154954724261889
1400154965092360197
1400154977738313734
1400154982675066884
1400154985011294208
1400154998542057472
1400155006477688834
1400155006918144004
1400155013381492741
1400155017475145734
1400155017932382218
1400155034675924993
1400155034868912131
1400155051486744576
1400155065348870144
1400155069602013188
1400155074496770051
1400155076467908608
1400155091374542848
1400155091601137665
1400155101797437441
1400155102359531528
1400155105249353728
1400155106419560457
1400155117802999815
1400155142159147009
1400155182198136839
1400155183951355909
1400155184471347200
1400155189252968451
1400155189793939463
1400155195577798660
1400155200200101898
1400155205325537282
1400155207544213511
1400155212866895887
1400155217153384448
1400155221515399169
1400155225353302024
1400155230570827776
1400155233704153092
1400155239911727109
1400155240754827264
1400155257150259200
1400155259910037510
1400155270945263620
1400155271817691137
1400155289526091778
1400155316294144005
1400155327279022088
1400155329845813250
1400155342466695169
1400155348657389577
1400155350549082120
1400155354181275649
1400155362490257415
1400155368345407491
1400155368651640834
1400155369838563328
1400155379338776576
1400155381658177539
1400155405502791685
1400155409286008835
1400155423789944843
1400155449341714434
1400155470539591682
1400155492937351174
1400155494405267456
1400155497454608396
1400155502370246658
1400155502491934729
1400155503469203457
1400155508934332416
1400155515884167168
1400155517998227463
1400155521768988672
1400155525594025984
1400155533080858624
1400155547354214406
1400155552219607050
1400155552454426625
1400155553733746692
1400155555814166537
1400155557709942788
1400155559660244992
1400155560507412483
1400155568824721411
1400155575665766404
1400155580711514112
1400155585820061704
1400155588429070344
1400155602895179786
1400155616606306304
1400155617466138631
1400155625829580804
1400155626974724096
1400155634977456129
1400155652098465792
1400155654698852358
1400155677583020034
1400155683803258880
1400155695908110341
1400155699569737728
1400155706993659905
1400155708482588673
1400155725444182017
1400155728959225869
1400155732226445317
1400155733455302658
1400155737335152641
1400155739952279556
1400155745874845700
1400155747242196994
1400155757211906056
1400155761905389571
1400155777394958338
1400155778435059716
1400155791538016257
1400155795199647745
1400155809833697282
1400155818209812484
1400155844969332736
1400155859494318091
1400155866158927878
1400155870273626113
1400155890226012162
1400155908408217600
1400155909729525761
1400155913953157125
1400155917337890819
1400155918139076608
1400155927844634626
1400155941996224514
1400155950770753542
1400155955732570112
1400155965740261380
1400155990738227202
1400156009281163265
1400156037383016450
1400156038846894086
1400156059008966659
1400156081977008129
1400156087605727233
1400156103158255620
1400156103938301952
1400156105263652868
1400156114663219205
1400156116579864580
1400156138344169475
1400156156992102403
1400156163044483074
1400156173203034115
1400156190332444673
1400156202261041153
1400156211790553088
1400156213342445569
1400156226630131725
1400156236180606977
1400156288001187847
1400156292925116421
1400156294640701442
1400156297924861955
1400156310755332102
1400156311019560967
1400156339276496896
1400156345018507267
1400156346444664840
1400156351452651527
1400156353230884869
1400156366660984833
1400156371186860037
1400156378342342657
1400156389843083267
1400156390962782211
1400156393139736586
1400156395153113095
1400156397338120195
1400156467836116995
1400156471271165958
1400156471946514442
1400156472412184576
1400156486811238412
1400156490644795393
1400156492372840462
1400156504251158530
1400156515516907521
1400156521414250500
1400156526069751811
1400156526619156480
1400156533703561221
1400156535708340224
1400156535716782095
1400156538040459264
1400156543795011599
1400156549562068992
1400156550782664715
1400156554117124106
1400156559699632128
1400156566926602241
1400156576007155714
1400156579484164101
1400156584785985538
1400156589529743367
1400156591102431232
1400156593467969536
1400156615366565890
1400156618281553923
1400156629056716802
1400156631166504961
1400156641668997122
1400156648497373184
1400156651404005380
1400156652247162884
1400156659826061314
1400156662485377027
1400156662779060224
1400156673948401667
1400156673919139845
1400156678427926537
1400156680478994434
1400156681082912771
1400156682538336262
1400156693305040899
1400156703530774534
1400156710233251841
1400156713211207680
1400156719834034182
1400156725899149312
1400156732056387589
1400156764272795660
1400156766298574856
1400156810988900358
1400156815774650369
1400156834657456130
1400156834938380292
1400156845734567943
1400156857034018818
1400156864306941953
1400156871500120070
1400156894384230400
1400156902298996739
1400156907491540994
1400156912440778758
1400156922410643460
1400156946225848320
1400156953947541504
1400156954379571206
1400156955457511431
1400156960402644995
1400156968778670084
1400156978698080256
1400156979402883078
1400156985522262022
1400156994091294732
1400156996394008577
1400157008423227398
1400157013124988934
1400157024390897674
1400157024495706114
1400157028681662469
1400157033320570882
1400157033492529152
1400157047614853126
1400157063448121347
1400157070599589888
1400157075515314178
1400157090820276229
1400157101859684357
1400157108809744384
1400157109937975298
1400157119333212162
1400157140279562240
1400157150543032326
1400157161745960960
1400157175058685957
1400157175767523331
1400157177512304645
1400157180758790151
1400157192926502914
1400157201315028999
1400157223972659203
1400157224387940368
1400157227894415362
1400157230880722948
1400157238489235465
1400157256851902476
1400157258730852360
1400157260874240007
1400157265055956992
1400157270969925641
1400157273343864838
1400157273637408770
1400157275617206274
1400157280239243271
1400157289605046275
1400157300992532485
1400157302016069632
1400157303031087109
1400157304750759939
1400157312560599041
1400157322794635272
1400157329018941440
1400157333536317442
1400157334572314627
1400157360824348672
1400157364397830148
1400157368382525447
1400157369712185352
1400157372925026307
1400157397444972544
1400157411596455937
1400157418529624080
1400157425643180035
1400157451912163328
1400157461835886605
1400157496472391681
1400157503510491138
1400157511097982981
1400157519176142852
1400157519738245120
1400157536704106496
1400157540802076677
1400157546665725952
1400157566651584517
1400157569436602373
1400157571906953224
1400157577930027016
1400157578387234824
1400157579846852613
1400157581843349505
1400157584431124482
1400157603397783555
1400157617272524805
1400157625707286533
1400157630853701637
1400157631810084864
1400157633336778755
1400157666287046660
1400157668405305345
1400157674591834112
1400157691587268613
1400157695366291463
1400157713376727045
1400157718141358089
1400157721090002945
1400157738882248705
1400157741008625664
1400157752081534977
1400157785812135939
1400157805601034243
1400157811032543235
1400157812588642309
1400157813955907584
1400157822134878209
1400157824760664067
1400157830833913857
1400157840925466628
1400157848483532800
1400157853025964040
1400157881761214468
1400157885108195339
1400157896512524291
1400157916192247809
1400157918813691908
1400157921888161798
1400157923930775556
1400157924098519046
1400157946919723009
1400157990037209089
1400157998010482701
1400158003488247808
1400158012988346373
1400158031569117191
1400158060669128706
1400158063068389384
1400158077274542081
1400158082727137282
1400158089530200069
1400158094123020295
1400158129933926410
1400158137492066311
1400158139929014281
1400158149441691651
1400158213429989380
1400158222946914310
1400158227329957890
1400158234728665099
1400158235307384833
1400158248703983619
1400158265795878917
1400158284116549638
1400158285429420039
1400158287564320768
1400158292056416262
1400158308074405889
1400158328790073344
1400158335383445504
1400158371551010818
1400158383315976192
1400158385769619458
1400158388017901579
1400158395148111877
1400158407693422599
1400158421140357124
1400158424445423623
1400158424466341899
1400158429386362884
1400158439393792001
1400158440446693387
1400158500567670786
1400158518443868160
1400158523108081668
1400158523141488642
1400158526937255938
1400158539012784132
1400158539377778690
1400158542464704518
1400158560252747776
1400158590195752963
1400158592410468359
1400158596231352322
1400158602002841602
1400158613679734787
1400158619665145862
1400158625000210432
1400158642255679491
1400158643656527874
1400158647104290824
1400158659099889672
1400158683867320326
1400158718939959297
1400158728956096516
1400158738514952194
1400158742273048582
1400158748870549509
1400158752523882505
1400158766801338373
1400158808211660807
1400158808404414465
1400158820308066308
1400158840604311555
1400158862645383173
1400158874674634754
1400158878130753539
1400158882442383367
1400158889564311553
1400158891720257542
1400158904563159040
1400158905813061632
1400158915732586502
1400158918127632390
1400158921193529345
1400158948305506306
1400158955746254848
1400158956811689985
1400158960666218504
1400158970564775940
1400158992865890317
1400158999471964165
1400159014202261509
1400159052227768322
1400159052735340549
1400159057495957507
1400159057814732806
1400159085727780866
1400159087459921923
1400159091004166144
1400159111438684160
1400159113087176709
1400159129688236032
1400159133836271621
1400159146830356483
1400159151297282049
1400159152530509828
1400159159534985220
1400159162865274885
1400159177167806464
1400159181244715009
1400159190044250115
1400159193747836931
1400159201993936899
1400159205168926721
1400159213624647680
1400159218653618180
1400159223498084359
1400159225020444672
1400159240665321475
1400159249330749449
1400159254426775553
1400159259376209921
1400159263234965507
1400159277692506122
1400159292683063301
1400159299486334976
1400159301168242690
1400159307077926912
1400159312463372290
1400159319040008195
1400159331690106880
1400159344549847051
1400159347318030340
1400159349016862723
1400159352326078470
1400159353886461957
1400159354255560709
1400159356830822409
1400159358453878784
1400159371078815746
1400159383951192066
1400159395489759232
1400159405052682248
1400159417941692417
1400159421163053058
1400159426586238980
1400159436178665475
1400159436300337161
1400159437801799684
1400159445993336841
1400159446693711881
1400159453979320322
1400159458471432207
1400159479925248005
1400159494886158336
1400159508018520066
1400159511629897729
1400159523529179140
1400159542852345861
1400159543892529164
1400159544794353665
1400159546979536921
1400159547491336206
1400159550146289664
1400159558044196872
1400159572707491848
1400159576347930628
1400159581075132435
1400159647231877123
1400159651707199495
1400159651812069379
1400159652428627980
1400159653791776769
1400159659550457857
1400159659709894657
1400159670241800198
1400159686981206020
1400159687840976897
1400159696074518534
1400159699908055044
1400159706287546373
1400159709982642176
1400159716077101059
1400159725061394439
1400159726663503877
1400159735324811265
1400159737816223750
1400159751472885760
1400159758108172294
1400159764303159298
1400159764953378817
1400159768308862979
1400159772050067459
1400159783177568256
1400159791717126144
1400159798411382784
1400159801540329475
1400159827280773124
1400159833001795585
1400159839167287297
1400159844267667460
1400159845739864065
1400159855554478083
1400159862726828037
1400159876186320897
1400159895358484489
1400159897052921862
1400159897518587915
1400159904866963459
1400159909539368966
1400159914014777345
1400159946608676869
1400159949381156877
1400159954586177536
1400159961506848768
1400159966447681538
1400159966892232706
1400159976937574400
1400159988652384262
1400160008445300749
1400160009779097612
1400160016057917442
1400160023913828357
1400160023658086401
1400160042012250113
1400160049616416772
1400160050673451013
1400160058441355265
1400160064334295041
1400160074899861512
1400160076896346114
1400160088971689990
1400160092348092419
1400160145594732544
1400160159431901185
1400160170781593605
1400160171284905995
1400160187063967753
1400160198396895239
1400160207766843395
1400160211181125637
1400160217522966539
1400160226523844610
1400160227773853701
1400160231208988676
1400160239207424000
1400160247642198020
1400160253220691968
1400160266428596237
1400160267024142348
1400160270497034240
1400160276339646464
1400160279175049216
1400160293045473281
1400160293053898753
1400160294396207112
1400160295054630915
1400160297458016256
1400160307570487299
1400160311462686721
1400160312771452933
1400160332673335298
1400160356274786307
1400160370220695552
1400160398637256710
1400160405180272641
1400160405280985090
1400160407675969538
1400160415661707265
1400160426596438022
1400160429523931136
1400160430463635458
1400160441758781442
1400160448448708608
1400160449036001285
1400160454266085377
1400160458729000962
1400160476735152128
1400160480233021440
1400160500416237574
1400160506741198858
1400160524852158474
1400160536071852032
1400160539301531653
1400160552371032065
1400160555424419846
1400160559996211200
1400160571924832257
1400160574575722496
1400160592401473540
1400160614127865857
1400160615818272771
1400160622487158784
1400160627474276362
1400160636487700481
1400160650689646592
1400160668032987136
1400160672210722820
1400160694377517063
1400160702162210818
1400160704729128960
1400160708579323907
1400160713340035074
1400160718062768132
1400160721808338952
1400160736853254145
1400160739688583169
1400160742700044291
1400160760161091585
1400160760626565121
1400160761570283530
1400160763285757964
1400160777391284230
1400160783602880516
1400160785280778252
1400160792868265992
1400160835176120321
1400160837785075723
1400160839181742086
1400160843753459718
1400160848631451652
1400160847750733826
1400160855606521861
1400160856072200192
1400160856340635652
1400160892898070528
1400160896618479619
1400160908878483461
1400160917460066307
1400160933939494916
1400160935290015748
1400160937512951808
1400160940289675265
1400160947340185608
1400160964432039938
1400160973219041280
1400160973504323594
1400160982849183747
1400160997026025482
1400161002075963394
1400161005766914051
1400161020337786880
1400161026927054852
1400161027245887490
1400161048313827330
1400161049060462592
1400161050612305921
1400161052340412420
1400161062725505031
1400161063589617671
1400161075539107843
1400161079234342912
1400161085248917506
1400161086956093460
1400161086280716299
1400161093327101954
1400161094245703683
1400161110133772292
1400161116353748998
1400161120938246150
1400161122716618769
1400161125296218116
1400161132938211332
1400161133881868289
1400161141255512069
1400161165230198784
1400161165217570821
1400161175044640768
1400161179369156608
1400161180006584321
1400161181277507585
1400161183915823106
1400161184607879171
1400161197182230530
1400161212814573568
1400161217663148033
1400161235136614401
1400161236566880261
1400161238756335628
1400161244066107392
1400161264219865089
1400161284058984448
1400161287418662917
1400161290241417227
1400161294452346883
1400161302811717636
1400161316019617799
1400161319429541894
1400161326006259727
1400161334965288965
1400161335376240642
1400161337544675330
1400161349582340100
1400161349724934144
1400161373351550986
1400161375800991744
1400161377935937537
1400161378464370689
1400161380355899392
1400161386483929093
1400161394218131461
1400161398437650433
1400161400480206848
1400161408189272064
1400161424802996229
1400161427600642056
1400161431308361729
1400161453601087492
1400161467064717313
1400161467115126786
1400161475008860165
1400161480859865095
1400161483321974787
1400161484651610118
1400161488770244611
1400161490905317377
1400161507728494593
1400161508819013638
1400161513558659073
1400161518428299267
1400161540561592328
1400161545716383749
1400161552833990658
1400161554616643586
1400161557028425730
1400161557699567616
1400161558953558016
1400161559821885440
1400161564246806528
1400161568898310147
1400161571331006470
1400161575806324736
1400161581758140424
1400161582810796038
1400161609234984961
1400161612988764160
1400161618382573571
1400161621243269120
1400161623705210880
1400161628990033921
1400161635206156291
1400161638821552133
1400161639320727553
1400161642655240199
1400161647969382404
1400161650028814351
1400161650091642884
1400161671457427456
1400161674804482050
1400161688977035269
1400161712028983303
1400161734543953923
1400161742848724993
1400161743561703424
1400161749043712002
1400161763019038724
1400161772837953536
1400161775790743552
1400161783063539716
1400161790047182849
1400161795030065161
1400161800625311750
1400161826483097603
1400161833995194373
1400161835735732225
1400161835794399233
1400161864655441920
1400161873820069900
1400161882212872195
1400161882825281537
1400161886260322305
1400161895311630339
1400161903624720390
1400161908276277248
1400161920200720385
1400161941893619715
1400161947652341763
1400161952102502400
1400161962546319360
1400161983513649158
1400161989280862208
1400161990815801347
1400162001012334593
1400162002346024960
1400162003918934020
1400162006162980872
1400162010596261889
1400162020192768006
1400162022826860549
1400162025486139392
1400162030716325893
1400162039587278852
1400162041860591620
1400162052006678534
1400162056687525890
1400162060613324800
1400162072604729346
1400162091823243266
1400162121502048260
1400162122386919427
1400162126069743619
1400162136379252743
1400162152107941892
1400162174484504584
1400162175948316672
1400162177311559681
1400162184026525703
1400162185070981127
1400162194939998208
1400162209615863809
1400162241182269440
1400162242209976320
1400162245200461825
1400162246525743104
1400162254893449218
1400162298292051970
1400162322857922560
1400162337890439170
1400162340679659525
1400162342717976576
1400162347310780419
1400162382270418949
1400162384883466241
1400162390151516169
1400162391615324162
1400162401098637315
1400162402004504578
1400162404135211008
1400162408035872768
1400162410791591946
1400162411974475779
1400162422103674889
1400162451635724289
1400162451585445891
1400162466781335561
1400162473706197001
1400162483168374790
1400162487643803659
1400162500449026052
1400162500533002245
1400162517461131271
1400162562185089034
1400162569713750018
1400162575539703811
1400162586876805124
1400162599593865220
1400162608435580930
1400162608918020099
1400162614861127682
1400162639867695107
1400162643038507009
1400162644661882880
1400162662709878788
1400162671647940614
1400162690295795717
1400162695916052484
1400162708000067587
1400162714174078982
1400162724173209605
1400162745253773318
1400162778795720710
1400162782381756421
1400162791554748424
1400162830196920332
1400162831136329731
1400162831194988545
1400162836995874819
1400162838526713867
1400162850228912131
1400162850644037634
1400162865974329348
1400162868595658755
1400162869979795459
1400162888111824906
1400162909712531463
1400162943770234895
1400162963680530435
1400162971800670209
1400162977743921155
1400162985054814208
1400162994617827331
1400162996035280898
1400163014083584004
1400163014658113536
1400163020513415168
1400163037600907266
1400163045079388168
1400163058719277062
1400163065933418498
1400163077341995019
1400163079229349889
1400163080110231552
1400163084472356869
1400163090734456834
1400163094106607616
1400163097655099393
1400163101287149568
1400163110112088068
1400163118240698378
1400163124129509384
1400163124796330000
1400163169876779010
1400163188696571911
1400163214940278784
1400163225015140358
1400163226256646149
1400163231780515845
1400163240282365952
1400163242824065025
1400163278693744643
1400163279729827842
1400163280430247955
1400163293428334601
1400163299874856963
1400163305780617222
1400163308817244166
1400163347077554177
1400163355621535755
1400163385396842500
1400163394909523973
1400163402216054791
1400163430838018051
1400163451721367561
1400163452165918725
1400163461359878149
1400163462953771016
1400163475012341765
1400163497837694977
1400163522819018755
1400163528670019587
1400163550103064584
1400163562778251270
1400163568499277828
1400163573339406350
1400163575436656643
1400163575675555841
1400163586874302465
1400163593505542144
1400163597414768642
1400163616792457217
1400163628842729477
1400163632806170625
1400163638934183939
1400163651294728200
1400163658190163971
1400163680541720581
1400163685759336452
1400163697847418881
1400163717589909505
1400163721129848833
1400163732819431424
1400163737479352323
1400163743712034816
1400163747793080322
1400163757242949635
1400163761453821952
1400163777597915140
1400163785785102338
1400163802142887938
1400163804927778820
1400163810779017216
1400163815040471044
1400163823286251526
1400163832228687873
1400163834019475456
1400163837865828357
1400163838432010240
1400163854236229639
1400163858053054471
1400163858413764611
1400163871990509568
1400163876017111040
1400163891288625159
1400163905431769090
1400163911089934336
1400163919516348426
1400163932309004290
1400163936180346883
1400163949069455361
1400163952500346888
1400163965368471552
1400163966496776201
1400163978123255808
1400163979830251520
1400163983127089153
1400163996360138753
1400164004211806209
1400164005411442690
1400164011165982722
1400164019764404225
1400164027267944448
1400164031986610176
1400164034285125636
1400164037002989575
1400164083488415744
1400164094334881797
1400164107098144775
1400164113305653250
1400164116094984195
1400164120666718209
1400164134650404865
1400164137112637442
1400164139188764683
1400164184759865347
1400164203923714057
1400164208289910795
1400164226694627328
1400164230716854278
1400164235322273794
1400164255362695168
1400164255412887553
1400164276912984070
1400164279844749314
1400164284231999488
1400164300182990849
1400164300489211905
1400164351630139395
1400164363789639680
1400164366725664771
1400164370173382660
1400164387877445633
1400164390612185095
1400164394819018764
1400164418718208005
1400164422606200832
1400164422648307723
1400164427559800832
1400164428126076929
1400164434153246720
1400164441380081667
1400164457637105669
1400164467321806852
1400164469041401859
1400164471704899591
1400164479187443714
1400164487680954371
1400164487999623171
1400164497344577540
1400164497462005764
1400164512309907460
1400164513668767745
1400164529556832264
1400164537458905090
1400164540927578117
1400164542261432320
1400164542806700033
1400164550025138184
1400164565921456130
1400164572875694082
1400164582006611972
1400164590630019072
1400164598645465090
1400164603393359872
1400164608401362944
1400164614625714176
1400164621349232640
1400164633931960321
1400164658401718281
1400164661593444352
1400164684548935684
1400164686029598720
1400164691025010695
1400164693361233922
1400164693537431559
1400164695806550025
1400164696460775427
1400164716698349575
1400164722167648260
1400164742992478214
1400164745559384071
1400164754656796677
1400164762437263361
1400164764286783489
1400164767940108289
1400164771790573569
1400164773506039808
1400164778555891715
1400164794305597449
1400164807194578945
1400164808624857089
1400164813771247617
1400164840446992386
1400164864086183939
1400164873867300870
1400164875825975297
1400164876711075849
1400164882960498697
1400164891198119940
1400164901616861189
1400164975344226306
1400164977567322113
1400164981073584128
1400165002720559114
1400165014749827075
1400165034614046721
1400165035637415937
1400165042423750663
1400165047318454275
1400165055677804546
1400165059247017987
1400165070164873219
1400165086228979716
1400165091325054976
1400165095758610433
1400165101806759944
1400165106852450306
1400165112728764418
1400165115689803782
1400165125676572672
1400165127257743362
1400165127480135681
1400165154290122752
1400165160828899332
1400165161143570446
1400165168349282309
1400165170916335621
1400165176024907777
1400165180122615811
1400165195788529670
1400165208560132098
1400165213966671879
1400165222413897749
1400165222774628354
1400165226948055049
1400165227384164352
1400165247206502405
1400165250767351809
1400165252092907528
1400165269385977857
1400165277577486338
1400165288059023361
