1408726712133640194
1408726718899097602
1408726720581091330
1408726726625071111
1408726728533544970
1408726730261426186
1408726733830901771
1408726755154796545
1408726765049192448
1408726768635330560
1408726770640048130
1408726771063693315
1408726782342279168
1408726783072124930
1408726783776727042
1408726786788179970
1408726788893720579
1408726798972690435
1408726807998763014
1408726811211558912
1408726814109884420
1408726816433475588
1408726822842474498
1408726826499940354
1408726826680266755
1408726828555046916
1408726829092032513
1408726836654317570
1408726852307410945
1408726853720870916
1408726859114819584
1408726867176263681
1408726870045061129
1408726874763694080
1408726885186551809
1408726894137151488
1408726896796442625
1408726920968036352
1408726923421704192
1408726927796445186
1408726929499426817
1408726952555560964
1408726961162276871
1408726980380483585
1408727006481719298
1408727011216949249
1408727012529823747
1408727020553617410
1408727023707697153
1408727034717683714
1408727043580309504
1408727045501341704
1408727047518699524
1408727051935391744
1408727057971007492
1408727062899220489
1408727069295476736
1408727072705376257
1408727092922138625
1408727099012268034
1408727104984948736
1408727107493056516
1408727108705165313
1408727112941441024
1408727113218150400
1408727121271431169
1408727152539881476
1408727181237309445
1408727185066713090
1408727204314468354
1408727208957517824
1408727210891096066
1408727217299992577
1408727219086712834
1408727219858518016
1408727221271945217
1408727225361444867
1408727228947566595
1408727230964912135
1408727251647148033
1408727263122706498
1408727268596215809
1408727280931807232
1408727282286477314
1408727312208629761
1408727327270449153
1408727333381550082
1408727399894749185
1408727402298056710
1408727403925590019
1408727406098227205
1408727407910076419
1408727422682472450
1408727433482747908
1408727440806002689
1408727447277801472
1408727449458860035
1408727452738756608
1408727456337567746
1408727463161704448
1408727464071811072
1408727467322400769
1408727468295532544
1408727469562241025
1408727477724274693
1408727481167790080
1408727491884240898
1408727500172234752
1408727506643943424
1408727519789043714
1408727520195878920
1408727526386642945
1408727533068111875
1408727533873504258
1408727533739073540
1408727539397193728
1408727547764953090
1408727553725042688
1408727560331038721
1408727582971940864
1408727585761107970
1408727590391758851
1408727591830228993
1408727595269697538
1408727596096012288
1408727596385411074
1408727606480965634
1408727623883132936
1408727636696764416
1408727639276146691
1408727640870055936
1408727646343675909
1408727663821402113
1408727666686054402
1408727712781406211
1408727718250823688
1408727722998726660
1408727723359473665
1408727735577444359
1408727742506483712
1408727751952060418
1408727759963099136
1408727775482191873
1408727789398753281
1408727807551754242
1408727819031560193
1408727820847783936
1408727822592626689
1408727824459046912
1408727831077601280
1408727832356802566
1408727834038779904
1408727841169149952
1408727845392818177
1408727852242010116
1408727853164904448
1408727861012303880
1408727871917596678
1408727879936974848
1408727886505381894
1408727898857611265
1408727902284402690
1408727911876775942
1408727924606394373
1408727928184127490
1408727928922378241
1408727932147798020
1408727934857355265
1408727939303325704
1408727940905459716
1408727944588140546
1408727945716256771
1408727969141465090
1408727974271197184
1408727988372389888
1408728000296849415
1408728034417557507
1408728038271946756
1408728045788315649
1408728077283303429
1408728089216143361
1408728103065731083
1408728106567938049
1408728152285888515
1408728153061724163
1408728153909084160
1408728155972681728
1408728159495720960
1408728180857491457
1408728184959508480
1408728198213300226
1408728202193911809
1408728210351796225
1408728213447233538
1408728237530914820
1408728244392628229
1408728277213073416
1408728278521810946
1408728312411824130
1408728323841265665
1408728324541722627
1408728346502987782
1408728354220515329
1408728355415986180
1408728356267474946
1408728357987049473
1408728376597094402
1408728398201901057
1408728402585133058
1408728405600702468
1408728407987265538
1408728430544293889
1408728438903513096
1408728449657753601
1408728456783974400
1408728480754319360
1408728481270317061
1408728494792663046
1408728513847468032
1408728519379611648
1408728548949569536
1408728551797542912
1408728558692974594
1408728567890993156
1408728570956943365
1408728577982537737
1408728592851386369
1408728597435584512
1408728599453175811
1408728600594034690
1408728638120501249
1408728641715032064
1408728648727896065
1408728656915189763
1408728704205815811
1408728704675614722
1408728708177858561
1408728710262501376
1408728733272350721
1408728735394713604
1408728736434958337
1408728740532719622
1408728758136107009
1408728763995656195
1408728769100140545
1408728772900274178
1408728786103906305
1408728803988344834
1408728807213879297
1408728822241968129
1408728830190227458
1408728831981203456
1408728833981812737
1408728855473426435
1408728870703009803
1408728889157881858
1408728895860490246
1408728897114370048
1408728912578813961
1408728913833046025
1408728920057389057
1408728957915209731
1408728965477453828
1408728971525734402
1408728972377178117
1408728978043641857
1408728981046767618
1408728983290712064
1408729008276135936
1408729012524945409
1408729013653172225
1408729015016382464
1408729014894678023
1408729017633677312
1408729037661519873
1408729041851531265
1408729049590112258
1408729058842664965
1408729061187211268
1408729061506142208
1408729069882052612
1408729075418607616
1408729075699490821
1408729078010724354
1408729084528635905
1408729087967862785
1408729094448201732
1408729101750374401
1408729102043865088
1408729122419904514
1408729122528845832
1408729136026238978
1408729152392368131
1408729154644692996
1408729156964208642
1408729163897376771
1408729164795072514
1408729174249029632
1408729184721985536
1408729184780832770
1408729206205394944
1408729219585265666
1408729231153111045
1408729232767950848
1408729234734911490
1408729242376998915
1408729250648129546
1408729263357009924
1408729269241528322
1408729277839949826
1408729280532541446
1408729283078459405
1408729285028986882
1408729286312300546
1408729289302982659
1408729289558745088
1408729295514746881
1408729301814583296
1408729310261772291
1408729312312889347
1408729333045231619
1408729340410531841
1408729340637024257
1408729344558747648
1408729350468427780
1408729358773239811
1408729376515055619
1408729382575874050
1408729388665819136
1408729402133843968
1408729411440963584
1408729415769542658
1408729427601727489
1408729428583014402
1408729431552692224
1408729437546364930
1408729461151916040
1408729490826612738
1408729508899790853
1408729514004287488
1408729523353391108
1408729532123713540
1408729541514760192
1408729556639535104
1408729563882872832
1408729567909629952
1408729569687965696
1408729570757414914
1408729581700403201
1408729585798189059
1408729609538002948
1408729612725665798
1408729621307199491
1408729626361405443
1408729643516112896
1408729656870719489
1408729659647442945
1408729659928453120
1408729664181264388
1408729667809513473
1408729667784392709
1408729671298994177
1408729679784259590
1408729691666722818
1408729695546339328
1408729711338045445
1408729719760097286
1408729734528258049
1408729740278599694
1408729743357321216
1408729745982955520
1408729749027909642
1408729760537137162
1408729764010115076
1408729767164231680
1408729767759822850
1408729776056156163
1408729785782738945
1408729790794944513
1408729794045427713
1408729801947553793
1408729803285536770
1408729837318021122
1408729870818070528
1408729873577758724
1408729877080051718
1408729881190535174
1408729883275153411
1408729885489704968
1408729889948250113
1408729891047186439
1408729899540500480
1408729899704143872
1408729900698243075
1408729910626197504
1408729910861078532
1408729925012574209
1408729925939601409
1408729942859423748
1408729949230485505
1408729982998913028
1408729983468589058
1408729987423866883
1408729988325588992
1408729991874023428
1408730002611376129
1408730015164813316
1408730019191476224
1408730019824902147
1408730022416990208
1408730038774599681
1408730049151266823
1408730058848669699
1408730060161437699
1408730063957340160
1408730070810869760
1408730072157241346
1408730079958556674
1408730086233280512
1408730112497946624
1408730113735376901
1408730114339315713
1408730119032684553
1408730130210492416
1408730142252351490
1408730145121308677
1408730172275236864
1408730177602048001
1408730187882184708
1408730200393797641
1408730204240060416
1408730212599320578
1408730212720910340
1408730218513276935
1408730232081637377
1408730244484415488
1408730260837855233
1408730263127875586
1408730265871130626
1408730271785140224
1408730277267099656
1408730277929799680
1408730283462041600
1408730300134342656
1408730303925997569
1408730320078217219
1408730336545198080
1408730342710812674
1408730360008122368
1408730362625216515
1408730378005843968
1408730383525548035
1408730385802874885
1408730406396960768
1408730416647901184
1408730416991944705
1408730428073078792
1408730442740686850
1408730448688291841
1408730452475719685
1408730458704257024
1408730463037005824
1408730466912374785
1408730470045655041
1408730470355980297
1408730490081886209
1408730491226935297
1408730492753547266
1408730495064625154
1408730499196112901
1408730521262231558
1408730521719304192
1408730525213368324
1408730531819233280
1408730543634669571
1408730544897146883
1408730548047159297
1408730557152960512
1408730559010979843
1408730568024498176
1408730568586575873
1408730592548638722
1408730610454220802
1408730611137847299
1408730627084521479
1408730636064636928
1408730637406818309
1408730644331601921
1408730658344558596
1408730660269875201
1408730670508171264
1408730681312788482
1408730686178181123
1408730691123175426
1408730742750945282
1408730752460677120
1408730765442138113
1408730768206090241
1408730772823941122
1408730785444683776
1408730787994800137
1408730794047291392
1408730804528812044
1408730825307340803
1408730825420525571
1408730827366834177
1408730850343145472
1408730865098760195
1408730867963473926
1408730873067802627
1408730879036329987
1408730882874167298
1408730883771744259
1408730906978930688
1408730908631474177
1408730911118528517
1408730911315795975
1408730914155163655
1408730916344762369
1408730918186110980
1408730919909867520
1408730932253761537
1408730936309542913
1408730942361976835
1408730944110874628
1408730946623479817
1408730959831134211
1408730965787123717
1408730968958066688
1408730971789303817
1408730973248835584
1408730974771367938
1408730977023807489
1408730979045421057
1408730989053026304
1408730989216534531
1408730992181972992
1408730992655749120
1408731009848381441
1408731016253083648
1408731017909788675
1408731027120533506
1408731029242888204
1408731034020155396
1408731056455442432
1408731068644171781
1408731071496208385
1408731072658120704
1408731102932615169
1408731112281628674
1408731119340691462
1408731127507001344
1408731169970135042
1408731174579499015
1408731183563874305
1408731189989437441
1408731193911218179
1408731203159592963
1408731210927460355
1408731214018646016
1408731240308502533
1408731245895426050
1408731254267080704
1408731256154636292
1408731258570436608
1408731265126256641
1408731267521257475
1408731275125563392
1408731276513849356
1408731278178934785
1408731293706293248
1408731300048117761
1408731301109137415
1408731304665903105
1408731312991748096
1408731313998229507
1408731317458587649
1408731320457449472
1408731348559446016
1408731350694346755
1408731352757903361
1408731355459039232
1408731399180349442
1408731406847590403
1408731408449904642
1408731414158364673
1408731415257227265
1408731433590571010
1408731434425200641
1408731439802298369
1408731476288446465
1408731489718636551
1408731504952422402
1408731514964041730
1408731525294825472
1408731525437329408
1408731532970364941
1408731537302900740
1408731557544747008
1408731565610446848
1408731585181110273
1408731588754612224
1408731602214178819
1408731625588940805
1408731629942620162
1408731632929026048
1408731635508514817
1408731636343185410
1408731646363381767
1408731662502961154
1408731669113327618
1408731687324831749
1408731708791345154
1408731730308120577
1408731734565294081
1408731737417523202
1408731741582413827
1408731742245068805
1408731746699550720
1408731753557204992
1408731760872067074
1408731761392107520
1408731762197512192
1408731773429850120
1408731776487358467
1408731779918336003
1408731784347590657
1408731802487836673
1408731811145031680
1408731822192738306
1408731823178452994
1408731826600951812
1408731835299942407
1408731841293651968
1408731852026822663
1408731871761113091
1408731915096453124
1408731921346093058
1408731922503774211
1408731924684627973
1408731928061165568
1408731928451244037
1408731942032445444
1408731946151301123
1408731953071677452
1408731982188658689
1408731996168376322
1408732004892487684
1408732010252746755
1408732014946177028
1408732034919546880
1408732035561275392
1408732041550647301
1408732049121452032
1408732059154141184
1408732062123761664
1408732065600884736
1408732066276073472
1408732074299777027
1408732090707832832
1408732091077042177
1408732095653023745
1408732133082927108
1408732143883362305
1408732144718000131
1408732145732911104
1408732147834310660
1408732148161470465
1408732148690006020
1408732152351510529
1408732155325333505
1408732161994334209
1408732169808269312
1408732171158929413
1408732189596938246
1408732196077252608
1408732200552615936
1408732203476004865
1408732206764265474
1408732209037590530
1408732228822122501
1408732235025588227
1408732244735365125
1408732259641958406
1408732269385240584
1408732270379233281
1408732282941231107
1408732283515904002
1408732284153434114
1408732285856366596
1408732296186892292
1408732296858017797
1408732298401521667
1408732301702356993
1408732305468821506
1408732309117800459
1408732317456154626
1408732327442890752
1408732355104174085
1408732355372720129
1408732355725074433
1408732361940951040
1408732365132812289
1408732376809623553
1408732389040402434
1408732393947664386
1408732407277101056
1408732423920271364
1408732425841090568
1408732451984359426
1408732463376080896
1408732469793333249
1408732474067361798
1408732484385263618
1408732485605806081
1408732495986692096
1408732506506108938
1408732508154339328
1408732516639338500
1408732522083725313
1408732525074292738
1408732526043144199
1408732536637902853
1408732541054488576
1408732546511392772
1408732564815290368
1408732564999655430
1408732577104551937
1408732581701603328
1408732582053810176
1408732585954533377
1408732594439557120
1408732598105522179
1408732599514812418
1408732606280003591
1408732611762085891
1408732632708435971
1408732633081712640
1408732633891106819
1408732635426439170
1408732647925424134
1408732657098317824
1408732658067255306
1408732670352318465
1408732674169135106
1408732679713996806
1408732683551789061
1408732693559394305
1408732712920289284
1408732721900261385
1408732749691772928
1408732755794485253
1408732757333839880
1408732760521457668
1408732803051790342
1408732805639643136
1408732818440601604
1408732821510836227
1408732821900963842
1408732825763909634
1408732835469537288
1408732835981180929
1408732844688494592
1408732865635000321
1408732873453051905
1408732874283618308
1408732883456606212
1408732894927990784
1408732903941550083
1408732910392430592
1408732932223782916
1408732943590232064
1408732944215117824
1408732945737830401
1408732953212039170
1408732955359461379
1408732967267094530
1408732989832503297
1408732990893658118
1408733007389810692
1408733019943411713
1408733021394640896
1408733024125001736
1408733030378786819
1408733042039001091
1408733048078749703
1408733048280162306
1408733077736607747
1408733083189215232
1408733084116258821
1408733089312948226
1408733092496433154
1408733105876316161
1408733121659482114
1408733123567816708
1408733124784177155
1408733139615326217
1408733144124215297
1408733155482378240
1408733171907170305
1408733176902701057
1408733183265460227
1408733186469683201
1408733194225082371
1408733203574165507
1408733204039749633
1408733207793745920
1408733220972077057
1408733233940992000
1408733269638647808
1408733285921038336
1408733291125956614
1408733295186173954
1408733298583650304
1408733301033025537
1408733304262696963
1408733310151495682
1408733311879585792
1408733318619701258
1408733324160417794
1408733332028887052
1408733332100239363
1408733348894179331
1408733361984659461
1408733374529814529
1408733376979386370
1408733386483683335
1408733397866921984
1408733405362196481
1408733420562391043
1408733436823621634
1408733438845362177
1408733441923948545
1408733448978665473
1408733449096138757
1408733484898738179
1408733527978385410
1408733531283542020
1408733541345660933
1408733544545980419
1408733559842557954
1408733567300030465
1408733576397524992
1408733583703937029
1408733591392206849
1408733595577896960
1408733599843635204
1408733602167332865
1408733608475598849
1408733610505654276
1408733640327061506
1408733647897649160
1408733654721904641
1408733659633438721
1408733661923622913
1408733663487922182
1408733674590248963
1408733677064888322
1408733682253414407
1408733682492493824
1408733686783172619
1408733690486796291
1408733699940642821
1408733700846727168
1408733703975624708
1408733713618259973
1408733720778002434
1408733723059802113
1408733727023407105
1408733737504870405
1408733751727869955
1408733752776343553
1408733756488306691
1408733768949452801
1408733769109053441
1408733769213779969
1408733773819256834
1408733786423058432
1408733826570989568
1408733838298292225
1408733839812444162
1408733844933578755
1408733860406386690
1408733866232274949
1408733868639784964
1408733874339946498
1408733881650405384
1408733896615809025
1408733904392142851
1408733915687251971
1408733936860106755
1408733942577090563
1408733943692775427
1408733954467827712
1408733955780755457
1408733986743017476
1408733999586025473
1408734009295708160
1408734013062365188
1408734029004697604
1408734053436735488
1408734054153961472
1408734057605775362
1408734059250044932
1408734067370053634
1408734083941797888
1408734092695425026
1408734092716253188
1408734094763171843
1408734095459471362
1408734099175522309
1408734103608852480
1408734106326798336
1408734109187325955
1408734111573835780
1408734146936115201
1408734166116536320
1408734174186455047
1408734181044015105
1408734184147881991
1408734208932069377
1408734214024011780
1408734233703501827
1408734237268844551
1408734238715830274
1408734259423154178
1408734274006618116
1408734275508137985
1408734288003149828
1408734294080634888
1408734301013823488
1408734307926036480
1408734309654093824
1408734328587051013
1408734338536120320
1408734352771620865
1408734361239883778
1408734373315190784
1408734377522176001
1408734377991942144
1408734382437851136
1408734384388247557
1408734391908540418
1408734408073519104
1408734411940454400
1408734420429901826
1408734437035151363
1408734447059542019
1408734449840369666
1408734481717108736
1408734482849480704
1408734496527044610
1408734512201220098
1408734520300298240
1408734548611981320
1408734563485036544
1408734566123196416
1408734567733755904
1408734570732683278
1408734570372009986
1408734572825698306
1408734574386032641
1408734576743227396
1408734578018238465
1408734579813490688
1408734580421578758
1408734582116175872
1408734583328317449
1408734593499291648
1408734633747902466
1408734635270410242
1408734635543126019
1408734637866864645
1408734638466494468
1408734649870868480
1408734681340661763
1408734684935249920
1408734685421768706
1408734691776024576
1408734698558345218
1408734716711227393
1408734718170894337
1408734736621608960
1408734784659103749
1408734785619599360
1408734787750277121
1408734792007524355
1408734791399317506
1408734796172439552
1408734801671168000
1408734807467626500
1408734813243203590
1408734817882046470
1408734833279447042
1408734852413788162
1408734854867423236
1408734857816166403
1408734864560607233
1408734875952111620
1408734877378285569
1408734883787198466
1408734911251595267
1408734936929087491
1408734940972335110
1408734954985594886
1408734957267210241
1408734962782773248
1408734981849903104
1408734992906309635
1408734998098743297
1408735005828866048
1408735017963036676
1408735019003170818
1408735042906603521
1408735043825008646
1408735056537944065
1408735057615990785
1408735063378960384
1408735068517015553
1408735093821112328
1408735094852947968
1408735099223527431
1408735116583747586
1408735122459959301
1408735123353264131
1408735141741088769
1408735158199541761
1408735164155543552
1408735164818206721
1408735167594700802
1408735174175727618
1408735188453003264
1408735196724224000
1408735204701884420
1408735210548703237
1408735213526519812
1408735233428520960
1408735235253190658
1408735237488603137
1408735239736811528
1408735239728467968
1408735262797090819
1408735263879221248
1408735265464664065
1408735268409155585
1408735273391771651
1408735274364923904
1408735301913227264
1408735302345232396
1408735303842603010
1408735316693815298
1408735318568747010
1408735334532227074
1408735338412003332
1408735340374937602
1408735342749011969
1408735348889468931
1408735356967477250
1408735362164400130
1408735362877435905
1408735365222047747
1408735378475868163
1408735395660144640
1408735412936273921
1408735418514776067
1408735426110803969
1408735435191427079
1408735435765936129
1408735439754760193
1408735448118272004
1408735452010516482
1408735469928595456
1408735471199522819
1408735471153332230
1408735477696327684
1408735481555083269
1408735483325210628
1408735484076044290
1408735537465282561
1408735546407632899
1408735553219174401
1408735596747579393
1408735610659950595
1408735626766295046
1408735638866776071
1408735653702082564
1408735656340340739
1408735673948020736
1408735676061921280
1408735677588647936
1408735693862547462
1408735698752921602
1408735708492275716
1408735724271288321
1408735725198188546
1408735743116075011
1408735751479566343
1408735760094748677
1408735762003136513
1408735784954302472
1408735792437071875
1408735796379725824
1408735796425904130
1408735823470735363
1408735826503110657
1408735827363049472
1408735828877185028
1408735839904059393
1408735842366070786
1408735844186443779
1408735846505779202
1408735854579826689
1408735865384411137
1408735866370019331
1408735870547632129
1408735888218247169
1408735894291484673
1408735908212391939
1408735909588123656
1408735915195830279
1408735919411236869
1408735920812068866
1408735923525672964
1408735954060316676
1408735958082670598
1408735967712792585
1408735968597667846
1408735975325450244
1408735999220408325
1408736001837527041
1408736030140817409
1408736032460361730
1408736045303226370
1408736055646248964
1408736059668811779
1408736061296189442
1408736065192669192
1408736086877163528
1408736090773770245
1408736101821554691
1408736106661781507
1408736130384683009
1408736139331112960
1408736140757192708
1408736147090538502
1408736150848745472
1408736160260804610
1408736172092837899
1408736182930923522
1408736196629499906
1408736197304848386
1408736220063092737
1408736223653515267
1408736225092063233
1408736229349224449
1408736246139076610
1408736246726152193
1408736248571772928
1408736249939120128
1408736250736132096
1408736255601479682
1408736264212393990
1408736269144895490
1408736273871867909
1408736293950009344
1408736302195830787
1408736315273797637
1408736318058795010
1408736319711244289
1408736328448098307
1408736336484438022
1408736337973370882
1408736345145712643
1408736346013896706
1408736350057209860
1408736354243166210
1408736356168253446
1408736365030690821
1408736384073011202
1408736404859928576
1408736430336131072
1408736434048192512
1408736456684806145
1408736456600809472
1408736460950360069
1408736462519123968
1408736462728798213
1408736463450148865
1408736469284397056
1408736472358866944
1408736473008918536
1408736473327800321
1408736477740154880
1408736495754788864
1408736499663790082
1408736522090815491
1408736534086422530
1408736571222892551
1408736572523044870
1408736575928868865
1408736587677065221
1408736592852918277
1408736600209637377
1408736621328015360
1408736624779927553
1408736639044800512
1408736654718869506
1408736657822695425
1408736662356639747
1408736685592961028
1408736689099472897
1408736690861080579
1408736697655955461
1408736701749424128
1408736707554459653
1408736712847675392
1408736714315739144
1408736726948925440
1408736732070227968
1408736733596852227
1408736772687806465
1408736782250700808
1408736787212603392
1408736790974894081
1408736791570563073
1408736797975269384
1408736798122123266
1408736800324177920
1408736802870079495
1408736807391428616
1408736811124510721
1408736811313025027
1408736818200252418
1408736828950261766
1408736831013736448
1408736838139977732
1408736851792441350
1408736858914230275
1408736892368179203
1408736916594298880
1408736924454424587
1408736926077698052
1408736933224792070
1408736940774526978
1408736941533765639
1408736941634326529
1408736943970607104
1408736946734747655
1408736963549667334
1408736975104978949
1408736982864433158
1408736991215177729
1408736998311952386
1408736998924427265
1408736999117365252
1408737000962801665
1408737018734014467
1408737019384274944
1408737040691236864
1408737040783450113
1408737049608396804
1408737065261428741
1408737067715072005
1408737092880928774
1408737099893850114
1408737101751930890
1408737102292869124
1408737102267879426
1408737103907680259
1408737108370628615
1408737115916050436
1408737122648051712
1408737130290024450
1408737142554218497
1408737157519446022
1408737162640510983
1408737169326456836
1408737170580455433
1408737193343004672
1408737195784028162
1408737204067766274
1408737211802075136
1408737215308603395
1408737216172421123
1408737221042135041
1408737231439859721
1408737244626698241
1408737245746630658
1408737249055940609
1408737262154698754
1408737265937956864
1408737277568851970
1408737278638370820
1408737278512402435
1408737287375147011
1408737293117050881
1408737295075885060
1408737297101508615
1408737297546330115
1408737298326376449
1408737298406154242
1408737321789399044
1408737328647057412
1408737331813572608
1408737337408958466
1408737338252042244
1408737348163182593
1408737351526928384
1408737365275860996
1408737383567269888
1408737392920600576
1408737398268203008
1408737414860795907
1408737418551902209
1408737428278448131
1408737428446265347
1408737436654456833
1408737451548491780
1408737479474176000
1408737493197869059
1408737502983245825
1408737504459726849
1408737526328741888
1408737531055771656
1408737532821622790
1408737537699553284
1408737543387033600
1408737543416389632
1408737549347180547
1408737553004515330
1408737558847266817
1408737565805617155
1408737571644059650
1408737576694001670
1408737578078048257
1408737580150145024
1408737583002271745
1408737588161175555
1408737612433661956
1408737614971162626
1408737637070999563
1408737649179906059
1408737664417898498
1408737671955075081
1408737676971360266
1408737719505747972
1408737731774124038
1408737734789840902
1408737762581352450
1408737791765192708
1408737796706156546
1408737811616997377
1408737813252608006
1408737822429921286
1408737825084878849
1408737841098678279
1408737842902224898
1408737847776055296
1408737851613851649
1408737854520442882
1408737869062197250
1408737871507324934
1408737873206169601
1408737894420914178
1408737901576429568
1408737908677296140
1408737929766318081
1408737946837073922
1408737977816203268
1408737978277580803
1408737979242319876
1408737994127912965
1408738028705783813
1408738029905186817
1408738042098094082
1408738044186746888
1408738045688528898
1408738048603394052
1408738080224382977
1408738082774519811
1408738084427010049
1408738088810168328
1408738096699559940
1408738103452385283
1408738110633123846
1408738119361433605
1408738137619189763
1408738137732534276
1408738140999847936
1408738144028143619
1408738146267799554
1408738150189395971
1408738164798328838
1408738169156210689
1408738185383919617
1408738188403916801
1408738195773210625
1408738197702529029
1408738211506143232
1408738220272201731
1408738220641161218
1408738223648559104
1408738225347305472
1408738228417536002
1408738233232539650
1408738246989959169
1408738287708213255
1408738299250987008
1408738301092274178
1408738320071413761
1408738337158926340
1408738342313811969
1408738359233507328
1408738360315715585
1408738379324329984
1408738381559914500
1408738384953159684
1408738386819665920
1408738395770085378
1408738396474908672
1408738405404585985
1408738421342887944
1408738424077623301
1408738427600838657
1408738428519391235
1408738437264519175
1408738444201889798
1408738449453051906
1408738451512565763
1408738453110460418
1408738457233543170
1408738459456622592
1408738463877373952
1408738475646586881
1408738489907228672
1408738491110920193
1408738505384153098
1408738505564594178
1408738521179987971
1408738522375278592
1408738526221512708
1408738533645459457
1408738558140166144
1408738569015894019
1408738570869805058
1408738575080902657
1408738585721856004
1408738587617730562
1408738595062489089
1408738603098771456
1408738618148102145
1408738628679999488
1408738639400509444
1408738639958454276
1408738642755981313
1408738643116625921
1408738644446285826
1408738680773263364
1408738690323652609
1408738715401396224
1408738719331504133
1408738723135725569
1408738723861340162
1408738727250305025
1408738730735804421
1408738731650072579
1408738746401320962
1408738752697151488
1408738753104035840
1408738775954567178
1408738783604920332
1408738801535664135
1408738807562784768
1408738811178274819
1408738817201250306
1408738818618970112
1408738826026110978
1408738828484026372
1408738828882481156
1408738831570976768
1408738832892133376
1408738838298701825
1408738850478825477
1408738851279933442
1408738854631350274
1408738855818235906
1408738895857172482
1408738900076482565
1408738906695102467
1408738912990867456
1408738920016363520
1408738922675412995
1408738933320658948
1408738943277879296
1408738954971594752
1408738968670068740
1408739000525881344
1408739022508367874
1408739049679036417
1408739049876164609
1408739072043061252
1408739076531003393
1408739117236723716
1408739119799414794
1408739121431035910
1408739122685034497
1408739127592357889
1408739128490004482
1408739136945758213
1408739140502495232
1408739144059195395
1408739149377593345
1408739151994884096
1408739161671036933
1408739171527643139
1408739172622372867
1408739180914507783
1408739185977032708
1408739188074233858
1408739199893770242
1408739209356140545
1408739209242873858
1408739222819835908
1408739230839312389
1408739237126574083
1408739244206657540
1408739264632868864
1408739265610145797
1408739290599899138
1408739300938760196
1408739342026166274
1408739343695495170
1408739351316504584
1408739364960604162
1408739374490083329
1408739385965563906
1408739390164189190
1408739390353031176
1408739434019831814
1408739436238680064
1408739436247064582
1408739437253591046
1408739439338131456
1408739447475159041
1408739451342409730
1408739453712093184
1408739458191659008
1408739459953221634
1408739468526460930
1408739474880745473
1408739485056213000
1408739487249752068
1408739501690736644
1408739519277436931
1408739523983466497
1408739545684746242
1408739550709616640
1408739554081882115
1408739560100708358
1408739566010441728
1408739595139883008
1408739600303075328
1408739609530429443
1408739612617551874
1408739618464440321
1408739619747864577
1408739624558772225
1408739636260708358
1408739650064224263
1408739651456749576
1408739651670654977
1408739652186611713
1408739663947481088
1408739669559365633
1408739680779124739
1408739694079324160
1408739697573175297
1408739707584974852
1408739710592299016
1408739711867404289
1408739732859854850
1408739734612975618
1408739737708474373
1408739739252015106
1408739748433338369
1408739750811471874
1408739752384335873
1408739757212016644
1408739762131943430
1408739780251336704
1408739786018328577
1408739795522625543
1408739800119664640
1408739802355228676
1408739808424337415
1408739822198480900
1408739824182337537
1408739835318345731
1408739845074087945
1408739846399664131
1408739853135716356
1408739856369455110
1408739862556119040
1408739866016428033
1408739870617620481
1408739886870499330
1408739899763744769
1408739907837825026
1408739911226769409
1408739912317296641
1408739917148999683
1408739917690142721
1408739920642969601
1408739921871917061
1408739924967247878
1408739932240240640
1408739934161162241
1408739937835315205
1408739940914061314
1408739947364954117
1408739958332956674
1408739958760763395
1408739959767502849
1408739964330852353
1408739965245308932
1408739966805590016
1408739980726476802
1408739980902608896
1408739985109422083
1408739985377808394
1408739985688252418
1408739992013316097
1408739995146342400
1408740002176004102
1408740010929524740
1408740019637047296
1408740022006779907
1408740038922354695
1408740055649243139
1408740059440893955
1408740060715884547
1408740067359612931
1408740077807808515
1408740081213575177
1408740092986986501
1408740095381983240
1408740103699238915
1408740110913388547
1408740119260143617
1408740189569048583
1408740203200716802
1408740204278697991
1408740221143842822
1408740225405407237
1408740230782459904
1408740233919803394
1408740235870183424
1408740245009481731
1408740248784445442
1408740248956411910
1408740250327846913
1408740251959316480
1408740252961890305
1408740264013881347
1408740275531493385
1408740282112303110
1408740282309525506
1408740282653421571
1408740290081525762
1408740291163693057
1408740292367425536
1408740293118246912
1408740294544211973
1408740316807630852
1408740318351081475
1408740321442381825
1408740325548433408
1408740332242669568
1408740335140970496
1408740336411762690
1408740341033975809
1408740358285111296
1408740364324937731
1408740364429766659
1408740392829337601
1408740397183029250
1408740398906945547
1408740399238160393
1408740405894598658
1408740411359870978
1408740442040987648
1408740455748030466
1408740456960233472
1408740482679816195
1408740501667434499
1408740504095924226
1408740508575404038
1408740516196323334
1408740551260782592
1408740557124423680
1408740562539368450
1408740564166717441
1408740566460928001
1408740568084123649
1408740572169396226
1408740573217964033
1408740580574871559
1408740602435493893
1408740603781738498
1408740606763958276
1408740617375686662
1408740623734149121
1408740642562273284
1408740668730576896
1408740682597027840
1408740693804163072
1408740705279877120
1408740711294377987
1408740728050786306
1408740731154481154
1408740752696414209
1408740756379078656
1408740767451926528
1408740773487681537
1408740774729207809
1408740776692047874
1408740798284374020
1408740814608646152
1408740815988531200
1408740830496628736
1408740838239264775
1408740852428574726
1408740855289106434
1408740864667512837
1408740873215545347
1408740875262480384
1408740909278183428
1408740926810464257
1408740934548955140
1408740939619835907
1408740950680256514
1408740952177614850
1408740954564034563
1408740956086616066
1408740972230373376
1408740983630614528
1408740986491228161
1408740990828089346
1408740998205870080
1408741005822734338
1408741007387086849
1408741012634226689
1408741013540294657
1408741016669204480
1408741025225625600
1408741035623256065
1408741046079705089
1408741048017379335
1408741070222073857
1408741077583118339
1408741110390968322
1408741112089649153
1408741123682537475
1408741124056010755
1408741126325084160
1408741127554056192
1408741153416126469
1408741159120289794
1408741174760947712
1408741183514365959
1408741183493447689
1408741185095622659
1408741191168970756
1408741202703364109
1408741215319822336
1408741219103121409
1408741224043925504
1408741230557679616
1408741243530665991
1408741244000374790
1408741260471513091
1408741276002963457
1408741290024517634
1408741293006675969
1408741295661600770
1408741299461799938
1408741305887432708
1408741307992969216
1408741325193809921
1408741331141332993
1408741337722130434
1408741339009798146
1408741363512979458
1408741363835805704
1408741390025216000
1408741394009710594
1408741401089748996
1408741402478104578
1408741457305944064
1408741457599643648
1408741474431389696
1408741485499932675
1408741510342791171
1408741520870625293
1408741525400526852
1408741525866139648
1408741530194432002
1408741537190666241
1408741542764896256
1408741551761657859
1408741565372125189
1408741569717583876
1408741576482959362
1408741584099680257
1408741592622632962
1408741593457233922
1408741599090257923
1408741599992025088
1408741627284369411
1408741645982515201
1408741658045423617
1408741662499692549
1408741663288086531
1408741663820947462
1408741663992729600
1408741664492077057
1408741673476186119
1408741678203256835
1408741682850545664
1408741703259807746
1408741714874060802
1408741720670490627
1408741720699846657
1408741732284571650
1408741751251210243
1408741756351533058
1408741758956195843
1408741759241359363
1408741759274913793
1408741764152836098
1408741765960503297
1408741769794129923
1408741774332420096
1408741775087386624
1408741777616490506
1408741782280720391
1408741782494527490
1408741797438832642
1408741797656924161
1408741800110604293
