1400874972785123336
1400874989037842434
1400874990036303881
1400874993525817345
1400874993886629893
1400874995262369799
1400874995585191941
1400874998760419328
1400875002233118720
1400875040191746048
1400875042016305158
1400875047166918658
1400875048890740742
1400875055337414656
1400875071158292492
1400875072420814858
1400875087885070339
1400875092234604551
1400875097309814786
1400875102628200451
1400875119589793793
1400875122982981633
1400875133871476736
1400875161709019137
1400875167270776840
1400875178708570113
1400875179610230784
1400875193342459906
1400875198505799681
1400875205258481668
1400875208962150400
1400875212699320322
1400875214196535300
1400875252318494727
1400875266247905281
1400875282194743317
1400875298841841668
1400875301861834761
1400875301781999616
1400875310778834946
1400875323495944192
1400875341946626048
1400875343079219206
1400875345356656640
1400875349924319238
1400875364814004226
1400875375077511172
1400875412482363399
1400875426571075585
1400875427602763780
1400875434242232320
1400875434573770757
1400875451694862336
1400875495689011204
1400875506602479623
1400875519244128262
1400875531260809225
1400875531529195522
1400875546804768769
1400875550642556930
1400875551150067713
1400875552551145474
1400875554220523530
1400875579239456772
1400875580581728260
1400875585937739783
1400875586415960072
1400875591101001729
1400875595207151626
1400875603960680449
1400875640849633280
1400875651578662918
1400875651620556800
1400875672239759363
1400875695539163138
1400875699569840133
1400875707798941698
1400875708218544134
1400875714782674946
1400875748961882113
1400875751872753668
1400875756251664392
1400875760085352449
1400875765814673418
1400875778116665355
1400875782059089932
1400875785318289408
1400875788115841029
1400875790456135685
1400875801566875654
1400875804293279745
1400875806381981699
1400875819568873478
1400875826493722625
1400875857393160195
1400875863193919495
1400875875457912834
1400875884324655112
1400875901936603143
1400875914137845760
1400875931032506372
1400875932857012227
1400875938645254148
1400875941623181312
1400875946325024773
1400875949390893064
1400875955153825796
1400875956596887552
1400875967694970887
1400875976918249474
1400875987097772035
1400875990579044365
1400875992130916357
1400875993053736961
1400876024544571392
1400876039409123330
1400876039820173314
1400876062486110209
1400876071554371585
1400876105628893193
1400876107419766788
1400876110179713027
1400876124603887616
1400876129456693249
1400876136142360584
1400876137480343554
1400876156451278855
1400876160586760195
1400876209572024323
1400876226852622337
1400876226869444615
1400876235086077954
1400876256523063297
1400876264911622149
1400876277091950595
1400876280745238535
1400876281235791873
1400876281995034624
1400876297149091844
1400876311225188353
1400876342057398273
1400876349317914626
1400876373267394567
1400876399032942600
1400876416225382400
1400876423594737665
1400876424106590209
1400876437771595778
1400876470977716226
1400876473062289408
1400876500237303811
1400876515450097671
1400876527684890624
1400876533619695616
1400876535557591040
1400876541530185728
1400876555237167111
1400876558445862912
1400876578737885186
1400876580579074051
1400876587537547264
1400876595200630787
1400876598555942913
1400876601106182147
1400876601575821312
1400876603345887232
1400876609301798915
1400876612988583941
1400876630411603969
1400876635772051459
1400876642487046145
1400876649067995139
1400876668236054535
1400876669569748994
1400876677568270340
1400876679040471041
1400876690147098624
1400876692592369670
1400876714662653952
1400876727300145156
1400876729351221253
1400876738192756745
1400876751551557636
1400876755263557634
1400876755099938823
1400876757159485451
1400876772556746752
1400876777560477703
1400876783793324042
1400876842790367233
1400876866240757767
1400876876210524162
1400876878798393353
1400876888315383812
1400876953062699009
1400876987384750087
1400876992757653508
1400876993164365827
1400876998390693890
1400877006959562755
1400877011128696840
1400877021757120512
1400877040308572167
1400877055852613639
1400877056058085379
1400877062525624324
1400877064677466118
1400877092057669632
1400877100865929218
1400877107694161922
1400877111418753031
1400877119194939394
1400877120784531459
1400877122630000640
1400877124731523076
1400877133707112452
1400877153521123336
1400877174522064898
1400877197804539905
1400877200258342915
1400877200564527105
1400877240821325826
1400877254901706754
1400877255669129219
1400877266654093313
1400877268155600901
1400877272366735360
1400877274048651265
1400877278222065666
1400877284496711683
1400877302968426497
1400877316453146625
1400877327916077056
1400877353128108034
1400877365241208835
1400877364591022080
1400877373273214976
1400877373969498114
1400877376670769154
1400877384631476230
1400877416629800961
1400877421369479168
1400877424884293633
1400877426511654913
1400877431679074309
1400877438268284938
1400877450012377092
1400877460204441605
1400877460774965250
1400877463350173705
1400877464977563650
1400877478080622598
1400877480441942022
1400877484086865922
1400877494035791875
1400877514759811075
1400877524972879881
1400877540521218054
1400877558762295300
1400877603314036737
1400877613128822787
1400877614131290118
1400877632493916160
1400877645756125187
1400877695978848262
1400877703247667215
1400877703381782529
1400877713997582343
1400877721912238080
1400877728677695493
1400877756594851843
1400877772218716163
1400877799133437952
1400877802417659907
1400877812257595398
1400877828493676545
1400877830498668544
1400877879173566465
1400877889768337409
1400877897167032324
1400877909116473347
1400877914451763208
1400877916406403077
1400877922030850050
1400877930037710849
1400877933258891264
1400877942230618116
1400877948211654660
1400877950023524355
1400877956474486784
1400877957757890560
1400877963038580738
1400877970248638477
1400877978846957568
1400877979769749516
1400877983410266112
1400877992121937920
1400877999025651712
1400878007686938626
1400878014204764166
1400878025038827528
1400878041765666816
1400878043888033795
1400878054554144770
1400878075777273863
1400878083943534592
1400878101450665987
1400878104634040322
1400878104969687041
1400878107679027202
1400878109990264833
1400878115942023177
1400878116956893186
1400878130257039362
1400878145650233349
1400878149840236544
1400878189270822913
1400878201044340737
1400878206346043400
1400878211551137792
1400878233428582405
1400878234531778565
1400878239111913475
1400878254953746437
1400878274130051075
1400878275686195200
1400878282887905285
1400878300495556613
1400878322909802497
1400878332934189062
1400878348788719623
1400878355071766530
1400878364282531845
1400878376349544454
1400878390190559232
1400878394515111941
1400878396943392770
1400878400848470016
1400878403419394054
1400878429445103616
1400878437863243777
1400878440484573186
1400878444167172104
1400878444364304385
1400878445299699722
1400878474886254595
1400878485569085441
1400878490111471617
1400878500542828550
1400878504443625476
1400878504871403520
1400878507794784260
1400878529869402123
1400878532964851720
1400878535384866817
1400878536966221824
1400878542871793671
1400878545501630464
1400878560529637378
1400878581304029184
1400878583371939843
1400878591185936393
1400878598987436037
1400878613034115073
1400878626439106562
1400878639261093892
1400878660563968005
1400878666620588033
1400878687449399296
1400878689580208134
1400878690494386176
1400878699747196928
1400878704851517441
1400878719338618889
1400878723205763073
1400878731829428228
1400878749726486528
1400878770970533888
1400878796618805249
1400878798896238595
1400878799772815362
1400878813723205637
1400878819066535946
1400878832752762886
1400878849550737408
1400878861458579459
1400878876751011842
1400878877485023239
1400878891481325569
1400878892299304969
1400878895998644227
1400878903032385539
1400878912838774792
1400878919910367240
1400878934363758597
1400878946317647872
1400878952139350017
1400878976969723909
1400878986113085441
1400878992517906433
1400878996514959360
1400878997567807488
1400879000638083073
1400879009504940034
1400879010893033474
1400879011081883651
1400879034922307590
1400879044267216902
1400879044384731144
1400879048855785472
1400879055402987522
1400879055734513666
1400879058603417600
1400879069319864320
1400879073719640064
1400879079226630146
1400879086709268483
1400879098776403970
1400879108943454215
1400879111480827912
1400879131915546625
1400879140971155464
1400879152417460230
1400879182070968325
1400879202522386434
1400879211116630020
1400879213473787906
1400879218167144450
1400879223183654915
1400879234869047307
1400879245115727874
1400879252405370880
1400879280775647233
1400879299788423174
1400879311981367303
1400879318599753728
1400879323674972173
1400879328297107456
1400879336161480708
1400879340120772609
1400879349507690503
1400879362656907264
1400879366834360322
1400879382089109509
1400879386111492099
1400879399495426048
1400879401621884928
1400879439098036236
1400879440704507905
1400879465190748161
1400879486615363587
1400879500007673857
1400879500951425024
1400879511340818434
1400879528721846274
1400879529418100736
1400879531842547722
1400879536405889026
1400879541883637764
1400879577816211456
1400879593536458754
1400879603519037446
1400879607511797760
1400879612951924736
1400879621462056966
1400879651937980417
1400879653842132994
1400879667700244484
1400879672632778758
1400879682367614976
1400879688109768725
1400879691712577539
1400879725543841792
1400879729717043200
1400879731348758532
1400879735257939970
1400879746330808332
1400879746733518854
1400879752559333385
1400879764232151040
1400879764626456581
1400879767742734343
1400879771664461831
1400879782103982080
1400879796746436611
1400879798809874436
1400879799485227008
1400879834490933250
1400879839746400257
1400879846864084995
1400879850567700483
1400879854195773453
1400879860080205825
1400879869181976577
1400879873258930177
1400879876454768640
1400879877579018242
1400879894247190539
1400879897480937486
1400879927910486020
1400879938077544451
1400879945086345220
1400879970138816515
1400879984382672898
1400879991089504261
1400879992226127885
1400880012270600193
1400880017291239428
1400880019082203143
1400880026975883266
1400880035834339334
1400880036245241856
1400880042947739649
1400880058466701317
1400880089043292176
1400880100623753226
1400880102393712653
1400880108810895361
1400880159385862144
1400880175475220482
1400880179451469829
1400880183331151874
1400880185679953922
1400880197755314177
1400880206940983305
1400880211374350337
1400880225471377411
1400880232970784770
1400880263358525448
1400880271654752258
1400880278256578560
1400880282006212610
1400880283398905863
1400880295583358977
1400880318090035207
1400880321751445504
1400880323563503617
1400880325757181958
1400880339850043399
1400880345927634954
1400880362067275779
1400880380023083010
1400880400600338441
1400880401736814594
1400880407667744768
1400880411606138883
1400880412558344198
1400880417436311557
1400880422628646913
1400880435169841152
1400880435677339649
1400880438848241665
1400880458305527823
1400880462512279555
1400880463053459461
1400880463586250753
1400880464366297090
1400880472335470603
1400880478731837441
1400880491327373315
1400880502022696960
1400880505126588422
1400880515083816962
1400880520129499143
1400880525817044993
1400880552257986563
1400880557505003527
1400880562038923264
1400880568166871041
1400880573363654658
1400880573569126403
1400880574374555649
1400880592921645059
1400880602660978691
1400880611565445124
1400880614551736329
1400880634386698243
1400880639600123907
1400880646562664451
1400880648580173838
1400880653814620162
1400880657497214982
1400880658151510026
1400880673892671490
1400880677579546624
1400880679357980676
1400880683644489731
1400880683795595264
1400880686974783504
1400880697775210499
1400880713902084106
1400880721590370304
1400880749025239044
1400880752452116484
1400880752863055872
1400880761549565953
1400880766846914560
1400880770877640710
1400880789542215682
1400880806483087364
1400880815697920002
1400880818264870921
1400880826393452546
1400880840314339329
1400880843065856002
1400880867409551366
1400880868709867531
1400880902629203970
1400880929028067328
1400880945616539651
1400880957469646850
1400880959738707970
1400880992085291011
1400881016680628225
1400881016684695552
1400881026289651715
1400881027296415746
1400881053389058054
1400881065372360705
1400881071227654146
1400881078504722432
1400881109639086085
1400881112075980807
1400881126823055375
1400881130874802181
1400881135534608387
1400881135819894784
1400881139733217281
1400881141909962755
1400881148092370950
1400881153784037379
1400881163502292997
1400881167444946950
1400881169793703943
1400881171660259333
1400881176307552260
1400881178492784643
1400881209102635009
1400881213171195908
1400881219022196737
1400881224458067972
1400881232825798659
1400881259308630027
1400881272751263749
1400881295018893312
1400881298235920385
1400881300228042755
1400881315671515139
1400881322088927242
1400881335422656518
1400881339147034624
1400881365927739392
1400881371711741954
1400881378804178945
1400881410890776589
1400881416372736000
1400881427583885312
1400881434861133825
1400881445107769344
1400881455648157702
1400881462392492032
1400881462342295560
1400881480331632647
1400881481245806592
1400881494369972228
1400881506369867781
1400881522387959808
1400881530751311874
1400881541669081093
1400881560723902473
1400881580109971460
1400881584992104453
1400881593279991808
1400881601764945923
1400881619368566788
1400881626784096256
1400881635659243525
1400881645125726209
1400881646199443457
1400881681754640386
1400881685567266829
1400881688612413440
1400881700729655298
1400881724326748160
1400881738444906505
1400881756971028482
1400881766504689665
1400881777581821954
1400881778127249408
1400881778500509696
1400881795730751493
1400881797379076097
1400881799987961857
1400881803334885376
1400881815498407943
1400881816517677061
1400881821320163330
1400881830673403911
1400881831055183873
1400881833022197761
1400881837120049154
1400881841746415620
1400881845441605632
1400881846787969027
1400881853490286593
1400881858825515008
1400881862252412932
1400881863573397505
1400881870095544322
1400881877356011521
1400881883873939462
1400881895639027713
1400881896326840321
1400881908347703299
1400881910314852352
1400881925661904907
1400881931827302400
1400881985397178375
1400881985753600001
1400881989188739076
1400882014899818496
1400882026736144389
1400882029479088134
1400882032205574145
1400882055261560834
1400882063633522693
1400882095593951236
1400882100220448770
1400882150329696260
1400882154385690624
1400882155392311299
1400882175076093955
1400882191748456466
1400882192214077443
1400882200090845185
1400882203672862720
1400882215605604352
1400882224803848196
1400882285826691076
1400882286019723283
1400882291631665160
1400882305300942848
1400882305695105024
1400882305774796800
1400882317564993543
1400882331137679361
1400882350586691584
1400882354470670342
1400882358505525252
1400882363840798726
1400882364067241988
1400882376952233984
1400882393376989189
1400882402382262275
1400882406131970054
1400882412549255168
1400882415929802755
1400882417565536258
1400882419524378629
1400882426088407042
1400882443914289157
1400882445411438593
1400882459856707585
1400882464189452290
1400882467528134657
1400882480392114181
1400882487711080448
1400882489648877569
1400882516203032577
1400882516630786048
1400882536696385540
1400882542300086272
1400882543105392642
1400882560113074177
1400882565003694085
1400882567822426117
1400882579390222336
1400882581382569984
1400882598889627657
1400882609358458882
1400882622658662406
1400882624403365892
1400882626626416640
1400882637129068545
1400882640765427713
1400882645299458048
1400882647228829699
1400882655063851011
1400882669303463936
1400882674651238403
1400882698051272712
1400882703172521986
1400882740959064072
1400882748965982212
1400882761372618758
1400882761972416516
1400882766024167426
1400882778124603394
1400882785900920832
1400882800912437251
1400882819505733632
1400882833430876169
1400882840284372996
1400882845300658179
1400882846114496514
1400882849222385666
1400882867568365568
1400882879442284546
1400882880553836545
1400882887352803328
1400882891224195074
1400882892792795136
1400882898400591878
1400882921485922307
1400882956441374720
1400882973558206466
1400882984572448771
1400882987307253764
1400883005778927623
1400883009201610757
1400883009327349765
1400883011814559745
1400883014498930692
1400883016248041484
1400883017090879488
1400883020848979968
1400883028855906312
1400883036535746560
1400883040897822723
1400883044207190022
1400883055905017856
1400883056454639618
1400883057167527937
1400883068437676040
1400883078550245376
1400883088482308101
1400883104039018496
1400883105234243585
1400883117288792067
1400883123739676682
1400883157839265796
1400883166378930178
1400883167842770945
1400883190001197058
1400883205994131472
1400883220535599106
1400883241435942917
1400883242178420742
1400883255201644552
1400883272712925191
1400883274004799491
1400883282867326977
1400883339872157697
1400883340748759041
1400883344578125827
1400883375146209290
1400883387846496263
1400883413968732165
1400883437704187905
1400883439075614722
1400883440652673024
1400883440665468937
1400883440745160704
1400883454234050560
1400883457656602629
1400883462870122506
1400883466842120192
1400883472751742977
1400883480012152839
1400883482247806980
1400883485091368970
1400883485527535618
1400883502707527681
1400883509724581893
1400883512597565440
1400883522534006786
1400883523700023313
1400883526682038274
1400883539038584839
1400883543257927681
1400883551562657798
1400883555018973192
1400883559372496897
1400883590293082115
1400883603874193412
1400883611402838016
1400883613470760962
1400883622106775554
1400883631669846020
1400883637864837121
1400883642763710471
1400883653069131777
1400883663710081026
1400883694446026754
1400883695993737216
1400883700791971841
1400883737802514433
1400883747692728327
1400883748619624449
1400883753342312452
1400883755968045063
1400883802428395520
1400883804835774466
1400883807138557954
1400883808950538246
1400883810124845056
1400883811987214343
1400883816663633922
1400883833772331009
1400883844891435010
1400883864411770884
1400883875086229507
1400883882031996929
1400883891511103492
1400883902072360969
1400883924738379784
1400883926315507722
1400883935769362433
1400883949770096645
1400883950784942082
1400883954648064004
1400884006036676613
1400884030955048962
1400884038882271235
1400884042292240384
1400884062642913280
1400884065998360578
1400884079311036422
1400884081827663872
1400884099036950532
1400884109778604035
1400884119698034693
1400884121577078792
1400884143060176896
1400884144767475717
1400884152182968326
1400884159971737611
1400884162492571648
1400884163448913944
1400884167370547204
1400884178862755840
1400884204557139971
1400884214963245057
1400884215172972548
1400884226564755456
1400884230784053249
1400884230754873348
1400884241412538377
1400884244730220550
1400884299298189314
1400884312128606209
1400884327093702659
1400884340846903297
1400884345787793414
1400884367845584896
1400884368080617475
1400884401479634945
1400884411718062080
1400884419213217795
1400884434195394561
1400884442416095234
1400884446719524864
1400884461613449216
1400884474087419906
1400884503854333955
1400884517221584897
1400884519994019841
1400884521537519618
1400884529909452802
1400884538168025090
1400884547886125061
1400884571701342209
1400884589606752257
1400884608007389189
1400884616848809985
1400884626370043908
1400884632065818631
1400884635911921664
1400884637182808069
1400884653406318592
1400884653804769281
1400884654023053312
1400884715100557316
1400884716262281217
1400884716987990021
1400884723308797959
1400884725791744000
1400884734939574277
1400884737900793856
1400884747086217229
1400884763779600394
1400884770716934146
1400884779403280387
1400884784990195717
1400884787280285700
1400884801113149446
1400884811670171649
1400884820692148226
1400884833887215620
1400884845744734215
1400884856104669187
1400884865755660292
1400884868435910663
1400884875746480135
1400884886685224967
1400884898467024897
1400884916187959296
1400884924182376452
1400884928858963972
1400884932793159680
1400884935016263689
1400884936337412101
1400884946097561606
1400884968750866432
1400884991278522370
1400885017610493954
1400885019850248205
1400885029862096902
1400885031623528450
1400885039152472070
1400885039999586309
1400885040377122821
1400885048950157315
1400885052276412420
1400885067396878343
1400885076016123909
1400885085793042433
1400885091048595456
1400885098912878598
1400885102314414082
1400885118366060546
1400885127421464576
1400885129543786503
1400885129799733251
1400885171021246464
1400885191183319042
1400885259428896775
1400885267578245122
1400885297991229442
1400885300461674499
1400885303372517380
1400885329025024003
1400885334775189509
1400885345286242306
1400885388638621698
1400885401427099657
1400885403062706176
1400885432607547394
1400885441272979467
1400885447304388614
1400885456800305153
1400885465306132480
1400885469991215107
1400885479315230724
1400885508507508738
1400885508415180800
1400885510218919936
1400885520633319431
1400885521245782025
1400885557857767424
1400885610399907848
1400885629362196480
1400885635368488965
1400885652707811331
1400885666901159937
1400885668289470464
1400885694000549891
1400885697163186176
1400885705237319682
1400885737353056259
1400885741626957824
1400885791954456577
1400885803270684677
1400885810220744711
1400885858107076609
1400885863068876800
1400885876905893888
1400885877941882888
1400885900838588416
1400885947143757830
1400885949907804166
1400885959118446592
1400885985609584641
1400885991049682948
1400885998960222213
1400886031692537859
1400886033126920199
1400886053028995077
1400886056384409604
1400886077402009612
1400886082825342980
1400886086205857793
1400886090832044033
1400886097429794826
1400886103968780292
1400886106078470145
1400886112483262466
1400886115050082305
1400886115104608259
1400886122444558337
1400886149112029191
1400886153600028675
1400886183442407424
1400886186441330689
1400886190354665473
1400886194007855107
1400886196339937280
1400886212316086276
1400886221115699204
1400886221497245698
1400886229676265473
1400886239230889986
1400886241961426948
1400886257589178371
1400886275037618181
1400886275910082560
1400886285200465925
1400886317739769859
1400886326224769024
1400886326363316226
1400886361243062274
1400886379614244864
1400886383548375041
1400886385767112705
1400886389093371907
1400886407468572675
1400886435994128389
1400886436795060229
1400886442663030786
1400886452779732996
1400886467669413892
1400886486954807306
1400886492755595265
1400886502876397576
1400886506299052040
1400886516864405509
1400886516948238337
1400886526796500994
1400886528667275268
1400886532760870920
1400886545314316288
1400886583184691202
1400886597814530051
1400886630295117825
1400886674717122564
1400886676503896066
1400886679934746626
1400886706056933380
1400886715456229377
1400886732665413633
1400886748419301379
1400886768086433795
1400886782854451200
1400886799489241088
1400886803486367746
1400886815020695554
1400886824726315013
1400886836399153162
1400886878082113536
1400886882016260103
1400886887808634888
1400886925569974277
1400886938106802176
1400886940057153552
1400886943932637186
1400886973221462018
1400886984873291778
1400886998039109633
1400887000714989571
1400887018175930368
1400887047766757376
1400887065739370496
1400887074941702150
1400887081967181836
1400887096592801792
1400887106189160448
1400887173482651649
1400887181305073670
1400887188301156354
1400887190910083075
1400887200628289546
1400887225106239489
1400887241761824771
1400887263567912960
1400887272380190720
1400887273411993606
1400887275114872832
1400887321248124935
1400887326075588611
1400887342580355085
1400887353900630016
1400887362574438400
1400887366319951877
1400887372359909381
1400887379376836609
1400887387639664640
1400887390093250563
1400887403200487426
1400887407264768000
1400887409185898501
1400887410997800962
1400887418597769216
1400887433261060096
1400887456342347780
1400887458846347266
1400887476210765836
1400887484582711296
1400887488365809664
1400887488672002050
1400887501594664963
1400887508339146752
1400887516593463298
1400887535375589376
1400887546305867777
1400887552043720706
1400887566455476226
1400887585514340354
1400887589872148486
1400887598109843456
1400887600555204614
1400887601394036736
1400887626480205831
1400887634789027842
1400887635397251074
1400887661645254658
1400887663633256451
1400887673322156038
1400887683552104448
1400887691118473216
1400887695296155652
1400887703206514689
1400887705022599169
1400887710160728071
1400887717626474498
1400887745262755846
1400887766221836290
1400887766741925890
1400887779723206656
1400887784966033410
1400887785960226817
1400887791081463810
1400887796705988610
1400887798530412544
1400887811432226820
1400887818755338241
1400887826611322895
1400887848035704834
1400887858530033674
1400887860123815936
1400887876473147393
1400887881686790150
1400887891161587714
1400887893208485897
1400887904906493960
1400887911361417224
1400887930571350023
1400887939425619973
1400887946035802120
1400887951836344322
1400887967472930816
1400887974833922051
1400887998170816512
1400888001962598401
1400888009176739841
1400888016516882433
1400888058434760713
1400888088319070209
1400888091494207491
1400888104509227008
1400888108502159361
1400888116886577158
1400888125900140548
1400888160180215813
1400888167671242753
1400888184880254976
1400888194917306374
1400888207844253703
1400888208460816387
1400888227880325123
1400888249745248258
1400888260898004993
1400888284625080322
1400888289956188164
1400888311523123202
1400888326773747713
1400888333971116032
1400888341332168710
1400888344742072324
1400888347988578306
1400888368792326152
1400888369442443265
1400888372730683392
1400888374471364616
1400888386123149315
1400888391185715210
1400888393316376578
1400888424777797632
1400888426602254336
1400888433044705283
1400888433422344192
1400888436077252608
1400888451663155205
1400888454116954120
1400888454767157250
1400888473867866113
1400888507460165632
1400888547557527553
1400888556688707594
1400888573969063940
1400888594512896006
1400888624930037767
1400888628725878789
1400888629262635009
1400888661374390279
1400888671738400770
1400888673445597187
1400888684988145672
1400888688649908227
1400888693389398016
1400888696795136001
1400888697264934913
1400888731331006464
1400888731637321731
1400888744157274115
1400888776134701059
1400888784477212688
1400888784967770114
1400888785240576013
1400888789589954562
1400888790319828997
1400888796489596931
1400888806191022088
1400888806300131334
1400888818862022660
1400888831193325569
1400888831382020098
1400888861417521155
1400888887048916992
1400888892761518085
1400888918820622336
1400888931416117249
1400888935744786432
1400888937925726210
1400888972239380481
1400888981118664708
1400888997950464009
1400889000945143811
1400889008868102145
1400889025922281473
1400889032612225029
1400889034013134848
1400889074421018627
1400889080938852358
1400889081920294916
1400889097841958917
1400889098538307589
1400889103198027780
1400889103416057857
1400889105462951937
1400889114354847744
1400889124362588166
1400889142414819332
1400889154309963777
1400889154997690370
1400889160521502722
1400889162904051716
1400889164824973317
1400889177592537090
1400889193535086593
1400889197502795781
1400889199058821120
1400889206168342533
1400889227273986052
1400889244072222720
1400889263336603650
1400889272606113797
1400889277706350595
1400889293216698370
1400889294760386567
1400889330269397002
1400889384568774657
1400889388079460352
1400889389538889729
1400889392017801216
1400889407008231424
1400889418186215434
1400889423890374656
1400889431985381380
1400889448129347587
1400889471915237377
1400889474830286853
1400889486318477317
1400889487425605633
1400889492643348482
1400889524490838016
1400889526461992960
1400889527682703367
1400889528789848064
1400889545692954626
1400889572502896642
1400889584049745921
1400889589817094150
1400889629067431937
1400889635329351683
1400889637774581761
1400889638332600320
1400889640631078914
1400889641906044928
1400889669647282179
1400889675984904195
1400889690216177667
1400889691998588930
1400889694125117443
1400889719068631040
1400889726450778113
1400889729042849795
1400889741378154499
1400889741860556802
1400889746126041090
1400889746398662656
1400889768951623683
1400889785519050752
1400889804414455809
1400889829852958725
1400889851789168648
1400889854725017600
1400889858592325638
1400889859829506048
1400889864162144256
1400889869010759688
1400889893161734149
1400889900375871488
1400889906906419202
1400889916297334788
1400889918050779147
1400889922941341703
1400889923306090504
1400889933431152640
1400889941815660545
1400889958118739968
1400889964758552576
1400889967459586048
1400889969028124675
1400889981871091713
1400889982403940361
1400889982349299712
1400889995297103875
1400889996429627394
1400889999256604676
1400890014800695304
1400890016369422339
1400890024191827974
1400890029363404800
1400890035201724417
1400890037592465415
1400890045209485312
