1409632681147568144
1409632695294914574
1409632698772062211
1409632698440642562
1409632699468238858
1409632702718959621
1409632710880940038
1409632714286768132
1409632721530351622
1409632726617976836
1409632727293251594
1409632733391769600
1409632764001849346
1409632774839930881
1409632776819671045
1409632780825202698
1409632796419649536
1409632805533863946
1409632808943833094
1409632812903239692
1409632824915750914
1409632830028615687
1409632830687047684
1409632838962405379
1409632838291386376
1409632839839019011
1409632866040881159
1409632870943977484
1409632880448311301
1409632889495453698
1409632895593967616
1409632904829833216
1409632905295372297
1409632912786350084
1409632913876873217
1409632916590587906
1409632921296674819
1409632924362698768
1409632929970475014
1409632931803320320
1409632947351687169
1409632955111145474
1409632960391774213
1409632971452141569
1409632976112021514
1409632991991668746
1409633001567244291
1409633014586351621
1409633022463287301
1409633037118181379
1409633037495672832
1409633040343519234
1409633042553970692
1409633044470718467
1409633057938702338
1409633059872206855
1409633063185784836
1409633067132624898
1409633070781657093
1409633074778755076
1409633077618352129
1409633081682665472
1409633088032759811
1409633102134087690
1409633103757205508
1409633115300007939
1409633115367100420
1409633116566659074
1409633120089899015
1409633136527302656
1409633137538134018
1409633139127771137
1409633139740139521
1409633145498988548
1409633154273484802
1409633162276184070
1409633176956203014
1409633185504260102
1409633186359828480
1409633187425259522
1409633190143164419
1409633193938935813
1409633203019653120
1409633205360087045
1409633208900063241
1409633209650843650
1409633209697013765
1409633218819551240
1409633226994241536
1409633228198080514
1409633231217987585
1409633233864577028
1409633255440060416
1409633256501178382
1409633258027970566
1409633260229959689
1409633260779364362
1409633276407386113
1409633276281585670
1409633277766344706
1409633287153152008
1409633293981536256
1409633321152172032
1409633324822192130
1409633326214770695
1409633330790731784
1409633331151446026
1409633334209044480
1409633337849774086
1409633339925876745
1409633340114669572
1409633345479217157
1409633358896721922
1409633364001247235
1409633364068294661
1409633366291353601
1409633366140354560
1409633368153616384
1409633372972863491
1409633373530693641
1409633390463045632
1409633394938449920
1409633401821224963
1409633403746414592
1409633423300259844
1409633427008024578
1409633428325093378
1409633436025835525
1409633436562690056
1409633443386859521
1409633443516862476
1409633452660428807
1409633457584541705
1409633459992109059
1409633473602592770
1409633486579724291
1409633487447986181
1409633498130833408
1409633501142388736
1409633502719479816
1409633504170627073
1409633505101811716
1409633506435559427
1409633515067506695
1409633544721244163
1409633546226991111
1409633565063618565
1409633572948824066
1409633582377627652
1409633586441973767
1409633587289153547
1409633597942763525
1409633601671426054
1409633609028276224
1409633621569273865
1409633621476970498
1409633626493308933
1409633629974585349
1409633642205253637
1409633653601095680
1409633663420043267
1409633671066185730
1409633672290992134
1409633678909575171
1409633679257706502
1409633686337646594
1409633688405430273
1409633688665559048
1409633699809792006
1409633703043600393
1409633712547852292
1409633721578258447
1409633728620470272
1409633731317354501
1409633732164657160
1409633733146157056
1409633739559235588
1409633741492822021
1409633744097480707
1409633749222891525
1409633757196259333
1409633782798290949
1409633788678709251
1409633799093178376
1409633803249750017
1409633805795659776
1409633805971824651
1409633812447830020
1409633820798709765
1409633827912179712
1409633830743334918
1409633833280962561
1409633837114544129
1409633841346605062
1409633842189651975
1409633844932669450
1409633857830211589
1409633865241567235
1409633867485511681
1409633877065228288
1409633878378123266
1409633893687324674
1409633899504816129
1409633901639651335
1409633921235521541
1409633924309913603
1409633928613302279
1409633929535967232
1409633930274242561
1409633934464339973
1409633934518804488
1409633935173120006
1409633946921361408
1409633956329181185
1409633968975060998
1409633972179529734
1409633981885124614
1409633996586115080
1409633998750380033
1409634006413365251
1409634009160699910
1409634010557415429
1409634014122549251
1409634018102890499
1409634023215755265
1409634029771522049
1409634039959490564
1409634042157297668
1409634042593480706
1409634047366557702
1409634059743989760
1409634063648903170
1409634066022866946
1409634072037453835
1409634077427212288
1409634086470045696
1409634100290330629
1409634124357197828
1409634138030624770
1409634138961768449
1409634140471717891
1409634146540916744
1409634147501445121
1409634148013133831
1409634149212643330
1409634150961664010
1409634155298648064
1409634163976654852
1409634175167070209
1409634201482121226
1409634205475082246
1409634215688163329
1409634218905202691
1409634235867041797
1409634246273081344
1409634258134573061
1409634277143113736
1409634278057512960
1409634286802591744
1409634287746310147
1409634288258097152
1409634292427157506
1409634302627696644
1409634303105896456
1409634308684337161
1409634316145991680
1409634323909672968
1409634332851929094
1409634334051475456
1409634338661027844
1409634339990630408
1409634351663357953
1409634358105763848
1409634367094149127
1409634375340204033
1409634384127221761
1409634385565913098
1409634387507900418
1409634388015423492
1409634399457452035
1409634401953091590
1409634420907077633
1409634421456601091
1409634439689248768
1409634446341328903
1409634449134784514
1409634459511492620
1409634459662446592
1409634467740667904
1409634473910542340
1409634480474624003
1409634499579715588
1409634502205345792
1409634517782958082
1409634523738902536
1409634525047447558
1409634528943951877
1409634545146601478
1409634547902291980
1409634549684834316
1409634558786506753
1409634559763701765
1409634562586529794
1409634570870263812
1409634573063839744
1409634574095716355
1409634578306723843
1409634583205748736
1409634587328663562
1409634590738706434
1409634594542870529
1409634602965102601
1409634618534334465
1409634619658436609
1409634624494395398
1409634626016976900
1409634638306283520
1409634639161880576
1409634646929772545
1409634650041896963
1409634651983925248
1409634653753942017
1409634655825895427
1409634656081743878
1409634658984153090
1409634660699688965
1409634664495476736
1409634665208500232
1409634668970799106
1409634684963749892
1409634685576118283
1409634694556127232
1409634703754240007
1409634708435083265
1409634711819800577
1409634711828189187
1409634716240670728
1409634724914470912
1409634734133571589
1409634735362502665
1409634751988654087
1409634756011036675
1409634757378416646
1409634759609765895
1409634776210837506
1409634787661287428
1409634795202650112
1409634796129558534
1409634801099837446
1409634807630340105
1409634810847399938
1409634817981878277
1409634826219520002
1409634834993926153
1409634838533926912
1409634839314063367
1409634839754514439
1409634857223741443
1409634878555967495
1409634878463746051
1409634881282338821
1409634885434634248
1409634894347603972
1409634911187656709
1409634912177557507
1409634912995475457
1409634918037000193
1409634929378435073
1409634930527666177
1409634938396106754
1409634952660938756
1409634961624223746
1409634963863924736
1409634964472172549
1409634981870141440
1409634984692916228
1409634989994504192
1409635001566593029
1409635004917817348
1409635007442800647
1409635009753882629
1409635015135162371
1409635036861657094
1409635040959483909
1409635047234162694
1409635056604225539
1409635072915886080
1409635076577513476
1409635077819035652
1409635079266062337
1409635084886429696
1409635086232743938
1409635091077242881
1409635095179235331
1409635108294823936
1409635107393085443
1409635116540862467
1409635127165014023
1409635135423541251
1409635142767833098
1409635152817393670
1409635157649149956
1409635166046195716
1409635168151695361
1409635179283435524
1409635179845459969
1409635185772044290
1409635206936424449
1409635211537575938
1409635214075174920
1409635220622438402
1409635222019186691
1409635221532680192
1409635224086925317
1409635232651747333
1409635249084985354
1409635252599869449
1409635257238769666
1409635263521824773
1409635268064256007
1409635284245909504
1409635283864154122
1409635289639776263
1409635291116097547
1409635295654412298
1409635303099228160
1409635304516964355
1409635313861861383
1409635316223201284
1409635327115812866
1409635334346838021
1409635339958841350
1409635348280315913
1409635356152983553
1409635357482569735
1409635359789441025
1409635364839460870
1409635371588096000
1409635386364620805
1409635396426768384
1409635402231648260
1409635421827465220
1409635427166789634
1409635427389087749
1409635449430110216
1409635451070156806
1409635452223512577
1409635454039691271
1409635454748532744
1409635457177067521
1409635469420204045
1409635473245437958
1409635477993320450
1409635487808057348
1409635493109592065
1409635507483467781
1409635510964789258
1409635523820351495
1409635529440653314
1409635532758388740
1409635532963946506
1409635541079891968
1409635546763206657
1409635548298240004
1409635549749530624
1409635550546432009
1409635559098646531
1409635563594862604
1409635568418361363
1409635571723497473
1409635576018456578
1409635576953774081
1409635600693547014
1409635600773226504
1409635601993789446
1409635605714145287
1409635609614839809
1409635618309636097
1409635622696886275
1409635625326694402
1409635625637072904
1409635639696388099
1409635644058398723
1409635646063333378
1409635649158672387
1409635657593409537
1409635668251140097
1409635668557398018
1409635675515670531
1409635680678866945
1409635703701393408
1409635743937351681
1409635748349841413
1409635753399787520
1409635757820571662
1409635769065504770
1409635774002130947
1409635783191924747
1409635798241054732
1409635805178437638
1409635814850535427
1409635824744894472
1409635839815032834
1409635840351821831
1409635844126765061
1409635865677090821
1409635875525316608
1409635888913555456
1409635888544374792
1409635894798159872
1409635912011550726
1409635933402451975
1409635936271360007
1409635940079783938
1409635944743899136
1409635953568718851
1409635954290135049
1409635963068850180
1409635965946138624
1409635966554279942
1409635968588550144
1409635973806247936
1409635977375535111
1409635981855100932
1409635985831337984
1409635987026677763
1409635995633344516
1409636000695947266
1409636000930824196
1409636003476697094
1409636011580133397
1409636020220432389
1409636032765599749
1409636032878809093
1409636040382418958
1409636040525029378
1409636044597645312
1409636051577020423
1409636051333763077
1409636052503982083
1409636055171567617
1409636064386445315
1409636065200074752
1409636075681718274
1409636078223388672
1409636078546415626
1409636083365605378
1409636087685730304
1409636092765097984
1409636098679009280
1409636099094302726
1409636120736931843
1409636122292981768
1409636122964107267
1409636123568009218
1409636135920230404
1409636137363066887
1409636139514744833
1409636145730752513
1409636150914863105
1409636169759936516
1409636170930163724
1409636171924213761
1409636179134205960
1409636182850293760
1409636183815069696
1409636189338935296
1409636192748900356
1409636194468601857
1409636194523090950
1409636198574817284
1409636199329767432
1409636202278383617
1409636203159195652
1409636210910253059
1409636212822794243
1409636215419150336
1409636218304831491
1409636226945093638
1409636242753429512
1409636248415739904
1409636254342205447
1409636254157709318
1409636259035705351
1409636276437803014
1409636278463700995
1409636290241306628
1409636297321242637
1409636301586923527
1409636304510349321
1409636307895152643
1409636312886374401
1409636317772713992
1409636325850898433
1409636335732740100
1409636336965849093
1409636339050434565
1409636340921036803
1409636347682295811
1409636350609944578
1409636364233035785
1409636367324225541
1409636377868734466
1409636379445792771
1409636384843829249
1409636404334714880
1409636416062038017
1409636420348645386
1409636429613846539
1409636431815843851
1409636436576411649
1409636439059402757
1409636444851752965
1409636447393439752
1409636447976497152
1409636450820247560
1409636453177462798
1409636465089257474
1409636468058849284
1409636469958840326
1409636485616205829
1409636500795387909
1409636510530297858
1409636510639419404
1409636517002186757
1409636518168170499
1409636532118376452
1409636533817073664
1409636535914270723
1409636539517128711
1409636539609411586
1409636540074979328
1409636551340875786
1409636554255998979
1409636556571250697
1409636557212897285
1409636559851196423
1409636567698739203
1409636571263815680
1409636573717536768
1409636577777635332
1409636584735985667
1409636589332885504
1409636590746411011
1409636591883063303
1409636601236389891
1409636609322983427
1409636610312835079
1409636614419062787
1409636624254730243
1409636625995337741
1409636627547254790
1409636627983441927
1409636636233637891
1409636639765262339
1409636644706078731
1409636645662445576
1409636649198260238
1409636651131838470
1409636659495247877
1409636659767902209
1409636660220887053
1409636661466566657
1409636664868102150
1409636666042552327
1409636678680006657
1409636679296569347
1409636689471885314
1409636689773948932
1409636702642008066
1409636703178952704
1409636713287208962
1409636722598551556
1409636729070313475
1409636731477921794
1409636738167808006
1409636747936362502
1409636755297370117
1409636763748896770
1409636764667445255
1409636778097602563
1409636780169564165
1409636785311731716
1409636792270147584
1409636793763254275
1409636795403304968
1409636796879671308
1409636799790555137
1409636807830953987
1409636821437280258
1409636825358950402
1409636827917479936
1409636833424646147
1409636835630850049
1409636838126460935
1409636840072617989
1409636840684941315
1409636854714880006
1409636861962641409
1409636866526089228
1409636868484845575
1409636885132046340
1409636893042495488
1409636893449355264
1409636898188840962
1409636910205526021
1409636911195426839
1409636915599400967
1409636929855909889
1409636931206467586
1409636932594765830
1409636933110697984
1409636937493729286
1409636937426558978
1409636937619492865
1409636939217588224
1409636940069019653
1409636946633101327
1409636946654097409
1409636947010547722
1409636949502042112
1409636951230062595
1409636967520759808
1409636969433292800
1409636972432302084
1409636974437175296
1409636975317983236
1409636976307761155
1409636977754787840
1409636988307722241
1409636988710391810
1409636989180076038
1409636992187441154
1409637007047880709
1409637009094692866
1409637026412957705
1409637033425793027
1409637038194782212
1409637045383827464
1409637047808135173
1409637056020566021
1409637058428108804
1409637064627286016
1409637068146282496
1409637070864224259
1409637072621555714
1409637073678606338
1409637074018263041
1409637078690721797
1409637080561459204
1409637090824888323
1409637094679482371
1409637098626289667
1409637101663002626
1409637108843614208
1409637110663958529
1409637115189596160
1409637116523343873
1409637119350349829
1409637119123808266
1409637119681695753
1409637123494268934
1409637129227948035
1409637130708471808
1409637139176824834
1409637143245312002
1409637150857990144
1409637151243866114
1409637152535703558
1409637154494447619
1409637167337381888
1409637167408717824
1409637168344010756
1409637169413558276
1409637184555028480
1409637191970484227
1409637192352243715
1409637197553094664
1409637202099724292
1409637208718413824
1409637209213337601
1409637211906080769
1409637216968613894
1409637219011227651
1409637227773140998
1409637227873718284
1409637229090152451
1409637230600065032
1409637235004039168
1409637237034164225
1409637240020500485
1409637256910934016
1409637257015828482
1409637257686904840
1409637262967508993
1409637264448122885
1409637267363172359
1409637269183426565
1409637282173243393
1409637284001902603
1409637285625090049
1409637289303502849
1409637294525452304
1409637298854002693
1409637304721821697
1409637306714124289
1409637308400209923
1409637309360705536
1409637310526722051
1409637314574254084
1409637318277799937
1409637319569666054
1409637328990072839
1409637329132679171
1409637331879927812
1409637331783479302
1409637343170940931
1409637353275019268
1409637354319474693
1409637356747984902
1409637365220478985
1409637366310924289
1409637367711817731
1409637377761419265
1409637381288783876
1409637383989911552
1409637387047641097
1409637409797509131
1409637419125645315
1409637420400734215
1409637421617082369
1409637422552338433
1409637424116899844
1409637427606523904
1409637447827263495
1409637448284397569
1409637455045689349
1409637456656297984
1409637459487432709
1409637466278006787
1409637466806489092
1409637469172035589
1409637471155998730
1409637473949343746
1409637480265969665
1409637483441127425
1409637494576975878
1409637494799224837
1409637497542373383
1409637503657594892
1409637507642236934
1409637509605122054
1409637510775332866
1409637512025280521
1409637519088492548
1409637522473324544
1409637523307917312
1409637527263223813
1409637531012898819
1409637545533612034
1409637552106074113
1409637555587338241
1409637559932571648
1409637561715204097
1409637569952763906
1409637570305150977
1409637576181358601
1409637578706362371
1409637581533310977
1409637581764005890
1409637584276385794
1409637584863596548
1409637595508723722
1409637599841452032
1409637612168433675
1409637619177197572
1409637619835670545
1409637629709021190
1409637635967000577
1409637644082900995
1409637645995581444
1409637655860547588
1409637668481212418
1409637668611248136
1409637670632837125
1409637671891136514
1409637672037994496
1409637673111756807
1409637692137115656
1409637694427201539
1409637694691438601
1409637695769378825
1409637700559273987
1409637709191147524
1409637710097047555
1409637714199121924
1409637715524526085
1409637740111536129
1409637740774248450
1409637744142213134
1409637761963872261
1409637765000556560
1409637768481804301
1409637771786915841
1409637779764482048
1409637783195381763
1409637788341837828
1409637788723519493
1409637794813648897
1409637800211730432
1409637805832097794
1409637811427299328
1409637811716694021
1409637814833016839
1409637826245718017
1409637828422602760
1409637829785784321
1409637830175850500
1409637835217379331
1409637848664272903
1409637848714645513
1409637849402511376
1409637869145055233
1409637870445371400
1409637884072587269
1409637884190019584
1409637887490990083
1409637889495822344
1409637913969577985
1409637917308297222
1409637918163886083
1409637918340091910
1409637922001678341
1409637924430237699
1409637929023000582
1409637934110629892
1409637938619502597
1409637942578925570
1409637943723974662
1409637944407724035
1409637949730263046
1409637950699171840
1409637953593253896
1409637954771845124
1409637957607198720
1409637959041634304
1409637959612002307
1409637959792402436
1409637961780453380
1409637969401585671
1409637972757008385
1409637981682475013
1409637983553159171
1409637990721155077
1409637992331763715
1409637994911264774
1409637994466660357
1409637995578150918
1409637999952863235
1409638003354476544
1409638003731943425
1409638015350185991
1409638016507731969
1409638019838078978
1409638023466131456
1409638040792829956
1409638041992392716
1409638045171683330
1409638045410725899
1409638045557551105
1409638048107679752
1409638059637755905
1409638060325699585
1409638062192136198
1409638062599008263
1409638063412637699
1409638064045973506
1409638066629746693
1409638073042825219
1409638084677799941
1409638088486252546
1409638090847637505
1409638091246104576
1409638102411321350
1409638102839152643
1409638103245983748
1409638107129933829
1409638109025734664
1409638115308834820
1409638129854599173
1409638131138105345
1409638133285548033
1409638137861525510
1409638157599920130
1409638162394075136
1409638164612861962
1409638176642134018
1409638179263578113
1409638182824472578
1409638188285497344
1409638188809801733
1409638192945324035
1409638193280950274
1409638199282962435
1409638202382581765
1409638209722544129
1409638213589770240
1409638213472251908
1409638219109437460
1409638229351956481
1409638234599006213
1409638248209547267
1409638254660395009
1409638255704776711
1409638259928440836
1409638260725272576
1409638270347059203
1409638276118417410
1409638278312038404
1409638285752770564
1409638286033752067
1409638292669173762
1409638298268569611
1409638300613189639
1409638310973120519
1409638311547654147
1409638311652585480
1409638317319081986
1409638317704892418
1409638322872356865
1409638323988045825
1409638326571724801
1409638329566388227
1409638329885224963
1409638331554570243
1409638331646812162
1409638335954382849
1409638337069998083
1409638348159799303
1409638354547736576
1409638369387180037
1409638371010379777
1409638373300465674
1409638380153958401
1409638382418894852
1409638387720482824
1409638392233533440
1409638392963338247
1409638401138061317
1409638408582930435
1409638411246268416
1409638412731047937
1409638415839109122
1409638416103337986
1409638425351786504
1409638431471243264
1409638437196484620
1409638437410410496
1409638449921945606
1409638453998850053
1409638454099537929
1409638457257824269
1409638460265140227
1409638462442012676
1409638466074251272
1409638469232586753
1409638479122685957
1409638481953910786
1409638489906302978
1409638493144317957
1409638493630857218
1409638495207911428
1409638495883206657
1409638504632492033
1409638508302454787
1409638519484534798
1409638524513492992
1409638526342221829
1409638527483006987
1409638533099184131
1409638533451550720
1409638537868189699
1409638545631842304
1409638550744625162
1409638550878842881
1409638552409808898
1409638573108649988
1409638584768860161
1409638586434035717
1409638590502424582
1409638591714627592
1409638594088620035
1409638601223143428
1409638602179375110
1409638605396447240
1409638607657177092
1409638617195048966
1409638620709851142
1409638621276041218
1409638621838135298
1409638621901049861
1409638629161377796
1409638631409537031
1409638633938718720
1409638644718084102
1409638646047657986
1409638653333147653
1409638657334517761
1409638671012093952
1409638673969147906
1409638675168722950
1409638677605601281
1409638679706890244
1409638696274432000
1409638697205592071
1409638700980391939
1409638707213213696
1409638707234152448
1409638725231943685
1409638728541241347
1409638730294390785
1409638738066477057
1409638744156635143
1409638747067404288
1409638750188040193
1409638753669242889
1409638758396223493
1409638769347547139
1409638778650578949
1409638778868625411
1409638782668722179
1409638789014724610
1409638789538979843
1409638802709123081
1409638803996758018
1409638814910271489
1409638829120651266
1409638829699436561
1409638832337608704
1409638833717530624
1409638834774581251
1409638835667935237
1409638836724932609
1409638842236211215
1409638848510918662
1409638860519133184
1409638862272360449
1409638866311544832
1409638866240245764
1409638867418771460
1409638885106143233
1409638888444817410
1409638889044602881
1409638890864930822
1409638896988680194
1409638903351369728
1409638903850569731
1409638905612103685
1409638926134874119
1409638927644774400
1409638927946813445
1409638931822309378
1409638934901002248
1409638935874048008
1409638937774018560
1409638942832357377
1409638952110198800
1409638952332521480
1409638953871765507
1409638962688184323
1409638963124396035
1409638965628440583
1409638966945452038
1409638977024323588
1409638980736356352
1409638980950233100
1409638980845412355
1409638994007101444
1409638996125257732
1409639003322654721
1409639002785808389
1409639008661958660
1409639020309606401
1409639022738112515
1409639033387454477
1409639035098656769
1409639042531008518
1409639044582023173
1409639045865431041
1409639045987115012
1409639047060877320
1409639051427074056
1409639050466664454
1409639052597334021
1409639055659175937
1409639060440711173
1409639064244916228
1409639069605236739
1409639073044602883
1409639077339566092
1409639079344439301
1409639090891284485
1409639090983559170
1409639093156290565
1409639094183813121
1409639095412789251
1409639100252975108
1409639103566467077
1409639112391286785
1409639113699983373
1409639121383919616
1409639122491215883
1409639125561397250
1409639129554448385
1409639143383044097
1409639151683575813
1409639156653826052
1409639162630721540
1409639172701233153
1409639175448449026
1409639193697947652
1409639210315702274
1409639228569313285
1409639238916739077
1409639239893934081
1409639242519572483
1409639246688751620
1409639249410809859
1409639252514668545
1409639254553108483
1409639261918269445
1409639264711675911
1409639273741963265
1409639276321538049
1409639276803813379
1409639279207219210
1409639280939466752
1409639288598237192
1409639297351700481
1409639299620868096
1409639306570854402
1409639311004225536
1409639314233774081
1409639319988412430
1409639331069710337
1409639332315422727
1409639333909303296
1409639335998025732
1409639336396554240
1409639361340067841
1409639364636807175
1409639365656006661
1409639374854115334
1409639379035779077
1409639387327959049
1409639390234566656
1409639390356201473
1409639390729564167
1409639395880095745
1409639407745781765
1409639428197273605
1409639430457946114
1409639431225544706
1409639431389151232
1409639431766560770
1409639435784769537
1409639437265297413
1409639440616550400
1409639458211721221
1409639467845971972
1409639475139944451
1409639484245696517
1409639485105532929
1409639489165615106
1409639499462676480
1409639500213456904
1409639502465798148
1409639503828963332
1409639503090765828
1409639508715311107
1409639509331890183
1409639517162643458
1409639517628207121
1409639518714564611
1409639526465634304
1409639538725572608
1409639544454930436
1409639553971875851
1409639555381137426
1409639555385286657
1409639561806811137
1409639562897285120
1409639568391868441
1409639572623921155
1409639584846123012
1409639587287240714
1409639597286432769
1409639600478253057
1409639603812724738
1409639604358025220
1409639610821464067
1409639619214274560
1409639637669220353
1409639653200650243
1409639660142223367
1409639664433074176
1409639667062870029
1409639668098813953
1409639669650755593
1409639670875525124
1409639671584329732
1409639673203347456
1409639673811537929
1409639680853778432
1409639682225311744
1409639690605502464
1409639691201089536
1409639721173610504
1409639722595405838
1409639733525815297
1409639744649134082
1409639748826664963
1409639755478798347
1409639765385703432
1409639779478638595
1409639784318849026
1409639795194695682
1409639811472789504
1409639815541182469
1409639815813885953
1409639827281125388
1409639828677750789
1409639830057742344
1409639857538826245
1409639860424478733
1409639862353874946
1409639863201107971
1409639864006373387
1409639874311852032
1409639874953576448
1409639876673241096
1409639891537850369
1409639895883141123
1409639906339549189
1409639908675702786
1409639909057470470
1409639910726766600
1409639914606514176
1409639920348532739
1409639923309678593
1409639928087019527
1409639935963844610
1409639936936927236
1409639938019119111
1409639938224656386
1409639946483212296
1409639947640840192
1409639949276614669
1409639967718924291
1409639985460899844
1409639985951608855
1409639989172850693
1409639992184369155
1409640005916495884
1409640009162924034
1409640014078566405
1409640015701835783
1409640034735513606
1409640037352804366
1409640042931253257
1409640053660217349
1409640061235208200
1409640061822332934
1409640064271806465
1409640064431230980
1409640073591627776
1409640081296478211
1409640085264355331
1409640101529800704
1409640109490667529
1409640110186926086
1409640112636399617
1409640114603511817
1409640118449688584
1409640121511518219
1409640121788338187
1409640133389783045
1409640135361064964
1409640137298903042
1409640145335111693
1409640146417315842
1409640157938999304
1409640159751012352
1409640166512238599
1409640170408710145
1409640174603014145
1409640177870327814
1409640197927563276
1409640211697442824
1409640211865239553
1409640217728884737
1409640220165738497
1409640240533315584
1409640249068711943
1409640254517116931
1409640255456645122
1409640259277647872
1409640272309325825
1409640278558789634
1409640279448059907
1409640283319332864
1409640288298012673
1409640290776797187
1409640299190644741
1409640321076502528
1409640324654276613
1409640326227058688
1409640342018691078
1409640344002519043
1409640346049417222
1409640352818991116
1409640354626740227
1409640361446674442
1409640368769929237
1409640376294510592
1409640377024344065
1409640381839331331
1409640385131909132
1409640391415001089
1409640393021423618
1409640394980134923
1409640409299513347
1409640427578281984
1409640435861975046
1409640450227511304
1409640455872991239
1409640458171555854
1409640458775523331
1409640466799157253
1409640476219609095
1409640485543505931
1409640492891996165
1409640502874411017
1409640508050198533
1409640510331912194
1409640514211651587
1409640515155365892
1409640519039209472
1409640520767315974
1409640539499024388
1409640542141485065
1409640543513022474
1409640543869575175
1409640545786335242
1409640558448963591
1409640558813847554
1409640571803561991
1409640574492188674
1409640581677010948
1409640584147472386
1409640588983472132
1409640595375607810
1409640601931313152
1409640605290881033
1409640614648451073
1409640618091966468
1409640624068825088
1409640628044976136
1409640647414349824
1409640654230024195
1409640654183931910
1409640655337394180
1409640667702202368
1409640682168279044
1409640687474077707
1409640709934616586
1409640718738497536
1409640737856135169
1409640740808888324
1409640741668749312
1409640741421207557
1409640742201352196
1409640752229978114
1409640755883175937
1409640758903066625
1409640773780271109
1409640785344012291
1409640787093032961
1409640789743783937
1409640789882204160
1409640792256221187
1409640800313430019
1409640811541630983
1409640821079478274
1409640821868044297
1409640822182539273
1409640826120986628
1409640836229259273
1409640838657761286
1409640848342409217
1409640855216918545
1409640856055738370
1409640864490549249
1409640886724558856
1409640906207023113
1409640909516414976
1409640917019942912
1409640934262771723
1409640946916986883
1409640952772194305
1409640955641176068
1409640958019325958
1409640959931944967
1409640963622899720
1409640967280365568
1409640974997868547
1409640981008289800
1409640982845394950
1409640998339178504
1409641006132203520
1409641007805702147
1409641016974462976
1409641023244890117
1409641040349302784
1409641042249281538
1409641048222027781
1409641051661357064
1409641056472240134
1409641072301465603
1409641083068289031
1409641098574635009
1409641103117021188
1409641105021276161
1409641116631146500
1409641129444667392
1409641139758538753
1409641141960527873
1409641153587081219
1409641160230899713
1409641161564712965
1409641166232907781
1409641177763045376
1409641186642382851
1409641203033726976
1409641205177016328
1409641212034772998
1409641230284115981
1409641235409604626
1409641235552161799
1409641242623766529
1409641257840775170
1409641258520223744
1409641259707207681
1409641263662395393
1409641265059139584
1409641268527865856
1409641298198360067
1409641298772987906
1409641301100830722
1409641305022423045
1409641306536611840
1409641307539005450
1409641322684682242
1409641326635667459
1409641326862213124
1409641343798808584
1409641345761759239
1409641353659654145
1409641362094395395
1409641364959072265
1409641379647553540
1409641380004040711
1409641403911573512
1409641407367708674
1409641419220819971
1409641426602790915
1409641429266096138
1409641430063091715
1409641432743178242
1409641432843841537
1409641438128742400
1409641443845578752
1409641444525051904
1409641464703848448
1409641502477742084
1409641513265426432
1409641515719090181
1409641526985072644
1409641534425686022
1409641535579189254
1409641536027971585
1409641537110102018
1409641540494893066
1409641541879009294
1409641547985952773
1409641560128385034
1409641587378851851
1409641593854853120
1409641617435152395
1409641627778379785
1409641634174627840
1409641634602442759
1409641643418865668
1409641646073909263
1409641650939326473
1409641671982141441
1409641687555579907
1409641694845313024
1409641700255961090
1409641725660827662
1409641727808315395
1409641733835530241
1409641742932930566
1409641743901880320
1409641748058415109
1409641760754569229
1409641762272935941
1409641767087968264
1409641771240361984
1409641780862066696
1409641790420905984
1409641808469004293
1409641810528407560
1409641817289592834
1409641817889415169
1409641819793629185
1409641823799111685
1409641824981983240
1409641835031498759
1409641838022070282
1409641846741995524
1409641851297013770
1409641856783114244
1409641857961783300
1409641864932728833
1409641872872509446
1409641880422273028
1409641882943057926
1409641885992329217
1409641888995368971
1409641891147116548
1409641894720638977
1409641896276680704
1409641901263777796
1409641901699977220
1409641934885330947
1409641939247386625
1409641942879592457
1409641944741912585
1409641947753455621
1409641960126644224
1409641964153176069
1409641969081479173
1409641991340580868
1409641994536714240
1409642001989967872
1409642006792445955
1409642016837750789
1409642017752195079
1409642021447372800
1409642032608337932
1409642034785255427
1409642039604432899
1409642041252843521
1409642041655533576
1409642042431442944
1409642047296851971
1409642060173381640
1409642069983862792
1409642074241073153
1409642075138584577
1409642077219024901
1409642076845711360
1409642079513288714
1409642084810719234
1409642088371658758
1409642092792451078
1409642099838910473
1409642101801840645
1409642108432969734
1409642110798630916
1409642117266219014
1409642123582853123
1409642124941815810
1409642130050453516
1409642134714552321
1409642136119648258
1409642141488336896
1409642144390803457
1409642160878538759
1409642161167994886
1409642161348354053
1409642175663513604
1409642176800182276
1409642177106354182
1409642182881861640
1409642185717284873
1409642196697903104
1409642200523165696
1409642205472432138
1409642206877536261
1409642207833837571
1409642209188585476
1409642218365673478
1409642220286709760
1409642232588562436
1409642233121280011
1409642242055098370
1409642245062488073
1409642250695442434
1409642252339617797
1409642252712873995
1409642263433469953
1409642266092703757
1409642271390142466
1409642275194343425
1409642275194343428
1409642281422917634
1409642292252594178
1409642307339517956
1409642313018576902
1409642327686008840
1409642330466910211
1409642331028918276
1409642362150653952
1409642371474591765
1409642378747514896
1409642378982395906
1409642380580450305
1409642385781362696
1409642392332890119
1409642393574395904
1409642398917881857
1409642401522610177
1409642407310684165
1409642415435120641
1409642433780981761
1409642436003962891
1409642437727842304
1409642451111845891
1409642451761913856
1409642453678780417
1409642466077073409
1409642474692177922
1409642481394745344
1409642483160551429
1409642484259442688
1409642485240893455
1409642491725312003
1409642492643794951
1409642493893779457
1409642495844048901
1409642521907531785
1409642533844488200
1409642538378530820
1409642548113510410
1409642548247764999
1409642555138998279
1409642558943158276
1409642563833790468
1409642566216126466
1409642567105318919
1409642573547773956
1409642586369716229
1409642587649048578
1409642593529438217
1409642613066534917
1409642628405108739
1409642633438261248
1409642634893660172
1409642637607329794
1409642650777505804
1409642668401987590
1409642680506720256
1409642682771656706
1409642685921566726
1409642686315827206
1409642687959994384
1409642708067442688
1409642713255845889
1409642718003793925
1409642724521775107
1409642735871545348
1409642747749814276
1409642753122656264
1409642758634041347
1409642772890406917
1409642782633857032
1409642784638660608
1409642786320633865
1409642788388409346
1409642792523943937
1409642792494583812
1409642792960229376
1409642795258683401
1409642803529879558
1409642812665044992
1409642814737059846
1409642815089373187
1409642831874953216
1409642840934678530
1409642844369821699
1409642850552217612
1409642858341011463
1409642860459159555
1409642879836848140
1409642891220164610
1409642894781079554
1409642906118352904
1409642907204677634
1409642922618736644
1409642937080631300
1409642937235828738
1409642938020237320
1409642951366479881
1409642953023184903
1409642961764159490
1409642963806810119
1409642965920714764
1409642969292963840
1409642974242242564
1409642981460566016
1409642988427304960
1409642992126730248
1409643015581274123
1409643029007192068
1409643038452768770
1409643041455972356
1409643041640517645
1409643045629227012
1409643051601915905
1409643054995148823
1409643066449829890
1409643077308805121
1409643079833853952
1409643084900540420
1409643084837658624
1409643087693967361
1409643089690431497
1409643096749404165
1409643110242553856
1409643115737092099
1409643123005747205
1409643124788400129
1409643125375569920
1409643126663254017
1409643126940045322
1409643129649565696
1409643136737976323
1409643140579880964
1409643146644885527
1409643150277189639
1409643149694169096
1409643161442394114
1409643166366461954
1409643167545102339
1409643178139873285
1409643184502689796
1409643194690674688
1409643217893478401
1409643229188804612
1409643229457256449
1409643232187744259
1409643232540061698
1409643238055550987
1409643247270432768
1409643247475912705
1409643255352815625
1409643256443404298
1409643256762093569
1409643265310167050
1409643265679237130
1409643273082179615
1409643278551506949
1409643282880102401
1409643293198061580
1409643304426242052
1409643306137526272
1409643306590425091
1409643315046195205
1409643344137834499
1409643370725593090
1409643375150571529
1409643384365453323
1409643386907226115
1409643395245494275
1409643405026627587
1409643417701732353
1409643429907243011
1409643431694012416
1409643443320549379
1409643450950062083
1409643485133606914
1409643488187011072
1409643496529534980
1409643499884978176
1409643519359143937
1409643519635902465
1409643525474377730
1409643529689649157
1409643541106593805
1409643549902053376
1409643557019815937
1409643557795729415
1409643574438760452
1409643577152458755
1409643578297487360
1409643582131085318
1409643583095726086
1409643584966389766
1409643588988719112
1409643596454658050
1409643597574541315
1409643597914279936
1409643611424124933
1409643631485480961
1409643632760479745
1409643634606043139
1409643639689543685
1409643641434382338
1409643642822684674
1409643651018280962
1409643677035622403
1409643685961076747
1409643688196665351
1409643689400360965
1409643694773309450
1409643698866954244
1409643705754034178
1409643712083206149
1409643727232987142
1409643735114149888
1409643743674658816
1409643749093777416
1409643750939267074
1409643752583401495
1409643758174408704
1409643764277145601
1409643772443459594
1409643773877882887
1409643774964232192
1409643776289611776
1409643784632107009
1409643787010252800
1409643797244383242
1409643805599420427
1409643807231025160
1409643808376037381
1409643813673476103
1409643823051931650
1409643832803684352
1409643839816540163
1409643846690951171
1409643851040526343
1409643854022660097
1409643860096012289
1409643861513687045
1409643866362286087
1409643870355267593
1409643871626153985
1409643872381145089
1409643883097563138
1409643893243584517
1409643896276017156
1409643899228880896
1409643902399782919
1409643946368634885
1409643947152994304
1409643949161996288
1409643957391294467
1409643967000449024
1409643968103555079
1409643970561339394
1409643987909021699
1409643993806213124
1409643997371396096
1409644004702965765
1409644012324089862
1409644015201394689
1409644024835674115
1409644027608059908
1409644027826241536
1409644028346265611
1409644029231304706
1409644036516769798
1409644051037442053
1409644060000743432
1409644070901719041
1409644071988068352
1409644073724481547
1409644075976839171
1409644087049744393
1409644091244122120
1409644112609906689
1409644118112833547
1409644121581445121
1409644121845682176
1409644127222788099
1409644134575460359
1409644135011651590
1409644142150393860
1409644146944405508
1409644149574234117
1409644152434806784
1409644165839785998
1409644167093907457
1409644167613931523
1409644174131925005
1409644179194474497
1409644184126984192
1409644185246859264
1409644196454035460
1409644199809490947
1409644201717862411
1409644205509541892
1409644221250760707
1409644227785416706
1409644236434145280
1409644246802464768
1409644268671569920
1409644271964020738
1409644275378245633
1409644277580193795
1409644282105917443
1409644290637107216
1409644303400398852
1409644303312244743
1409644304969003013
1409644307821170693
1409644315794558982
1409644316566310914
1409644344693252102
1409644346169643012
1409644348166205440
1409644360220643328
1409644382597181442
1409644387772997637
1409644388150439942
1409644398829182982
1409644398950850564
1409644400389459971
1409644421621030917
1409644422199795723
1409644422132748288
1409644427052675076
1409644428440993793
1409644429636341762
1409644430089277446
1409644436171096069
1409644448833622018
1409644462028951552
1409644465090793472
1409644468311977989
1409644470866378759
1409644502474625027
1409644502269120516
1409644503917465602
1409644505716850695
1409644507084165127
1409644511681073152
1409644513925029888
1409644514914934796
1409644521709740037
1409644536909815810
1409644542203027461
1409644553368313859
1409644559584292876
1409644561379430409
1409644562738401284
1409644578747998208
1409644582166401030
1409644587254124547
1409644593591635968
1409644619101478913
1409644627880136704
1409644634104467464
1409644640353984516
1409644641213816832
1409644647710826502
1409644656762126338
1409644660268535821
1409644671312162822
1409644679688200193
1409644683345600513
1409644685832818702
1409644688445898758
1409644690589110272
1409644691298029573
1409644711183196166
1409644715473981443
1409644716275081217
1409644717000695811
1409644723501887491
1409644728899948553
1409644742594334723
1409644747015163907
1409644757953880068
1409644761640673281
1409644769454661649
1409644771077812227
1409644783165788162
1409644790178713612
1409644796323385347
1409644800073035776
1409644807064981510
1409644811087273987
1409644812366614530
1409644823179497475
1409644825335394304
1409644827705102336
1409644833086443530
1409644848060063751
1409644851272970242
1409644855878316036
1409644859963580416
1409644863297974280
1409644868847038471
1409644869618860034
1409644876291993600
1409644881614499843
1409644892733640709
1409644895392866306
1409644909313728517
1409644913025708035
1409644914225213447
1409644917622591492
1409644927365963776
1409644940297003018
1409644947683176457
1409644960090001411
1409644963281866758
1409644975109771273
1409644976556822530
1409644978146398214
1409644979207622657
1409644985461272576
1409644987017351170
1409644989131366402
1409644990607749122
1409644993581510666
1409645000418160641
1409645012900483073
1409645020810866691
1409645025261064200
1409645028402634756
1409645032034816002
1409645041946042373
1409645042516430862
1409645050204590090
1409645050607259648
1409645054025637891
1409645103170220032
1409645104344616964
1409645105846226959
1409645112389373955
1409645116889833481
1409645124338913281
1409645131590823936
1409645132702371841
1409645144463212547
1409645148946894848
1409645149446045701
1409645176268550148
1409645180378968068
1409645182178381828
1409645208921247761
1409645219495104512
1409645221760012291
1409645223752335363
1409645232052834315
1409645236423303173
1409645244082135048
1409645246074343424
1409645251510210573
1409645263237484546
1409645268451037186
1409645276650893315
1409645282036314114
1409645283219148813
1409645287899992077
1409645290160680960
1409645290311745539
1409645297060384768
1409645316509298692
1409645319629930503
1409645323081850884
1409645339850592265
1409645342501474314
1409645342287532036
1409645344388902915
1409645351779196928
1409645354992111616
1409645358175555586
1409645361740750855
1409645362357305350
1409645364282478592
1409645374617227286
1409645383777542146
1409645385694343171
1409645395207016459
1409645404430372866
1409645427108900865
1409645427184394245
1409645446570545161
1409645449674326025
1409645450194345988
1409645451750502401
1409645454917177344
1409645462039060481
1409645467219075077
1409645471740534787
1409645474160594945
1409645477176307713
1409645482578616322
1409645482767355908
1409645490723901442
1409645491952898054
1409645493760655367
1409645515885531143
1409645517349421057
1409645518553194496
1409645522583883779
1409645529554821123
1409645538731913222
1409645544100696064
1409645547644887040
1409645549171580932
1409645568574386178
1409645570117890055
1409645570235326465
1409645577118240769
1409645584609288198
1409645584982573058
1409645588497395728
1409645593102716929
1409645601306804226
1409645606918758406
1409645608151879700
1409645611318607873
1409645618092412930
1409645620428632066
1409645635393835008
1409645639189729302
1409645639873404935
1409645643367284740
1409645643904126977
1409645645015568386
1409645644910788609
1409645648027127813
1409645660559740928
1409645668856057859
1409645670684774400
1409645672609894401
1409645679174045702
1409645697914216453
1409645700053311491
1409645700703416323
1409645701932359681
1409645707967881217
1409645708915855365
1409645713445687312
1409645714842419203
1409645715618340866
1409645717434425348
1409645737806209030
1409645741161684995
1409645745620148224
1409645747570548741
1409645748245786630
1409645752003940356
1409645785696792579
1409645786950864899
1409645799424684037
1409645802968915970
1409645828671623171
1409645847386615815
1409645852587528205
1409645854709862401
1409645854844063745
1409645863647940609
1409645866168700929
1409645892244676613
1409645896417959940
1409645899668594692
1409645899727265794
1409645906534690819
1409645908212391942
1409645908275253250
1409645910196322305
1409645915296591874
1409645919520186369
1409645923043446786
1409645924817637378
1409645926176608260
1409645941032767491
1409645945025798148
1409645954748190727
1409645962998415362
1409645963824697345
1409645966999777286
1409645969675718669
1409645976206286849
1409645981725982722
1409646005776048131
1409646008913448960
1409646018765856771
1409646024231055360
1409646043541557257
1409646056078381070
1409646059463208965
1409646066237018119
1409646083580432397
1409646090312314883
1409646093726482432
1409646099132911624
1409646110679781380
1409646114685345799
1409646114651852801
1409646116442763266
1409646127511597058
1409646127582912517
1409646146486562816
1409646149112254473
1409646149833617409
1409646153793032193
1409646157458903049
1409646165159645189
1409646183941697536
1409646184709312517
1409646190170312710
1409646191650873348
1409646210999144450
1409646211598934016
1409646219735953408
1409646224139898887
1409646227415715846
1409646230796324867
1409646233015046144
1409646248534044681
1409646256683552773
1409646257048485889
1409646257493008386
1409646261154680844
1409646262656241673
1409646278179360774
1409646282197528581
1409646295115997188
1409646300543344647
1409646304486035460
1409646308806119424
1409646321833635844
1409646325478555652
1409646333384744960
1409646339697172483
1409646339353317383
1409646350480773133
1409646353131610112
1409646357334290434
1409646371888537605
1409646373650059274
1409646378989412353
1409646388372066304
1409646392499314691
1409646396320337925
1409646401294725123
1409646401034723334
1409646411759505410
1409646412497752072
1409646418038386694
1409646431200153613
1409646448124194821
1409646449499918338
1409646452414902274
1409646455371956228
1409646456911187968
1409646461722128384
1409646463471157251
1409646464565878792
1409646466499420160
1409646470513389570
1409646471662637057
1409646505942687745
1409646509994348551
1409646511294582785
1409646527035805701
1409646527249731594
1409646529195872258
1409646535399198727
1409646537156689927
1409646542676365318
1409646549034930178
1409646558170157063
1409646563903754242
1409646583226912768
1409646591426789383
1409646598875795459
1409646599836291074
1409646608187236354
1409646610443739137
1409646615682379776
1409646616575844354
1409646626046574594
1409646640315572224
1409646642236559364
1409646660565684233
1409646666102104064
1409646670808182790
1409646672716566539
1409646672641101825
1409646684485808134
1409646693633560580
1409646699576889344
1409646701808259072
1409646710343667729
1409646712046506001
1409646721198526470
1409646724939845635
1409646727817138179
1409646730904145920
1409646732137308161
1409646742069383168
1409646742291697670
1409646755327606787
1409646761950384131
1409646761979744265
1409646775095332891
1409646787141398529
1409646788399665163
1409646791348297731
1409646792082264066
1409646794976362496
1409646795366363139
1409646800517009412
1409646805667618816
1409646809832595456
1409646810369462272
1409646814152650752
1409646816757354513
1409646820683223048
1409646824135135246
1409646824307056640
1409646833937174528
1409646834943873030
1409646853801451527
1409646857337196550
1409646858817794054
1409646862328496130
1409646883258068999
1409646889377562626
1409646893647286272
1409646897921368065
1409646898680500231
1409646906725134337
1409646911494103047
1409646914543362056
1409646919001903112
1409646920591560712
1409646953978159104
1409646955886641152
1409646957950246914
1409646962282881029
1409646967731343362
1409646973158707200
1409646975587258372
1409646976338038800
1409646981169913857
1409646987884957715
1409647002007183363
1409647003299061764
1409647006771933193
1409647019967221761
1409647020982210580
1409647043253968902
1409647046642962445
1409647049084076038
1409647052095508483
1409647052359757827
1409647056738611202
1409647057992773637
1409647059137794054
1409647062312886277
1409647093707276292
1409647095741485064
1409647102280429570
1409647108534067202
1409647113290457097
1409647132731068422
1409647138150125576
1409647139408400389
1409647147004305409
1409647160925200389
1409647166046425091
1409647176012079106
1409647176628637702
1409647183284998164
1409647202998251521
1409647206815047680
1409647207125426176
1409647207892983808
1409647210845773824
1409647212154343426
1409647213987254273
1409647223667712002
1409647225580376065
1409647229044883458
1409647232630939650
1409647251496992769
1409647253745111046
1409647254906957832
1409647262716727299
1409647262787985410
1409647264952246276
1409647265887645698
1409647271944200200
1409647279510724611
1409647296871075840
1409647305716764680
1409647317330714626
1409647317347569664
1409647326562439172
1409647336892944384
1409647337484414979
1409647339715715072
1409647354928500760
1409647368727719941
1409647380668944392
1409647383059722242
1409647387073679362
1409647387765710851
1409647392601739264
1409647403917996032
1409647407386660870
1409647407537655808
1409647411320918021
1409647413040582665
1409647417268391936
1409647423216001027
1409647429297709058
1409647431537422339
1409647432804143123
1409647434691579905
1409647447656202242
1409647447974973440
1409647451879866370
1409647458305511428
1409647463644889088
1409647466782199820
1409647468367679498
1409647471177846788
1409647471672758277
1409647473098854403
1409647474986258442
1409647475145641985
1409647480870903814
1409647502769352704
1409647511262793744
1409647517130625032
1409647520960024595
1409647525292691462
1409647529415741445
1409647536990691328
1409647542980120584
1409647552874516481
1409647555009335296
1409647573577568272
1409647573216886786
1409647593345359872
1409647593752195073
1409647597657067537
1409647600911872002
1409647603378130946
1409647603596230660
1409647604296601602
1409647611833843713
1409647615973593100
1409647628803973128
1409647629374418947
1409647637683261441
1409647642326429701
1409647643228180495
1409647649825771521
1409647653953044481
1409647654380859393
1409647669396459521
1409647670478589954
1409647673657872384
1409647674815483915
1409647677281693697
1409647678468722717
1409647678787489793
1409647682046500872
1409647686412693507
1409647687671058433
1409647689394909189
1409647690393153538
1409647699515744261
1409647701877166086
1409647722701807616
1409647724199174149
1409647739810377731
1409647740280209409
1409647740125007877
1409647742998106113
1409647751026016264
1409647756457615370
1409647756776411142
1409647758722564098
1409647768520384514
1409647774631559171
1409647775948574724
1409647776988729358
