1408605925410324480
1408605927809421315
1408605927842926594
1408605930774691843
1408605941935788033
1408605951691689986
1408605952983461889
1408605958494994432
1408605962223505408
1408605973887995911
1408605981060132864
1408605981555105793
1408605982356238338
1408606007497048070
1408606011716521988
1408606017139707904
1408606021778612228
1408606036773289987
1408606050694184962
1408606052417892352
1408606054871601156
1408606059665711107
1408606065193799685
1408606069857923079
1408606075117576196
1408606075599736839
1408606077168631814
1408606085485785090
1408606095501836297
1408606105467490307
1408606120764076035
1408606130796965888
1408606142687744004
1408606148790341638
1408606149029482499
1408606156575100931
1408606159569768455
1408606173343797251
1408606177592811521
1408606186895818753
1408606199789019138
1408606219179159558
1408606229568569348
1408606234161389574
1408606243535605765
1408606244554805248
1408606249449672711
1408606257985069062
1408606265119547397
1408606274321666051
1408606277756878850
1408606303245811716
1408606308681412617
1408606314385887232
1408606317871304704
1408606324208902150
1408606326679244800
1408606336170950661
1408606339971100672
1408606345679368199
1408606345679540232
1408606350985203712
1408606352180658182
1408606369255620609
1408606369691877379
1408606382056640515
1408606384116076553
1408606391867265025
1408606395042250757
1408606397789577218
1408606401006538756
1408606402751483905
1408606406224273410
1408606411970469891
1408606421759905803
1408606428340891656
1408606431134289921
1408606439615066113
1408606450289623040
1408606454337064967
1408606455490613249
1408606463107514368
1408606468597698560
1408606470053285889
1408606474759073792
1408606478294978563
1408606480991801347
1408606482665410562
1408606491456778240
1408606493188915200
1408606504354291713
1408606507797815299
1408606514055585796
1408606527775203331
1408606529738186754
1408606536386088960
1408606548696309762
1408606554899812354
1408606576773054464
1408606585711054849
1408606613426950144
1408606614999867394
1408606624994975750
1408606625347239940
1408606630783164416
1408606634482434051
1408606643160551424
1408606658759102464
1408606670763159559
1408606671371386882
1408606675007848450
1408606674902994945
1408606681316171778
1408606685665673217
1408606687901097986
1408606688786235392
1408606698080673792
1408606726270570499
1408606727621185539
1408606736290885633
1408606736567586819
1408606739348533250
1408606740430700545
1408606741533757441
1408606750849208322
1408606782260453381
1408606783162171396
1408606792922238977
1408606801092911105
1408606803177377796
1408606806050365450
1408606814191558660
1408606815479287809
1408606816053964800
1408606832625602563
1408606832931659779
1408606838547910656
1408606842142531590
1408606842561908739
1408606855757275149
1408606865949331457
1408606872488361987
1408606873310269440
1408606899260465156
1408606903178084357
1408606905287720968
1408606909272367106
1408606914473254915
1408606915651854342
1408606918327820288
1408606920584404996
1408606934295515137
1408606939186094080
1408606940138196995
1408606963441750022
1408606970743906307
1408606974820945922
1408606986741043202
1408606995020668929
1408607006932586500
1408607013756571648
1408607018471075843
1408607019527979008
1408607022623326215
1408607035659325441
1408607037940924423
1408607039316766724
1408607042617610241
1408607044727308289
1408607047738744834
1408607048762232840
1408607058988081153
1408607059533254657
1408607062301478916
1408607066185404421
1408607067078676482
1408607071361064962
1408607071763791874
1408607087257657351
1408607089371537408
1408607090663325698
1408607105704099846
1408607107813756932
1408607117066518534
1408607124729450502
1408607128894328834
1408607133730447361
1408607145424207875
1408607148683280388
1408607150348419073
1408607154635001859
1408607156669145092
1408607161547071492
1408607161370906632
1408607168711041025
1408607173484163072
1408607174448791553
1408607180388028419
1408607182556434433
1408607197274152964
1408607198071209987
1408607201070039040
1408607204538716162
1408607208540184581
1408607228530102273
1408607231306878976
1408607231734697986
1408607251343028225
1408607256657203202
1408607265435783174
1408607265792405517
1408607268061335556
1408607274986356743
1408607276550606855
1408607278333411330
1408607297455153154
1408607299678179329
1408607309497044994
1408607310759575552
1408607316652425220
1408607333601579016
1408607337925865476
1408607342963290112
1408607349716054018
1408607353402912770
1408607357727244292
1408607370528296966
1408607378631712781
1408607381752320002
1408607393869570050
1408607402337869826
1408607407719190529
1408607416271261699
1408607419970826240
1408607420608303112
1408607423573618688
1408607433698721792
1408607436752236544
1408607440539619328
1408607463713042441
1408607481253801986
1408607487780077576
1408607490816741376
1408607520973889540
1408607532181041152
1408607536807301122
1408607537063206918
1408607540498284544
1408607544642215940
1408607549402853378
1408607567371194368
1408607592176406528
1408607593912844290
1408607595682746379
1408607604251631622
1408607606093094915
1408607608798208006
1408607623218401283
1408607657863397377
1408607663773077510
1408607670760656898
1408607676137881600
1408607680931852291
1408607695637127169
1408607703446949893
1408607708870103045
1408607717455921153
1408607736829407235
1408607754139299848
1408607754617454592
1408607758987972609
1408607761336725504
1408607773676421125
1408607787966365698
1408607790222827521
1408607794253729794
1408607811127414785
1408607814596141065
1408607829934620678
1408607830446383105
1408607830630973440
1408607865493856266
1408607881549787139
1408607897588695040
1408607906304454656
1408607906807824394
1408607916202991616
1408607923496947721
1408607928119029764
1408607929654206465
1408607930316959744
1408607946490007557
1408607952160759808
1408607957332500483
1408607959555444739
1408607970229997568
1408607973296021504
1408607979377672192
1408607982141820933
1408607984985509891
1408607985954344961
1408607987086761988
1408608019458318343
1408608019915710464
1408608027616366596
1408608050164822018
1408608050672324615
1408608054090747905
1408608063637102603
1408608066644369408
1408608080330465291
1408608089037807616
1408608095320743936
1408608101796876290
1408608110223167496
1408608118771269640
1408608119555493891
1408608126186704898
1408608134143254529
1408608139440701444
1408608147632058371
1408608169287426052
1408608176132562950
1408608183128576006
1408608184076574725
1408608192083349506
1408608199725387778
1408608199939346434
1408608206994100224
1408608211003904008
1408608221959385094
1408608228527665154
1408608239994884103
1408608266372980738
1408608268306501639
1408608274232999939
1408608274379853828
1408608283812937735
1408608288153894915
1408608289722560513
1408608293757534211
1408608318029852675
1408608324099190789
1408608346027008001
1408608347092291588
1408608350884016129
1408608352968527874
1408608357733314561
1408608358316359685
1408608362678427651
1408608365790519296
1408608368135127045
1408608371599675397
1408608377123397637
1408608382412599297
1408608383498952707
1408608389962338304
1408608394081095682
1408608395410563074
1408608403413405707
1408608404256534528
1408608412825374724
1408608414826176515
1408608418110197762
1408608423273406465
1408608426838544386
1408608430978330627
1408608441023750144
1408608448044945408
1408608458258239489
1408608460631990280
1408608461512925187
1408608465782718464
1408608466839781381
1408608467502321666
1408608476469907458
1408608485546287107
1408608488792723463
1408608492081057799
1408608503703367680
1408608508702957572
1408608516445720578
1408608529569792001
1408608539866587136
1408608541095645184
1408608555507257355
1408608555519856645
1408608559709970444
1408608562469687297
1408608564965376005
1408608566689288194
1408608585496416258
1408608590923960334
1408608596020150274
1408608601199894530
1408608631789129732
1408608633760399364
1408608651020058631
1408608653410811905
1408608675632197633
1408608681051238403
1408608692958765057
1408608695420960771
1408608704413396995
1408608721895366663
1408608730539696132
1408608731814895616
1408608736772378627
1408608757165314048
1408608759383937025
1408608759975333890
1408608764484210689
1408608767034355712
1408608772575137794
1408608782330990594
1408608782708613121
1408608785543933953
1408608803176730630
1408608808977436676
1408608813242933249
1408608818662150154
1408608835477069832
1408608836592844800
1408608837884682243
1408608844096409606
1408608852669501441
1408608854829678593
1408608857329438725
1408608876157669389
1408608876426006535
1408608879970295811
1408608896017747970
1408608903626117120
1408608922923982854
1408608927613259782
1408608928506671107
1408608943367143428
1408608949176254464
1408608949499092993
1408608971359866880
1408608982558674947
1408608986576744450
1408609004750704642
1408609006608818177
1408609013634416643
1408609016629108738
1408609023595847680
1408609026145988616
1408609026645037063
1408609030906421251
1408609035448819712
1408609038691037184
1408609050003230721
1408609055262793731
1408609065320787968
1408609066054684672
1408609068709728258
1408609084857892868
1408609089731633157
1408609092655095808
1408609101026934794
1408609107364417545
1408609107737710593
1408609108949876747
1408609110883512321
1408609111046901764
1408609118731001856
1408609135529168902
1408609140839170051
1408609149877993473
1408609167598927874
1408609168831954949
1408609180622204930
1408609182417182721
1408609192068386816
1408609197537828868
1408609204622041088
1408609208354869249
1408609210133204992
1408609210519015428
1408609214377861125
1408609215568965639
1408609217808842760
1408609225312509955
1408609227548016645
1408609233415786504
1408609236842541056
1408609239426166788
1408609240026071043
1408609245537447937
1408609255540727809
1408609273349738506
1408609273924386817
1408609274301984771
1408609276772458496
1408609293306241030
1408609295529394181
1408609297416794113
1408609299136270336
1408609299522224139
1408609309118828544
1408609311216095234
1408609319386554368
1408609324302278660
1408609334230097922
1408609341532360706
1408609349098897411
1408609361283358722
1408609362252206081
1408609362780717059
1408609366056570883
1408609373681750016
1408609376357605377
1408609392048496644
1408609394582032385
1408609397132038146
1408609398335938563
1408609406162407425
1408609407261282306
1408609408783851523
1408609417810034691
1408609420129574913
1408609431005405192
1408609437963620355
1408609449124798468
1408609449275580416
1408609449959428105
1408609450596999169
1408609457148334083
1408609464157040641
1408609474252886019
1408609476547055618
1408609477440544768
1408609482427408389
1408609482872180736
1408609506368667648
1408609507932917760
1408609509765836805
1408609520306192386
1408609523330215936
1408609547640528897
1408609549045669888
1408609550576521219
1408609554519166978
1408609556297437187
1408609567173398530
1408609578443440136
1408609596948684802
1408609599272407045
1408609622257147904
1408609624085864450
1408609627969892354
1408609629156917248
1408609635486121990
1408609636866052103
1408609643002318851
1408609645887950857
1408609661884960772
1408609662438547456
1408609683921944576
1408609694369779722
1408609695082946564
1408609698975293442
1408609704960462854
1408609708680769541
1408609713231630336
1408609714934456322
1408609727869853696
1408609739026710536
1408609742528843779
1408609742348591110
1408609747310309378
1408609752955895813
1408609754079895553
1408609755929657346
1408609756613328897
1408609758022553600
1408609758198702090
1408609758672736257
1408609764192526340
1408609774896259074
1408609775982682116
1408609784035614721
1408609788666257410
1408609813282578435
1408609814360379395
1408609814712750082
1408609816075849729
1408609816331882499
1408609821411119112
1408609822392655880
1408609825299349510
1408609832068857858
1408609834828660739
1408609836762243075
1408609839207620609
1408609839824003076
1408609840440643585
1408609841476685827
1408609844660113409
1408609848657211398
1408609867380764676
1408609878088699907
1408609886766764033
1408609888734003201
1408609890369785860
1408609891732922369
1408609896157880326
1408609896392585217
1408609897974009856
1408609901665034243
1408609923227815936
1408609934674219010
1408609935282278401
1408609941179404290
1408609941917679622
1408609943490498561
1408609949329002501
1408609964076134405
1408609967297339395
1408609977086971906
1408609982568976386
1408609983554412551
1408609984829554688
1408609985492180992
1408609985756643330
1408609987711180806
1408609988524785674
1408609989485158405
1408609993939632132
1408609997395738624
1408610001388777473
1408610002856820738
1408610013384478723
1408610021261389827
1408610045810540547
1408610046469021698
1408610049250009088
1408610054996172801
1408610060238983169
1408610062889734145
1408610106162520065
1408610114718736384
1408610126760534018
1408610129994452997
1408610137959399424
1408610138517295112
1408610151033053188
1408610162533974019
1408610174634389506
1408610176073146368
1408610192606912512
1408610196658692096
1408610202400739333
1408610204443451394
1408610205471064065
1408610218666303489
1408610219052212225
1408610220247552002
1408610221597990920
1408610241420222464
1408610287331184643
1408610287528427520
1408610290904682497
1408610294696497152
1408610298827665408
1408610298899189760
1408610317131788290
1408610327814565888
1408610339256741893
1408610343862026240
1408610346013704193
1408610347242692614
1408610363428442115
1408610364497883136
1408610383020109826
1408610386438279168
1408610387843555329
1408610391060406273
1408610402502651906
1408610409469382659
1408610414619987972
1408610418201931777
1408610421435678728
1408610441446805507
1408610452628807681
1408610455904407553
1408610469993017344
1408610476523728900
1408610484916391938
1408610486925463553
1408610501089767428
1408610501442125827
1408610506185842691
1408610512183701510
1408610513160916993
1408610517766180869
1408610536741289984
1408610541602496512
1408610547021619200
1408610549076697095
1408610553141116928
1408610554789441536
1408610559659028484
1408610560590024708
1408610565434531840
1408610576742326273
1408610582563934214
1408610584938139650
1408610586691313664
1408610590025785347
1408610593171382275
1408610598326255624
1408610606224080901
1408610613224382467
1408610617540362251
1408610621596209157
1408610625698373635
1408610631402541061
1408610632535056384
1408610636766998529
1408610639661121538
1408610679410601987
1408610701992730628
1408610705159323651
1408610717482340352
1408610741901422594
1408610745420595202
1408610757651038209
1408610769164455942
1408610770133389317
1408610771127439360
1408610772004052993
1408610779138605060
1408610782288482308
1408610796691722245
1408610798323351553
1408610802525868039
1408610806980300800
1408610808154648577
1408610817277317120
1408610823661146112
1408610824986533889
1408610840102723586
1408610842871046154
1408610845152645126
1408610847249809411
1408610866572967936
1408610866715496450
1408610869781671940
1408610872570822656
1408610876903538698
1408610880942612480
1408610881517330435
1408610883631190020
1408610888647462912
1408610895706542085
1408610896398585861
1408610901356335105
1408610906637062145
1408610909023506434
1408610911510663171
1408610913234661376
1408610919689687041
1408610927071707139
1408610931504943109
1408610933241438212
1408610939247661060
1408610942863253506
1408610947946536965
1408610948210905089
1408610956775546880
1408610966846197764
1408610987700219905
1408610989294034946
1408610990627823617
1408611009925812225
1408611012027240448
1408611019291648001
1408611021510508546
1408611032507949061
1408611042201063427
1408611050400874499
1408611054410678272
1408611055606063108
1408611060878299141
1408611063659180035
1408611066867634182
1408611068839022593
1408611076330065925
1408611080146808833
1408611084987080705
1408611090494373894
1408611096605298689
1408611097108783107
1408611105224593411
1408611112933728256
1408611128993673219
1408611134744190976
1408611136770129928
1408611139848597504
1408611154990075905
1408611155526963203
1408611165538770946
1408611169494093829
1408611177475674114
1408611194404052996
1408611203862106114
1408611206449926144
1408611215119634432
1408611227681624069
1408611230303010822
1408611249789669377
1408611256454504457
1408611258794917890
1408611270656507914
1408611271985963010
1408611279229624326
1408611300511473664
1408611302331846656
1408611304563036164
1408611305326485510
1408611311030779904
1408611315304763393
1408611328533614595
1408611350859878403
1408611355775705090
1408611369243525125
1408611375476350977
1408611376537370624
1408611381302087680
1408611387744546817
1408611391997726721
1408611393667010564
1408611398352052224
1408611404396044288
1408611409362046976
1408611416332980228
1408611419784941572
1408611432170549253
1408611436528537607
1408611440349564928
1408611442769600515
1408611450122391554
1408611450579570693
1408611458921885698
1408611461228793857
1408611462621265921
1408611467893616643
1408611475980050432
1408611480388268032
1408611488785338372
1408611489427034117
1408611490894999553
1408611493688528899
1408611499061518340
1408611501578014724
1408611503104684032
1408611508917968896
1408611512126607362
1408611514412568588
1408611517604323342
1408611519693209601
1408611535539249152
1408611540866007042
1408611552681418754
1408611553012760583
1408611554539589635
1408611566484967430
1408611568997310464
1408611575741784071
1408611576744054786
1408611591181029378
1408611594624438274
1408611595266183177
1408611600433664004
1408611607916158981
1408611632654209038
1408611635418259462
1408611643815301121
1408611644729528321
1408611661116805123
1408611666678497284
1408611666816819201
1408611669840863233
1408611672894365698
1408611673959718917
1408611681178210310
1408611682159632386
1408611691315662848
1408611694025216003
1408611695350718467
1408611716036919299
1408611722777092100
1408611733858570240
1408611738849886211
1408611743710924805
1408611755941531649
1408611763587743751
1408611792058679298
1408611799465959426
1408611799948275714
1408611800061468674
1408611800648720384
1408611801785380865
1408611801957339139
1408611803269980162
1408611812229091333
1408611824791076864
1408611826695278592
1408611849172668419
1408611850967826434
1408611855610695681
1408611858249129985
1408611867182854144
1408611868273479683
1408611876162867200
1408611894626295818
1408611894739357697
1408611908563836931
1408611920756740099
1408611931980709888
1408611939694096386
1408611940746858501
1408611944790122496
1408611946895712262
1408611948992815108
1408611949588357124
1408611952365027328
1408611952411254784
1408611956919988226
1408611957830152196
1408611959625465865
1408611972078129154
1408611981322440708
1408611984963162117
1408611985437204480
1408611991556558850
1408611999290851328
1408612005011869699
1408612006383521794
1408612015141056522
1408612034636177409
1408612038323032068
1408612042156564481
1408612042773196801
1408612047491932161
1408612047613464578
1408612064784904195
1408612065418358787
1408612072456392705
1408612075216195586
1408612077351100417
1408612081729892355
1408612082992435200
1408612085311807491
1408612085555212293
1408612086826115073
1408612091225948163
1408612094484832259
1408612096049389573
1408612096674308096
1408612113598148611
1408612113887612933
1408612117234667524
1408612120707600385
1408612124612468738
1408612125421948930
1408612147429527552
1408612163007258624
1408612168258445322
1408612187396927488
1408612193495666692
1408612199103356930
1408612222209773574
1408612233978974208
1408612238047522818
1408612241247662084
1408612241914707968
1408612251016208388
1408612254338093060
1408612259702710273
1408612269274107905
1408612270599462913
1408612275553026055
1408612294205095940
1408612300542464003
1408612303449341953
1408612309233070082
1408612318389415946
1408612319395860480
1408612321392422916
1408612323179307013
1408612323309228034
1408612325297319940
1408612328455692289
1408612335845928961
1408612336747884546
1408612341567078403
1408612346671534081
1408612349485928452
1408612349754359811
1408612353189494790
1408612365852102658
1408612373301170176
1408612376815935488
1408612413528760321
1408612421116198921
1408612424106790920
1408612429982961675
1408612435024486400
1408612439344648194
1408612444780519428
1408612449029214211
1408612460043456515
1408612480847278083
1408612493098840064
1408612498748719108
1408612512099147777
1408612520051478528
1408612525671780352
1408612525835538437
1408612533355749378
1408612533724983299
1408612534941229061
1408612553618493444
1408612556248432645
1408612582949212162
1408612583133810689
1408612584308154370
1408612587235811328
1408612588355719175
1408612596744290307
1408612602368856070
1408612602964500487
1408612604931678212
1408612606143696898
1408612622589521925
1408612625626324992
1408612635482882053
1408612646606163973
1408612646547427331
1408612655921713153
1408612658140622852
1408612675685208068
1408612678696853504
1408612680215060481
1408612680672313352
1408612694094225408
1408612696963026947
1408612697260761088
1408612698946883586
1408612701547401219
1408612704001036288
1408612709109800961
1408612714365214724
1408612718555373568
1408612720950263808
1408612722174951426
1408612725710888963
1408612726096633858
1408612728974069760
1408612729288548352
1408612733952610307
1408612756559777794
1408612755716726784
1408612762410835973
1408612781167767555
1408612792928772098
1408612799182295040
1408612801178787840
1408612803187908613
1408612803846590467
1408612807738863617
1408612810549084165
1408612818052653068
1408612820330029058
1408612831017062401
1408612832518750213
1408612833676300290
1408612835693891586
1408612840928202754
1408612850122346503
1408612864374476802
1408612877368381443
1408612883542462479
1408612892375617537
1408612896859254784
1408612912797728773
1408612913493942272
1408612916077555714
1408612925321879553
1408612928564125696
1408612929830805513
1408612930300567557
1408612932888543232
1408612938605338625
1408612940262031363
1408612941616668678
1408612944124989441
1408612946679406593
1408612951305515012
1408612959002132484
1408612960310763520
1408612967768203264
1408612971366977541
1408612972486930435
1408612974407958528
1408612981026529284
1408612989742333954
1408612991977758721
1408612993999405056
1408613009883230209
1408613012001468419
1408613022474506245
1408613039566471168
1408613040208191491
1408613061536194565
1408613065524875267
1408613079605125123
1408613082885234691
1408613086169346049
1408613107002490881
1408613121678360578
1408613133183164421
1408613140330430464
1408613148144373761
1408613148555423750
1408613165592551425
1408613171397640196
1408613172500647945
1408613176493719554
1408613180142665729
1408613180805353476
1408613183372369925
1408613188590051339
1408613190770991106
1408613193656635392
1408613193811992579
1408613194835271681
1408613199260303362
1408613216024944644
1408613219170725888
1408613223729876994
1408613223578980353
1408613224984023044
1408613226229768196
1408613229060820995
1408613230604263425
1408613233116778506
1408613234769383433
1408613241807196160
1408613243652743175
1408613250116341763
1408613260031512576
1408613260333662210
1408613264213303300
1408613282030706692
1408613282953547776
1408613291543470081
1408613292227010562
1408613295519678476
1408613296849113094
1408613301173374978
1408613301181816832
1408613303715209217
1408613318298791939
1408613328063242243
1408613329979904007
1408613334048555014
1408613342957080578
1408613349059870726
1408613368269729792
1408613368643137537
1408613375643369475
1408613377094660098
1408613391325818880
1408613399135588354
1408613411273990150
1408613421638168578
1408613422640492546
1408613423168905216
1408613426985902081
1408613433206095872
1408613445461815297
1408613452667568128
1408613455205044227
1408613471302959104
1408613478282285065
1408613483088863234
1408613495805865987
1408613497345282057
1408613499023118337
1408613505188581376
1408613506866286596
1408613511895339009
1408613515724787717
1408613517159133190
1408613518623096838
1408613519713607687
1408613520044920832
1408613520925597700
1408613520862703616
1408613522997760000
1408613532212633600
1408613539036626951
1408613560750690304
1408613563799851010
1408613583085256706
1408613584784003072
1408613585568165889
1408613587086712840
1408613588520951813
1408613594988744711
1408613595525619721
1408613600718049282
1408613603943632900
1408613607168954368
1408613607676420096
1408613608834039808
1408613610197176324
1408613612193673216
1408613623350579201
1408613627003817985
1408613640392019975
1408613641235042307
1408613642359099394
1408613656540102660
1408613662160457730
1408613669194407941
1408613686588100615
1408613687598981125
1408613691327660033
1408613706951364609
1408613709476417536
1408613710373998604
1408613711871369219
1408613712525770757
1408613714295627776
1408613726182203397
1408613735942344706
1408613738031333378
1408613737527840773
1408613738790330371
1408613745195110400
1408613756582699017
1408613759111868418
1408613760500002820
1408613767408238593
1408613770960769028
1408613772718190593
1408613774022561797
1408613775435993089
1408613777000615936
1408613783388315650
1408613787398131714
1408613789558247427
1408613789797335043
1408613791961542665
1408613798437482498
1408613809183334404
1408613814879326218
1408613821997015041
1408613825654321156
1408613825906159621
1408613829374738432
1408613834806337537
1408613840628109312
1408613844377866251
1408613850987913216
1408613854381178884
1408613864334364673
1408613864837685248
1408613882386522112
1408613884328566785
1408613886350274567
1408613893912645635
1408613895825027078
1408613899637870592
1408613911012782082
1408613917174243335
1408613928574369793
1408613929392164870
1408613942247579648
1408613943367536643
1408613943237431296
1408613965488349185
1408613966922665987
1408613970374651910
1408613976674648074
1408613986799656965
1408613988812812291
1408613988842151936
1408614000439480322
1408614011650850817
1408614012590362633
1408614015803314179
1408614018097377280
1408614023009030150
1408614027778052096
1408614031561150465
1408614032060215298
1408614042554572800
1408614058975121414
1408614061877579776
1408614066927644672
1408614074653593602
1408614082626953222
1408614082224087040
1408614083922890754
1408614101585170432
1408614114096726016
1408614116038635523
1408614116059664384
1408614122460266496
1408614126931357698
1408614130408251396
1408614130903310337
1408614135017865221
1408614145163939842
1408614145151225859
1408614146669650085
1408614157402853378
1408614158829035528
1408614173043564544
1408614173584416774
1408614175169933319
1408614186104483842
1408614189179064327
1408614194493145089
1408614203515097090
1408614212474081282
1408614218023194624
1408614218631352321
1408614232300539907
1408614233994977280
1408614251921510402
1408614254219956227
1408614262692585476
1408614270137298950
1408614271823626243
1408614277905326080
1408614288378433541
1408614296439771141
1408614297245143040
1408614310897610752
1408614327670607873
1408614329570586633
1408614330002821121
1408614336516530177
1408614336877129732
1408614336864608257
1408614340714958852
1408614341784399873
1408614348428300288
1408614359471845378
1408614367881478151
1408614378044198919
1408614379793227780
1408614385979887617
1408614386411921411
1408614391143092233
1408614399439409156
1408614409476395009
1408614415386165252
1408614418208808960
1408614419576283136
1408614419987415042
1408614449447985153
1408614456603598848
1408614466003034112
1408614470306484225
1408614476287561730
1408614480934735873
1408614482251632644
1408614491605057536
1408614497540059139
1408614500618575875
1408614500845199362
1408614503844040709
1408614504200552451
1408614505651736576
1408614506918465536
1408614507094675462
1408614510802386945
1408614511964196868
1408614515667767299
1408614516389146624
1408614517186064385
1408614518284963842
1408614521200119811
1408614538862338050
1408614551411560451
1408614553903058945
1408614558466457601
1408614574522241028
1408614576342519810
1408614585893011459
1408614587235139589
1408614601156182020
1408614602288422921
1408614605882937350
1408614607653117955
1408614611276996608
1408614629970903049
1408614633657806849
1408614637986217985
1408614641970855949
1408614647750565890
1408614652825714689
1408614660841119744
1408614679132389387
1408614685331668995
1408614696698007557
1408614705820803076
1408614711327866880
1408614711965274112
1408614719204831233
1408614724904710146
1408614732798566409
1408614734799245312
1408614738825826306
1408614745595432963
1408614746966794242
1408614747755454465
1408614758241079297
1408614767841980418
1408614768152297474
1408614769137958912
1408614781217615872
1408614781666295813
1408614784120020995
1408614792428990470
1408614801203372035
1408614810758094852
1408614811013988354
1408614811546447878
1408614824255361024
1408614825811349505
1408614826524479488
1408614827900145670
1408614832039923717
1408614854391369731
1408614859642638337
1408614863686057984
1408614872594661379
1408614879100125190
1408614882686259201
1408614884728664064
1408614887547445251
1408614890290438146
1408614895130529796
1408614895122268163
1408614905050247172
1408614911450755078
1408614915187826690
1408614916148314114
1408614918455238658
1408614930186649600
1408614931008786437
1408614936591302664
1408614940789940232
1408614944778559488
1408614946221424640
1408614948444413955
1408614953855111172
1408614956631789570
1408614960154890244
1408614966572294145
1408614973216067585
1408614981688606727
1408614990332850176
1408614993189388289
1408614997463347201
1408615001842200576
1408615011270938624
1408615011795230727
1408615017117671428
1408615023111409668
1408615034016591874
1408615050504544256
1408615062600765444
1408615064551137282
1408615068372242436
1408615076391759873
1408615082527973379
1408615084943982594
1408615089054228483
1408615095781920769
1408615099078692868
1408615099456176132
1408615108301922304
1408615112420773889
1408615123602657281
1408615124781436928
1408615133715353601
1408615139558006784
1408615144092012547
1408615146537336836
1408615146830798851
1408615151662637060
1408615159799717893
1408615163394236428
1408615165805752321
1408615173930299393
1408615176258076675
1408615187435884545
1408615190107676677
1408615195275149322
1408615199557525507
1408615213759229953
1408615219740434439
1408615225100750855
1408615232273006592
1408615233036242946
1408615238635765770
1408615241664040965
1408615251776622604
1408615260030963712
1408615263487070210
1408615274153136135
1408615274954346498
1408615278292783110
1408615280146800646
1408615280637624327
1408615282529218563
1408615286664740868
1408615291739947009
1408615298102706180
1408615307476758529
1408615310521823235
1408615310761074692
1408615310807113728
1408615317811703812
1408615323809378305
1408615325743075335
1408615326414106627
1408615332021891073
1408615333393481733
1408615333796093959
1408615338216878080
1408615342457470979
1408615344210579458
1408615352343355394
1408615355396898824
1408615355895975943
1408615363571380229
1408615367010779137
1408615369930063873
1408615376519262214
1408615380495523840
1408615381808320512
1408615390104653827
1408615394064027652
1408615394882035717
1408615401144164354
1408615406571560961
1408615411629842434
1408615413223768065
1408615415002013697
1408615415664631811
1408615421972987906
1408615423587856385
1408615427551473671
1408615432525864962
1408615432811159552
1408615451773456386
1408615453002387458
1408615455024111618
1408615474171154432
1408615487102201857
1408615489308348418
1408615489337757697
1408615492424769536
1408615492944678916
1408615497768243201
1408615498523168770
1408615503061471236
1408615503443156992
1408615503954956294
1408615509604507651
1408615515271094273
1408615518374932482
1408615518865702912
1408615524221829121
1408615530848718852
1408615532291452935
1408615535848443911
1408615539249975299
1408615549710524416
1408615554957545473
1408615555872047104
1408615558514458628
1408615561588846598
1408615561752461312
1408615569843175426
1408615577208250373
1408615578265296898
1408615586221989891
1408615588360966146
1408615588830748672
1408615590403756034
1408615595298459648
1408615596221104129
1408615596787335177
1408615599731884038
1408615603884154880
1408615614726512641
1408615619763789825
1408615620674043904
1408615628869496833
1408615631033876480
1408615635303665667
1408615639808307200
1408615642727694344
1408615643419664387
1408615663598542849
1408615665657815040
1408615667947999234
1408615668958777348
1408615671160782849
1408615674084200452
1408615688948826117
1408615694510571522
1408615703029092356
1408615710276734978
1408615711392419840
1408615717260480519
1408615719189815300
1408615738592608256
1408615748235370505
1408615760092663810
1408615764135981062
1408615774311403523
1408615774718074882
1408615780112084993
1408615782288748544
1408615782632722433
1408615784876814336
1408615801037410305
1408615805173047300
1408615805466681347
1408615811586088962
1408615825150468098
1408615833740267523
1408615841059381254
1408615840925290497
1408615858486726667
1408615861062037506
1408615869131870212
1408615872214671364
1408615878388862981
1408615890468446208
1408615906662436865
1408615914841518083
1408615920331739141
1408615956469923840
1408615960240611328
1408615971951087620
1408615973289140225
1408615974203539461
1408615978947256325
1408615979979087881
1408615983749603330
1408615985729441794
1408615988333973512
1408615988560490497
1408616002754158599
1408616002900930560
1408616011985784836
1408616013726466051
1408616014342885376
1408616017438273539
1408616019564785668
1408616021875961856
1408616021724782596
1408616022425452544
1408616023893233669
1408616024442765315
1408616026376392709
1408616041597521925
1408616047175901187
1408616048425783296
1408616060857716742
1408616081393078276
1408616084467552256
1408616089295089666
1408616090926784513
1408616093355331584
1408616121998229505
1408616125353455622
1408616129510227968
1408616135705174025
1408616138007744518
1408616138448289797
1408616154520772612
1408616156953518082
1408616162439671812
1408616175634898951
1408616196547616776
1408616208891514881
1408616212058329089
1408616216852271104
1408616224276156417
1408616227094810631
1408616229279997952
1408616231247265796
1408616232182554624
1408616248427089920
1408616248645128195
1408616250469617664
1408616254441623556
1408616263627296772
1408616264415825920
1408616288151244801
1408616298951626754
1408616326029996040
1408616328898957317
1408616328970264582
1408616329737740297
1408616332124360705
1408616334552936449
1408616337535086596
1408616337706995712
1408616351682367489
1408616357529280516
1408616361153101826
1408616366177882116
1408616383852601344
1408616406082473988
1408616407215005697
1408616408250916867
1408616410683686917
1408616411996606467
1408616413485543425
1408616418338295812
1408616422092201984
1408616422842929155
1408616437820715014
1408616438294798336
1408616439590780931
1408616445479555080
1408616456644927492
1408616457613692937
1408616460684042240
1408616462718169091
1408616463196381191
1408616470041403392
1408616470343565316
1408616471165472770
1408616477914288137
1408616479008907266
1408616485141024768
1408616489998032905
1408616500588531719
1408616500924239876
1408616504757719042
1408616509463748612
1408616525871845377
1408616525947293696
1408616529399193601
1408616535069839369
1408616536386904065
1408616543659855872
1408616546457563136
1408616556603510792
1408616559774515201
1408616560718237698
1408616563255611395
1408616571606552585
1408616577453395972
1408616587117031430
1408616587561684994
1408616589444931587
1408616589851860993
1408616591512592386
1408616597070229512
1408616606285152260
1408616610638667776
1408616616141619204
1408616621174833156
1408616631241113602
1408616636253446144
1408616639956926466
1408616643761033219
1408616669841268739
1408616682118008833
1408616684336914440
1408616684676653065
1408616692205297664
1408616693186719745
1408616697615982592
1408616702909235200
1408616704146427906
1408616710240800769
1408616710807117824
1408616718591827972
1408616723574661120
1408616723935236097
1408616734622248962
1408616749902098432
1408616749948280836
1408616750078439424
1408616754918666240
1408616760526327808
1408616764234207234
1408616765647560709
1408616780709433350
1408616793422323714
1408616794047213571
1408616797331464192
1408616801848594434
1408616831993225217
1408616844404142082
1408616844420915200
1408616855565213698
1408616858429886468
1408616863097966594
1408616865425920003
1408616866067660800
1408616871205609477
1408616879753674754
1408616883281092612
1408616893192212489
1408616895847145472
1408616905125007363
1408616905116577800
1408616908358787074
1408616908644130817
1408616911718346755
1408616914419474436
1408616915229159430
1408616917875806221
1408616927203790848
1408616930743930880
1408616937278562312
1408616940764123142
1408616955574169602
1408616960703832064
1408616965879513096
1408616966038835204
1408616966760325121
1408616973316071425
1408616974981160962
1408616983848009729
1408616984787443715
1408616984590307331
1408616985462591488
1408616986427465735
1408616988600119298
1408616989665472513
1408616989640118274
1408617001405272065
1408617008694968324
1408617022963912707
1408617023190573057
1408617036998221828
1408617045223264257
1408617053796380679
1408617073635467267
1408617078639243267
1408617081625579522
1408617082359488514
1408617084507017216
1408617092279046149
1408617098599862272
1408617098759208961
1408617137439232002
1408617138437296129
1408617155722108928
1408617171022872581
1408617171996008450
1408617174269239297
1408617181001109508
1408617199758086155
1408617219945287681
1408617221274886145
1408617223267123209
1408617223845994499
1408617224307314693
1408617230787514373
1408617237712457728
1408617241973768194
1408617259199836160
1408617265881305088
1408617266325774336
1408617270021079043
1408617279181393920
1408617299603460097
1408617309057556482
1408617319178379267
1408617324970663941
1408617329177423880
1408617329626320898
1408617340455981057
1408617345132662790
1408617345954856964
1408617351029813254
1408617353256980480
1408617366162903040
1408617381857927168
1408617384869466115
1408617395086835718
1408617400002568192
1408617414426869762
1408617415727095816
1408617416372985860
1408617435817644034
1408617439227564032
1408617449600303104
1408617451428982786
1408617459205218304
1408617463365832706
1408617485117628422
1408617487785209862
1408617496710729729
1408617502800707587
1408617511407456257
1408617519112404992
1408617521985511426
1408617523428433920
1408617524783206406
1408617531040964614
1408617533482037250
1408617535835152384
1408617538037194755
1408617539026886656
1408617549860855809
1408617551706398722
1408617554042658818
1408617561877590025
1408617561827295233
1408617566038151168
1408617569838305284
1408617571167965188
1408617572992491525
1408617581200789504
1408617583595692035
1408617585839525891
1408617596426014723
1408617599336734721
1408617600926371841
1408617608832851968
1408617618152452105
1408617631716937728
1408617634766151682
1408617636951252994
1408617644924751872
1408617646258475015
1408617665850134528
1408617671663357957
1408617677313253383
1408617689082388487
1408617690667880451
1408617692743995396
1408617695965331456
1408617717070929921
1408617721273761793
1408617731868426246
1408617742039588870
1408617752030556163
1408617755960561664
1408617756275183624
1408617760935002116
1408617764764454912
1408617765456420877
1408617767540957185
1408617767679541251
1408617770779021313
1408617781478690819
1408617783697436674
1408617785815711752
1408617789586300932
1408617801540067330
1408617803914137604
1408617811086385152
1408617816538890240
1408617822155124737
1408617844653268993
1408617851133562883
1408617853972979715
1408617856107900929
1408617856632201219
1408617874751561735
1408617879675703299
1408617883333271552
1408617885849817091
1408617886705328128
1408617893852450820
1408617895324704768
1408617902656401409
1408617907450429447
1408617924533891077
1408617929227210756
1408617967160463360
1408617975717019648
1408617984814419969
1408617986383134721
1408617995828617218
1408618000337494024
1408618015512436737
1408618015894167553
1408618020516343808
1408618020830916610
1408618024421183497
1408618024307871747
1408618025700503557
1408618037100437511
1408618045719781376
1408618046814494723
1408618048420945921
1408618048479797248
1408618051138883586
1408618081233125377
1408618082256535555
1408618089286098945
1408618092301803521
1408618097976627207
1408618099180462082
1408618111624912897
1408618113273266180
1408618118667243525
1408618121787760641
1408618131673604100
1408618139441676289
1408618142960553990
1408618145435115520
1408618151403741184
1408618154557857795
1408618157883936772
1408618161679785990
1408618170055811073
1408618170055856129
1408618171771224066
1408618172446543878
1408618175512543234
1408618182332620801
1408618184157007872
1408618184765149184
1408618191052550147
1408618203417296897
1408618204163985408
1408618206214848512
1408618207313752065
1408618213735288832
1408618218504196097
1408618226112634885
1408618232672555008
1408618237365874692
1408618243426721795
1408618247843311618
1408618250578059264
1408618254797611009
1408618263886585869
1408618264360456199
1408618269691416585
1408618269662081029
1408618273579675652
1408618284400971777
1408618302251978760
1408618306123280386
1408618306282483718
1408618308128034823
1408618312054018062
1408618312594980867
1408618317695303685
1408618318836256771
1408618319268175878
1408618322116026369
1408618322979999744
1408618330378940419
1408618331809144838
1408618334942380033
1408618343318310913
1408618344501198849
1408618349043470336
1408618350612205570
1408618355112570883
1408618361039200256
1408618365262909443
1408618369914376192
1408618380475604993
1408618385546657798
1408618386695786498
1408618389640257538
1408618392215601153
1408618396019617793
1408618397311569924
1408618404571979778
1408618414801707014
1408618420384329728
1408618422246719489
1408618431063248897
1408618431415521289
1408618433227329537
1408618440135516162
1408618441678880768
1408618444656984065
1408618449408987140
1408618481440931845
1408618484179910660
1408618487023497216
1408618488688742401
1408618491691687941
1408618515360272384
1408618518199799814
1408618533173477383
1408618533735387136
1408618535794974721
1408618540953862144
1408618562843856896
1408618570540634113
1408618570523705344
1408618576177598472
1408618583958036483
1408618585111425027
1408618586554388482
1408618586910826498
1408618586940264465
1408618589905588234
1408618597564379138
1408618598600482816
1408618629009219590
1408618655726784514
1408618673573486595
1408618678967545861
1408618685758021642
1408618693098151936
1408618696134643713
1408618703000768514
1408618706213683200
1408618708478595077
1408618713096544257
1408618732897792001
1408618740162334720
1408618749314355201
1408618750299893761
1408618752091082754
1408618752883580931
1408618754058211332
1408618763444961285
1408618767660326915
1408618769774223374
1408618784127172608
1408618785565675521
1408618789566967813
1408618792075333635
1408618800753283072
1408618805585235971
1408618808068263942
1408618810668634113
1408618818105004036
1408618822446194692
1408618826460057603
1408618832281976835
1408618850770378754
1408618867782565888
1408618868579393536
1408618887009210369
1408618903073439752
1408618908341448707
1408618914221682689
1408618926242775047
1408618930462203908
1408618936896299012
1408618938628554757
1408618948564762625
1408618952209711106
1408618954566750209
1408618955665645568
1408618964570230786
1408618991720058881
1408618994089738244
1408618995637317637
1408619006454423557
1408619016604852232
1408619021184929792
1408619029359562752
1408619034560528388
1408619035185532930
1408619054525526025
1408619059705438212
1408619060854730754
1408619071671734282
1408619071827025924
1408619083730501635
1408619088960651273
1408619092584525828
1408619121445642242
1408619127330254848
1408619133739077634
1408619134494068739
1408619138222903296
1408619139598458883
1408619158984667137
1408619164294602754
1408619169428430848
1408619183202516994
1408619187052941312
1408619188718030851
1408619191612186632
1408619203758747648
1408619205579132933
1408619227712417796
1408619230749208576
1408619232162684930
1408619236696616965
1408619243403362307
1408619249136934917
1408619252291031047
1408619252890750976
1408619253356453889
1408619257815044098
1408619268007239680
1408619269437329410
1408619271874236419
1408619272771981314
1408619276626382851
1408619278522372096
1408619289528078339
1408619289406541830
1408619290828447746
1408619295999815683
1408619300076785666
1408619307387568130
1408619315285352448
1408619320901521413
1408619331655815175
1408619333052403712
1408619334105288704
1408619343299104768
1408619344519643136
1408619353122037760
1408619353273094147
1408619362903228417
1408619365004578816
1408619368783699974
1408619370029387781
1408619372902506499
1408619373200220160
1408619376773840897
1408619384659083264
1408619391596470272
1408619395757215746
1408619399905374208
1408619406343692288
1408619407660748802
1408619410257031169
1408619420109344768
1408619431043997699
1408619432105099268
1408619441949134850
1408619448647311363
1408619452036390912
1408619453063917570
1408619468683501574
1408619477839888384
1408619478645047301
1408619478888427520
1408619488128376835
1408619491991322639
1408619499352375296
1408619510907682820
1408619514325995520
1408619523914145792
1408619525570842628
1408619528053919745
1408619529626959875
1408619530633498624
1408619547335303171
1408619563583885314
1408619581569183747
1408619606659457032
1408619622874550273
1408619627295346692
1408619631854559232
1408619635117891591
1408619636996837376
1408619638322352129
1408619648749277194
1408619651941212162
1408619657016250371
1408619657863393289
1408619663886630915
1408619677912338434
1408619703598264322
1408619732635316227
1408619736628269056
1408619748691218435
1408619753447604226
1408619754240237571
1408619768773439491
1408619799371030530
1408619806371336199
1408619816009682945
1408619818870210564
1408619825740632070
1408619826730487808
1408619830408851457
1408619839753801732
1408619840416321537
1408619848561790980
1408619848951685121
1408619855285153792
1408619863082373125
1408619874998386688
1408619881940008962
1408619909265887233
1408619909865783302
1408619914060087303
1408619917809569795
1408619923077619714
1408619927871930368
1408619939544633345
1408619940312137738
1408619942723850243
1408619948189138944
1408619965587021827
1408619973929537536
1408619975754063873
1408619982213296133
1408619984323059712
1408619984314535938
1408619991700754433
1408619994934513665
1408620019093757952
1408620026257498118
1408620031760556032
1408620036131110919
1408620037020143616
1408620037989146629
1408620040149032960
1408620044637114370
1408620044729212928
1408620045505372162
1408620056636968962
1408620058608291840
1408620078703079424
1408620107794993153
1408620118855270400
1408620143354187777
1408620144478334976
1408620150589325320
1408620150656356357
1408620161435770882
1408620163163996160
1408620172844228610
1408620177420214277
1408620178057809920
1408620185024618497
1408620186278707203
1408620188925313028
1408620193312657409
1408620209271754752
1408620226825097219
1408620228632846338
1408620241689645057
1408620252909481989
1408620253752532992
1408620256600367111
1408620261470003200
1408620262208180225
1408620265018376192
1408620274203963397
1408620280361144321
1408620281573302277
1408620284530266115
1408620292751204352
1408620299516465155
1408620303710830595
1408620307749896192
1408620313395539971
1408620328268484612
1408620332836065282
1408620336157966336
1408620338410409985
1408620351077064704
1408620369804627970
1408620381296939008
1408620397017415683
1408620399097573378
1408620399903055877
1408620417800081409
1408620427967074304
1408620435596627972
1408620438503137289
1408620442064146441
1408620445012746245
1408620454005329921
1408620466722545664
1408620473961881609
1408620477703024640
1408620481192685577
1408620482748899328
1408620484321710082
1408620498469064708
1408620500390121473
1408620501333798917
1408620502722117635
1408620508359262209
1408620509391118340
1408620512368943106
1408620514667646981
1408620520946479107
1408620529410625536
1408620537606197248
1408620541943025664
1408620556677697540
1408620559307624449
1408620566433742852
1408620586914484235
1408620587774316550
1408620593189167107
1408620594934038528
1408620606753476615
1408620610402533381
1408620610507329540
1408620615498616834
1408620616970752007
1408620619197870081
1408620626735099906
1408620635027247108
1408620647572516866
1408620657244581894
1408620667231109122
1408620682196533253
1408620685799280641
1408620691348459523
1408620723816472577
1408620727520038917
1408620730464432136
1408620738953637890
1408620741856223235
1408620752560082947
1408620753726017536
1408620755252920324
1408620765130407939
1408620770541117443
1408620788324859911
1408620812488347662
1408620826614657030
1408620836269948930
1408620838467813380
1408620842372665344
1408620868784164864
1408620871653249024
1408620873666359298
1408620879467016194
1408620879832129536
1408620889088929792
1408620891345506311
1408620891467026435
1408620894071701504
1408620905270444036
1408620922270064640
1408620927777226755
1408620929203146753
1408620934466994178
1408620953190354951
1408620953634963456
1408620966649884679
1408620979660759043
1408620989030797314
1408620994588073987
1408620995448131586
1408621001605255168
1408621003874484224
1408621005937983493
1408621011000381440
