1326162709277270017
1326162801660923904
1326162815367983106
1326162886872461312
1326162941415223296
1326162956250386432
1326163017403396098
1326163105534111744
1326163191915827201
1326163224027406336
1326163272647782403
1326163283821404160
1326163308483911683
1326163351886581760
1326163406202744832
1326163433029570560
1326163446140964864
1326163494178156544
1326163532849836033
1326163556660895744
1326163603083440129
1326163633764782083
1326163647844986881
1326163653964439552
1326163666341941248
1326163700353437696
1326163721421459457
1326163726043668481
1326163804913332227
1326163830704136195
1326163879165124609
1326163971519500288
1326164012766167041
1326164024686501889
1326164028549435392
1326164116558458880
1326164142277922816
1326164147524923394
1326164413251018752
1326164460332064770
1326164504057696263
1326164504594554880
1326164510588231683
1326164685524234244
1326164728603836416
1326164756085006340
1326164887219937287
1326164990458531842
1326165069810511872
1326165096817553409
1326165103314657280
1326165173271408640
1326165212517470208
1326165217697550337
1326165308109885445
1326165327705563137
1326165425399455744
1326165428335357954
1326165443585957888
1326165448174481409
1326165484803387393
1326165487324164097
1326165521448886272
1326165567699623938
1326165607029436416
1326165700633894913
1326165714189881346
1326165805487312899
1326165841696665603
1326165891889963010
1326165916372045825
1326165986580557824
1326165989973774342
1326166097628901376
1326166098677395456
1326166167103401984
1326166202847211521
1326166214389993473
1326166217858691080
1326166228231200768
1326166337660588032
1326166353590546433
1326166369046573060
1326166388755619842
1326166475468644356
1326166506158362624
1326166516753174528
1326166538492153860
1326166578568724482
1326166740838064128
1326166768457551872
1326166871629066241
1326166899168862209
1326167148574748672
1326167238286651397
1326167277922873351
1326167357178458112
1326167377269026816
1326167397728997377
1326167419400806400
1326167429790228480
1326167561411719170
1326167684363399168
1326167685110112257
1326167716680626176
1326167750616682505
1326167772456480768
1326167812637827073
1326167862319394816
1326167927213740033
1326167939205181440
1326167955080613888
1326168040707338243
1326168053969805312
1326168062089891841
1326168066565283842
1326168116003565568
1326168118947844098
1326168145703350272
1326168191870111745
1326168206776672257
1326168273054994432
1326168287550427136
1326168317133000704
1326168357456945152
1326168374251036672
1326168643047198720
1326168676815396869
1326168770994446336
1326168818314604545
1326168867165573120
1326168895783399425
1326168929480355843
1326168960505671680
1326169003702759425
1326169014607949824
1326169049286447111
1326169096103350272
1326169143687704576
1326169247886741505
1326169486794371073
1326169510374633472
1326169523515510789
1326169539558567936
1326169586333528065
1326169659763290115
1326169671423365121
1326169738939129856
1326169796988170240
1326169797617463299
1326169889703387136
1326169889967497218
1326169895663529984
1326169935593222145
1326170010256076800
1326170031479164928
1326170159963312129
1326170366604140544
1326170424791740416
1326170433440395264
1326170475681230849
1326170523143954433
1326170633466597376
1326170650952818690
1326170806724878337
1326170944994496512
1326170955379601411
1326170958550458368
1326170966158954497
1326171048111464451
1326171057250656256
1326171062204297216
1326171091920965638
1326171145796788224
1326171199915888646
1326171286762971136
1326171328777342976
1326171332283871232
1326171333013630977
1326171336448806913
1326171362155659264
1326171379624972294
1326171405805826050
1326171414441959427
1326171615705636865
1326171768613195776
1326171787047149568
1326171981843193856
1326172055428075521
1326172139288993792
1326172328158507010
1326172331182616576
1326172348777701377
1326172351394840577
1326172417178259461
1326172419506139137
1326172425504092160
1326172520412717061
1326172520916148224
1326172575039414278
1326172584233349122
1326172702688776195
1326172727737245696
1326172730010562560
1326172820959875072
1326172897984073728
1326172919488081921
1326172929130782720
1326172962421051393
1326172974819520514
1326172999192612869
1326173012794732545
1326173049905950722
1326173058319716353
1326173109876121600
1326173156264927232
1326173208471539713
1326173273034424321
1326173355272265728
1326173402386878466
1326173445411934209
1326173483886407680
1326173522738155522
1326173564979044352
1326173649427193856
1326173672810438656
1326173754901323776
1326173787105206275
1326174027153600514
1326174029884043265
1326174052331950080
1326174139737141249
1326174170955177985
1326174170795937797
1326174199292026883
1326174231487451138
1326174328615038976
1326174332004003841
1326174453995352064
1326174474438324231
1326174540653879297
1326174545062006784
1326174615341735937
1326174756278857728
1326174789082488832
1326174812151009280
1326174813811953664
1326174906518630401
1326174910474031108
1326174954149306369
1326175030749913088
1326175055336906753
1326175087779786755
1326175121434931201
1326175178015952896
1326175200803745792
1326175378772287489
1326175746851819525
1326175795484745730
1326175850484559873
1326175912023371777
1326176141535801344
1326176162360463360
1326176172179402754
1326176194262282240
1326176222523613184
1326176610635034624
1326176632495894535
1326176662015315972
1326176664523517952
1326176797399150593
1326176891871633409
1326176893079580673
1326176910376906754
1326176934829625345
1326176967230705666
1326177199930609664
1326177296030572545
1326177309313822722
1326177332004990976
1326177335754715136
1326177574536556544
1326177617628680193
1326177675212288000
1326177677762420736
1326177736491216896
