1329756500353544194
1329756723448569857
1329756848237514752
1329756915228958721
1329757112843595781
1329757155302453250
1329757199451746304
1329757282989649920
1329757405731762177
1329757415319941123
1329757447058288643
1329757511205810176
1329757534547218432
1329757587659763714
1329757683906330625
1329757725866274816
1329757731574714369
1329757836683960320
1329757864026628097
1329757903234985984
1329757930862895105
1329757969148497920
1329758009623449606
1329758025968541696
1329758167534854144
1329758245163032579
1329758445734686725
1329758489137262594
1329758494266781697
1329758497051975682
1329758587288129536
1329758602698125313
1329758642858586113
1329758771573387264
1329758929363066881
1329758989740101633
1329759092022325250
1329759093859508232
1329759124901531649
1329759205079695362
1329759314505043970
1329759383190900738
1329759390136676353
1329759457019129857
1329759570059812864
1329759570617651201
1329759674225336323
1329759801224605696
1329759877800058882
1329759879280594945
1329760064916267010
1329760074458406912
1329760101763325953
1329760171149680642
1329760389362569216
1329760509202100226
1329760526327398400
1329760574360653826
1329760597337059335
1329760784985931776
1329760795102638081
1329760856666755072
1329760944902336512
1329760989496168451
1329761145113153536
1329761204345188353
1329761207692234754
1329761251313020930
1329761259093422089
1329761306958770177
1329761372624748550
1329761483635482624
1329761518871785474
1329761585561292802
1329761612102823942
1329761684936863746
1329761851043876867
1329761900981329921
1329761907675258881
1329761983818764288
1329762008078618627
1329762147325370369
1329762197938069508
1329762333355175938
1329762482454294529
1329762483981135873
1329762517531430913
1329762689598582784
1329762807903121408
1329762823119974401
1329762911078768651
1329762947149787136
1329762994079805441
1329763011586736128
1329763018624872454
1329763025046351873
1329763067341774848
1329763200758386692
1329763201928597505
1329763202700341248
1329763406627352576
1329763429603827716
1329763440043446275
1329763664208027649
1329763664971358211
1329763677998899200
1329763713176526851
1329763722081021956
1329763780562128897
1329763850355433473
1329763859754790914
1329763963521863682
1329763994090041346
1329764053762371584
1329764181210370049
1329764360156295172
1329764596463398915
1329764602071101444
1329764623743152130
1329764838688628741
1329764931173044225
1329765326154731521
1329765387387478017
1329765412192612352
1329765433898131457
1329765441951068161
1329765514265071617
1329765794650132483
1329765909804662785
1329766010195423232
1329766147030474752
1329766221731008517
1329766243914625026
1329766292757372930
1329766374466437123
1329766407479980034
1329766537318772737
1329766596806651905
1329766666604072961
1329766898054144000
1329766934422970369
1329766954085863425
1329766956086517763
1329766985652072448
1329767039381200902
1329767105378521094
1329767118716497922
1329767408920391681
1329767609806499845
1329767643914465281
1329768024832806916
1329768198766555137
1329768370359705602
1329768441255927808
1329768514975100928
1329768536974254081
1329768646000873473
1329768743510167552
1329768828977385472
1329768923408035840
1329769092937625600
1329769112063512577
1329769118661185537
1329769208482312194
1329769240489037831
1329769275670794247
1329769298898915328
1329769364913008641
1329769459096178689
1329769644299857921
1329769856661676038
1329769885421989892
1329769945845133318
1329770099809669120
1329770106902224897
1329770110131843072
1329770421814640642
1329770528912019456
1329770579210211330
1329770613741813761
1329770789428748291
1329770943066017795
1329771038935138304
1329771142157131776
1329771197022736385
1329771286629933057
