1328895756154118144
1328895806909210626
1328895858159489024
1328895888689868801
1328895968440270848
1328896215711408129
1328896257431990275
1328896327376396292
1328896344874881024
1328896709431230465
1328896788636418048
1328896917502365698
1328897005742120960
1328897096359899136
1328897112030015489
1328897156678373377
1328897171425517568
1328897195009982466
1328897391165108224
1328897436534927362
1328897530856353793
1328897552209518593
1328897602700492801
1328897678227476481
1328897811375665155
1328898062874333184
1328898225420574720
1328898229417644034
1328898372347047937
1328898376469889024
1328898395352698882
1328898584381558786
1328898590228492289
1328898670549299203
1328898757761642496
1328898768859762690
1328898856268951552
1328898943783059458
1328898946324828160
1328899000410411008
1328899014318821376
1328899059747233793
1328899064172253184
1328899078273585155
1328899081977081857
1328899085294776324
1328899124880556037
1328899149551579137
1328899269902798848
1328899273581355010
1328899361967910917
1328899380053647361
1328899430343327746
1328899504439918594
1328899589320151049
1328899680567136256
1328899711596687362
1328899817100222465
1328899851401129990
1328899855159238656
1328899931176906754
1328900137696055298
1328900232105652226
1328900450276425729
1328900615460646912
1328900803449511936
1328900821665402881
1328900842729205760
1328900923419217922
1328900932994813952
1328901029346369538
1328901034769408002
1328901047440584710
1328901088838262785
1328901102201278465
1328901128759746560
1328901130974322690
1328901137840427017
1328901191003033601
1328901198129278978
1328901244115513346
1328901286482350085
1328901301363642368
1328901321953603585
1328901327120961538
1328901363892244481
1328901425116700675
1328901438253068297
1328901469366603777
1328901509065523200
1328901662900150273
1328901672446398464
1328901674656800768
1328901735969157120
1328901798573256706
1328901946074402817
1328902073140842496
1328902082213122049
1328902087288053761
1328902100680642565
1328902126140088321
1328902200765132800
1328902205374668800
1328902265550192642
1328902293626912769
1328902467992612866
1328902503568576513
1328902536388960256
1328902671714062338
1328902845337280512
1328902856783478785
1328902861808349187
1328902897388695553
1328902936437673984
1328902961364348928
1328902999750545408
1328903023188328450
1328903048811319297
1328903188154609664
1328903211739181056
1328903353200381952
1328903430182735872
1328903630951366656
1328903665671757824
1328903716360003584
1328903725876908032
1328903746043121666
1328903843963432961
1328903994186502144
1328904100704964609
1328904112713424898
1328904120535683072
1328904127808753670
1328904204405133317
1328904366938599425
1328904440129077251
1328904453332762626
1328904460777771011
1328904614754873344
1328904637894848514
1328904646669242368
1328904663043891203
1328904687165333506
1328904772569600000
1328904959908327426
1328904966455619585
1328905140288499712
1328905254302326785
1328905561145008138
1328905571076960256
1328905704317485057
1328905889013768192
1328905931548200960
1328906053673754626
1328906161890811916
1328906178311696384
1328906197609615363
1328906236839026694
1328906240588701703
1328906317520486400
1328906327775711235
1328906764612464641
1328906789476208645
1328906868719292417
1328906991121608709
1328907161485848578
1328907213696450561
1328907301219135488
1328907318189305860
1328907336996581376
1328907398426337280
1328907528764223488
1328907559143673860
1328907583420186625
1328907609022341125
1328907627473014785
1328907712411779074
1328907761913122818
1328907847409786887
1328907868213547008
1328907886710427650
1328908099806253056
1328908489499009025
1328908499611480065
1328908577310969859
1328908578003046401
1328908629987221505
1328908637385977856
1328908766247591937
1328908835558477826
1328908968446443520
1328909155004944386
1328909169953484800
1328909181336891392
1328909220146802689
1328909232872116225
1328909345929764872
1328909370525159425
1328909524749721600
1328909648007733249
1328909655821709313
1328909710288941058
1328909868728684547
1328909921304371200
1328910127571873795
1328910237353594880
1328910345918951427
1328910451699314690
1328910520532000768
1328910628153540608
1328910760827777027
