1325287195025010689
1325287366278275072
1325287701923459079
1325288359367938048
1325288577261948928
1325288743562063873
1325288861900156934
1325288863712104448
1325288976811520000
1325289178163269632
1325289355448000512
1325289382669144065
1325289508808486912
1325289641398968320
1325289656632619008
1325289900724297728
1325290092802547713
1325290199379816448
1325290367537741824
1325290438354497536
1325290582604984323
1325290646853267456
1325290878160744448
1325290896536068096
1325290923425755136
1325291336988307457
1325291451090153472
1325291455317938176
1325291550243344384
1325291600138956800
1325291899167649792
1325292145046122496
1325292162259546112
1325292301606739968
1325292587536691200
1325293128044044288
1325293254238113793
1325293395493982209
1325293573604954113
1325293600465412097
1325293694996541442
1325293762805985280
1325293875032944641
1325294234929418240
1325294402403766272
1325294703600939008
1325295269878116352
1325295436048035840
1325295630928011269
1325295980799995910
1325296023141412865
1325296236937818112
1325296560012341249
1325296616534847488
1325296750131875840
1325296767697612800
1325297080995340289
1325297194782629888
1325297874880454657
1325297972771516418
1325298160483389441
1325298306801573889
1325298434060947456
1325298571374174208
1325298907262414850
1325299022475747328
1325299123642359808
1325299233440886784
1325299234602692610
1325299887613890562
1325300469447729160
1325300634451550210
1325300794741190656
1325300807093293057
1325301477762609153
1325301541620813824
1325301602912178176
1325301608998113281
1325301744067203073
1325301816402333696
