1423192025306828800
1423192028670697474
1423192028922335239
1423192029073264640
1423192031153819649
1423192031363436545
1423192037508227073
1423192040507158530
1423192043568893952
1423192048283398148
1423192048253825025
1423192051538186240
1423192057540009986
1423192057871540228
1423192063189921794
1423192067170344961
1423192074669658114
1423192077303754753
1423192081938456576
1423192084220190721
1423192084681531392
1423192085591695360
1423192089865691138
1423192090771525634
1423192095565615107
1423192096572383234
1423192103186681856
1423192103429935104
1423192115111088131
1423192117170499585
1423192118328107010
1423192118525374466
1423192119988998148
1423192120332980225
1423192123596288003
1423192123742973958
1423192124095406081
1423192125194244098
1423192127798972417
1423192144789983232
1423192148946657281
1423192153774198784
1423192156756455424
1423192159361011713
1423192162666041345
1423192167950991361
1423192169246908419
1423192175743885315
1423192176851357698
1423192180915593216
1423192190835113986
1423192191652876289
1423192193540493316
1423192195457331202
1423192197650857984
1423192198569512963
1423192203611017218
1423192204047097858
1423192204672073728
1423192210288353281
1423192218307756034
1423192218395832321
1423192219712897024
1423192220539277313
1423192227623358464
1423192230630547457
1423192232111349762
1423192241330442247
1423192241225576451
1423192243838595081
1423192244228694017
1423192244975063042
1423192246023712772
1423192254844268549
1423192255171530754
1423192258845843458
1423192259261079553
1423192260594835461
1423192263375654913
1423192267133685762
1423192272636682242
1423192274951884801
1423192285798359041
1423192286809182214
1423192289204187137
1423192294170120195
1423192294740664320
1423192300642050049
1423192302005243905
1423192304538423298
1423192308720230401
1423192310632927239
1423192321999450112
1423192324511653891
1423192328274120706
1423192330325143555
1423192348389949441
1423192349056905218
1423192350382202881
1423192358787616769
1423192374780510209
1423192375757791235
1423192377225883649
1423192380195344385
1423192384217784320
1423192386503680001
1423192391482155009
1423192403804966913
1423192403842850826
1423192408154595329
1423192411342135296
1423192411711303682
1423192412483117066
1423192415024861184
1423192418929754113
1423192422952091654
1423192427574308869
1423192430552272900
1423192432120893442
1423192432339034112
1423192437904789504
1423192444452102155
1423192449330016257
1423192450928107521
1423192451527938052
1423192455365619716
1423192456233996289
1423192461996957698
1423192466807734272
1423192468984459265
1423192472247734276
1423192472767799299
1423192472834949122
1423192474235793411
1423192481211031554
1423192482934923264
1423192483429711875
1423192486592266240
1423192486915153920
1423192496927084545
1423192510478782465
1423192518997397505
1423192522667483139
1423192524001144834
1423192533060919298
1423192535875432452
1423192545652318209
1423192550446358530
1423192553680211971
1423192553881473026
1423192558302269440
1423192563079593987
1423192566925873153
1423192567202689028
1423192569006022659
1423192578133012480
1423192593610022913
1423192595837210626
1423192600308236291
1423192606708805634
1423192610634702848
1423192616171188224
1423192633791242242
1423192634634346496
1423192636337364992
1423192636748410882
1423192643081756678
1423192644407205899
1423192646068043779
1423192646630133760
1423192652128862214
1423192653999509507
1423192655127793664
1423192655199031302
1423192662484688896
1423192665198321664
1423192671804432385
1423192693518127105
1423192694021529610
1423192696500330502
1423192697037262854
1423192696999579652
1423192697376890881
1423192698169827331
1423192700627689474
1423192702028419074
1423192706994499584
1423192708873601028
1423192723142561796
1423192725583798273
1423192728406478848
1423192731711467523
1423192746928578560
1423192753203204096
1423192758185992194
1423192767853850627
1423192769829515265
1423192770429267969
1423192777966460931
1423192783255441412
1423192783796441093
1423192785918824449
1423192787105812482
1423192792805879811
1423192799583752197
1423192808941314048
1423192809427771397
1423192810728136705
1423192813890641920
1423192816167968768
1423192835759566850
1423192837504516096
1423192837546332160
1423192840650244097
1423192854629847044
1423192860510232581
1423192876373118977
1423192879170822149
1423192880768761860
1423192886598901760
1423192889111240706
1423192889442455552
1423192896262397956
1423192901744533510
1423192904441470977
1423192907767422981
1423192908597972995
1423192915661099011
1423192916118310915
1423192921503723520
1423192926360948736
1423192928118353922
1423192933176598530
1423192935017979905
1423192943326756865
1423192944023048192
1423192950163529732
1423192952977854466
1423192954718535681
1423192955423125505
1423192959743299585
1423192971562848256
1423192982421921793
1423192984540045313
1423192991880028163
1423192993054576644
1423193003716485126
1423193006816043009
1423193008233648133
1423193010146357252
1423193011895377920
1423193013992501248
1423193019075923968
1423193025325371393
1423193031109496834
1423193031914622978
1423193034129293319
1423193040408219650
1423193046124941312
1423193048830390275
1423193048792588289
1423193050168320000
1423193054211678209
1423193054685638659
1423193054698213377
1423193056757551108
1423193056703037442
1423193060461084675
1423193061723574274
1423193061153202178
1423193062180753409
1423193063384440833
1423193063518785541
1423193068090531845
1423193069462065160
1423193070229622789
1423193072486084608
1423193074541338628
1423193079838806017
1423193079973138432
1423193082732761091
1423193087212412928
1423193088642666496
1423193092757221388
1423193104501313538
1423193105851891715
1423193108104294400
1423193110302056449
1423193115901505538
1423193118367784960
1423193118376140800
1423193118388654082
1423193122029248514
1423193124080394241
1423193131927973888
1423193133760778241
1423193135643910149
1423193138080845829
1423193140446466050
1423193142925352969
1423193144200400896
1423193145437822977
1423193148784889858
1423193156632289281
1423193158104535041
1423193162395258882
1423193163070676992
1423193164345757701
1423193165708804096
1423193166937739266
1423193169231974403
1423193172214157314
1423193176999792647
1423193177763328001
1423193180405653504
1423193180502102018
1423193181458415618
1423193183509368834
1423193184046252032
1423193187384954882
1423193189889024008
1423193190757277697
1423193192745377793
1423193194108424196
1423193206100041729
1423193207689592832
1423193208209641477
1423193211162431488
1423193215264559105
1423193218389262337
1423193232708493316
1423193234151518210
1423193235242029056
1423193239645868032
1423193241717919751
1423193247556505602
1423193256108638214
1423193282184630272
1423193282746765312
1423193286349529091
1423193293328846849
1423193294817972224
1423193297456189442
1423193297695109120
1423193298131374080
1423193298936676356
1423193315516682241
1423193321812414464
1423193327344705537
1423193327701213185
1423193334139342848
1423193334437273602
1423193341705932805
1423193344499339266
1423193349457072128
1423193352317583362
1423193352665763842
1423193353227837441
1423193353684807681
1423193356042178561
1423193363893813253
1423193372198678529
1423193379635187716
1423193385893044224
1423193387226836992
1423193390213058561
1423193397917982721
1423193398794760194
1423193404255637506
1423193405111296001
1423193409238429696
1423193409578315783
1423193410341462017
1423193415739715584
1423193417891270660
1423193417920782340
1423193427009736707
1423193432600743943
1423193438590173185
1423193446517407744
1423193452322299904
1423193454973227012
1423193455480606723
1423193460517982213
1423193463043018755
1423193463416401923
1423193476045312000
1423193481741221888
1423193483704160258
1423193484857683968
1423193485713104898
1423193501412569097
1423193505686511618
1423193507162959872
1423193512099696643
1423193517250252803
1423193519066210304
1423193519674462209
1423193529073995777
1423193529740845057
1423193533356388352
1423193537026330631
1423193541107347458
1423193542747361281
1423193547449290753
1423193561063993346
1423193561407934465
1423193562301308933
1423193567204454402
1423193568936534019
1423193577354563586
1423193595171905540
1423193599437590530
1423193605695361032
1423193611412324354
1423193613014650881
1423193614608486401
1423193615707344896
1423193621415796742
1423193635152072704
1423193640906678277
1423193641443463168
1423193641661702146
1423193644119568384
1423193645465829382
1423193648947150850
1423193651606396928
1423193652151599107
1423193653346897920
1423193657423896577
1423193660410109954
1423193670103179268
1423193671122489346
1423193671978176515
1423193673546797059
1423193675400720385
1423193678097625090
1423193678521278464
1423193686628868099
1423193692614049798
1423193694023335939
1423193696258904065
1423193697227788298
1423193699798818820
1423193703477248007
1423193705045975040
1423193711467450368
1423193713476571138
1423193715355660289
1423193719021264897
1423193720040603648
1423193720346664960
1423193721344978948
1423193724054646786
1423193726277627905
1423193733550518276
1423193734771089409
1423193737031610375
1423193737950269444
1423193739753754625
1423193746565439495
1423193750906548231
1423193758552657923
1423193763623620613
1423193766010265605
1423193768707067908
1423193769139113992
1423193775090790406
1423193776223309824
1423193776571523073
1423193776609271810
1423193790433665031
1423193793902391298
1423193794263097346
1423193796725018625
1423193797060489221
1423193798562230272
1423193800445288449
1423193801259028485
1423193802337046530
1423193806762135556
1423193806908923906
1423193810675376130
1423193811451367424
1423193818740903938
1423193823845490690
1423193829650296832
1423193832317853698
1423193833400061953
1423193834129874944
1423193835220389888
1423193841931276295
1423193844108103680
1423193844833611780
1423193851456626688
1423193855680200705
1423193858326728706
1423193863087398912
1423193865209610240
1423193866895863811
1423193873350676482
1423193879340326914
1423193879948394497
1423193882058059778
1423193891793031174
1423193892204302340
1423193900311793664
1423193905697378306
1423193913385443329
1423193919697862659
1423193921266491393
1423193922734592002
1423193925624352776
1423193932008235009
1423193933337792512
1423193935766192128
1423193936697384962
1423193943609511937
1423193947778789382
1423193950219771906
1423193952111546368
1423193957106782210
1423193959392858114
1423193964275027971
1423193975532531718
1423193979227627520
1423193979906977794
1423193981844967425
1423193984390864896
1423193985628114945
1423193985871458304
1423193986416717827
1423193992544538624
1423193995514052608
1423193997607149568
1423193999125450755
1423193999930703873
1423194004930367491
1423194007476183044
1423194012790390784
1423194013151031297
1423194014191214592
1423194019765489665
1423194023745839104
1423194025767575554
1423194026442956802
1423194028208648196
1423194029471133697
1423194033342410755
1423194036530122755
1423194037104820233
1423194037700501505
1423194051080163331
1423194057325563905
1423194058378391553
1423194062270738432
1423194067895083009
1423194075000295424
1423194079244951556
1423194080402558981
1423194085167452161
1423194085284667395
1423194086895349760
1423194090909298688
1423194092310188033
1423194095292399617
1423194096265404418
1423194102657597441
1423194103416754179
1423194103831883776
1423194104473686018
1423194105576841221
1423194112346398725
1423194116838633472
1423194116842688515
1423194118336000003
1423194119434813450
1423194120311304197
1423194120525434890
1423194122538659840
1423194122832261123
1423194132776951808
1423194135931015170
1423194144936181762
1423194150002860033
1423194151709982721
1423194157007441920
1423194161226731521
1423194161692516355
1423194163588124679
1423194169992892419
1423194171637215234
1423194179140739074
1423194187038666754
1423194188846288898
1423194194919792645
1423194200091381760
1423194202058407938
1423194202280800263
1423194204360957955
1423194206009503745
1423194206928097283
1423194209629003777
1423194209780174849
1423194210933432322
1423194214716817412
1423194214830051328
1423194220471492608
1423194222392496129
1423194225995300865
1423194229359235072
1423194231565283330
1423194231640834051
1423194231850606592
1423194232332996612
1423194235600351233
1423194245335224322
1423194247386341377
1423194247864328193
1423194249768574976
1423194252822077441
1423194253333762048
1423194254726209537
1423194255409893381
1423194256085291011
1423194256634753024
1423194263874060290
1423194266923327488
1423194267380559874
1423194271356760066
1423194290474291200
1423194291233607683
1423194299135668224
1423194299261280265
1423194305204690951
1423194307331231749
1423194307473850371
1423194308245696514
1423194308732080139
1423194309201965057
1423194310518796293
1423194315959029761
1423194321512058881
1423194323307438081
1423194326771793927
1423194329154269187
1423194336120954886
1423194340629770241
1423194341619634180
1423194346799566848
1423194356454887425
1423194358568865794
1423194368257654787
1423194372162560004
1423194375081824256
1423194380614213634
1423194384795938816
1423194386263908352
1423194388289687552
1423194390294585348
1423194390865059842
1423194400000069636
1423194401866616832
1423194402416205825
1423194402680315906
1423194406161633280
1423194408598470660
1423194414311120902
1423194414663438344
1423194417482117121
1423194418488692739
1423194418861907970
1423194421198147585
1423194422364315648
1423194428479623172
1423194432132718593
1423194432661295106
1423194436100444160
1423194439464407040
1423194442035572737
1423194444640161794
1423194450281521154
1423194450600239104
1423194461409103874
1423194473157341185
1423194475455782914
1423194481650774016
1423194488621592580
1423194500722307076
1423194501758087168
1423194502525722624
1423194505780424707
1423194508171169793
1423194510859902977
1423194511925202944
1423194515255533568
1423194515393835012
1423194517025411078
1423194519281967104
1423194520150323206
1423194522100637696
1423194535031709700
1423194545102233608
1423194545727016960
1423194547052548096
1423194550831665154
1423194554384093187
1423194554526621697
1423194557810978816
1423194562579730435
1423194568959225862
1423194569265586177
1423194571165495305
1423194573359169537
1423194575061938178
1423194576265883650
1423194577310257157
1423194577943638392
1423194580661510145
1423194588760715264
1423194591948382208
1423194597040271360
1423194599468711937
1423194602362740737
1423194609832927233
1423194611980410880
1423194617013485568
1423194622109618176
1423194625133596673
1423194629441302528
1423194630057775107
1423194631332941829
1423194634629513220
1423194644091899904
1423194645320769536
1423194650559533057
1423194656347615232
1423194660814483460
1423194662068686850
1423194666464210945
1423194666929901569
1423194669027004416
1423194674081288192
1423194691479220225
1423194695908290568
1423194707061055488
1423194709564936196
1423194711699820547
1423194712379432960
1423194712740143105
1423194713646157824
1423194717815115778
1423194717789978626
1423194719081824258
1423194720071602177
1423194720449167362
1423194723003641858
1423194730070953987
1423194734592409602
1423194743501099008
1423194743693922305
1423194745153724419
1423194745875042308
1423194750950199302
1423194763273117696
1423194769388236801
1423194770952830976
1423194776241856515
1423194782814425090
1423194786064961542
1423194794466103297
1423194794315042818
1423194802066128897
1423194807787130884
1423194807803863040
1423194812950384643
1423194815173316612
1423194816947449862
1423194818650464260
1423194820617535494
1423194821204881415
1423194822228205570
1423194826837737474
1423194828125478915
1423194828578435072
1423194832839843841
1423194832961523712
1423194839026442242
1423194843220627457
1423194850157944834
1423194850535436294
1423194850673893384
1423194856055209989
1423194857237991429
1423194862359392257
1423194868562628610
1423194870605176833
1423194873197334529
1423194876909400064
1423194877433503745
1423194887864815618
1423194890880552967
1423194894647054336
1423194896144420874
1423194896731676672
1423194897545236481
1423194897666953217
1423194901286580224
1423194902674894851
1423194908869885956
1423194910002384898
1423194914033225731
1423194913982799872
1423194915727609860
1423194915824078849
1423194920391639043
1423194930630045699
1423194931649122309
1423194932043345925
1423194935952494597
1423194937223352325
1423194946899742728
1423194950095753218
1423194950137786372
1423194952520118272
1423194957838311426
1423194958610063371
1423194959176294400
1423194960505884682
1423194966222909440
1423194967338409986
1423194967720214529
1423194973244203011
1423194974007484418
1423194974514913283
1423194980995289094
1423194981540503553
1423194983084007433
1423194983272652800
1423194985000706049
1423194988343697410
1423194990650351620
1423194990642094081
1423194991481036801
1423194995385831425
1423195001446535172
1423195003602411527
1423195006618148867
1423195008581111809
1423195013161250817
1423195015581478921
1423195017808474115
1423195020224602112
1423195020438294532
1423195028344635392
1423195033541427200
1423195035382648838
1423195041204424704
1423195047311331329
1423195048368279553
1423195049945296896
1423195053191729156
1423195057444868096
1423195060049383426
1423195060800155651
1423195063379714048
1423195063236980736
1423195071101407234
1423195077493485573
1423195081570283526
1423195083676033025
1423195083831226369
1423195092458819590
1423195094195261444
1423195096409800709
1423195099282956290
1423195115112124418
1423195120569098243
1423195124796854276
1423195126856355841
1423195137023397890
1423195140278034435
1423195156593872898
1423195159047536640
1423195159274180612
1423195163606802432
1423195166815494145
1423195171278102528
1423195183341056001
1423195184309755906
1423195184360136706
1423195187325538305
1423195191284953088
1423195192794902530
1423195192908083203
1423195193193418754
1423195197429600261
1423195197710680064
1423195198629236736
1423195199900164100
1423195204048195585
1423195204618653700
1423195206166405124
1423195207508451333
1423195209555333120
1423195215532335112
1423195215406542850
1423195229415370755
1423195230669398016
1423195232166887428
1423195249518723073
1423195253582925824
1423195254337933316
1423195257014005761
1423195273279512576
1423195273430401026
1423195279310917635
1423195280921432064
1423195282301349893
1423195284579000327
1423195292816461830
1423195294427123713
1423195300852862977
1423195310189391873
1423195315717427201
1423195316547899394
1423195320180117508
1423195329428664322
1423195342359695361
1423195347095113728
1423195347107598338
1423195348772671491
1423195350500843522
1423195352744677377
1423195360646746128
1423195364438511617
1423195370067161094
1423195371031998464
1423195372525002753
1423195372873076741
1423195373057630209
1423195375565955076
1423195377025568770
1423195379147755520
1423195379584012288
1423195382696210432
1423195393609830400
1423195398668132354
1423195399238524929
1423195406381445125
1423195409363595272
1423195414229041153
1423195419744538624
1423195420906299393
1423195426866487298
1423195430461005828
1423195430234513408
1423195435959791616
1423195442632855552
1423195445749235716
1423195449243017221
1423195452699185152
1423195453106106371
1423195453508800512
1423195456704745474
1423195457845698561
1423195462362824712
1423195466846539777
1423195471544213506
1423195478699741185
1423195482571091970
1423195484219445252
1423195485460860929
1423195487411347457
1423195490229891076
1423195490523492352
1423195492079472645
1423195497448226818
1423195499939696640
1423195501021655042
1423195511348072448
1423195512568680452
1423195514074505217
1423195515701714944
1423195518394589186
1423195523255787522
1423195524241313793
1423195534366498816
1423195534622433283
1423195537143181316
1423195538225344513
1423195541073240064
1423195541358354432
1423195550392979456
1423195551894589441
1423195552020316161
1423195553425412098
1423195554784452610
1423195555665043456
1423195556545957891
1423195570869579783
1423195577123213312
1423195583716610053
1423195590368845829
1423195594580008960
1423195595687153664
1423195596089745414
1423195598371450885
1423195598677856257
1423195599663296513
1423195608026783747
1423195608664272898
1423195611269156864
1423195615073345536
1423195617698926603
1423195626133667849
1423195629677854722
1423195632286670849
1423195634014773250
1423195634840969216
1423195636266979328
1423195640419426304
1423195647042334723
1423195646866038789
1423195651274313729
1423195653442781187
1423195659960729601
1423195660363436033
1423195662636572678
1423195662980685824
1423195663588896770
1423195664800833536
1423195664725409794
1423195665593782274
1423195666118062082
1423195669028737024
1423195672111722501
1423195675769069574
1423195678948438018
1423195679392944130
1423195689924825091
1423195690801504258
1423195693456531456
1423195694630846467
1423195698774908933
1423195702599905281
1423195703048916994
1423195708107104261
1423195713400229888
1423195714235031555
1423195721508003842
1423195722841788421
1423195727820328964
1423195729640652803
1423195737727414278
1423195742261370880
1423195748552699908
1423195752545734657
1423195753825046529
1423195775853600768
1423195780261695489
1423195780832239616
1423195783453609984
1423195786054094849
1423195790739116032
1423195793989660675
1423195794522329088
1423195803989037057
1423195809110130690
1423195813321269250
1423195815246540801
1423195815233863683
1423195821181345793
1423195821797904384
1423195824608223233
1423195827061895169
1423195827439296514
1423195827791699972
1423195829137985540
1423195829389565954
1423195831583363073
1423195832799531013
1423195835693551617
1423195836159234051
1423195837648281601
1423195840617730049
1423195840726900737
1423195850361163779
1423195852286345216
1423195865313861635
1423195871173353476
1423195873056464896
1423195874553892868
1423195878010015747
1423195880136577026
1423195881243807750
1423195881734492163
1423195883747921921
1423195892199329794
1423195901313572868
1423195901737197568
1423195905260466176
1423195907898560512
1423195908922093573
1423195912646574080
1423195913577713664
1423195919013527553
1423195919478976516
1423195925586104323
1423195928387756032
1423195939360186374
1423195943877312520
1423195945240387585
1423195952333078533
1423195954799382529
1423195958951649281
1423195963540205568
1423195968074309641
1423195968858595328
1423195970347667458
1423195974126669826
1423195985115766784
1423195985312993285
1423195985367293964
1423195989066797057
1423195992413835266
1423195992459939842
1423195995752607748
1423195995949740035
1423195998227243014
1423196000064352257
1423196001830047747
1423196008524042243
1423196009375670273
1423196010499739653
1423196011229417476
1423196011988717569
1423196012391256066
1423196015700582404
1423196030326099972
1423196032020647938
1423196035405463552
1423196038874157058
1423196039708872709
1423196040912510978
1423196044012175361
1423196045840949248
1423196060676206592
1423196061921914881
1423196065000472576
1423196071040221192
1423196076333490180
1423196076492824578
1423196077679792135
1423196083115593731
1423196083312893953
1423196098856775681
1423196106498863107
1423196106511486981
1423196114669428736
1423196118242967553
1423196118763155460
1423196124886732805
1423196125813780480
1423196125717311493
1423196126342270980
1423196129261326342
1423196135213178881
1423196135657725953
1423196135947112449
1423196140665778179
1423196143832297476
1423196149209464832
1423196150853742594
1423196155081601025
1423196166070677504
1423196169157623810
1423196172668264455
1423196177302962178
1423196182352957441
1423196196877717504
1423196199805493248
1423196201025949698
1423196201437048837
1423196203500584960
1423196204175970307
1423196204792430593
1423196205161455618
1423196210865840129
1423196216859537411
1423196217362710531
1423196224862121985
1423196225780731904
1423196234475614208
1423196235247210502
1423196237826723842
1423196249692459012
1423196250963206144
1423196251265245185
1423196255455485957
1423196256873029639
1423196263168847872
1423196266922582016
1423196269003030529
1423196272303906816
1423196278733869056
1423196281124622337
1423196283787874310
1423196285885194241
1423196289945251841
1423196292394651649
1423196293904617472
1423196293866954754
1423196294236024836
1423196296488292353
1423196301160640516
1423196304822333441
1423196304986025985
1423196306969878529
1423196319108190209
1423196321654116353
1423196321746325508
1423196324996870144
1423196327723376642
1423196327886737411
1423196329359069185
1423196337059688451
1423196346069098496
1423196351014133762
1423196351467245568
1423196357402136577
1423196359700762626
1423196360317149190
1423196363324600323
1423196364830355458
1423196365492948995
1423196365522358273
1423196372698816512
1423196373571096580
1423196375806713856
1423196381179748355
1423196382823915520
1423196389459251201
1423196390453178372
1423196391250268165
1423196395255828482
1423196395993899010
1423196397009084419
1423196400842592256
1423196404072263681
1423196422871019521
1423196428600582144
1423196436041248774
1423196437089685509
1423196441204375554
1423196448825298946
1423196449995591680
1423196455397826563
1423196455481880576
1423196461391437827
1423196463308419073
1423196464810012682
1423196466722508803
1423196468916015107
1423196471625650178
1423196472938541058
1423196474821816322
1423196475190824961
1423196476319076355
1423196478474883083
1423196479129260032
1423196491414478849
1423196494178537472
1423196499857575938
1423196506174148608
1423196515196047362
1423196518169948161
1423196518627135489
1423196521537888257
1423196534691168264
1423196542689845253
1423196543922839556
1423196550860263424
1423196557529305092
1423196561387909123
1423196562474168325
1423196574222589953
1423196576172974082
1423196581139001347
1423196581898108931
1423196582607048704
1423196585190739968
1423196589728825346
1423196590890790921
1423196592203513858
1423196599144960007
1423196610012581892
1423196610205454336
1423196617411268614
1423196618573049857
1423196619420405763
1423196628345835524
1423196628526059520
1423196630547722244
1423196633181810699
1423196639301447680
1423196641457180674
1423196642883215360
1423196643042734081
1423196644053487617
1423196646381342721
1423196647757017093
1423196648277110790
1423196656514703365
1423196662659526657
1423196664752451584
1423196665964646401
1423196666459525121
1423196667621347331
1423196674713870336
1423196676416802823
1423196676609789952
1423196677171605505
1423196678895509506
1423196679151538177
1423196683802906626
1423196686847942656
1423196687678545923
1423196688362180608
1423196690622918658
1423196699502145537
1423196701569998850
1423196710554189825
1423196724596772864
1423196727075540993
1423196727885144065
1423196733312421888
1423196736990949376
1423196741147500544
1423196741411774466
1423196742451875841
1423196742586150914
1423196752874778625
1423196763259695111
1423196764450983936
1423196776337641472
1423196777289850882
1423196779579838464
1423196779806281731
1423196781068836872
1423196782008311818
1423196781827956741
1423196783711248385
1423196791281917952
1423196795606286336
1423196803252559879
1423196806582767621
1423196806780002306
1423196823083048962
1423196824278601730
1423196825088143360
1423196826954391553
1423196835888484353
1423196851092738053
1423196855127744516
1423196859447877634
1423196861515583488
1423196863985971204
1423196866745864193
1423196868155109385
1423196869963010052
1423196871019925505
1423196871854632960
1423196882986221574
1423196883330142213
1423196890905120770
1423196895095099394
1423196895112015874
1423196896148004865
1423196896210866178
1423196906839166982
1423196909137768454
1423196915571642370
1423196919606677504
1423196922148540421
1423196928766930944
1423196938682261513
1423196943858163713
1423196945804365827
1423196954486624260
1423196963177070593
1423196970777157633
1423196974761725954
1423196979039977474
1423196987957026818
1423196990272200705
1423196992121966594
1423196994890309633
1423196999126376453
1423197000233750529
1423196999885676547
1423197003647918085
1423197011067641858
1423197012892151812
1423197014339293190
1423197017480699907
1423197022912454659
1423197028016869376
1423197030109749250
1423197030936047616
1423197039291076608
1423197040226574339
1423197048933847040
1423197049399488514
1423197055716057089
1423197055607058435
1423197061600747520
1423197067434991617
1423197069049794562
1423197074124853250
1423197080688988162
1423197084086325249
1423197084753317888
1423197105443725314
1423197108836999173
1423197111559012352
1423197111991087104
1423197119817654276
1423197123110051841
1423197128394956801
1423197134065573890
1423197134099128325
1423197137974747140
1423197141233774597
1423197142609448963
1423197150423355393
1423197153581834241
1423197161135788033
1423197165791416321
1423197165845839872
1423197166642814978
1423197168702263296
1423197169520046082
1423197174066683905
1423197177610969089
1423197179229966348
1423197192509026304
1423197197538107393
1423197200205635584
1423197203556876289
1423197203926036482
1423197205502984192
1423197210322169857
1423197210347462658
1423197214214696961
1423197223375056896
1423197223999836161
1423197225593696260
1423197226621353984
1423197227929964551
1423197230140329986
1423197232665227268
1423197238369660931
1423197243037847554
1423197245638422529
1423197250172473347
1423197250457522179
1423197250591854593
1423197250910507008
1423197251103600644
1423197251703394308
1423197258695118851
1423197264663748608
1423197266358251523
1423197270405795840
1423197272515481604
1423197274587369473
1423197283395555328
1423197283533967360
1423197293918961664
1423197294720020490
1423197305642029056
1423197307546177538
1423197318870978561
1423197323421757442
1423197323492945920
1423197323866300417
1423197325808193540
1423197330744877059
1423197341696368642
1423197343894044674
1423197358632878081
1423197360667217920
1423197361149521927
1423197361392603143
1423197364106317824
1423197368435060739
1423197372318982147
1423197380757819393
1423197381441429505
1423197386990657538
1423197386944438272
1423197390086025216
1423197402127757313
1423197404069777410
1423197413280346113
1423197415805374465
1423197417269305345
1423197422755356675
1423197426123431938
1423197427364925444
1423197430896541696
1423197440501587969
1423197443663880195
1423197443966046208
1423197446302179332
1423197447334113280
1423197457085833218
1423197457605828612
1423197460877488131
1423197461229699072
1423197463188541440
1423197468540293122
1423197471098822662
1423197471820460035
1423197473036701698
1423197475125579783
1423197475985260553
1423197483618996226
1423197485565161481
1423197486592794624
1423197492942974978
1423197493462925316
1423197500421312512
1423197501293842436
1423197510227546119
1423197514639953920
1423197514820292609
1423197521346768896
1423197529273892867
1423197532969127938
1423197535255007236
1423197535712256002
1423197539403276292
1423197540321832960
1423197542695772161
1423197544935419905
1423197558642331648
1423197561226072065
1423197562610323458
1423197563881021445
1423197566926147592
1423197570772373505
1423197576183042048
1423197576292016131
1423197584009670657
1423197585783857155
1423197587545497601
1423197589013504005
1423197595070083075
1423197597284585475
1423197597569732608
1423197598127509506
1423197598383489024
1423197605513895938
1423197607455694848
1423197623813554177
1423197626376331264
1423197627299078146
1423197632113958912
1423197632118333445
1423197634106331139
1423197637579321351
1423197639680528391
1423197640787992581
1423197641677033472
1423197648924798979
1423197650489430018
1423197654482362370
1423197663051272192
1423197664816992256
1423197667392462897
1423197670819057667
1423197672505188352
1423197673939554304
1423197675063808000
1423197679673384960
1423197682932219906
1423197684383592449
1423197685901824002
1423197690217783297
1423197690939183105
1423197694038880258
1423197698195218434
1423197705858387971
1423197713768849413
1423197715572404224
1423197715882708993
1423197716281241604
1423197736883601413
1423197739542740992
1423197741547667460
1423197743359668224
1423197747776212995
1423197748396916738
1423197750338883585
1423197758224314372
1423197758677209089
1423197759893655557
1423197760103358466
1423197761713971201
1423197765459398659
1423197770760994816
1423197771776024581
1423197772526858241
1423197772879122433
1423197774909214723
1423197780592500738
1423197782672691200
1423197784547733504
1423197795155161095
1423197795478028288
1423197797940035587
1423197801173893121
1423197811617812482
1423197814973210626
1423197818567544839
1423197822485098499
1423197823345074178
1423197826444529665
1423197829967728642
1423197841413971973
1423197848221454337
1423197851715346432
1423197854454198272
1423197859936145411
1423197861286617088
1423197862058364930
1423197862964469761
1423197866273775618
1423197866395414529
1423197871558459395
1423197872653275136
1423197878537703426
1423197882639949826
1423197885139726340
1423197891259256832
1423197892215328768
1423197893352206338
1423197894161702912
1423197895059181570
1423197907155668994
1423197907637899266
1423197908170526721
1423197924876455941
1423197933105733634
1423197934284427266
1423197936117112836
1423197945831247872
1423197957608837129
1423197959580098562
1423197964516958210
1423197965657706497
1423197968778383361
1423197970288324611
1423197973249290245
1423197973937274880
1423197976495890437
1423197979687624708
1423197980203511810
1423197981386420227
1423197982984392704
1423197983173005320
1423197985177890822
1423197985534513157
1423197990915768323
1423197992715173891
1423198005621104641
1423198018589712385
1423198024562450437
1423198026777124865
1423198034712666113
1423198036440801281
1423198037313208320
1423198039062286339
1423198040052183040
1423198042107244545
1423198043000635392
1423198049619234816
1423198051942821890
1423198052668559360
1423198055701139460
1423198055705288704
1423198057265467393
1423198064576110598
1423198067256344577
1423198067986255873
1423198071610032129
1423198079843512323
1423198083278680064
1423198086327902208
1423198087556763650
1423198089423196160
1423198095580479488
1423198106045206535
1423198106754060292
1423198108394004483
1423198110990225408
1423198111686660096
1423198115994034177
1423198118925963269
1423198120242864134
1423198122520588289
1423198124189700100
1423198129063616514
1423198131181826048
1423198137292705793
1423198137804496898
1423198142166671362
1423198150827941894
1423198151175925760
1423198151457058821
1423198154619375624
1423198156813127683
1423198157387702273
1423198159564533760
1423198161971994626
1423198165856145409
1423198173242306560
1423198197024018433
1423198197640478730
1423198202824740868
1423198205110534145
1423198209816633345
1423198211133562880
1423198223397761024
1423198225385787394
1423198225935343617
1423198233262702597
1423198234520870916
1423198237914124294
1423198242150432768
1423198243320582146
1423198244369092611
1423198246814507008
1423198257857974272
1423198263147122688
1423198263797174276
1423198264623513600
1423198266573959169
1423198272345231361
1423198278917701637
1423198278968123394
1423198284747784196
1423198287109115908
1423198301004853250
1423198306650427394
1423198307002765313
1423198308902662146
1423198313566801923
1423198316196765697
1423198319140999171
1423198329102508035
1423198329740136449
1423198333791834113
1423198336656449536
1423198337038266368
1423198337612738560
1423198338527207425
1423198338795638786
1423198338778763264
1423198344961167369
1423198345762263046
1423198346093731844
1423198348471947265
1423198353547055104
1423198357032476674
1423198359456788487
1423198360069156870
1423198365500665857
1423198367669174272
1423198370013892608
1423198372589092864
1423198373583089667
1423198378524086276
1423198379299938306
1423198381447516161
1423198382575820802
1423198384769298432
1423198404256075779
1423198406147678208
1423198413697519616
1423198417287880707
1423198424409677825
1423198430889840642
1423198435419639808
1423198438863278082
1423198452574420994
1423198453207900163
1423198457175572482
1423198458400419844
1423198473105592320
1423198486611193856
1423198489929043974
1423198497373831168
1423198509025669120
1423198517275791362
1423198517514752002
1423198518458478598
1423198519754625026
1423198520127868928
1423198523420381184
1423198524829798404
1423198543871758345
1423198545658662915
1423198545704804352
1423198547751669761
1423198552633712641
1423198558006779906
1423198561064427520
1423198567410270210
1423198572011560960
1423198582933532672
1423198586897108995
1423198590780940293
1423198592852922373
1423198593394040832
1423198595331756032
1423198596950896641
1423198599064719360
1423198603573555210
1423198610750009346
1423198613757378561
1423198624851271682
1423198624998051840
1423198626432618497
1423198628827570178
1423198634556936197
1423198636859482115
1423198638021300226
1423198641792167938
1423198658405703689
1423198662402920455
1423198666173603841
1423198667675258882
1423198675120046085
1423198679133933571
1423198687044452354
1423198689246408708
1423198695735037955
1423198696745934852
1423198701653172224
1423198709081378816
1423198713133023233
1423198714907271172
1423198718837334016
1423198719646830596
1423198722897457154
1423198723228774400
1423198727599280132
1423198732036702211
1423198733257170949
1423198734783967236
1423198738944651270
1423198740509192197
1423198741121601540
1423198741478129665
1423198742036066305
1423198752865546240
1423198754274889734
1423198756296564738
1423198757978624001
1423198758683254791
1423198763548565508
1423198769366003718
1423198777750573056
1423198787720384518
1423198791138689026
1423198791625101316
1423198792157827074
1423198793294520323
1423198793797935104
1423198798541688834
1423198805990821891
1423198813515300864
1423198814857404416
1423198817588027393
1423198824592515072
1423198825712295949
1423198826194608131
1423198834021306372
1423198835376001025
1423198837569736705
1423198841537445889
1423198843974336513
1423198847115821059
1423198857454751744
1423198865784721409
1423198870998192131
1423198872478879747
1423198882117259265
1423198884520546307
1423198892817059847
1423198894658310144
1423198901398609921
1423198908235214851
1423198911598977030
1423198932402900995
1423198933522681858
1423198942179872770
1423198952338432001
1423198953466699780
1423198954032877572
1423198954129432577
1423198955379245056
1423198956230696960
1423198959904821253
1423198963369451522
1423198963776294912
1423198964690522115
1423198967723028484
1423198978443784192
1423198983594201092
1423198986073251843
1423198987402694664
1423198989869068292
1423198989827117058
1423198994432413700
1423198994742792194
1423198996353388546
1423199000069500933
1423199008995094528
1423199017668907011
1423199018168029185
1423199026409734146
1423199031065464835
1423199049864278019
1423199050619244545
1423199051030294528
1423199057934233606
1423199062845710339
1423199064959688705
1423199065576067076
1423199066389991424
1423199075357188098
1423199077001539584
1423199076749742086
1423199079060754433
1423199080080199681
1423199081397047297
1423199083578249220
1423199085079707650
1423199090670673929
1423199093980020736
1423199099055009797
1423199103303962624
1423199105967403010
1423199108408479745
1423199113605169152
1423199120102248449
1423199127832342536
1423199128272523267
1423199132387356673
1423199134543192067
1423199136522797056
1423199145179836417
1423199145301614592
1423199156550737921
1423199166612742150
1423199178088337411
1423199178981888010
1423199183406866434
1423199183880740869
1423199185680089090
1423199185944387585
1423199186032332804
1423199186288357376
1423199189933121536
1423199192973910018
1423199195591319554
1423199202356600839
1423199202893516802
1423199203686240259
1423199205825331202
1423199217774956544
1423199226272444422
1423199228193513474
1423199239035777024
1423199254307352582
1423199258258378754
1423199259784929282
1423199260422533128
1423199261718614016
1423199262523920385
1423199264071639041
1423199264692490240
1423199265917177856
1423199266269454338
1423199268165275655
1423199269125869570
1423199271822712836
1423199272703602688
1423199276251766787
1423199276876845070
1423199278525296641
1423199281528414208
1423199283487121414
1423199285022179328
1423199291787599873
1423199297659674628
1423199302713757697
1423199304655810560
1423199313010692097
1423199323521703938
1423199327279779842
1423199328072503296
1423199329557245964
1423199329679036417
1423199334875549696
1423199336851283968
1423199338675810307
1423199340068229123
1423199342656036865
1423199349052432386
1423199350818107395
1423199356182745089
1423199358435033090
1423199368467918850
1423199371030577152
1423199372876132352
1423199375459717124
1423199378433396743
1423199384662069253
1423199385819693057
1423199389670068224
1423199391620419584
1423199392459378691
1423199400990437382
1423199405872648197
1423199406132629508
1423199408330395652
1423199408494157824
1423199424243662850
1423199424856174596
1423199428467466240
1423199430510006273
1423199433827577856
1423199439720783872
1423199445034938369
1423199455399063554
1423199459907825666
1423199480095072257
1423199481252651009
1423199481672224768
1423199483584819204
1423199486390702081
1423199491092631557
1423199495718936577
1423199495823765504
1423199496025083908
1423199500810821632
1423199502039670790
1423199502916231175
1423199504539561987
1423199510948286473
1423199511845892097
1423199517067776001
1423199518405836801
1423199521597689858
1423199524420530176
1423199537825566724
1423199540484755462
1423199542430756876
1423199543319928839
1423199543877844993
1423199553281425410
1423199555152084996
1423199558469816321
1423199560361410563
1423199568691351552
1423199573284110338
1423199578187251713
1423199579831296003
1423199583912566785
1423199587615920128
1423199588404502535
1423199589537140738
1423199590900248576
1423199597682438147
1423199598277955588
1423199605395795969
1423199609845952515
1423199617320202244
1423199618154876932
1423199620897943552
1423199624081313792
1423199624597176323
1423199625461133320
1423199626698498055
1423199633254207488
1423199641965711361
1423199655404339205
1423199656230625286
1423199662228574209
1423199666913652736
1423199672756224000
1423199675868405763
1423199677210664962
1423199690695270402
1423199691370418181
1423199697561296896
1423199697968066562
1423199701508059142
1423199704427335687
1423199705035681792
1423199706176376835
1423199706449125378
1423199710446120961
1423199713487048707
1423199715223511041
1423199715487854593
1423199718486597641
1423199721074593798
1423199724723752964
1423199725193412609
1423199726564900868
1423199731958775811
1423199744470523906
1423199750359236611
1423199750757646338
1423199752942809090
1423199755547545601
1423199759024541697
1423199763185364996
1423199777173479425
1423199776930205699
1423199777894895618
1423199783691472897
1423199785226473474
1423199791891288065
1423199795544350720
1423199795745894401
1423199796160983041
1423199803761168385
1423199804516093952
1423199807103901696
1423199809008144387
1423199809679216640
1423199816180449280
1423199817321254912
1423199817988153346
1423199823294078976
1423199831921659904
1423199832706011139
1423199835818237953
1423199837605007360
1423199849336348672
1423199851949527041
1423199854826823685
1423199854969434112
1423199858731601920
1423199859889381379
1423199860203737090
1423199862330470401
1423199863249018882
1423199865929089031
1423199868357591046
1423199879627632648
1423199880118427649
1423199880445632517
1423199881590673413
1423199882400210949
1423199886518874113
1423199888616067072
1423199903896018946
1423199907263959040
1423199907410694145
1423199916608872451
1423199917707730944
1423199923990896643
1423199926176059395
1423199926377455616
1423199932920606721
1423199933511917568
1423199935621517314
1423199938075320321
1423199940239675392
1423199940520595459
1423199940780691457
1423199952717688832
1423199957843070977
1423199960670117889
1423199963752828928
1423199966323904515
1423199972036681729
1423199975777783811
1423199992504754176
1423199998309593093
1423200007214227456
1423200015519043585
1423200017330970624
1423200018807197699
1423200028450041863
1423200034460340224
1423200036402434057
1423200039057432576
1423200042748456960
1423200045311033345
1423200046351327232
1423200046955253763
1423200049333522437
1423200056329523203
1423200058103799808
1423200062839181312
1423200074826358784
1423200082451570690
1423200082854223875
1423200088353120256
1423200091943362564
1423200094556463108
1423200096406196225
1423200099044413443
1423200100017451017
1423200106401124356
1423200110960336898
1423200113061683203
1423200113523052546
1423200113846067204
1423200122385571840
1423200124340166656
1423200124709134339
1423200131290210304
1423200131877376004
1423200133248798722
1423200136902201349
1423200138152054790
1423200138986668033
1423200147643813888
1423200154077827076
1423200157030653955
1423200158582558725
1423200172545253378
1423200176500613120
1423200179801427969
1423200183244914698
1423200199753695237
1423200200055615491
1423200207949373448
1423200208461127683
1423200208775753733
1423200214425407491
1423200215771881473
1423200216828715008
1423200221975121921
1423200221882953729
1423200222222692359
1423200227931168769
1423200228669157377
1423200231982866436
1423200233903640579
1423200235216584710
1423200236852350981
1423200237221515266
1423200238702104578
1423200243982667776
1423200248743202819
1423200249582129156
1423200249573609478
1423200249888264193
1423200257299603456
1423200266359349250
1423200268154392586
1423200275888844803
1423200286949138432
1423200287490297857
1423200286831677445
1423200293550903305
1423200294750482434
1423200297309016066
1423200297665638401
1423200300425519104
1423200305571799040
1423200311376695298
1423200313826185217
1423200315248021511
1423200316187631618
1423200316263129088
1423200318183989250
1423200322974007296
1423200323674443780
1423200333811961863
1423200335636701185
1423200339113693187
1423200339482796033
1423200340275499009
1423200348102135808
1423200352011120644
1423200357157511171
1423200381270638594
1423200381736259584
1423200382117765122
1423200387285331973
1423200398496706562
1423200404612030467
1423200413097017349
1423200413612924935
1423200413587845123
1423200413617213441
1423200422139924481
1423200424102875138
1423200428183805952
1423200429039570945
1423200429605756928
1423200431304495107
1423200431984070656
1423200437038026754
1423200437382041600
1423200437965033472
1423200440980803586
1423200443174252549
1423200444915060738
1423200449398771716
1423200450493485058
1423200450896072706
1423200450971455489
1423200463864877056
1423200468453445633
1423200470097567748
1423200471502790658
1423200472605892614
1423200477395791876
1423200485272547334
1423200490049839105
1423200494948954112
1423200496064647169
1423200503375089664
1423200503928922113
1423200504625127427
1423200520295100416
1423200521846939648
1423200522480279558
1423200523289866241
1423200538376687618
1423200539408486401
1423200545020383232
1423200545343516672
1423200545339109379
1423200549252464641
1423200554826731524
1423200561315426304
1423200562800054272
1423200574263152641
1423200577752764426
1423200580793769984
1423200583377473538
1423200584602169344
1423200584916770821
1423200592504115204
1423200595196981250
1423200595834458112
1423200598514618368
1423200598430687236
1423200601148731394
1423200609046614025
1423200609411518465
1423200610162253827
1423200629191806976
1423200642902814725
1423200645113393154
1423200646539395072
1423200649660059650
1423200669356470276
1423200670656696322
1423200672586010627
1423200677900300288
1423200681431814144
1423200686125236224
1423200687446380544
1423200695520358406
1423200698846515203
1423200698779324417
1423200698997436416
1423200699408543745
1423200700562018308
1423200700595539977
1423200704085348359
1423200708132757511
1423200718022905856
1423200719331467264
1423200719423766531
1423200721076375553
1423200730521944065
1423200735412604928
1423200737136316418
1423200737899819009
1423200738797359105
1423200741913776130
1423200744216399875
1423200749043998723
1423200755222253571
1423200760205041665
1423200766639042566
1423200768555773952
1423200772972453889
1423200778894802947
1423200778429272064
1423200788139106305
1423200792656371716
1423200793306533893
1423200795005263873
1423200805314781184
1423200808909381632
1423200812159758342
1423200813577560067
1423200818233290752
1423200819441135617
1423200821672509441
1423200824478638082
1423200827309649926
1423200827133599746
1423200828458999809
1423200832133214212
1423200832950915074
1423200833777381376
1423200835950063619
1423200838638473219
1423200841000013828
1423200844158275585
1423200847815614465
1423200848507592707
1423200849724018693
1423200852504981504
1423200858607558657
1423200859517865985
1423200872704659471
1423200883085619202
1423200886831071232
1423200895131688965
1423200896243179520
1423200902769520641
1423200907118845956
1423200913133506560
1423200913204916225
1423200922776203271
1423200925758410759
1423200928350494720
1423200929847947264
1423200936558796802
1423200948889874432
1423200950731247620
1423200955965771780
1423200955869302785
1423200966598352896
1423200979894276096
1423200989662830596
1423200993605562369
1423201001499095043
1423201001801097221
1423201002442919936
1423201006578376705
1423201014853812224
1423201028388818947
1423201028850298882
1423201030037196801
1423201030007705610
1423201035351314434
1423201037737885703
1423201040032280577
1423201049821646848
1423201051285491715
1423201053319831553
1423201066242527232
1423201069363040263
1423201079919996931
1423201086442246145
1423201086979166209
1423201089197776903
1423201090992951299
1423201091710341123
1423201100677611522
1423201121779208194
1423201125616947200
1423201127969873923
1423201132227223554
1423201135947550720
1423201144763936769
1423201146529730561
1423201148232560645
1423201148580679683
1423201149197295625
1423201155010768896
1423201159213355013
1423201164070359041
1423201169434980352
1423201170458349569
1423201175617351681
1423201175801794560
1423201177882095617
1423201179811581953
1423201190750400513
1423201194336456704
1423201195997368321
1423201197981421570
1423201210111303682
1423201214129442817
1423201222220148740
1423201227073101824
1423201232752193536
1423201243640614917
1423201244395413507
1423201244785557504
1423201244756205569
1423201249290178561
1423201252788248577
1423201253996253190
1423201254117842949
1423201259096395782
1423201262418288641
1423201278478327815
1423201279057268738
1423201283964653570
1423201284799143937
1423201290868322304
1423201297537269760
1423201298170613762
1423201301555384325
1423201309847654401
1423201311940616195
1423201312670461955
1423201313442213890
1423201315572834306
1423201317305077761
1423201318198411269
1423201338226143235
1423201345037799426
1423201348108042241
1423201356190560258
1423201356979097601
1423201363874385921
1423201366034444291
1423201377405317121
1423201377577226240
1423201379087048711
1423201381473783810
1423201381737971713
1423201382564237313
1423201383403057152
1423201386141995009
1423201388574687232
1423201392001495041
1423201392479571968
1423201394409025539
1423201398238285832
1423201399458852864
1423201401975443461
1423201406022914051
1423201410938716163
1423201414042591234
1423201417293148162
1423201420610838529
1423201426105376769
1423201426227015680
1423201428500205573
1423201432220676096
1423201432971456514
1423201435571785729
1423201437975076864
1423201439237775361
1423201442836385798
1423201444652404738
1423201448297381892
1423201451963076612
1423201456551825410
1423201458216865792
1423201459928190977
1423201465565339650
1423201469034029056
1423201470631989248
1423201472418746371
1423201472490229761
1423201472787980290
1423201475250036736
1423201490773053442
1423201496259207170
1423201499513954305
1423201508519292930
1423201509789999106
1423201512017125378
1423201512319295489
1423201518346510341
1423201522876252165
1423201528072921090
1423201528169521154
1423201549443080194
1423201550239948800
1423201555617026049
1423201556166549505
1423201558670368770
1423201560905936898
1423201561749213187
1423201562218962946
1423201568350953473
1423201575410012160
1423201576949268481
1423201580816510977
1423201587267203076
1423201594984878084
1423201598944079874
1423201599137062912
1423201599376302082
1423201603423592448
1423201606070415360
1423201607601295361
1423201609706782726
1423201611892019208
1423201614857396224
1423201624433078272
1423201629613043713
1423201630518845441
1423201631097733120
1423201633757024257
1423201639255658498
1423201641784745990
1423201642737029120
1423201645438058496
1423201646620839941
1423201647400914944
1423201658750832640
1423201662504742913
1423201668217417729
1423201670708617216
1423201673711783939
1423201677901971458
1423201683623096322
1423201692011614212
1423201694272278532
1423201697145393156
1423201700702195712
1423201702841307137
1423201702845419520
1423201705517215746
1423201708637835265
1423201710592385026
1423201710676324352
1423201725482078214
1423201731111014400
1423201731878391814
1423201732511903747
1423201737066823680
1423201738933170184
1423201740212641792
1423201742230114304
1423201745870671874
1423201745937776643
1423201752845803524
1423201753692995586
1423201759401492481
1423201769920761861
1423201772332408832
1423201777990635522
1423201783556411397
1423201789139197958
1423201797942906885
1423201799129890817
1423201799171985409
1423201803353481218
1423201805530550277
1423201806641876994
1423201810081271809
1423201816179888129
1423201817287135232
1423201817765187585
1423201821779062787
1423201823205199873
1423201824761204737
1423201826225152001
1423201832524865540
1423201833170862082
1423201834286542853
1423201842272612354
1423201847523807240
1423201850715684868
1423201860815568897
1423201861235007493
1423201861293727746
1423201861365030913
1423201861482389504
1423201863944572929
1423201866431746056
1423201866482135041
1423201869002776583
1423201869787111425
1423201881086517248
1423201881753595905
1423201886769803264
1423201887638097927
1423201888397369346
1423201889303343104
1423201891496890371
1423201895720443904
1423201900737048576
1423201904906080256
1423201906281926662
1423201908680847363
1423201912065830912
1423201912304939011
1423201912653033475
1423201916297768962
1423201917979832320
1423201927760949251
1423201927681253378
1423201930520760323
1423201938397597698
1423201941690241029
1423201944664002561
1423201948610793474
1423201949919236096
1423201951550898182
1423201951966171140
1423201959138324487
1423201961684344838
1423201965027299332
1423201969322172419
1423201971146686469
1423201971536809985
1423201973852151808
1423201978969034752
1423201988762869761
1423201994706235392
1423201995578650632
1423201999852646400
1423202003124056066
1423202007406448642
1423202008811462656
1423202011001016322
1423202025811152899
1423202028998860802
1423202032932978689
1423202033646112768
1423202036192002051
1423202036800233473
1423202037198725122
1423202037697679361
1423202045360840709
1423202045683712001
1423202058480484362
1423202064319098883
1423202067686903810
1423202070539096066
1423202077111578624
1423202087437934596
1423202088058769410
1423202089459671048
1423202090059509760
1423202093897224194
1423202097231712258
1423202101044424708
1423202107663044608
1423202110179524608
1423202117603495937
1423202117972635652
1423202118979264513
1423202119016976385
1423202120581279745
1423202123454554112
1423202124519837699
1423202128319827969
1423202132207968258
1423202133147406336
1423202134326222849
1423202147383058433
1423202147760443396
1423202152307101698
1423202161446424576
1423202164097306625
1423202173345746948
1423202178387390464
1423202193465806851
1423202193570680835
1423202197953777667
1423202199698513925
1423202206820429824
1423202207302750209
1423202208523378690
1423202217209729028
1423202217557774343
1423202221081206785
1423202223098576901
1423202223757086721
1423202227318104066
1423202230400741377
1423202240601407490
1423202241683595265
1423202246783873027
1423202248537030656
1423202248964907009
1423202249317224449
1423202257168781312
1423202259173838850
1423202262336352257
1423202262634037250
1423202262940229638
1423202267398696963
1423202269726662659
1423202269932179461
1423202282129215494
1423202286558273536
1423202287439290369
1423202292061310976
1423202296326938624
1423202300160585729
1423202303297814529
1423202304249970691
1423202304547704838
1423202307223822336
1423202310348439552
1423202312105963524
1423202314907623425
1423202320230363137
1423202323229204481
1423202325930381317
1423202326307741699
1423202331424968704
1423202333282947074
1423202333232599041
1423202334570541057
1423202336097411073
1423202339486322691
1423202339326996482
1423202339742179328
1423202345001930756
1423202347858149376
1423202350152392704
1423202353738563587
1423202355789516801
1423202356091518976
1423202361724620800
1423202367562911752
1423202372466192387
1423202372625461248
1423202373149855747
1423202373468622850
1423202373820993536
1423202379286126593
1423202380976320518
1423202382293344263
1423202382377209860
1423202382830264323
1423202388693897218
1423202396415660035
1423202397023883264
1423202399884283910
1423202400089870337
1423202408650317825
1423202416397361153
1423202418859331585
1423202424928485376
1423202428250431493
1423202428917272577
1423202439067545600
1423202440019513345
1423202447657480192
1423202450626945028
1423202452115963907
1423202453693022209
1423202458164031490
1423202459007164423
1423202461343383552
1423202473733357568
1423202473959821315
1423202474140200965
1423202475897724933
1423202481656385536
1423202488262434818
1423202496378408960
1423202497972293633
1423202499163525120
1423202501684310017
1423202504720912387
1423202505232510977
1423202505903722501
1423202507744972806
1423202509422829570
1423202513843638272
1423202514581610504
1423202518050410500
1423202525524553729
1423202529739956226
1423202533925818374
1423202538682208258
1423202540817055749
1423202542478143489
1423202544470401025
1423202546513059849
1423202549012774912
1423202550300516355
1423202552158449667
1423202556205965312
1423202558005366786
1423202560421384195
1423202560677015553
1423202563407577098
1423202569342656516
1423202571498364928
1423202573805293573
1423202577664012289
1423202579937468417
1423202582827311105
1423202587818397700
1423202595384999939
1423202596106522625
1423202597314379778
1423202602662170624
1423202606650855424
1423202607661715459
1423202608735457284
1423202610375442433
1423202622492839936
1423202643049132032
1423202646651850760
1423202647251865603
1423202649026011136
1423202650263363584
1423202651420995586
1423202657314000898
1423202658433777664
1423202660111446017
1423202663626420226
1423202673310896130
1423202676657905667
1423202685248024578
1423202688511184897
1423202692738998272
1423202696614481920
1423202698401181705
1423202702230802434
1423202705573662720
1423202706781577219
1423202711550324740
1423202721012666377
1423202723609075716
1423202724305383425
1423202729539686412
1423202739174223874
1423202739824336898
1423202740768022528
1423202748028260358
1423202748355407879
1423202748871421954
1423202754139344897
1423202756962275328
1423202757528461316
1423202768039317505
1423202770648190977
1423202777459826697
1423202776633413632
1423202782404767747
1423202785340706824
1423202791271456768
1423202794790600704
1423202796304838657
1423202799232290819
1423202802222964736
1423202802499608579
1423202802944335872
1423202806765346816
1423202810355662850
1423202813283291141
1423202821164441601
1423202828693041152
1423202834112200713
1423202847760424970
1423202852986621952
1423202857474564104
1423202859584196611
1423202862948093955
1423202867599527941
1423202867758968835
1423202872511000576
1423202872582234112
1423202875656790018
1423202884045348864
1423202886318653440
1423202887665074176
1423202890496217091
1423202891473559556
1423202896120881154
1423202896624095234
1423202907524980738
1423202909731364864
1423202917289431043
1423202921001390087
1423202923891286018
1423202924419862531
1423202928509308928
1423202931852120064
1423202935786270727
1423202938529353728
1423202945126998017
1423202950667816962
1423202952227876868
1423202953767182337
1423202956875243521
1423202960830615553
1423202961380069376
1423202977150558210
1423202977465069572
1423202983756587008
1423202990584856583
1423202992027684864
1423202994829541378
1423202998642167812
1423203000093454338
1423203000529608705
1423203002899439618
1423203005936119808
1423203008691720192
1423203009023156224
1423203021828366336
1423203024776929280
1423203038806769666
1423203042426454020
1423203044209070082
1423203044506972162
1423203044901130246
1423203045958197249
1423203048097304576
1423203057186140160
1423203058272538627
1423203061242253313
1423203062978547715
1423203065142812675
1423203069349728257
1423203070549258243
1423203073552310272
1423203074479362049
1423203079734710277
1423203099817254914
1423203099309711366
1423203106142183430
1423203109371850752
1423203110957326337
1423203111196413955
1423203111200563200
1423203115554148353
1423203116552392711
1423203124467150848
1423203128589971458
1423203128740962305
1423203129386958848
1423203136815210496
1423203137452662785
1423203138492792834
1423203139755204612
1423203141110190083
1423203149704220672
1423203152518688771
1423203163679739907
1423203165055307778
1423203165831319558
1423203170084278275
1423203172630286336
1423203173435596801
1423203177285947393
1423203178519146497
1423203186588848131
1423203187138387968
1423203188463779840
1423203189088784385
1423203190246367236
1423203191215337474
1423203191466860549
1423203194449051650
1423203195082391553
1423203195166330881
1423203197284339714
1423203198068744195
1423203200128229376
1423203205975056385
1423203206126047233
1423203209359675398
1423203212790747137
1423203213168189441
1423203215852638210
1423203217438126081
1423203221636468736
1423203223079370753
1423203223947468807
1423203230381658112
1423203232692703234
1423203234366304256
1423203236060663808
1423203239026176001
1423203239458222090
1423203240670232587
1423203243438612480
1423203247284621315
1423203249692102661
1423203251818614786
1423203254624604163
1423203258194145288
1423203259003543558
1423203261440425988
1423203262120013824
1423203262593916928
1423203267626954755
1423203268037988354
1423203269590016000
1423203275235598336
1423203276988641280
1423203277106073601
1423203279224414209
1423203289043247105
1423203289911504901
1423203293623369729
1423203293937950721
1423203309620506627
1423203310069293056
1423203311474417665
1423203315068903431
1423203316448833540
1423203316893429760
1423203318185164803
1423203319699279873
1423203320592752641
1423203321268015105
1423203321456828416
1423203328343920640
1423203330117967876
1423203338536079361
1423203340595302402
1423203340742057988
1423203343111970818
1423203345326501889
1423203351467077633
1423203363617787904
1423203370018516993
1423203371859673089
1423203377865846791
1423203389605822464
1423203391111639040
1423203392122413056
1423203395125534721
1423203396182581250
1423203397365342210
1423203402096414722
1423203402956165128
1423203403853811718
1423203405317689346
1423203408849289218
1423203410719875072
1423203411512733696
1423203415203618822
1423203415161704450
1423203419695767552
1423203423785295873
1423203431737552896
1423203433839009795
1423203436099772418
1423203442391019523
1423203450406510598
1423203450834149379
1423203451551506434
1423203452860043267
1423203455917862913
1423203456781852672
1423203457268342785
1423203459524829184
1423203462599217155
1423203478806089732
1423203479317843970
1423203479871533063
1423203482010624000
1423203491342860289
1423203501249810433
1423203502507970560
1423203502759858178
1423203503523041285
1423203517599305729
1423203517804724224
1423203518987395072
1423203519121797120
1423203526403137539
1423203528504487937
1423203528676364292
1423203536897073157
1423203549656326144
1423203549765201921
1423203556174278658
1423203556480348162
1423203560846626817
1423203564688715782
1423203565343059969
1423203566345342982
1423203566479712261
1423203572901109761
1423203574897684482
1423203575086321665
1423203576088649728
1423203583328096267
1423203587094683651
1423203588864544777
1423203594514444290
1423203594749104128
1423203596515041285
1423203597978853384
1423203599576965120
1423203599962689537
1423203600398917640
1423203603112554500
1423203603234185220
1423203604748554241
1423203611119603714
1423203611660722182
1423203611811713025
1423203612206026754
1423203618396639233
1423203621093658624
1423203627083075589
1423203636369403907
1423203638583959553
1423203643033985025
1423203648272801796
1423203653981151238
1423203656086835203
1423203662525079557
1423203665217736707
1423203665569931266
1423203667004567553
1423203668745244673
1423203669038751745
1423203669420482564
1423203671127564292
1423203673765777409
1423203674600480770
1423203674919038979
1423203675518894080
1423203679348350977
1423203679453188100
1423203682170990595
1423203684960321536
1423203685694418947
1423203691289620481
1423203693470666752
1423203700668047363
1423203702672875522
1423203702702108678
1423203709673099273
1423203709891186688
1423203715088109570
1423203717122121729
1423203719781359620
1423203723224961031
1423203727771459600
1423203729000570889
1423203729545654272
1423203729638055940
1423203729877127168
1423203730476912645
1423203730715983877
1423203734499307522
1423203735031861250
1423203736424390659
1423203740421484545
1423203741482852356
1423203742288130049
1423203742577565696
1423203742749450242
1423203742929719300
1423203748076265474
1423203764467601408
1423203765910339584
1423203768837890048
1423203768968089605
1423203774944927754
1423203777717448707
1423203781425074183
1423203781869715457
1423203781769146373
1423203782385618948
1423203782570045441
1423203785057488898
1423203792523202564
1423203793186009089
1423203793626337284
1423203795824173058
1423203797803970561
1423203801448779779
1423203805387100164
1423203811376570368
1423203813113143297
1423203814686003201
1423203815017402369
1423203815898198017
1423203816288096257
1423203822923522048
1423203826107142147
1423203826211950598
1423203829571461121
1423203829533888513
1423203834659147783
1423203836819349505
1423203837939171328
1423203839176491010
1423203842552893441
1423203851570647048
1423203852623523843
1423203856188592129
1423203856884789248
1423203861171380232
1423203866401812482
1423203871241822208
1423203872697368576
1423203873020387328
1423203883015344128
1423203884802187265
1423203886278402051
1423203890187538436
1423203890317643780
1423203890787504130
1423203901008920577
1423203902095245313
1423203908579729412
1423203912962609156
1423203916121055233
1423203917974880256
1423203923444305922
1423203923452731399
1423203926388535296
1423203926585888768
1423203927839838211
1423203931761565699
1423203931921002496
1423203932768194562
1423203936282976256
1423203936735948801
1423203942113087490
1423203941848920064
1423203942192730121
1423203946412220418
1423203947389534213
1423203952108179456
1423203956143140864
1423203958403776516
1423203965588606980
1423203965685092353
1423203966242811908
1423203974124015620
1423203973742301192
1423203974790848515
1423203981627645961
1423203984240693248
1423203992310411264
1423203997649883148
1423204000304820228
1423204000111996928
1423204005161824258
1423204006667505667
1423204007477141505
1423204012699049985
1423204015039467524
1423204015446249475
1423204022899511298
1423204023075852288
1423204032190029825
1423204032437538817
1423204034199048194
1423204037093060609
1423204037395197956
1423204039072833536
1423204041723576323
1423204050183491591
1423204049889808385
1423204051043328001
1423204056017874945
1423204060107247619
1423204064813363200
1423204066197344256
1423204066423934977
1423204070509121537
1423204071226241027
1423204090192875526
1423204090490744838
1423204091996553216
1423204095775711232
1423204096857751556
1423204098631819265
1423204100146094082
1423204103862292482
1423204105976172549
1423204114062667785
1423204114318577664
1423204117954977796
1423204120203202566
1423204123428548611
1423204128424177664
1423204134480605190
1423204137420853248
1423204139329273856
1423204143854878720
1423204149592735747
1423204159743008772
1423204161064103936
1423204166332190724
1423204167322005509
1423204170627047425
1423204173085036547
1423204173579886596
1423204175395971073
1423204186527735809
1423204189501526024
1423204190633959428
1423204195092647936
1423204198443667456
1423204199899320320
1423204205867659266
1423204214503788546
1423204216487698433
1423204217838133249
1423204220702969862
1423204221181206531
1423204225912295426
1423204230005809154
1423204231507496961
1423204232975593475
1423204241577889793
1423204242307706885
1423204242605723649
1423204246552461312
1423204251329863683
1423204255666683907
1423204265896693760
1423204266974482438
1423204267737980930
1423204278634754051
1423204281524523011
1423204290043076614
1423204294682202112
1423204296485740544
1423204297991499779
1423204298104705025
1423204299069399044
1423204299232919552
1423204300927479810
1423204308892389376
1423204311492743168
1423204312725942274
1423204313032282119
1423204316530184192
1423204317301854214
1423204318354759682
1423204319042621441
1423204321601236993
1423204321823379459
1423204331617144834
1423204334783778817
1423204334804688898
1423204336960606209
1423204340010037248
1423204349426143233
1423204356267065350
1423204356946644994
1423204357068234754
1423204361426059268
1423204365633048580
1423204367721799682
1423204368338219008
1423204371215568900
1423204372134039554
1423204373312638985
1423204380350631938
1423204381210652677
1423204389179715585
1423204401502621697
1423204401825542148
1423204405902331904
1423204409828208642
1423204413896859649
1423204415733997573
1423204417348816897
1423204428442738689
1423204431688994817
1423204432662040580
1423204436487417857
1423204451071008776
1423204451314192390
1423204454871060482
1423204456875823105
1423204464094171136
1423204465012842498
1423204476194902016
1423204476215697412
1423204476882767872
1423204478547865602
1423204481194332160
1423204485527080963
1423204504829235202
1423204508134518785
1423204509665333253
1423204514253975552
1423204526354583553
1423204527424036866
1423204528271224832
1423204531395989508
1423204533686132736
1423204535686909954
1423204540392910854
1423204540652789762
1423204542217347074
1423204543098142722
1423204545279102984
1423204551277043715
1423204551977472001
1423204555907600387
1423204555995635712
1423204558281584640
1423204568264019974
1423204571258576902
1423204573666152452
1423204574056251393
1423204575364878339
1423204577344634882
1423204577659297795
1423204579471028228
1423204581807464462
1423204587633262593
1423204592725098499
1423204592955715587
1423204594608316420
1423204595392819201
1423204597951303681
1423204602028175361
1423204603085029384
1423204604376985601
1423204610693419010
1423204616951455745
1423204618637430788
1423204621481304064
1423204627848204290
1423204629618204674
1423204638354907136
1423204642603872256
1423204649822089218
1423204659892690946
1423204664313630722
1423204664540114946
1423204673389989892
1423204677294993408
1423204679127867392
1423204680763576320
1423204681300467713
1423204686161752064
1423204688745349125
1423204690062454784
1423204698312613888
1423204701638701056
1423204703446384645
1423204705874833409
1423204706772471808
1423204722488532993
1423204725860622342
1423204730654838785
1423204736568791043
1423204738074439683
1423204741841137665
1423204746857353218
1423204747754999809
1423204747889238016
1423204747843043330
1423204752851181573
1423204754671300612
1423204761747214338
1423204763991109634
1423204766239236097
1423204776288743426
1423204777069006849
1423204790448709641
1423204793665789956
1423204796975177731
1423204802670989312
1423204804654813191
1423204806374658050
1423204808891125762
1423204814666698756
1423204819410427904
1423204820081590273
1423204820945498114
1423204821394468864
1423204822753243143
1423204823957127168
1423204824993177600
1423204835973689349
1423204839157379075
1423204841262813185
1423204844286906371
1423204846182703105
1423204849378680837
1423204851132022784
1423204855041175553
1423204860577550338
1423204861647196160
1423204862506930177
1423204865933778945
1423204872896323589
1423204875647819776
1423204876012638212
1423204877077991425
1423204877476433923
1423204880915775488
1423204883038019588
1423204886548828163
1423204890898227201
1423204891628130304
1423204893624471554
1423204901031596036
1423204912461090816
1423204912603680776
1423204918400323585
1423204920086331392
1423204931087978497
1423204933499703304
1423204935953489922
1423204944711127041
1423204946032447490
1423204955637252099
1423204956983599105
1423204960867688449
1423204990097707011
1423204993142755337
1423204993629233160
1423204997999861760
1423204999497097222
1423205001329922048
1423205008581939204
1423205009135652871
1423205012017238017
1423205023123640320
1423205031709495306
1423205033428938755
1423205039636549638
1423205041050066950
1423205042669162498
1423205051728756740
1423205055579103237
1423205064269713411
1423205067960819714
1423205068585713669
1423205069781192709
1423205071114829826
1423205074340392960
1423205074235441154
1423205076483588098
1423205081982267392
1423205082015862785
1423205085455298564
1423205085501403137
1423205089976545281
1423205096712810501
1423205100227551232
1423205101271932929
1423205106955300864
1423205121211523073
1423205130376208386
1423205138588749826
1423205139402403841
1423205148285837312
1423205149988773889
1423205153289621507
1423205154405314562
1423205154883608580
1423205157286916096
1423205158058479619
1423205159014785029
1423205162722766850
1423205179302703106
1423205181181808640
1423205186579963906
1423205197963218947
1423205198344896513
1423205199150292994
1423205201847078914
1423205207152807936
1423205209925251072
1423205210663522305
1423205212647575552
1423205218821447680
1423205221526761473
1423205221694533633
1423205238866169866
1423205241797812228
1423205242938789889
1423205248940662792
1423205253441327109
1423205257442742277
1423205261032890368
1423205263574663172
1423205264703070213
1423205277155815424
1423205279210954758
1423205283464155138
1423205292221898753
1423205293794672641
1423205295749308420
1423205296516878343
1423205297531670532
1423205303638794247
1423205305177952259
1423205307694600196
1423205309632286720
1423205310156656640
1423205311687630848
1423205313646317574
1423205315860783105
1423205318415339524
1423205322601160711
1423205335318343680
1423205335754584069
1423205336299737090
1423205337142792199
1423205338212405250
1423205341358088192
1423205341907533825
1423205348324827140
1423205350287740929
1423205355161473024
1423205356402999299
1423205360307822595
1423205360651882496
1423205363210403841
1423205366263779333
1423205368331710470
1423205368646098951
1423205372093878272
1423205376976056321
1423205382827266048
1423205387487035392
1423205391886733314
1423205396265701376
1423205403836489732
1423205407716257792
1423205409578524676
1423205411839254528
1423205414057959424
1423205418730283009
1423205422509461504
1423205425860661249
1423205430730403840
1423205441211801604
1423205441543147524
1423205441904037891
1423205442298150913
1423205443392868358
1423205445641064450
1423205447998349314
1423205448270950409
1423205448606441472
1423205450758119426
1423205459368955909
1423205460606287875
1423205461113798656
1423205461713620993
1423205464054013956
1423205464272166913
1423205470228074499
1423205470576078854
1423205472711024640
1423205483628961792
1423205488976568320
1423205495565848576
1423205497948315649
1423205498522935296
1423205501135896578
1423205501370839041
1423205504092934144
1423205505430925313
1423205510589784065
1423205515174178818
1423205523441205249
1423205530026270720
1423205532832198659
1423205533478162435
1423205541015396355
1423205552172281860
1423205553413660674
1423205556328620036
1423205556802650124
1423205562485968898
1423205563345772550
1423205565724086284
1423205566835462145
1423205574305619968
1423205580630499329
1423205585986760706
1423205587249139712
1423205589262475264
1423205590495596546
1423205590998953986
1423205596246036480
1423205601622990848
1423205602382254086
1423205611257409536
1423205615309000704
1423205618370887680
1423205620015108096
1423205620480499715
1423205620673515521
1423205621281796098
1423205632757301252
1423205635038973952
1423205636104343557
1423205639900172289
1423205640827129859
1423205640508432384
1423205640831385609
1423205650272821249
1423205650591535113
1423205654471262211
1423205655968567300
1423205658522947585
1423205659227529216
1423205665066024965
1423205668077457410
1423205682589937665
1423205683994976264
1423205684431269890
1423205689820946432
1423205695474782214
1423205696095637506
1423205700377878529
1423205703364354049
1423205705570422792
1423205711098568711
1423205716458983425
1423205722431516679
1423205724214157315
1423205725921103873
1423205727288532995
1423205729092079617
1423205730266468353
1423205733487845383
1423205733923962885
1423205734062374917
1423205745630318598
1423205747614228481
1423205750382469121
1423205752076783623
1423205758506725377
1423205759270014982
1423205771173576706
1423205771312041985
1423205772176023552
1423205775732658185
1423205778962452480
1423205779440549893
1423205782024228866
1423205784318615552
1423205787107725315
1423205791398567936
1423205792417607680
1423205798914797568
1423205801246789634
1423205801339015168
1423205803394174976
1423205806888132610
1423205806972051456
1423205807718551553
1423205808993488899
1423205811052957700
1423205823413686275
1423205824936267777
1423205827259863044
1423205827419283458
1423205827628855297
1423205828534886403
1423205833043763208
1423205834058829825
1423205841008611330
1423205844598988802
1423205853830647810
1423205860042412034
1423205861825056769
1423205865683931139
1423205867814412291
1423205875133599749
1423205875230015492
1423205890728075264
1423205892498001921
1423205896079953928
1423205897422127108
1423205899179540482
1423205901503279104
1423205906137980933
1423205914694258690
1423205915822632963
1423205919224180737
1423205924798357506
1423205932226461701
1423205932612399106
1423205932826337283
1423205941034590210
1423205947833466882
1423205951004364802
1423205952002482179
1423205960122724354
1423205967303434240
1423205976191082498
1423205977545854976
1423205982985887747
1423205991433134080
1423205991580147712
1423205993689739267
1423205996927885312
1423206001625419778
1423206004955574272
1423206007921168384
1423206010206920709
1423206016926109696
1423206021783298050
1423206027319648262
1423206033925808130
1423206035112796161
1423206036824018945
1423206038497464322
1423206041282654211
1423206043493019649
1423206045787332612
1423206047876005894
1423206048022753281
1423206049025306627
1423206049356656640
1423206054117085187
1423206068751003651
1423206073629036546
1423206075319324672
1423206077080948741
1423206077680676867
1423206078356000769
1423206082705600512
1423206086916538378
1423206093841436673
1423206097691848706
1423206098329235458
1423206106290036740
1423206106772381698
1423206107431022593
1423206111629414401
1423206112044601346
1423206127425097731
1423206131409768448
1423206133955645441
1423206135134179328
1423206138909270016
1423206147373289475
1423206149067841537
1423206152993579021
1423206155715678209
1423206155812278272
1423206161747111936
1423206171939270657
1423206174988505091
1423206175412207616
1423206180021694467
1423206180856373250
1423206182425141253
1423206183309963270
1423206199009312768
1423206201836331008
1423206211864903687
1423206216621244417
1423206221331537921
1423206221629333508
1423206226570186754
1423206227094372354
1423206235139198976
1423206246878875648
1423206271704989698
1423206275085602817
1423206284023771138
1423206285747494916
1423206286636765185
1423206288339701761
1423206289572831232
1423206291464495106
1423206295893651456
1423206298267566080
1423206301832732674
1423206301815824387
1423206307893547014
1423206312746311687
1423206315480993795
1423206317674532865
1423206319213842434
1423206322212855809
1423206325698265090
1423206327237681153
1423206341816946688
1423206343482216449
1423206345231278082
1423206347252895746
1423206348620189699
1423206349354143746
1423206351979925505
1423206360892669954
1423206363925254147
1423206366580203521
1423206379163062273
1423206383353090055
1423206388461879297
1423206393054629888
1423206399237103616
1423206400856051714
1423206403393605639
1423206407386578946
1423206408946806784
1423206414953160708
1423206417264041987
1423206419063582724
1423206421152235522
1423206421965905922
1423206422561521665
1423206426483167232
1423206438579572737
1423206441691668483
1423206447291068420
1423206447605686276
1423206461434470401
1423206462667452419
1423206476273922050
1423206483324506113
1423206485077553153
1423206486537170944
1423206491167682565
1423206491457216512
1423206493684477957
1423206497438343168
1423206499652866048
1423206501263585282
1423206501196337159
1423206504237178880
1423206508326699014
1423206510746759173
1423206511199678465
1423206519416541185
1423206523547881472
1423206525917564929
1423206526530031616
1423206528031498249
1423206530304954368
1423206532297248772
1423206538399952896
1423206538798268417
1423206542141181953
1423206543982477313
1423206545886691330
1423206561808330756
1423206562655571968
1423206563896954881
1423206568389185538
1423206575041175556
1423206579428601856
1423206586084827138
1423206593328566275
1423206600366465026
1423206602501365761
1423206616690724864
1423206617399627776
1423206621283500038
1423206629122658304
1423206629269516288
1423206630368362497
1423206633690255363
1423206634080276483
1423206639109292038
1423206641080717316
1423206643311992833
1423206650475864064
1423206653038665732
1423206656356327425
1423206663310372870
1423206665617395712
1423206665734828032
1423206666745618433
1423206667127332864
1423206679760543744
1423206684420452352
1423206687909941254
1423206688622977028
1423206690133090306
1423206692603547649
1423206693584863236
1423206693651943428
1423206697397534722
1423206712098672641
1423206714657103872
1423206716875886595
1423206718926905345
1423206719115595778
1423206726610862091
1423206726896025608
1423206727630172169
1423206734143922176
1423206734236160000
1423206743648129027
1423206744625451012
1423206750652600321
1423206760274345985
1423206774073528320
1423206780868333570
1423206781518446600
1423206782843768833
1423206785431658523
1423206790880133122
1423206797624496133
1423206800275431428
1423206803064639493
1423206807061794817
1423206807640625157
1423206807728689153
1423206808315998211
1423206818973556736
1423206820093566976
1423206827030814720
1423206831329931272
1423206832164716548
1423206841295675396
1423206844164620294
1423206845905350656
1423206850539962371
1423206854277181443
1423206860757241860
1423206864720891906
1423206866344153088
1423206869045239808
1423206875911229441
1423206877542985732
1423206878834688003
1423206880525131778
1423206882865553412
1423206885004566529
1423206890587127809
1423206895918141440
1423206901198770176
1423206902385680386
1423206904831033346
1423206905363812352
1423206909885222916
1423206910031929344
1423206913592893444
1423206914079526914
1423206915849420802
1423206916474523654
1423206923436920835
1423206927727616000
1423206932509122566
1423206933625020417
1423206935805915136
1423206936284172290
1423206940268716034
1423206942411919361
1423206947076157443
1423206947612880896
1423206948791414785
1423206958329262080
1423206959201677314
1423206960204189696
1423206961038823429
1423206963979210754
1423206964834754561
1423206970283094016
1423206972292308996
1423206978508238849
1423206979183448064
1423206984346710018
1423206986720677898
1423206990818512896
1423206991208620032
1423206993007808514
1423206993871872001
1423206993947357184
1423207001040039942
1423207003137003522
1423207011185946632
1423207014964944896
1423207025878700033
1423207029972164614
1423207031314554882
1423207032555855873
1423207034162405380
1423207035886182409
1423207039438704642
1423207039636054018
1423207044044267524
1423207044589424642
1423207047114416129
1423207048343277570
1423207048490065930
1423207049781993473
1423207050293694469
1423207051530936324
1423207056320913414
1423207056497123328
1423207065087000576
1423207076436668416
1423207076969410560
1423207077166542849
1423207079536381953
1423207080224296962
1423207083474702339
1423207083718160384
1423207084829462528
1423207088663285762
1423207092287008770
1423207094111465473
1423207094128418816
1423207096372367361
1423207096598794240
1423207099509706754
1423207101514625025
1423207107642417157
1423207113753509890
1423207114814595073
1423207116429570051
1423207122200838151
