1432614114220724224
1432614117018198027
1432614118867935232
1432614119480438784
1432614123150446594
1432614124056420352
1432614132868698113
1432614133761937411
1432614133791223815
1432614141844463616
1432614145166389249
1432614147355656195
1432614150329487361
1432614151415865345
1432614152539942914
1432614163247947782
1432614166448201728
1432614166897078272
1432614169254240263
1432614174413123588
1432614179408601093
1432614180687949824
1432614184789807112
1432614185867911175
1432614188870868998
1432614190347272193
1432614195829293058
1432614204884672515
1432614207959220226
1432614209968345088
1432614217073430528
1432614217492807683
1432614219611099140
1432614225906601992
1432614234483924999
1432614241358344195
1432614244457988101
1432614246861398020
1432614250481127428
1432614262141296640
1432614266012463113
1432614267514068994
1432614269036732418
1432614269363924993
1432614277408460804
1432614278125793281
1432614285616685058
1432614286317297665
1432614295284719616
1432614302402371590
1432614314129518593
1432614318823124993
1432614335973666816
1432614336451817472
1432614338179715072
1432614339857592323
1432614340910256132
1432614346991931394
1432614351576383489
1432614352897544196
1432614354806054912
1432614363920277505
1432614370211663874
1432614374397652992
1432614374917623808
1432614375458684931
1432614376700186625
1432614377929121794
1432614384539521031
1432614388389711873
1432614390189096962
1432614397927636994
1432614399303303175
1432614401421553664
1432614408119746570
1432614415333875714
1432614424913788928
1432614431012261888
1432614434741104642
1432614443758858240
1432614449534410752
1432614449563717638
1432614450142621699
1432614459693015041
1432614464046632964
1432614470811938816
1432614478286360577
1432614483269242880
1432614501417893889
1432614502911066115
1432614507432529922
1432614507906437121
1432614514000793600
1432614517498802177
1432614523270217732
1432614527485550592
1432614530174095362
1432614531058966529
1432614535362347012
1432614544933806081
1432614545382690816
1432614552751915012
1432614553062240256
1432614553343254529
1432614558401761280
1432614560717025280
1432614568044363776
1432614572960141313
1432614578458869760
1432614581407518721
1432614582988644356
1432614588801945600
1432614590899179522
1432614594447560706
1432614604719288326
1432614606258720773
1432614611275026438
1432614618233327627
1432614628182437889
1432614631453954053
1432614635094503427
1432614637703352321
1432614644179406851
1432614645261602819
1432614651708071938
1432614654002356227
1432614659769524228
1432614679273099270
1432614683777830917
1432614689762988034
1432614699737042944
1432614700001415170
1432614703994343425
1432614710172475393
1432614714295660544
1432614723653152769
1432614724861005831
1432614725167292418
1432614731437596674
1432614733128028160
1432614735598473216
1432614737192292353
1432614742376464384
1432614744406388745
1432614744888840195
1432614745413230593
1432614766753853442
1432614769886957570
1432614770566369280
1432614776027455489
1432614779902910469
1432614780158681088
1432614781890875392
1432614785011621893
1432614786718650372
1432614791777038341
1432614795383951366
1432614798496251904
1432614800387936257
1432614808973713411
1432614812085723140
1432614813985910784
1432614834453946371
1432614840992940035
1432614846231552004
1432614846936215556
1432614847359987713
1432614856784502785
1432614863734456320
1432614875172327424
1432614875314933760
1432614879345659904
1432614882994753536
1432614883334438914
1432614885200781313
1432614886127849477
1432614888011038722
1432614894172622851
1432614894663356419
1432614894940180485
1432614897012117505
1432614901349068806
1432614910438121472
1432614911436279821
1432614921225842689
1432614923884904448
1432614925608890369
1432614926456139780
1432614927970275329
1432614933422919681
1432614934421065729
1432614935197069312
1432614949193502723
1432614966687842308
1432614967946194945
1432614973503586305
1432614978197016579
1432614978863788032
1432614982093582338
1432614984144592897
1432614994638671872
1432614996169531397
1432614996748406791
1432614998598045696
1432615011164114946
1432615014087618561
1432615015132106753
1432615019837935616
1432615022291664896
1432615028956434432
1432615028868407300
1432615033998041090
1432615037475201024
1432615037814943749
1432615041405054983
1432615047889620994
1432615048397135874
1432615060313051142
1432615067657416709
1432615092428886017
1432615097369698307
1432615103426273282
1432615107939508226
1432615109998915587
1432615111051599874
1432615121549869057
1432615127900200963
1432615131775741954
1432615135491735556
1432615139413397512
1432615144039780354
1432615146531086338
1432615146631876615
1432615153279844353
1432615163455098882
1432615166458294275
1432615170283433986
1432615171680346115
1432615172342894597
1432615173701787652
1432615179729051649
1432615183214645252
1432615194916790272
1432615214302863363
1432615216676843520
1432615219004649475
1432615229054201859
1432615235597209600
1432615243998371844
1432615244182982659
1432615246527713282
1432615249207644163
1432615249392267264
1432615251107848192
1432615255872524290
1432615256551985156
1432615266022682625
1432615271374770177
1432615273027145729
1432615275220938755
1432615279708844035
1432615280337883136
1432615288952934402
1432615291347951616
1432615295974187012
1432615297731682305
1432615297756897282
1432615298872401924
1432615321479925761
1432615331072196608
1432615335660773381
1432615348184911874
1432615348730138628
1432615350584086532
1432615352605679617
1432615355223089152
1432615356040941572
1432615358997753857
1432615359815766017
1432615362546200577
1432615377909944322
1432615386025918469
1432615388408254474
1432615389712748544
1432615391478550528
1432615395513573379
1432615398235680772
1432615400102154245
1432615400508960770
1432615401339318280
1432615402291482625
1432615408385859585
1432615408369029123
1432615412961890308
1432615418426953731
1432615419085561857
1432615427079917570
1432615429638262784
1432615436022059008
1432615446570848257
1432615457555718151
1432615472017596417
1432615477214420997
1432615479915335687
1432615481400168457
1432615489927323649
1432615494134153219
1432615494847131654
1432615496088801280
1432615497292525577
1432615505106386945
1432615507648208898
1432615508172492804
1432615509900496898
1432615511414747137
1432615517844492298
1432615519497109509
1432615534621863938
1432615535670398979
1432615537570369538
1432615539000717314
1432615539772436481
1432615540418387970
1432615543094218752
1432615549205426179
1432615553919770626
1432615553957564416
1432615560278274050
1432615560215420931
1432615569010925571
1432615574182502400
1432615583976067075
1432615590108139527
1432615597360091142
1432615606214221827
1432615606772240385
1432615608257064964
1432615610127683592
1432615611931238402
1432615617186738176
1432615618595987458
1432615621347274758
1432615622043525121
1432615633494085634
1432615634349690885
1432615635712946180
1432615636677509124
1432615645217124364
1432615646462808066
1432615649017204736
1432615655379980292
1432615661646368768
1432615662078214144
1432615664515272704
1432615670089277444
1432615670857015298
1432615677324632068
1432615683842396160
1432615690091958274
1432615710526640132
1432615715119538178
1432615721218060291
1432615728411254785
1432615735944228866
1432615740356628480
1432615741925335040
1432615744970371074
1432615745016451072
1432615745368694788
1432615761479184386
1432615761986535428
1432615769129447425
1432615769444077568
1432615772497580034
1432615775181938689
1432615776083607558
1432615777916440584
1432615783721586692
1432615788234559490
1432615800066789386
1432615801702346753
1432615810082557958
1432615810359435267
1432615816017633280
1432615822153879552
1432615824272109572
1432615827476471810
1432615828269244416
1432615829519089666
1432615830588583937
1432615831876276230
1432615833793040384
1432615841019793409
1432615841976274944
1432615843473489921
1432615851023163394
1432615852839522304
1432615853456076802
1432615855670636553
1432615858346602496
1432615867959873536
1432615877929672705
1432615881608138754
1432615890709667840
1432615897152114692
1432615896686678018
1432615899505119232
1432615899597611009
1432615899907846146
1432615901640249345
1432615906954387458
1432615909344960515
1432615920002797568
1432615925488963586
1432615927670050818
1432615933374341121
1432615939992743937
1432615941762916358
1432615943537152000
1432615945189543937
1432615948498964480
1432615951426523136
1432615952479363075
1432615954148593666
1432615959949463554
1432615963799789568
1432615963841728514
1432615970925858817
1432615977301204999
1432615983001313285
1432615987657035776
1432615994967658496
1432615995475066883
1432616008787931141
1432616009932976128
1432616010012577795
1432616022658387973
1432616023971143681
1432616029868466176
1432616031558717440
1432616032108048391
1432616034054262788
1432616034326888452
1432616037212725251
1432616040681324545
1432616042417823749
1432616046201028609
1432616049434927104
1432616053419433985
1432616060356808704
1432616066237313026
1432616068913246209
1432616071865929734
1432616082250952704
1432616082301280257
1432616085090672640
1432616087426932738
1432616088412598273
1432616092279603202
1432616095442083842
1432616095895076865
1432616104401178627
1432616104946540545
1432616108100669445
1432616110436855810
1432616116887695366
1432616124600909824
1432616125414600712
1432616131903299585
1432616132242931713
1432616137615822848
1432616145371090948
1432616148181282816
1432616149469089793
1432616150081355776
1432616151662710787
1432616157920497665
1432616159149395969
1432616159396962314
1432616163473870848
1432616165927313415
1432616166812442626
1432616168704073730
1432616167840129025
1432616171442884610
1432616173888278533
1432616183430356993
1432616210143789056
1432616210856820738
1432616222718373890
1432616223070621698
1432616228821114881
1432616231761334272
1432616252862652416
1432616260488114183
1432616262031396866
1432616272638980097
1432616273062637568
1432616276002840578
1432616279739879427
1432616280641650691
1432616293409169408
1432616294440972289
1432616294591959041
1432616298882740226
1432616299734130688
1432616300480798722
1432616301491625986
1432616303379034118
1432616304771481602
1432616306876895232
1432616314003152897
1432616314560913410
1432616314678489091
1432616319187398657
1432616323025195010
1432616326007250947
1432616334488125444
1432616356856401920
1432616363663708160
1432616367258279938
1432616372220035072
1432616374996713474
1432616382613663745
1432616384840626181
1432616389756456960
1432616395255083011
1432616397067128837
1432616397226450947
1432616400049168385
1432616405053104132
1432616405158047747
1432616405770260481
1432616407301246981
1432616408580431875
1432616408500748292
1432616411591970820
1432616438192246785
1432616438741745669
1432616439362555908
1432616451224047618
1432616456831766529
1432616457326809093
1432616459335704580
1432616459549777920
1432616464687665153
1432616468332568578
1432616471654453248
1432616477090222081
1432616478591782919
1432616480986775552
1432616487194398721
1432616492567306242
1432616493603336192
1432616496602169345
1432616502008631298
1432616503803846658
1432616507641634817
1432616509549993984
1432616512272191491
1432616512603500545
1432616514444689408
1432616515484934145
1432616515757563904
1432616516290236418
1432616516504231937
1432616518383243269
1432616523089207296
1432616525765255169
1432616531721084929
1432616533222584323
1432616553174949896
1432616554479472641
1432616571625684994
1432616584187686912
1432616586914017282
1432616587480244224
1432616591070482432
1432616593226354689
1432616599165485060
1432616603288485888
1432616611601600515
1432616611723165696
1432616622091431936
1432616624419397634
1432616633688727555
1432616643222556673
1432616643855884288
1432616649664892933
1432616652638613510
1432616657596387328
1432616664890228739
1432616664714125312
1432616670330249219
1432616674411171842
1432616677452222465
1432616679608045568
1432616682103640072
1432616689187713031
1432616694317522944
1432616695164817408
1432616695097614336
1432616695529570306
1432616698121699330
1432616698608160770
1432616699849846789
1432616701481291782
1432616707319795714
1432616721542639616
1432616726206853121
1432616739230126080
1432616750932242433
1432616752215642112
1432616765347926021
1432616767868837888
1432616773229035521
1432616774608977920
1432616779063386114
1432616786285846532
1432616798415773703
1432616799871373313
1432616801192587266
1432616809774174208
1432616811632250887
1432616814723440641
1432616816313085955
1432616826639302656
1432616835661197320
1432616838022803464
1432616842837774338
1432616848412000256
1432616849854713856
1432616850127343617
1432616855034908674
1432616858268565506
1432616859308789762
1432616863188533249
1432616864581136389
1432616865063337985
1432616866824998915
1432616871031889920
1432616874169311232
1432616875419226112
1432616882947907584
1432616883581194242
1432616884076261379
1432616898873659393
1432616905018429444
1432616913788674050
1432616914904305664
1432616918691852300
1432616924681211908
1432616932834938880
1432616935460585473
1432616936538624001
1432616936878317572
1432616938509848580
1432616939596103683
1432616939952566277
1432616951218520073
1432616951403192320
1432616959351402497
1432616959800188931
1432616961645625349
1432616966813069313
1432616968394268681
1432616969644163074
1432616974136197123
1432616976187367424
1432616979031109632
1432616981660717056
1432616985112760320
1432616992545071104
1432617001869062148
1432617005442547718
1432617026455961600
1432617034160902146
1432617034605477891
1432617047293300741
1432617051500204032
1432617058194186246
1432617063009243136
1432617064905150467
1432617068109705218
1432617073050595333
1432617078003888130
1432617079488892928
1432617085293711361
1432617092243730432
1432617094424768514
1432617111508164608
1432617116495085569
1432617117925486598
1432617120467202049
1432617121830350848
1432617124124626949
1432617127802916868
1432617127920476161
1432617134203408385
1432617134820151296
1432617135503675399
1432617137454174208
1432617149021966337
1432617156919717897
1432617160153645056
1432617161025941504
1432617167699120133
1432617168592461826
1432617172644204548
1432617174385020928
1432617175240650752
1432617177211752454
1432617176914145282
1432617182614196230
1432617183893495808
1432617196069457921
1432617204453818368
1432617205506605061
1432617208035872777
1432617219637325826
1432617222590115840
1432617223655497734
1432617226381586433
1432617230081036291
1432617235139346432
1432617237161070595
1432617254622015488
1432617264080056325
1432617265678077953
1432617268295479302
1432617279246774272
1432617282128138247
1432617292509089797
1432617292383281155
1432617299161362433
1432617299916230656
1432617302932000768
1432617304408297474
1432617307231162368
1432617308426547200
1432617311060598784
1432617313778479106
1432617314407563264
1432617319910490119
1432617320409673732
1432617320816562176
1432617322469023745
1432617326046814208
1432617329133821953
1432617333860749316
1432617340961656839
1432617341796294657
1432617361757163520
1432617361916452866
1432617365607436299
1432617373295681536
1432617377380937734
1432617378182049798
1432617380392443905
1432617382506229763
1432617386516140037
1432617393658945536
1432617395915354117
1432617400814374921
1432617401934360576
1432617402504650755
1432617413632303104
1432617415804870657
1432617428031135744
1432617430140919808
1432617446192656391
1432617450151956487
1432617451741761536
1432617455839551489
1432617457064333314
1432617468133060609
1432617468250447874
1432617471375122432
1432617474898358273
1432617476634910721
1432617479524823041
1432617479700811779
1432617484721475586
1432617484973002757
1432617487787515904
1432617488890490880
1432617496842997764
1432617497048477697
1432617499166576643
1432617505017712640
1432617506909347843
1432617507874033666
1432617508196999174
1432617509321125896
1432617510751309825
1432617512382828547
1432617517596516358
1432617521341927425
1432617527352434689
1432617528736591876
1432617528862429191
1432617539750793216
1432617540270886914
1432617546482585600
1432617550144315396
1432617553487175689
1432617555252977664
1432617556741955584
1432617559443087363
1432617563335311365
1432617564002295808
1432617566661345284
1432617566338486273
1432617568532062212
1432617573733052420
1432617576157171714
1432617583862222850
1432617592749903872
1432617597405515781
1432617601415352320
1432617604070379521
1432617611133693955
1432617611552985090
1432617612677193731
1432617613171953670
1432617619199340545
1432617619425792004
1432617621883691010
1432617623863414784
1432617643975061507
1432617651285680132
1432617651885547524
1432617657367412736
1432617660836159488
1432617661742006276
1432617663574908931
1432617665122689025
1432617670319357958
1432617678439604224
1432617689021829120
1432617689193672704
1432617690796118017
1432617695850139652
1432617698123517955
1432617705333407745
1432617714963603457
1432617720923791364
1432617727122984963
1432617734936870912
1432617737797476359
1432617752297156609
1432617756789202946
1432617766738178049
1432617767086215173
1432617779706961929
1432617782118604810
1432617782395424770
1432617784433856514
1432617784928841729
1432617788208713731
1432617794344943625
1432617802053996544
1432617802448310279
1432617804981673989
1432617810656649222
1432617819053510661
1432617826477559809
1432617826842550272
1432617835356954628
1432617837219270659
1432617839773499396
1432617846589120518
1432617850477309955
1432617852134207490
1432617852280901632
1432617854097035265
1432617857133776898
1432617857318281220
1432617859461439489
1432617860082409472
1432617863316180992
1432617865509806085
1432617869410406407
1432617870417006598
1432617871738167297
1432617874913304580
1432617879967571971
1432617882882510852
1432617887047553025
1432617887504683019
1432617890449018883
1432617891472478210
1432617891342467076
1432617893771030533
1432617909675704322
1432617911420661760
1432617915451387910
1432617917837987843
1432617922980110338
1432617924611690502
1432617925559660549
1432617926188797952
1432617934212321282
1432617942215131140
1432617943439925249
1432617949282635778
1432617949680967680
1432617951560089601
1432617960858963971
1432617965015478272
1432617965623599106
1432617967074828292
1432617967368482818
1432617969100759043
1432617975568273413
1432617983629619203
1432617987333402629
1432617989120069632
1432617995965067273
1432617999526207489
1432617999555510274
1432618010955505668
1432618013547712515
1432618016219574278
1432618020505939970
1432618028215246851
1432618032518598658
1432618040198316035
1432618043268554753
1432618051602685955
1432618052256813057
1432618055616503809
1432618059726934021
1432618059248844804
1432618064034533376
1432618068073717765
1432618071018016773
1432618071093481482
1432618077385003009
1432618093444960256
1432618094703390721
1432618096104255488
1432618096821477382
1432618097459015683
1432618098205528065
1432618099648471041
1432618106741051392
1432618107294552064
1432618108154363905
1432618108980768768
1432618122880638981
1432618123363028992
1432618126429020164
1432618126919733252
1432618130438692865
1432618133517475842
1432618136029831174
1432618141285244930
1432618144179396608
1432618145454297089
1432618152219742209
1432618155504017410
1432618157580201985
1432618157781434368
1432618160449069056
1432618160901873667
1432618162722263040
1432618166216167424
1432618185388404739
1432618187502260224
1432618188693549059
1432618195177951232
1432618195467313156
1432618196301873153
1432618199527395328
1432618199590359040
1432618210457571331
1432618214299734016
1432618218368212992
1432618224286380041
1432618225175498752
1432618226719109123
1432618230405902339
1432618230519107586
1432618235225165825
1432618235799736320
1432618236823195648
1432618237225693184
1432618245157052420
1432618256972582919
1432618276719312896
1432618278225055749
1432618282851393537
1432618283564511240
1432618283803430913
1432618290917036033
1432618294612221953
1432618302249979907
1432618306423246854
1432618308243636224
1432618313981509632
1432618327445159938
1432618331941470209
1432618333686403074
1432618337775722500
1432618345766002689
1432618346453868548
1432618355748446209
1432618359045169152
1432618360970358785
1432618372403847168
1432618375352442882
1432618381988012032
1432618389516787713
1432618390988988417
1432618391106433025
1432618391563640832
1432618392792543236
1432618399121690626
1432618400694550529
1432618401407504387
1432618403840331779
1432618404972802051
1432618411771809793
1432618412677681152
1432618419988221958
1432618421624127490
1432618425487183873
1432618425843474433
1432618427227774979
1432618428968443905
1432618430444838914
1432618430419587075
1432618437499490305
1432618437692600320
1432618444596383746
1432618451873550341
1432618458391486469
1432618460236992514
1432618461793038342
1432618462019395586
1432618466637275145
1432618475973840897
1432618478012272642
1432618486040256515
1432618487214530566
1432618492625313794
1432618516268474375
1432618519925907466
1432618524594384897
1432618531556712448
1432618541069455365
1432618543628046339
1432618545234407425
1432618545926623235
1432618555539968000
1432618555632128004
1432618559461629953
1432618562011627520
1432618562040963072
1432618563722891264
1432618564826144771
1432618578319052802
1432618579619426305
1432618582177890305
1432618582056132610
1432618586376261632
1432618593057968128
1432618597063479298
1432618600762904578
1432618606060265472
1432618609969274887
1432618611529551880
1432618626998210561
1432618632148779012
1432618640080265221
1432618642747928576
1432618643708207104
1432618654240235521
1432618659537584128
1432618669637525504
1432618676000231425
1432618678747648010
1432618687962533889
1432618692978913283
1432618696648822785
1432618697957445634
1432618704785793028
1432618717704302592
1432618718954020864
1432618723710545924
1432618738457759744
1432618743213953024
1432618745688641537
1432618751804035072
1432618754878414848
1432618770825203713
1432618775719809030
1432618778668457984
1432618782988640256
1432618785148604417
1432618785626894338
1432618786495074312
1432618789888212992
1432618789988753408
1432618791884689410
1432618792102809600
1432618797794410498
1432618798293471238
1432618800738885636
1432618800889933828
1432618801149800453
1432618806996836353
1432618807730655238
1432618808624123908
1432618810570264576
1432618816882843649
1432618827012091904
1432618829331435522
1432618835782213636
1432618839670394883
1432618840572182529
1432618848457396224
1432618849405394944
1432618853561880576
1432618858024681472
1432618865276723200
1432618866102964226
1432618867134697472
1432618867918991361
1432618870582521857
1432618871916216320
1432618872079802368
1432618874596298757
1432618877159153668
1432618877796507652
1432618883685310470
1432618884490801153
1432618885178699776
1432618886927634435
1432618893676322822
1432618898747179009
1432618900584284162
1432618908364591113
1432618914463244293
1432618925083164675
1432618931857022977
1432618937372475397
1432618941453586436
1432618944431476738
1432618944922206211
1432618948772589573
1432618956163108864
1432618956796280835
1432618961582108674
1432618967353417728
1432618968389357571
1432618968741732353
1432618972986462209
1432618973229580292
1432618974588456963
1432618978933972997
1432618979143700482
1432618979269435393
1432618988681379840
1432619004133187584
1432619011804598275
1432619011804700675
1432619012286922754
1432619014530928645
1432619019769614340
1432619021254287368
1432619024538423297
1432619025247313930
1432619036743921674
1432619040602791939
1432619043354152964
1432619046323720196
1432619052405600260
1432619055136002056
1432619058147459072
1432619059946864640
1432619062706774018
1432619065898676232
1432619077974040576
1432619078238179328
1432619088837111812
1432619092389814272
1432619092783996935
1432619098379276293
1432619102703603718
1432619103987007490
1432619104062611458
1432619104431714310
1432619114670002177
1432619116330946560
1432619118159597570
1432619123956195329
1432619126116126722
1432619136127995904
1432619142817910786
1432619149520424962
1432619154666831874
1432619163231588352
1432619165769035778
1432619169439125508
1432619170177241089
1432619170689130498
1432619180587556868
1432619185712947201
1432619188267491331
1432619189899038720
1432619191396360192
1432619199441080323
1432619200967704576
1432619208802701315
1432619209863811080
1432619210832818176
1432619216474148866
1432619216943947778
1432619218118250496
1432619218839687168
1432619220144111617
1432619223050764294
1432619230315302912
1432619231707729932
1432619234786488323
1432619235713470464
1432619238561239040
1432619243699425283
1432619245217722369
1432619254722043908
1432619254667378690
1432619258245107714
1432619260749094914
1432619262376480768
1432619275966050305
1432619284010733573
1432619289543069701
1432619292584026115
1432619297306812418
1432619304789241859
1432619309315104768
1432619313287024641
1432619320874524672
1432619325417050112
1432619333528784905
1432619334069899265
1432619339136397314
1432619340822503438
1432619358308769794
1432619367167049730
1432619373265518593
1432619374712537091
1432619380475580421
1432619383860334592
1432619385336868867
1432619387413045258
1432619387920560128
1432619401761677313
1432619411039391749
1432619420229062662
1432619422888259587
1432619423681163267
1432619425807491075
1432619426189389827
1432619428290580482
1432619430740217856
1432619436062564354
1432619438818332672
1432619449815736322
1432619450952523779
1432619452936474624
1432619457256452097
1432619458825179139
1432619459840184323
1432619460406517761
1432619463120089094
1432619471454318592
1432619490269925378
1432619491897139200
1432619492060794884
1432619497052008456
1432619500487290883
1432619502756368385
1432619510188675073
1432619515012165635
1432619516568166401
1432619517193113601
1432619519600734209
1432619523732029440
1432619525770551298
1432619529440481280
1432619535031431174
1432619536797290497
1432619539557142528
1432619541100580871
1432619542715457538
1432619557986836480
1432619563221405703
1432619570473287686
1432619576940920834
1432619578912227330
1432619579381981192
1432619583958097920
1432619587598635008
1432619591394529281
1432619594741649408
1432619598621384706
1432619603772022785
1432619607009939456
1432619611611181057
1432619612621918212
1432619618019971072
1432619618716295169
1432619621509701641
1432619631118798848
1432619632976875520
1432619641080266752
1432619647073808388
1432619651448586242
1432619660030226432
1432619662634782720
1432619668850753540
1432619671459614722
1432619684625518597
1432619687901343747
1432619689864089603
1432619695551647751
1432619697598603266
1432619698135330820
1432619699821432834
1432619700236791808
1432619701763559424
1432619705618026499
1432619706192523264
1432619722214940676
1432619722328076288
1432619723158474752
1432619727688454144
1432619729189892098
1432619729760489474
1432619731622694914
1432619732415492097
1432619736219545601
1432619737217912832
1432619743169572865
1432619760940896258
1432619773771190279
1432619777105793027
1432619781014925317
1432619782352875521
1432619788556292096
1432619790955319298
1432619793501368325
1432619794109403138
1432619803374616585
1432619806079995907
1432619806751002628
1432619814883893248
1432619817945735170
1432619819086589952
1432619820974059522
1432619821460598784
1432619824170127363
1432619830260248579
1432619832252395524
1432619833414328321
1432619842054418445
1432619842322980869
1432619842327224323
1432619848278757379
1432619851718086658
1432619852322283521
1432619853286821889
1432619854960410632
1432619862778593281
1432619871133736960
1432619875164475393
1432619877316005891
1432619878461153280
1432619879023083532
1432619886199459843
1432619888774770693
1432619889022406656
1432619896463151106
1432619898186907649
1432619898505728000
1432619900409888771
1432619905925271553
1432619909264166913
1432619910262362114
1432619912015527939
1432619915693920256
1432619916998311942
1432619922530701315
1432619923155599364
1432619935725875204
1432619935889461249
1432619939899322373
1432619946853355526
1432619951240605696
1432619951890829312
1432619953933283330
1432619971474075648
1432619975907368961
1432619980684763140
1432619980994977792
1432619983914287106
1432619986497900544
1432619987924094976
1432619989765394434
1432620003371765761
1432620003455602688
1432620008627134465
1432620013916094464
1432620017938534400
1432620019041591297
1432620021113491458
1432620023042953218
1432620026499043329
1432620028780679172
1432620029560991744
1432620032836636673
1432620038738137088
1432620038859722752
1432620056475803652
1432620058128396288
1432620059852214272
1432620063308189699
1432620071793221635
1432620092601212930
1432620098410352648
1432620102667620353
1432620113719697409
1432620116987064323
1432620117087588354
1432620120720003072
1432620123546861569
1432620145571078145
1432620145852043265
1432620150218543106
1432620155117387776
1432620160133828610
1432620166647619584
1432620168811790344
1432620173719220226
1432620193499525120
1432620203532247043
1432620230115831809
1432620233785626625
1432620234456895489
1432620236063322114
1432620248776196096
1432620249103351808
1432620258586775555
1432620267679932418
1432620276861255680
1432620287665770496
1432620300601110531
1432620303692222467
1432620306171056135
1432620307181883394
1432620307647455232
1432620309878767621
1432620314152816643
1432620314995789826
1432620315918536704
1432620319387394050
1432620323824803840
1432620323866914818
1432620325104148483
1432620331311665155
1432620333215981568
1432620334646243328
1432620338832052224
1432620341940166659
1432620343940763651
1432620345631117315
1432620350639050755
1432620352576778243
1432620358948032512
1432620362680844294
1432620370704617473
1432620386294849540
1432620407966912517
1432620409401135106
1432620410726539267
1432620412492398593
1432620414103130113
1432620415831183361
1432620422869049347
1432620423762567170
1432620434181300225
1432620449679040516
1432620449834225669
1432620457270947846
1432620466250813440
1432620468058591238
1432620469648248833
1432620477294551046
1432620479098101761
1432620499390054405
1432620499687837699
1432620501646589953
1432620503525699584
1432620507958964227
1432620520298762242
1432620523431686152
1432620523855437826
1432620532092968960
1432620532235636736
1432620535985233932
1432620538728484869
1432620540162871299
1432620542864003078
1432620543560269825
1432620565576118272
1432620569627869184
1432620572937228290
1432620576737267714
1432620577324478466
1432620575906623488
1432620578838548481
1432620583347445764
1432620592990232576
1432620593048965121
1432620600233795584
1432620604776194048
1432620606634201090
1432620610820075528
1432620611805880322
1432620613101883393
1432620616029401090
1432620619955331073
1432620621826043905
1432620622727852032
1432620631216951299
1432620633720954886
1432620636380172288
1432620637743370241
1432620639655972865
1432620644697583617
1432620650582118403
1432620655267270657
1432620664943427592
1432620665228648449
1432620669292982273
1432620674263273476
1432620674783358979
1432620676574105605
1432620677241217027
1432620677446742019
1432620677610328067
1432620680336531458
1432620683461373957
1432620690948067334
1432620694056099846
1432620697763946496
1432620699479330818
1432620712838287369
1432620724624240641
1432620726431875073
1432620727493017601
1432620728906502144
1432620729644761090
1432620732450811906
1432620734539575296
1432620735860781060
1432620744358432770
1432620745520201732
1432620748049428486
1432620751916466177
1432620757469777925
1432620766147883013
1432620780177797120
1432620783382122497
1432620784325828612
1432620785118720000
1432620786456596481
1432620791993151492
1432620797579956224
1432620803087081473
1432620806836826112
1432620809923792897
1432620813254070272
1432620814180892678
1432620820212371458
1432620823618015237
1432620830735970305
1432620835471167493
1432620840164593673
1432620847097909250
1432620847852834817
1432620852001091588
1432620852218974211
1432620853515202563
1432620870149845005
1432620879188578307
1432620882833416196
1432620894820704256
1432620896624250882
1432620897874034688
1432620898943741952
1432620902810783744
1432620905570701312
1432620907160162307
1432620915594969093
1432620916005957633
1432620920838008835
1432620921974579200
1432620924856057857
1432620930539327490
1432620931440992262
1432620935098421252
1432620937384443904
1432620937514389504
1432620938604908545
1432620942090555394
1432620947643719681
1432620950890160128
1432620955256299521
1432620964173516800
1432620965427654657
1432620966899822593
1432620973291884544
1432620979595907072
1432620979717558273
1432620982750023681
1432620986894065664
1432620990937198594
1432620994137665539
1432620998411661314
1432621003956490241
1432621005218799620
1432621005655068677
1432621006234038280
1432621008486236163
1432621014001717252
1432621018565255169
1432621019047636993
1432621020012326919
1432621020331061251
1432621021366980608
1432621023824916481
1432621025217372163
1432621039276765188
1432621039964594180
1432621039993987072
1432621040790740993
1432621043252826116
1432621047786921987
1432621060986396672
1432621062169182210
1432621067206475779
1432621073099542529
1432621076161261569
1432621092565405698
1432621095950159872
1432621099972395008
1432621102140903425
1432621103252393987
1432621108621189122
1432621109048926208
1432621111922069506
1432621113964695552
1432621118850887681
1432621133572894725
1432621135309545473
1432621143278571520
1432621143240945664
1432621151889596419
1432621153806282753
1432621155618365440
1432621156641619968
1432621165093298184
1432621170097065988
1432621172642877441
1432621180897406979
1432621183581761547
1432621187977424902
1432621190980505600
1432621193727598595
1432621212530888704
1432621221699489792
1432621223922577410
1432621225881346048
1432621227105927170
1432621230461435904
1432621232936165377
1432621237130432514
1432621241198948353
1432621242826338306
1432621252720484353
1432621253412757509
1432621259519582210
1432621265072787464
1432621266964410368
1432621270508703744
1432621273734123520
1432621273851568133
1432621282349264901
1432621289940914176
1432621295611662337
1432621297188712452
1432621312040656901
1432621313416335367
1432621315639312385
1432621323281440768
1432621325986811904
1432621326263468035
1432621326473338882
1432621329870729216
1432621335398727680
1432621345888686081
1432621348245762058
1432621350594691072
1432621354461900804
1432621356399529985
1432621367397163008
1432621368022126592
1432621372992331778
1432621376238669825
1432621376783986691
1432621377232703490
1432621378423824389
1432621378478379012
1432621381267582979
1432621384006574082
1432621384715444225
1432621386095370245
1432621392726425603
1432621394085433346
1432621406035005440
1432621406286606337
1432621413668638728
1432621413915979778
1432621422606704642
1432621424762523653
1432621428424257536
1432621429112115202
1432621430898712577
1432621431586709504
1432621434099183617
1432621435218907137
1432621444878540801
1432621449794232328
1432621458249949186
1432621461840166915
1432621463853432835
1432621464969220098
1432621465510113283
1432621467812904960
1432621472904880129
1432621474058313729
1432621476180631554
1432621486704054272
1432621488079720457
1432621489405181956
1432621492274012163
1432621505641267203
1432621510737416193
1432621514512207872
1432621515225239556
1432621518391889924
1432621523739680771
1432621535987109894
1432621537325158402
1432621543293607938
1432621559248666624
1432621563333992449
1432621565682884613
1432621565707964418
1432621570380341248
1432621572792143873
1432621587954651136
1432621588965470209
1432621591381295109
1432621591548989447
1432621592836812801
1432621592840851459
1432621599849594880
1432621612914946055
1432621621475307523
1432621628681342978
1432621637107474434
1432621638214766592
1432621638248505345
1432621638621728768
1432621640035209217
1432621649443045376
1432621654144921602
1432621658976706563
1432621659257643012
1432621659412840449
1432621667063304192
1432621669756112901
1432621680199880706
1432621687980318721
1432621688211087362
1432621698554204162
1432621703868280836
1432621704614981633
1432621711292309508
1432621714043772928
1432621715503333384
1432621716916801542
1432621717776572417
1432621722654625794
1432621731513085954
1432621737217306628
1432621742673985547
1432621743831764996
1432621745190494209
1432621746595655683
1432621750169350147
1432621750467039232
1432621757664477188
1432621768573923334
1432621770662625284
1432621773439311873
1432621778808025092
1432621784747106309
1432621798944825350
1432621800756817923
1432621833350795265
1432621834977959938
1432621841911144452
1432621844469846020
1432621850216042498
1432621852854259714
1432621858570964993
1432621862618533890
1432621867530133504
1432621867572072455
1432621875260129282
1432621880406646788
1432621881421615104
1432621882537385985
1432621885485764610
1432621889382277120
1432621891542556676
1432621891752120324
1432621895527116803
1432621898840563714
1432621915542228993
1432621928066523139
1432621930020937732
1432621930654453761
1432621930755018754
1432621933175054336
1432621934823546880
1432621942499074049
1432621944550080520
1432621946584379393
1432621948501037056
1432621951650975744
1432621957304958977
1432621960132014080
1432621965504925697
1432621972635234304
1432621982579716104
1432621989471002632
1432621990469242884
1432621993614929925
1432621994357440514
1432622009217912836
1432622013928124416
1432622020198600706
1432622024984305667
1432622027727380480
1432622031430840323
1432622032525701122
1432622053002293251
1432622054231056385
1432622055460065281
1432622056538001408
1432622062032490499
1432622068282142725
1432622069309755396
1432622071201206276
1432622085411573760
1432622088095997954
1432622090457333764
1432622096417312770
1432622097386246146
1432622098808066049
1432622099487670276
1432622102541127680
1432622103371685888
1432622105938497536
1432622108954091520
1432622110137098240
1432622125685383169
1432622129501982721
1432622146749181955
1432622150318493696
1432622153493536771
1432622159143260161
1432622168467075073
1432622170602098688
1432622171206082560
1432622176230850560
1432622176881057792
1432622181419298817
1432622183478489094
1432622192580341761
1432622194669113347
1432622205599461376
1432622212801048581
1432622224209547264
1432622235265740805
1432622237824204804
1432622242656145408
1432622243067035654
1432622251170480128
1432622252671979520
1432622266215452672
1432622270560837633
1432622278823452673
1432622281046511624
1432622282388566018
1432622283949056002
1432622287849623553
1432622288088752131
1432622290919907330
1432622304240996354
1432622305809772544
1432622306359136258
1432622307340660739
1432622314877820930
1432622336897863684
1432622339590537224
1432622340853014529
1432622341876486145
1432622343407513603
1432622348360818690
1432622370569826304
1432622378547355648
1432622383773401090
1432622395571965953
1432622396515749890
1432622398600323081
1432622403356594176
1432622405919334400
1432622406447910915
1432622415054577666
1432622415163629568
1432622416119930883
1432622418284236804
1432622421853577217
1432622424097533955
1432622430313455617
1432622432418996228
1432622439830335488
1432622447103205383
1432622447459807232
1432622447577100290
1432622450844577793
1432622452660584454
1432622454996930560
1432622464778088448
1432622468993208320
1432622470910169089
1432622477319053314
1432622478837391361
1432622480561262594
1432622481962151937
1432622487360229376
1432622490577162240
1432622493924159489
1432622503948701697
1432622513729777664
1432622523737264137
1432622528074158082
1432622533858185216
1432622542896893952
1432622544847130628
1432622546164371456
1432622550090227714
1432622556742397953
1432622557040152576
1432622560764641283
1432622560718376970
1432622565659447300
1432622568863899652
1432622569878851587
1432622579601137665
1432622579710414848
1432622584470855681
1432622586098241536
1432622587809603586
1432622591290875905
1432622592788160514
1432622602254577664
1432622608802062336
1432622610995572736
1432622629165355013
1432622637679792136
1432622640158543875
1432622643799379968
1432622644700979204
1432622646131314688
1432622646387216384
1432622647960088578
1432622648127889411
1432622648291364866
1432622654888890369
1432622655946076162
1432622659783774209
1432622672211582976
1432622672744124418
1432622673687875585
1432622676279918597
1432622678175793152
1432622678490468352
1432622681988354049
1432622686681899008
1432622687352864774
1432622687768043521
1432622688783069184
1432622692285386756
1432622698300002304
1432622698325110795
1432622699197571072
1432622700208480261
1432622701970018306
1432622708639031304
1432622714360053760
1432622714691342337
1432622716721324032
1432622717379891200
1432622722476032000
1432622725437263872
1432622725747535875
1432622725781204992
1432622725781147649
1432622730994614279
1432622733758799872
1432622737290371076
1432622741115441154
1432622744324096000
1432622745934655495
1432622746538856449
1432622750074490882
1432622754050842632
1432622756575604742
1432622760048701443
1432622766403031044
1432622769825517568
1432622778453274624
1432622781305274375
1432622788494315523
1432622789027147776
1432622791577247746
1432622799777148930
1432622802746621953
1432622808723382275
1432622811596607492
1432622834346512389
1432622838922420228
1432622840419786762
1432622844547055616
1432622847499780105
1432622849060048903
1432622850100375553
1432622855204876289
1432622856265928705
1432622864570535940
1432622866701459462
1432622870178500608
1432622896137048069
1432622900159340550
1432622904148066307
1432622907079856129
1432622908174704640
1432622911236362254
1432622915070177284
1432622924775710720
1432622926025560070
1432622933831081984
1432622938692497408
1432622944732303360
1432622944950358016
1432622945357103105
1432622947957673990
1432622948586860547
1432622951350902785
1432622956006440964
1432622959680700420
1432622960767025152
1432622972012015616
1432622972142067717
1432622972892696579
1432622981688303618
1432622988277526529
1432622995256721410
1432622997223919618
1432623002265526277
1432623006392610819
1432623007139254273
1432623007957241856
1432623009181798402
1432623010255675393
1432623012595920897
1432623014445649924
1432623016534425601
1432623016823885830
1432623042350489602
1432623051200417795
1432623051905064961
1432623055570939905
1432623074826981378
1432623084855611392
1432623085434277889
1432623092367560707
1432623099929837568
1432623101796249610
1432623116673445890
1432623120880394241
1432623125443792900
1432623135917068292
1432623145098174473
1432623158742302724
1432623159086403584
1432623159208038403
1432623160290054145
1432623166162145287
1432623170478125057
1432623178011062272
1432623183186722818
1432623183413354498
1432623184830885888
1432623195530661889
1432623197426528257
1432623206653997059
1432623213922635777
1432623216028045315
1432623230490071042
1432623235208724481
1432623249691713538
1432623250916397059
1432623252980092928
1432623257736204288
1432623264350752768
1432623274014515200
1432623274815627268
1432623278263345154
1432623278988877825
1432623282956562432
1432623289348726788
1432623292389605380
1432623309779202056
1432623310970441731
1432623330654294019
1432623333032538114
1432623342184402949
1432623367044177923
1432623372689567747
1432623374690304000
1432623377261412352
1432623377353564162
1432623379949912072
1432623380847644678
1432623383452266503
1432623386228834307
1432623395288592385
1432623404415340548
1432623406361595904
1432623408898981888
1432623415635161088
1432623417103159297
1432623424480948228
1432623430139105280
1432623439232208906
1432623442185097217
1432623447272824836
1432623447415222273
1432623450649157632
1432623454419886081
1432623456458133509
1432623458727301124
1432623461470404614
1432623469938810886
1432623470051954691
1432623470605635584
1432623481154330625
1432623483905712135
1432623494030897155
1432623495389741056
1432623505644810243
1432623507444170755
1432623516994740224
1432623518022180870
1432623519087702017
1432623520387842048
1432623525332807680
1432623530290515969
1432623532509380611
1432623540411502593
1432623548045139968
1432623548938571777
1432623549030682634
1432623549794095106
1432623552470077440
1432623553111728142
1432623558841098244
1432623558979727362
1432623566659497994
1432623578390859778
1432623580471341058
1432623591649161218
1432623597110104064
1432623600956178440
1432623601954426881
1432623602751262729
1432623605721059331
1432623611920146436
1432623619033554946
1432623627766165504
1432623630672961541
1432623647244656642
1432623656476237824
1432623657507975173
1432623674654445571
1432623675002404872
1432623681335873543
1432623688248086530
1432623687937708038
1432623688088576001
1432623695248433154
1432623696770998275
1432623699908235265
1432623705121640451
1432623708380614661
1432623714575781888
1432623715787972608
1432623724478488576
1432623740316229634
1432623741045858304
1432623742492950533
1432623748838875138
1432623757294649345
1432623757617737728
1432623770045501442
1432623773346369540
1432623777419079680
1432623778228543492
1432623781546233856
1432623783471321093
1432623786977906692
1432623789074956288
1432623791130152960
1432623794615640068
1432623794976276484
1432623795408445443
1432623800630263811
1432623810872844291
1432623812164702210
1432623816748974082
1432623820297449472
1432623824114229250
1432623824969748482
1432623825619984384
1432623826945384449
1432623830833504257
1432623833689862151
1432623837955375104
1432623839448551425
1432623839939280896
1432623845366661125
1432623853377757187
1432623855303118848
1432623861540040704
1432623862815014920
1432623867063799808
1432623872814243840
1432623874752008194
1432623876249317378
1432623881802579981
1432623881903292417
1432623895966781447
1432623926396526592
1432623928233664514
1432623930204831745
1432623930699886598
1432623934420226048
1432623935649103877
1432623936815210498
1432623938425823233
1432623941256990720
1432623946034204681
1432623953403580416
1432623953671983107
1432623953789530120
1432623961020456962
1432623963071344643
1432623972223442945
1432623976984031232
1432623987486494720
1432623990267207689
1432624000107225093
1432624007510175747
1432624022571962368
1432624024429875200
1432624026099363841
1432624026405330944
1432624027156336641
1432624028590788608
1432624029236699141
1432624033711853573
1432624033846157313
1432624034622021637
1432624039122583552
1432624046315692034
1432624052334645255
1432624053978865668
1432624058210738180
1432624076862988293
1432624079455019020
1432624088950849537
1432624094848094210
1432624097444380672
1432624100535570434
1432624111101038592
1432624112627699715
1432624117417644032
1432624122622787584
1432624126020161541
1432624127764938759
1432624131455991812
1432624132622012416
1432624139794325508
1432624140675133443
1432624141102845957
1432624142470180867
1432624155367718914
1432624167745167361
1432624170094022657
1432624170194583555
1432624177639575553
1432624184698437635
1432624187731058691
1432624194446036996
1432624195536629762
1432624196190937090
1432624197440872449
1432624203979640837
1432624208161296385
1432624217166688258
1432624217594400770
1432624218022285312
1432624218869428232
1432624223231508481
1432624224485662723
1432624227379826688
1432624241111752708
1432624244383436802
1432624244379193344
1432624250993664003
1432624252205817857
1432624252625166338
1432624252893609993
1432624252805689344
1432624257729802241
1432624260158263296
1432624280873832450
1432624280861396992
1432624281704222722
1432624284615258112
1432624285789663235
1432624288742326273
1432624290797658112
1432624291271491590
1432624294891245572
1432624301002432512
1432624305989357570
1432624311240577035
1432624324373008384
1432624327967580162
1432624329234264064
1432624334556827652
1432624349178212354
1432624357113622532
1432624357134721027
1432624357327704066
1432624358195933184
1432624359160496138
1432624363233234947
1432624377565155334
1432624381109301252
1432624392803020802
1432624394103398402
1432624402160574466
1432624411371347968
1432624413405548553
1432624413711560705
1432624413967478786
1432624416115003393
1432624425803919367
1432624430086250500
1432624429213888512
1432624431382290437
1432624439875629059
1432624452408336387
1432624453163290625
1432624452790018048
1432624459123499011
1432624464525594624
1432624465482063873
1432624466115313664
1432624469638623236
1432624469915410434
1432624473585426440
1432624477750407175
1432624492187209728
1432624492447105031
1432624494481485826
1432624495588777984
1432624496435810308
1432624497379581952
1432624503209689092
1432624512466620416
1432624515335524352
1432624517659209731
1432624518237986817
1432624521106833411
1432624527389827074
1432624531697541120
1432624535128391680
1432624557811060737
1432624560961056779
1432624561602940933
1432624567973990400
1432624570519805960
1432624578988150784
1432624580795973633
1432624581961940994
1432624587301339137
1432624591604641794
1432624592082939906
1432624592233934849
1432624597631787014
1432624599926128645
1432624600572104705
1432624602577088515
1432624605521330182
1432624606213455872
1432624607274541056
1432624611712249856
1432624612874104832
1432624612873998338
1432624615302569984
1432624615759695872
1432624616468516869
1432624616871235591
1432624621879234565
1432624622734921731
1432624624794284035
1432624628707602432
1432624631031078918
1432624631500922885
1432624633564516352
1432624634214563843
1432624634919329794
1432624637502963715
1432624640690511874
1432624644796862465
1432624645430185985
1432624647758024704
1432624651516186629
1432624652614987778
1432624653281988610
1432624667278381063
1432624670587621376
1432624670734536704
1432624670944239620
1432624672076668928
1432624680347701249
1432624687763243011
1432624689789030410
1432624695724048394
1432624704339259397
1432624706956451840
1432624709087096834
1432624709917560838
1432624711423332352
1432624721867075584
1432624725390344195
1432624727441485828
1432624734353694721
1432624736576606211
1432624738925355013
1432624742981324802
1432624743686057987
1432624744843644930
1432624746399739906
1432624748345823232
1432624748610129923
1432624750275170304
1432624752548515840
1432624754121392128
1432624754398142465
1432624765928460291
1432624766536634373
1432624769480937472
1432624771028570123
1432624776686686214
1432624780306419714
1432624786597769219
1432624787164127232
1432624787407265796
1432624788762136576
1432624791614332928
1432624792725823493
1432624797511413765
1432624798232825857
1432624800107692039
1432624802364264448
1432624806940266503
1432624807540056065
1432624807397445632
1432624809695858689
1432624810522132480
1432624811205877767
1432624818201972738
1432624820533952512
1432624828775899138
1432624829358755844
1432624832580100097
1432624835876827136
1432624836304457732
1432624836866715651
1432624848136671239
1432624859138383872
1432624859360628743
1432624861893967873
1432624862233645057
1432624868437250055
1432624868801925125
1432624868919545857
1432624869779382273
1432624875236114435
1432624877283024906
1432624882873892866
1432624897747001344
1432624923084660744
1432624934187003906
1432624939106852864
1432624953736810496
1432624958727806976
1432624959940083714
1432624967439425543
1432624971998584835
1432624987110772736
1432624993557430275
1432624993800638468
1432625002939961347
1432625005234307077
1432625005586702339
1432625010842095620
1432625011278426114
1432625017997565955
1432625017699938305
1432625020040265729
1432625021759864844
1432625023295135744
1432625023781531650
1432625027925651458
1432625029565591552
1432625033680089090
1432625034913271810
1432625039044710401
1432625046510518272
1432625048259416071
1432625052223254528
1432625060414693379
1432625086243254272
1432625089963388929
1432625091687366659
1432625096523272194
1432625096317882368
1432625101862805506
1432625109710393348
1432625125598269442
1432625133647110146
1432625136642007040
1432625139192143873
1432625144057368578
1432625148021121025
1432625147996000261
1432625158083145731
1432625159630843904
1432625170573938691
1432625171278413828
1432625173283295232
1432625173778231302
1432625173870510083
1432625174675816450
1432625175808249856
1432625187015516160
1432625197006221313
1432625199258783745
1432625200147746823
1432625204350447622
1432625216405000192
1432625217675792391
1432625220158951426
1432625226760671234
1432625233668702208
1432625234771734530
1432625237083009024
1432625238668316677
1432625251813298177
1432625251960111107
1432625253533065226
1432625256678760448
1432625257211383809
1432625259203731458
1432625260944265216
1432625266527031297
1432625275355938819
1432625280900870149
1432625287934713857
1432625292993040385
1432625306678988804
1432625314421690368
1432625318607704065
1432625324395614208
1432625326987923464
1432625329814843392
1432625333702823937
1432625335003189251
1432625335372115981
1432625335871295488
1432625338828443651
1432625338811654147
1432625348118646787
1432625349116915715
1432625350861721609
1432625357904023552
1432625369190862855
1432625370273128449
1432625377499697154
1432625383728455681
1432625386471542784
1432625391085268995
1432625395925401603
1432625397234081792
1432625398848770049
1432625400753000449
1432625401092722691
1432625409833803777
1432625421305122816
1432625431065161731
1432625435158843393
1432625438589739013
1432625447775477763
1432625450279477250
1432625451055280128
1432625452435267588
1432625456084238343
1432625458739359744
1432625458672242693
1432625459309813760
1432625463004893184
1432625462895808513
1432625471901114378
1432625477542453250
1432625477785567235
1432625478226038787
1432625481795481600
1432625489647214596
1432625493153550337
1432625494957215747
1432625496907472896
1432625498614640644
1432625506378297346
1432625507376537601
1432625507762323456
1432625508047486980
1432625523449028608
1432625528712929281
1432625558794428417
1432625561403224066
1432625568730779648
1432625572488826881
1432625575131234307
1432625579199770628
1432625586720030720
1432625591078039553
1432625595477753861
1432625599114317824
1432625600787791873
1432625605502177282
1432625608585093120
1432625621482549249
1432625622224883717
1432625627283210245
1432625627807506432
1432625628025556995
1432625629623504898
1432625631485964288
1432625633998278657
1432625635470548994
1432625638456930305
1432625647050887168
1432625649815064579
1432625654672023557
1432625667301117952
1432625669754834944
1432625673634340865
1432625674313863169
1432625680647348225
1432625685034590209
1432625689010835457
1432625698741448705
1432625701878894593
1432625707365064704
1432625709365743625
1432625709785047043
1432625710812729351
1432625712381501443
1432625713987915778
1432625716152180740
1432625717376782338
1432625720807682050
1432625726885335042
1432625733764009990
1432625736876269571
1432625738633531393
1432625740466507780
1432625746598670338
1432625758325850119
1432625761102401537
1432625763644321793
1432625766848737283
1432625772259385345
1432625786343751682
1432625787123949571
1432625787728023553
1432625799664971779
1432625799912468483
1432625800948293636
1432625802798149635
1432625808460468226
1432625811362811904
1432625815380914183
1432625817293574146
1432625819013328903
1432625820678324225
1432625822045806594
1432625822246965253
1432625829645856772
1432625833290567682
1432625834074980352
1432625835727589376
1432625837736529926
1432625848411033605
1432625848427876359
1432625849161818113
1432625859727290368
1432625867088355329
1432625869487497219
1432625869902815236
1432625873937698816
1432625878832455681
1432625907898847233
1432625918430916609
1432625918854434819
1432625919219339265
1432625928362811392
1432625938039119878
1432625947472277508
1432625963146170375
1432625965788762117
1432625970268286981
1432625976970649602
1432625977343954948
1432625981026492418
1432625984596058120
1432625990174396418
1432625993546616834
1432625997430599680
1432626001528434689
1432626001805152256
1432626005210845188
1432626008151240704
1432626009988284418
1432626010713952257
1432626011703754752
1432626012878249984
1432626013570146308
1432626016070033408
1432626017114406912
1432626018544537602
1432626022973902851
1432626026471956480
1432626040891973634
1432626042318036994
1432626042330439684
1432626043366555648
1432626045597933568
1432626049775325186
1432626063696449541
1432626065604812800
1432626067286626311
1432626079131439106
1432626094952288256
1432626098928553987
1432626102980206603
1432626111884652545
1432626113382162432
1432626118620819462
1432626123628814336
1432626131597873153
1432626139349016580
1432626144398823424
1432626145195872256
1432626147959971841
1432626157799698434
1432626161411108864
1432626164900810752
1432626171020288003
1432626175386415104
1432626182374187009
1432626185914048518
1432626193451343879
1432626197280722944
1432626202871746561
1432626204025057286
1432626207447818241
1432626214330462208
1432626214959726596
1432626226103914497
1432626233142091780
1432626239081259011
1432626241870327813
1432626246593175555
1432626256898494469
1432626270907637762
1432626275995185152
1432626279388364802
1432626282047606785
1432626283721203714
1432626300011778049
1432626304927649794
1432626304935862272
1432626320807243778
1432626321172094978
1432626329799720962
1432626341237731333
1432626342995103748
1432626344265871365
1432626349198348290
1432626349001248768
1432626352100986880
1432626360355328003
1432626360552415239
1432626362158751746
1432626363173855237
1432626366789345284
1432626383348551681
1432626386972389385
1432626389094699008
1432626389279203330
1432626389992235011
1432626396006866946
1432626397080535045
1432626398330437633
1432626400654020611
1432626400922533897
1432626402482737152
1432626412108730368
1432626416215076867
1432626422280032257
1432626426470182914
1432626428374224896
1432626428886102016
1432626434342731785
1432626436989464576
1432626439858245633
1432626443482124294
1432626444602122242
1432626445088526341
1432626445046587399
1432626451493294081
1432626466152271873
1432626470870978560
1432626474524184579
1432626474566234114
1432626479066664962
1432626486947696643
1432626490219188225
1432626491679035392
1432626495785160705
1432626496963633158
1432626501892014082
1432626507768205312
1432626515435565057
1432626517876436993
1432626518476288007
1432626520556642305
1432626524176490498
1432626524788715529
1432626529406799875
1432626531864514565
1432626532925718528
1432626535039635458
1432626538885832705
1432626539380703241
1432626539842007040
1432626540282462215
1432626540961951745
1432626544657137668
1432626546829889536
1432626549023338499
1432626557286158342
1432626571731369984
1432626576533848070
1432626582540087296
1432626585706786817
1432626586751283201
1432626590656057350
1432626593390678018
1432626597740388353
1432626601687228417
1432626603310256133
1432626607621959681
1432626614781693959
1432626620100222976
1432626623124328453
1432626624596434947
1432626630631964676
1432626639070924803
1432626657182035968
1432626658624909316
1432626664530395136
1432626671434313728
1432626673158066177
1432626677515833349
1432626680951197696
1432626688022753283
1432626690442858497
1432626693169102848
1432626701578555397
1432626703969538049
1432626706280497152
1432626708088229888
1432626735099662343
1432626740392697857
1432626742431297536
1432626744989822976
1432626745568600067
1432626752124297216
1432626755332943872
1432626760227573765
1432626765072146434
1432626767966048258
1432626770491084806
1432626776023371776
1432626777617219584
1432626785850626051
1432626786534363142
1432626796143460355
1432626800778153986
1432626808793415682
1432626816682917888
1432626818415218694
1432626819904192519
1432626828250804225
1432626843362988037
1432626851596308480
1432626852879683584
1432626855878664193
1432626858835668998
1432626866758819841
1432626867232665606
1432626867719352320
1432626867840901121
1432626869657120770
1432626877940830216
1432626879635333126
1432626880948092930
1432626881644224520
1432626886736109569
1432626893837115393
1432626894550278147
1432626897981149184
1432626918889824266
1432626930914709506
1432626932202422275
1432626933582475265
1432626939928489984
1432626941132161026
1432626943665623041
1432626946895187969
1432626947876659203
1432626950900703233
1432626953635332099
1432626955153653760
1432626964184010754
1432626964947509250
1432626977974935558
1432626995125489676
1432626999353356291
1432627007091707906
1432627011202306051
1432627012938596355
1432627016700989446
1432627024846213124
1432627026079457280
1432627027983667204
1432627034719670274
1432627035847888900
1432627041283760128
1432627044895051779
1432627066789191680
1432627073072332802
1432627080395644928
1432627083008741376
1432627091669876736
1432627092315799555
1432627093184008194
1432627097546096647
1432627098527617024
1432627101601972230
1432627110326243329
1432627113874661386
1432627116638625794
1432627118089949185
1432627119297740800
1432627120103034880
1432627123571810305
1432627129452310533
1432627133545807874
1432627134502039559
1432627140567068672
1432627140877438979
1432627156912279554
1432627162213797891
1432627162373365766
1432627163115708420
1432627166815129603
1432627170028007429
1432627173110661121
1432627177489637377
1432627178655584258
1432627178974425090
1432627181239341060
1432627184733147138
1432627186519793664
1432627189841727489
1432627190622040064
1432627194904391686
1432627196183687168
1432627200277336064
1432627201049088001
1432627201413877763
1432627218807595011
1432627241423458306
1432627241599467528
1432627242312474626
1432627244065869826
1432627247199006722
1432627250529193986
1432627257789411328
1432627273342111746
1432627276261298178
1432627279696261121
1432627280933756928
1432627295907287049
1432627298184933376
1432627298948292609
1432627303515836421
1432627308247007239
1432627309408755713
1432627311615123456
1432627313989009411
1432627315666731010
1432627319714287617
1432627319823233029
1432627325812813826
1432627328459239426
1432627329667407873
1432627330027900934
1432627330367770626
1432627331907076100
1432627338353647617
1432627342782906369
1432627346268426240
1432627347115716609
1432627347232944129
1432627347753218051
1432627357043630080
1432627359694348290
1432627359996252161
1432627372931657729
1432627379151724544
1432627390115688450
1432627392082857986
1432627400504926211
1432627407085707274
1432627409464008704
1432627416967548930
1432627426597777412
1432627433010782208
1432627434483064832
1432627439696502790
1432627445019156481
1432627445195165701
1432627452749168642
1432627460621881348
1432627498228006913
1432627500744523780
1432627502015516672
1432627517089730563
1432627519728070662
1432627521812680709
1432627528548569088
1432627533548244997
1432627537587449859
1432627540242227204
1432627543216173059
1432627547943194625
1432627552271671298
1432627566347632640
1432627568918859776
1432627583082909698
1432627584815226882
1432627588808118274
1432627590817325058
1432627594248130565
1432627602867441676
1432627604608077825
1432627604939579398
1432627608013971459
1432627608437411843
1432627609125466114
1432627631065903104
1432627632550596608
1432627633016217600
1432627639626477571
1432627640381296646
1432627641060896769
1432627644428869639
1432627649290149890
1432627650087067648
1432627652846829570
1432627656101670912
1432627656454021123
1432627657389264898
1432627662401376256
1432627680323665924
1432627681527361539
1432627687382716416
1432627690608148481
1432627695792242689
1432627697897848833
1432627715321077763
1432627719074983936
1432627726398091268
1432627731267657729
1432627734325260294
1432627734300135424
1432627736854552576
1432627737760608257
1432627743523581956
1432627743506771970
1432627748275621890
1432627748372103173
1432627777757335552
1432627781385347072
1432627785365803010
1432627787865616386
1432627793666273286
1432627802814119938
1432627806949855237
1432627807113334784
1432627812855435266
1432627814411370496
1432627814415671297
1432627815443271682
1432627818572169216
1432627842601283585
1432627846195912709
1432627855897341952
1432627871785312258
1432627875992178693
1432627878278144000
1432627882526920708
1432627899614515205
1432627912923045888
1432627915359985665
1432627918484738049
1432627919994687489
1432627923245309953
1432627927917768705
1432627943776342016
1432627944732561409
1432627948381741059
1432627952391319558
1432627958066421766
1432627964663980036
1432627964714184705
1432627965901295617
1432627967956373509
1432627968321339393
1432627971081261057
1432627994707771393
1432627998809739266
1432628001162866695
1432628007512969216
1432628013976457216
1432628014920224769
1432628023795277827
1432628024445476869
1432628028732018694
1432628029667221504
1432628029923135490
1432628036629794819
1432628037904863238
1432628038731108356
1432628039171543042
1432628042556391429
1432628050450161666
1432628055499939851
1432628082972758016
1432628093013970945
1432628094729338880
1432628097006940165
1432628108385927168
1432628110114140160
1432628122562621444
1432628131211382785
1432628136940691457
1432628145715392512
1432628151360786432
1432628161703989252
1432628163545292801
1432628164082028546
1432628171472396299
1432628174089691137
1432628183992524800
1432628201465864197
1432628201549828097
1432628202833207298
1432628204053925890
1432628205115088910
1432628214858326018
1432628215181287429
1432628216523411461
1432628216641073160
1432628229857325057
1432628230343778304
1432628231786614786
1432628233858469889
1432628235389521923
1432628237545447427
1432628238740770817
1432628241953484804
1432628245728485376
1432628249381654532
1432628250371575809
1432628251608899586
1432628259062173697
1432628262942003205
1432628268310671362
1432628275617042439
1432628282332262400
1432628283351445506
1432628289970098179
1432628297762938882
1432628298505281540
1432628311809839110
1432628314393366528
1432628316704546823
1432628316867989504
1432628330407337986
1432628330684051462
1432628344269463552
1432628345745776643
1432628346332930048
1432628348610662403
1432628359276728320
1432628367296065540
1432628374246023168
1432628392579321858
1432628396895387648
1432628400288632832
1432628401588908033
1432628405858668545
1432628414633107456
1432628427752972289
1432628433624915969
1432628433981349899
1432628439966748676
1432628446824382464
1432628448791465990
1432628449546473473
1432628454101438467
1432628456089481219
1432628460267065346
1432628468777431043
1432628469041549312
1432628475551178754
1432628477476413440
1432628478847946752
1432628479674052609
1432628479791706114
1432628491040792584
1432628493339213828
1432628496065499144
1432628496732495874
1432628500289236992
1432628504781377542
1432628508258353152
1432628509051027456
1432628520249962501
1432628522015760385
1432628522296623104
1432628524444274691
1432628524565684229
1432628527166275587
1432628537739988993
1432628562587262979
1432628564138938368
1432628582048751617
1432628582585565188
1432628582958997507
1432628584317952000
1432628588117782530
1432628590852591617
1432628596368158724
1432628598964244482
1432628636096483328
1432628636620820480
1432628641284780032
1432628642765541382
1432628646016131077
1432628646976577538
1432628653599428608
1432628654287331331
1432628655272837122
1432628660457017346
1432628678916075529
1432628679679651843
1432628681558700034
1432628685249593344
1432628692233203712
1432628696771399680
1432628697555775489
1432628703624847361
1432628705243897856
1432628706317672452
1432628706909040640
1432628710256136195
1432628715612250114
1432628732968177664
1432628733219856385
1432628735795253248
1432628736680022030
1432628738651348999
1432628742061502470
1432628748210298881
1432628755604729857
1432628755810377733
1432628756229754884
1432628756359913475
1432628757228044289
1432628758482087941
1432628763234377728
1432628768401678337
1432628768602947591
1432628772235358209
1432628772885442563
1432628779185278979
1432628795228438531
1432628796239355905
1432628796608352264
1432628798110027777
1432628805684826117
1432628808922796034
1432628817332482049
1432628820939509760
1432628825431621642
1432628830963998722
1432628833828540422
1432628846898171911
1432628853084770305
1432628854796046336
1432628854917582852
1432628857815842817
1432628867865333762
1432628870029758465
1432628870558240770
1432628874077216769
1432628882390142984
1432628883245858816
1432628886127448069
1432628892024647684
1432628892477493250
1432628892892807169
1432628893337460737
1432628893631062020
1432628895745024000
1432628895975620608
1432628897313607688
1432628898634911744
1432628899020775426
1432628901625450501
1432628909393125391
1432628918708838408
1432628920679944195
1432628922370363392
1432628922877890566
1432628926967341057
1432628928754057224
1432628930381484037
1432628935599312896
1432628938224934913
1432628940602892292
1432628941857112064
1432628947393466368
1432628949918552066
1432628956583194625
1432628957476753409
1432628962396573701
1432628964950949891
1432628966603431939
1432628977135407106
1432628980025372683
1432628983552561152
1432628987948421122
1432628993035935750
1432628995942723584
1432628998027186184
1432629000027848709
1432629000531218432
1432629001147670529
1432629003362488320
1432629006927478785
1432629011402821635
1432629016670863365
1432629017249828864
1432629017488863233
1432629020265353218
1432629024182898688
1432629025613258753
1432629030700859395
1432629035725737987
1432629049898139649
1432629051861184512
1432629053781991426
1432629056290234372
1432629063252910082
1432629072941748231
1432629073226911747
1432629079535235073
1432629084274630664
1432629088871763968
1432629097679794181
1432629098166329352
1432629100888399873
1432629103715364865
1432629107016097795
1432629115916591104
1432629116369575936
1432629120136011778
1432629122153566216
1432629123533377541
1432629128633540616
1432629129866797056
1432629132383318017
1432629133633273858
1432629134262423555
1432629136678338569
1432629144051933184
1432629146715262983
1432629147445121029
1432629149643034626
1432629150418935808
1432629153375801345
1432629158845296642
1432629163811291137
1432629166545911812
1432629168102010892
1432629182018772992
1432629189002289157
1432629190193340417
1432629190415818753
1432629194329141248
1432629198233944065
1432629200666693637
