1427933268553338882
1427933271221063695
1427933271434928132
1427933281115414528
1427933290363826182
1427933292133699585
1427933294549737476
1427933295778705413
1427933296680443907
1427933303391145985
1427933309984645126
1427933312899813377
1427933314984382466
1427933316016005121
1427933328183676930
1427933332755656706
1427933343195312133
1427933345028083713
1427933357346738184
1427933368147234823
1427933368860254208
1427933370282020866
1427933382848155649
1427933398824275978
1427933405833011200
1427933406420209665
1427933416910114824
1427933430310916097
1427933433767071744
1427933436589793284
1427933438364065801
1427933441065095170
1427933442302517250
1427933445339160583
1427933452029120524
1427933452532391941
1427933454021402625
1427933454147235845
1427933456588283908
1427933460405133315
1427933476154744834
1427933492952903682
1427933496580796419
1427933500393627650
1427933504478793734
1427933506643103746
1427933513458847746
1427933519158956033
1427933519544819718
1427933527753039874
1427933537337057285
1427933547894034444
1427933548678352899
1427933554739138565
1427933554940522498
1427933558858031107
1427933563249381377
1427933563652120580
1427933565052915717
1427933565816385538
1427933571004571648
1427933579460423681
1427933612700323842
1427933622846300162
1427933626877063169
1427933628600885253
1427933650817994757
1427933661802946560
1427933666878054400
1427933670208331782
1427933671676383232
1427933674582937603
1427933679091736579
1427933701179072513
1427933701242068992
1427933714160394242
1427933726025998336
1427933727275962373
1427933727649243141
1427933730136629250
1427933732330221577
1427933757852557318
1427933759719067651
1427933763422535683
1427933763544170500
1427933764320219138
1427933766908002304
1427933774969507840
1427933780040376322
1427933780053045252
1427933780719845377
1427933788785553409
1427933793202147334
1427933798017077248
1427933810738479105
1427933817415815168
1427933824504242179
1427933843684737027
1427933851645526018
1427933853856018432
1427933855290466305
1427933861850275845
1427933869030924290
1427933870524010496
1427933882620563461
1427933888962301956
1427933893253025799
1427933913381580802
1427933919022878722
1427933920151187456
1427933922399113216
1427933935753957380
1427933959804100611
1427933966422659074
1427933966645055494
1427933969551609856
1427933971396972547
1427933974307950597
1427933975415246855
1427933995183050758
1427933995380129797
1427934004594892800
1427934018813714433
1427934030964555776
1427934031790833667
1427934037675544580
1427934038879313920
1427934049562157066
1427934057829048321
1427934070646968320
1427934071791837190
1427934078301523979
1427934085041774593
1427934087734464515
1427934088585961475
1427934098463526912
1427934102599176205
1427934106520850435
1427934107871453190
1427934113361707011
1427934114435452931
1427934116628951045
1427934121439989760
1427934123281338368
1427934128406777859
1427934130445094915
1427934130701012998
1427934147717210122
1427934155115941888
1427934156588081156
1427934164955901956
1427934173633945602
1427934175915618314
1427934177165516807
1427934183071027201
1427934198791385089
1427934200980807684
1427934201614057472
1427934206504554497
1427934216277348357
1427934218219315208
1427934233591353344
1427934236699471880
1427934245729669123
1427934250993537025
1427934261970182145
1427934264469987328
1427934265921179649
1427934276809633792
1427934281305894915
1427934282304036867
1427934294459158529
1427934311785897986
1427934313174212615
1427934315128623110
1427934318823944200
1427934323534036993
1427934341359972355
1427934341582184448
1427934344455262208
1427934345503838212
1427934370204106755
1427934373660221444
1427934376172478476
1427934377376460807
1427934386020929537
1427934388893986817
1427934403817320451
1427934421311758339
1427934423027261442
1427934429364854786
1427934436037861378
1427934436373446656
1427934437103263751
1427934439259115521
1427934441863794688
1427934448205451264
1427934452504793088
1427934466144718852
1427934466345824264
1427934473014759426
1427934476936560640
1427934480581287946
1427934490635251714
1427934496272363520
1427934503515820039
1427934509601800196
1427934525175238660
1427934528681791493
1427934532401975303
1427934550496223232
1427934552505393158
1427934557257572357
1427934557790261252
1427934558104731654
1427934562584305666
1427934583119663105
1427934587016024071
1427934588446420992
1427934600161120259
1427934602556059653
1427934602589523968
1427934604858699787
1427934615788875777
1427934639037976579
1427934663344115713
1427934663079866371
1427934680066629635
1427934681245229059
1427934685582274564
1427934694029643780
1427934700350357509
1427934709410062338
1427934710085427201
1427934710915813377
1427934714858463233
1427934716473139200
1427934719757340676
1427934722315866115
1427934733409914887
1427934754444242947
1427934761226473482
1427934768998518784
1427934779656245251
1427934782848131075
1427934787747020801
1427934796798365698
1427934797901541376
1427934801252790279
1427934803073114115
1427934805514235907
1427934809490296836
1427934809532289024
1427934810023112704
1427934818013229059
1427934828628832256
1427934829996294152
1427934829803450375
1427934831091060740
1427934840482148356
1427934848602320896
1427934852230361093
1427934857041256453
1427934861852094466
1427934869892513793
1427934870072958985
1427934870391693312
1427934875642892293
1427934883674996739
1427934886417952768
1427934890905915402
1427934895746260995
1427934899537948672
1427934904709484546
1427934917007183885
1427934927136436224
1427934953287921664
1427934962955739143
1427934970639572995
1427934971071668228
1427934983331610626
1427934983700811779
1427934985110106117
1427934986712276995
1427934988473933824
1427934988599664645
1427934988930932748
1427934990390554628
1427934998632570883
1427935005188165632
1427935007943892993
1427935012264071173
1427935014285549569
1427935029267734540
1427935029930385408
1427935032593711106
1427935036213403650
1427935041946939392
1427935044874772485
1427935049257824265
1427935050734063616
1427935063845572610
1427935082203926539
1427935086201040902
1427935089619525635
1427935089841754114
1427935095118200837
1427935096837914632
1427935113568870405
1427935113652973573
1427935116094017539
1427935120305139712
1427935121231974401
1427935133538082816
1427935139615498240
1427935143075872768
1427935146280374274
1427935149287686146
1427935154824261636
1427935158628360193
1427935159098118153
1427935160557834243
1427935164785639430
1427935171358171138
1427935177452490759
1427935180673650688
1427935183341342721
1427935185736126472
1427935195575980035
1427935198688075777
1427935207055892486
1427935208502972416
1427935209492733957
1427935212156170241
1427935228182495234
1427935229205876736
1427935230573387781
1427935239570173964
1427935240476057603
1427935248818614279
1427935270968643589
1427935272327688194
1427935276714713088
1427935287846576132
1427935305311703042
1427935316426514441
1427935317055705092
1427935318238453766
1427935320662806528
1427935321392570372
1427935320767598600
1427935324135641090
1427935344146649089
1427935348852674567
1427935348890472452
1427935353520988166
1427935356012351490
1427935361653673993
1427935362584924160
1427935372785373191
1427935379559178242
1427935394721501186
1427935404179738633
1427935408499929094
1427935408697094150
1427935420449312770
1427935433179074564
1427935435070787584
1427935435599355904
1427935444805820419
1427935445606879234
1427935447133589511
1427935449822253057
1427935456327389184
1427935461478215683
1427935465408188416
1427935465743822854
1427935465915633672
1427935468478423048
1427935475206135820
1427935478540603396
1427935487088480259
1427935509763051531
1427935510027292684
1427935517270700039
1427935529090355208
1427935532542201859
1427935534102589443
1427935543128694789
1427935555707314181
1427935586862632962
1427935586925510656
1427935587265306628
1427935594475409414
1427935595465043974
1427935598409617419
1427935601857269761
1427935644546908166
1427935645293502466
1427935646526566411
1427935647923331073
1427935654386733061
1427935657146597379
1427935663744241666
1427935665124225028
1427935673101819904
1427935679552507908
1427935683088470016
1427935685651189761
1427935699836276738
1427935701421674504
1427935704441569283
1427935706874327041
1427935716948983816
1427935719402754051
1427935721160167429
1427935728185614338
1427935728227569664
1427935729020252164
1427935735324233729
1427935743373099015
1427935752353054720
1427935756123873282
1427935775933480964
1427935775820292097
1427935780450754564
1427935803158765573
1427935804857360390
1427935834334957570
1427935838894268424
1427935849023475712
1427935854832627717
1427935858443829252
1427935861585420293
1427935861824360449
1427935862206119939
1427935862772297734
1427935874034065410
1427935874029953030
1427935878068985864
1427935880774262793
1427935881621426180
1427935883207057418
1427935883492220935
1427935884679200773
1427935885090164741
1427935890509340673
1427935898956615681
1427935910637801479
1427935918091014153
1427935922717433857
1427935933618401285
1427935945479888900
1427935948688535553
1427935958775877635
1427935961372151809
1427935963985022976
1427935966606602245
1427936003642249221
1427936004770615297
1427936008453070861
1427936012945211392
1427936013867945986
1427936020889284615
1427936027868499968
1427936030527791109
1427936031081472003
1427936031014326272
1427936032603869187
1427936035871277058
1427936036714213382
1427936041663664136
1427936043559538691
1427936048500334595
1427936060844167168
1427936065269153797
1427936068096065542
1427936071648636934
1427936072932204545
1427936094415425536
1427936109430968324
1427936110596984840
1427936119551823876
1427936123737841669
1427936126820618245
1427936136018681864
1427936136857636865
1427936141974675457
1427936142415048706
1427936144046579716
1427936144751271936
1427936152229580801
1427936153060184064
1427936153206857735
1427936156268773380
1427936157531320324
1427936167710838785
1427936173427671041
1427936179605889024
1427936180633587713
1427936194298454030
1427936195359690752
1427936196538290179
1427936203895083010
1427936206722060295
1427936228096290822
1427936232315699200
1427936236119814145
1427936236040331268
1427936254986002434
1427936254931394560
1427936259368964099
1427936262552313859
1427936269577904135
1427936282991280128
1427936294533885952
1427936296090193925
1427936300238213124
1427936304382181382
1427936305040797696
1427936321931186182
1427936336166756355
1427936341178916867
1427936345436139520
1427936346723823618
1427936352306352128
1427936365837180936
1427936367493931013
1427936371155607552
1427936379590348802
1427936382312493059
1427936383214178305
1427936387265966088
1427936404005429250
1427936404349366274
1427936405343277056
1427936407037829121
1427936416391118850
1427936432404852746
1427936433080193026
1427936433231302658
1427936436116918276
1427936448599273472
1427936454970314752
1427936466836070401
1427936499111055366
1427936506375716865
1427936518979661827
1427936532103581700
1427936533030395907
1427936541284790272
1427936545340895239
1427936546624262147
1427936547802808327
1427936551338655752
1427936557525258241
1427936564940791812
1427936564999385092
1427936581592227841
1427936587988365312
1427936593835347975
1427936601657810944
1427936603599736838
1427936604409278469
1427936605231271936
1427936607894638592
1427936610113425412
1427936615960354817
1427936621366743049
1427936632083304448
1427936652450680834
1427936657605550086
1427936662923972611
1427936666522726413
1427936666648469506
1427936671388078085
1427936695685681152
1427936704636334082
1427936707056336897
1427936708063076354
1427936718527811587
1427936721103110145
1427936723783270403
1427936730338955264
1427936733048549377
1427936741814673410
1427936754183675905
1427936757572644867
1427936760349200386
1427936762245025794
1427936763851546631
1427936782897881091
1427936784890175490
1427936786047774725
1427936793865998337
1427936802929790984
1427936817026850817
1427936840317812737
1427936840984694786
1427936855190761475
1427936859930439687
1427936868373565441
1427936881614929924
1427936888099262467
1427936888287993856
1427936891404439554
1427936892390096903
1427936894457982977
1427936898018779139
1427936905644101633
1427936907019886595
1427936908945022977
1427936914716385281
1427936914968129536
1427936926850498562
1427936930134638592
1427936941887180800
1427936944772853762
1427936946098167814
1427936950443417607
1427936960966971395
1427936961566810120
1427936966046363655
1427936968936095745
1427936972392251392
1427936975278034948
1427936977593110535
1427936982492135427
1427937017287954432
1427937018676273153
1427937026838499340
1427937027929034754
1427937030487646214
1427937043309600772
1427937059294093312
1427937064180326403
1427937068164997125
1427937082022977536
1427937088855592967
1427937088842907658
1427937092865171458
1427937093410504707
1427937099530002432
1427937124607746056
1427937143503032324
1427937149207388161
1427937157444931586
1427937158824873986
1427937162771714048
1427937167456837635
1427937173970591754
1427937174662619137
1427937175836966914
1427937179741925385
1427937194006749185
1427937194497519616
1427937206644076554
1427937211442470912
1427937217633161223
1427937225879130114
1427937226068054019
1427937229893156869
1427937230908100610
1427937239418515461
1427937246938869766
1427937247194648584
1427937257600716800
1427937262248005639
1427937265284747273
1427937266731737093
1427937267071406082
1427937270611333122
1427937271173554179
1427937271496548355
1427937281646673921
1427937283622195200
1427937291926970376
1427937297522216961
1427937302509195268
1427937318627807235
1427937321240907781
1427937322096529409
1427937331101806592
1427937332590678018
1427937335174471688
1427937350353571842
1427937356716421127
1427937358780026881
1427937361778913284
1427937376828116992
1427937379734654977
1427937383815827456
1427937390774034439
1427937394288992261
1427937398302838784
1427937398399307780
1427937399150055424
1427937405194182656
1427937406850945024
1427937411057819650
1427937412920008706
1427937425276514309
1427937435791642627
1427937451419578371
1427937453797748746
1427937457027305477
1427937471573151750
1427937473733201921
1427937475142459392
1427937478393094148
1427937479613685760
1427937484781010947
1427937503059787778
1427937509825200134
1427937519748874240
1427937522198269960
1427937528967876608
1427937530322763781
1427937545258774528
1427937545199837188
1427937550086418435
1427937558672068613
1427937561440264204
1427937571468840968
1427937573175975942
1427937578829815823
1427937585851207689
1427937588443238403
1427937596949282822
1427937606109736964
1427937606764011522
1427937607338676225
1427937612287905796
1427937623637639169
1427937625088876545
1427937626976395267
1427937628184317956
1427937628738015236
1427937631162277889
1427937636610543616
1427937643459919873
1427937644059693060
1427937644235747329
1427937652804931586
1427937662195929091
1427937663114518536
1427937674535612416
1427937676183830534
1427937685264609288
1427937692013273097
1427937702222180353
1427937704839467009
1427937704210219020
1427937708928868353
1427937712640757765
1427937713202860040
1427937716164046849
1427937716272918528
1427937718164676617
1427937721096544257
1427937722757353478
1427937728042135555
1427937736640581636
1427937740788846596
1427937763228229646
1427937764444708874
1427937766374060034
1427937776125759488
1427937776499056644
1427937783973359628
1427937784833077250
1427937785982357510
1427937800012324867
1427937813920636928
1427937817015898120
1427937829557051392
1427937840311291909
1427937843960336384
1427937847424684032
1427937863522521089
1427937868178198534
1427937877309198341
1427937878471028737
1427937888113659907
1427937889078366213
1427937895223017474
1427937902785355781
1427937909492101126
1427937910830084098
1427937915481595907
1427937920774721537
1427937939573592064
1427937946812944391
1427937955339964417
1427937977800474625
1427937983806668800
1427937990626713606
1427937995680669703
1427938000080617480
1427938001682829312
1427938003176103939
1427938003771609094
1427938008179744769
1427938062550642698
1427938064081563648
1427938071568273410
1427938100294995976
1427938114975195137
1427938118993285122
1427938124567654403
1427938127310688256
1427938132830400524
1427938133866278916
1427938135011381250
1427938141516730370
1427938148672278532
1427938148886228998
1427938150370971648
1427938151343878149
1427938151520247808
1427938155336912900
1427938159128678402
1427938160206663680
1427938171845816328
1427938172818759684
1427938177436749829
1427938199519825934
1427938200790528008
1427938207639945224
1427938209472815113
1427938221946720267
1427938224555524096
1427938231350407173
1427938233401360397
1427938233703411716
1427938237260173315
1427938241110593540
1427938241848676355
1427938242523979781
1427938249058787334
1427938251550101508
1427938254095929349
1427938257430515718
1427938258013630466
1427938263357026306
1427938265894559747
1427938272190156804
1427938272320315395
1427938282340552713
1427938283317776386
1427938296882159620
1427938305182781445
1427938308076625925
1427938322748428294
1427938331585769475
1427938333427179522
1427938337336090629
1427938337529151495
1427938343124410370
1427938351890386948
1427938358307659776
1427938360492974082
1427938360954327042
1427938364724895744
1427938366645948420
1427938370882207746
1427938381510610950
1427938383322443776
1427938384001921028
1427938392940195842
1427938395553243141
1427938404973617155
1427938406550605826
1427938414729613315
1427938425647271937
1427938444618047488
1427938452792913923
1427938453509922820
1427938454785171458
1427938457045790722
1427938458887102466
1427938460577447941
1427938567750311937
1427938576164167685
1427938583252553734
1427938589543780352
1427938607948394498
1427938615800188936
1427938624620744706
1427938626969776128
1427938629049995265
1427938635958063108
1427938642861903882
1427938643688181763
1427938644669644803
1427938659416698884
1427938672079511559
1427938674147307531
1427938686470066180
1427938690828062726
1427938716115509255
1427938719898681346
1427938725846204416
1427938732402003973
1427938733630836736
1427938741256065029
1427938748902301701
1427938752501010433
1427938764291256326
1427938782641152004
1427938785044619264
1427938795266138115
1427938798743302149
1427938800810987523
1427938800844615680
1427938807668695046
1427938811393216513
1427938813016485893
1427938822957015047
1427938836320067585
1427938836970184704
1427938839084126211
1427938844364754946
1427938855861227527
1427938857870405643
1427938863662653444
1427938871560527874
1427938882730053638
1427938883451248646
1427938887041753093
1427938887637344257
1427938912442490881
1427938916322136064
1427938917748183049
1427938922630426626
1427938925121835011
1427938929479651329
1427938944625250310
1427938947578175494
1427938949247377408
1427938950459625479
1427938953299173377
1427938954678996993
1427938959942987776
1427938973062770691
1427938975948460042
1427938980952170499
1427938986371305473
1427938988401201153
1427938989894520835
1427938991798693893
1427938997121298433
1427938999860178944
1427939002011856901
1427939017778139138
1427939021456609282
1427939023629299713
1427939024224722950
1427939027429232643
1427939032277868548
1427939035406913536
1427939040695885828
1427939045242408962
1427939053064933379
1427939056529248258
1427939061134622723
1427939065278701572
1427939070030843910
1427939074887745537
1427939098619269120
1427939102125604866
1427939105451634691
1427939107939012611
1427939108643475460
1427939108639416325
1427939108953919490
1427939115618783234
1427939133993934850
1427939138028728323
1427939152587378690
1427939159742853129
1427939167422619654
1427939167527264257
1427939168710283268
1427939174162878467
1427939180651425796
1427939180999495680
1427939188519968773
1427939192747827205
1427939194438045701
1427939195981606912
1427939205926244353
1427939207000076291
1427939214189121536
1427939215422197764
1427939221424193546
1427939230467051525
1427939236343336961
1427939236515299329
1427939254836113409
1427939255662223360
1427939268186542081
1427939273395871749
1427939282359132167
1427939290697265163
1427939303527702529
1427939316773400578
1427939322431524865
1427939326516764672
1427939327917674498
1427939337237319687
1427939337568722946
1427939339284144128
1427939343352537095
1427939348159156234
1427939349472104457
1427939353452494854
1427939357877575685
1427939374721900546
1427939379847249920
1427939386990104579
1427939388286136325
1427939390618316811
1427939391687831562
1427939397891207170
1427939404753027076
1427939409249329157
1427939411271036928
1427939414563450885
1427939424847876099
1427939431084969987
1427939432691388422
1427939439473565699
1427939440773668866
1427939445307707394
1427939446402519047
1427939447186853888
1427939457806782466
1427939463099998209
1427939467726307331
1427939471673147396
1427939483094192135
1427939483853393926
1427939487582142466
1427939495408713731
1427939496268550154
1427939499296927744
1427939500051869702
1427939504787230722
1427939507874172928
1427939512525758468
1427939524513079296
1427939529097424897
1427939533585362950
1427939540547870721
1427939541604716548
1427939546025451523
1427939551054606342
1427939555555086340
1427939561552891909
1427939561657847811
1427939570042249219
1427939570352410626
1427939582885126147
1427939591428870152
1427939602652860425
1427939606142586882
1427939608122245122
1427939610248630275
1427939619144929286
1427939627789262849
1427939629156732931
1427939638270996486
1427939652493840387
1427939653508816896
1427939658147799040
1427939660462972932
1427939661473792001
1427939666565734402
1427939667282907141
1427939681149325312
1427939682160156675
1427939687767887873
1427939698526375939
1427939714930249728
1427939718986141696
1427939739160698882
1427939749751312384
1427939750128799744
1427939755208105984
1427939758299303938
1427939759339487240
1427939777479729165
1427939788821344258
1427939811168604160
1427939813752287236
1427939813118853123
1427939830189621251
1427939834803277826
1427939836233543684
1427939847382073349
1427939850150371332
1427939863383400448
1427939868697534464
1427939869758685190
1427939875454607363
1427939883654565893
1427939889652244488
1427939889794850824
1427939890973581320
1427939891506208775
1427939896103145477
1427939905951440901
1427939906228080640
1427939917481615362
1427939922506289154
1427939923554885636
1427939928395091970
1427939935852670976
1427939942202810371
1427939948540407810
1427939960624189441
1427939964528955395
1427939974473687043
1427939985265729538
1427939992479883273
1427939998108639233
1427940002747625477
1427940004546895874
1427940008451792909
1427940014101467140
1427940017314271241
1427940018832789504
1427940025807814660
1427940026290163720
1427940027808587783
1427940030874456070
1427940037606400003
1427940047907590145
1427940049094541313
1427940051204202504
1427940056443072516
1427940061295820803
1427940066358403075
1427940066890977281
1427940067708973061
1427940068044513283
1427940072872157185
1427940077636931586
1427940087267004420
1427940092409171975
1427940093239734272
1427940102983061506
1427940102991273984
1427940113666002947
1427940116744572930
1427940122432000019
1427940123283501064
1427940126735228929
1427940127280599040
1427940127616249858
1427940128689819650
1427940142740819970
1427940143730671619
1427940148923273219
1427940157718675456
1427940166275117056
1427940171517890563
1427940171765501953
1427940177771520010
1427940188710395905
1427940198047010820
1427940201238777860
1427940202639609863
1427940204946632712
1427940205873438728
1427940206527844356
1427940218292867080
1427940232935223301
1427940234050695171
1427940239142572032
1427940239482494976
1427940240031993865
1427940240245788673
1427940261506736130
1427940264656752645
1427940266812395526
1427940270746783747
1427940270750961667
1427940271916998664
1427940275347857408
1427940276371341316
1427940280305692677
1427940290149588996
1427940294952095749
1427940306226401281
1427940310315851777
1427940317907542017
1427940319853563909
1427940327189618696
1427940326426169350
1427940331341991939
1427940351919132672
1427940368994258946
1427940372131495937
1427940373662404612
1427940375990308872
1427940378175578115
1427940380360724484
1427940380310450185
1427940381518450695
1427940391106588674
1427940393077776386
1427940395036684289
1427940397578264586
1427940397825806343
1427940399801413632
1427940411650215938
1427940412812103686
1427940429669019652
1427940430574850055
1427940435729715205
1427940439206862859
1427940439676567556
1427940444072198154
1427940445414469634
1427940448576974848
1427940449545691147
1427940453073162248
1427940456474849281
1427940459335372803
1427940472874483715
1427940474506162176
1427940474510315523
1427940480227201031
1427940485948231681
1427940493355364358
1427940499088883716
1427940502444429315
1427940516885303303
1427940520387547139
1427940528763637765
1427940531699687425
1427940537038934021
1427940554478850054
1427940557502894083
1427940561177047048
1427940565044416513
1427940568445898754
1427940569226088449
1427940580739493889
1427940591506100229
1427940602105188355
1427940603397083140
1427940604227563522
1427940606215655434
1427940609155813385
1427940611320008705
1427940613979213824
1427940615258402820
1427940616726630405
1427940617586368514
1427940631410843650
1427940632316755978
1427940634783109123
1427940647227600898
1427940650960494594
1427940663925092354
1427940666642948097
1427940670396829700
1427940674641436680
1427940681029496833
1427940681532772352
1427940681830469639
1427940687635439618
1427940689354973194
1427940690227572736
1427940698242916357
1427940706753130501
1427940714802040833
1427940716034940932
1427940721231867907
1427940726474674179
1427940728504782851
1427940729221963785
1427940736188796934
1427940739636334596
1427940742534676492
1427940776726704130
1427940782120570888
1427940787636117508
1427940795429097479
1427940798184689667
1427940800323719173
1427940802194456579
1427940822151045122
1427940824218705923
1427940825099603969
1427940825854529540
1427940834117357571
1427940843239915522
1427940845269897221
1427940859920719873
1427940862458224643
1427940874047066112
1427940875456458758
1427940881944956935
1427940891864571908
1427940900433453058
1427940908889251844
1427940930334699521
1427940931559378944
1427940935867019270
1427940940753289222
1427940949196484612
1427940955571826693
1427940969039613955
1427940976220418049
1427940978334310403
1427940987242962946
1427940990808215563
1427940995178586116
1427940998542397442
1427941015181271041
1427941019199418371
1427941022814851076
1427941024127586310
1427941025440583682
1427941027764215808
1427941028787462146
1427941030020714507
1427941030687645706
1427941035423027204
1427941037041983493
1427941048341381133
1427941049041780744
1427941050463707140
1427941051248123909
1427941055115186177
1427941078955696134
1427941079706263554
1427941083615535105
1427941094168334343
1427941094671765508
1427941098446598158
1427941102787649546
1427941105643966467
1427941106457612291
1427941106713604097
1427941111906160643
1427941116280778753
1427941118910648329
1427941127039168517
1427941128767213568
1427941131422158848
1427941133754245127
1427941134853156865
1427941137961136128
1427941140947406849
1427941154704838658
1427941156298625024
1427941158282481666
1427941175579889669
1427941183540584450
1427941194647080967
1427941196853350400
1427941203224502272
1427941204704972808
1427941209008377857
1427941219787812870
1427941226553040896
1427941237600948230
1427941239261855744
1427941240260153344
1427941244110520326
1427941249189822467
1427941256223723526
1427941264276836360
1427941274837864458
1427941285504159744
1427941290252148741
1427941295629217798
1427941298208661505
1427941299970269188
1427941311454322699
1427941317825474567
1427941325668855809
1427941325572300804
1427941332262268941
1427941350691983360
1427941356463292417
1427941361488125952
1427941369746657299
1427941373102198785
1427941374859653127
1427941375782178817
1427941380597469185
1427941389258698753
1427941389778800641
1427941390034497538
1427941390269431813
1427941391334879242
1427941423236714501
1427941448134103045
1427941448708763655
1427941457869029381
1427941461136392195
1427941461912432644
1427941473232818178
1427941476009381888
1427941478987309058
1427941481994727425
1427941489443631110
1427941490496442379
1427941505214386177
1427941510817976323
1427941518166298637
1427941518946578436
1427941533488140289
1427941541419626504
1427941544993165317
1427941546087825410
1427941547891429387
1427941550600900609
1427941551154544640
1427941559287226368
1427941570909810691
1427941574659428362
1427941576228196354
1427941577004142592
1427941580334374914
1427941591084380163
1427941592040566790
1427941592413917192
1427941594854985731
1427941610088697856
1427941618011758597
1427941628170342401
1427941634747117568
1427941640380035077
1427941649666252803
1427941649779396611
1427941651016830976
1427941652744790021
1427941654015709188
1427941661129150469
1427941662848806912
1427941667873726466
1427941669366861828
1427941676019064836
1427941680041365504
1427941683233267714
1427941688413204492
1427941691055562755
1427941691902791685
1427941693756739595
1427941712651902982
1427941724601688064
1427941736312184833
1427941743174066182
1427941743282987013
1427941748156809219
1427941760794251267
1427941761020690435
1427941782399209481
1427941788422053896
1427941797905506312
1427941799784484867
1427941801307033601
1427941810068938756
1427941810882678784
1427941813533528073
1427941820705779719
1427941824518295555
1427941834056163328
1427941834584641541
1427941838388928517
1427941842037968900
1427941859268124676
1427941865031098371
1427941872903888903
1427941874233495556
1427941883678965761
1427941888649273350
1427941890305970178
1427941890486325254
1427941901630545922
1427941909193007104
1427941912216891398
1427941912896413701
1427941919141793801
1427941919791976451
1427941924376387584
1427941926729289730
1427941927790333960
1427941935981989888
1427941940054700040
1427941942650974214
1427941943686963201
1427941947537121284
1427941964192882688
1427941965409173505
1427941978155614209
1427941980122791938
1427941989887057925
1427941997654904833
1427942005401849858
1427942005435404294
1427942006911868930
1427942011106172942
1427942013106720770
1427942018366558209
1427942024339132418
1427942027422011398
1427942035428974595
1427942035416403971
1427942038226485248
1427942039493222404
1427942046027948034
1427942050889097220
1427942054462644228
1427942077015408643
1427942084636463110
1427942088486830082
1427942090906951686
1427942100893589512
1427942104957915139
1427942111177969667
1427942113484935174
1427942118207668229
1427942118983671808
1427942121634369543
1427942121965772804
1427942123626659843
1427942123412860935
1427942144313073664
1427942145256792066
1427942154912116737
1427942157470609414
1427942158347165699
1427942161203531780
1427942161530511364
1427942163405578241
1427942163464265739
1427942169327935493
1427942180912500736
1427942181747269642
1427942183978536961
1427942184528060422
1427942193487130625
1427942202458746881
1427942208766980096
1427942213800153088
1427942220024336388
1427942220578045957
1427942240802918400
1427942245056057348
1427942257844498439
1427942259933208580
1427942264920285190
1427942266224615430
1427942267369795586
1427942269949071366
1427942290048364546
1427942302740328451
1427942303092527113
1427942304573165568
1427942306242433031
1427942310382161922
1427942321585201156
1427942330661752836
1427942336936427522
1427942344188440578
1427942345102610440
1427942363448578051
1427942364035829761
1427942368666431490
1427942374307549187
1427942376308363275
1427942385678487557
1427942389386207233
1427942392125132805
1427942402564755456
1427942404414394376
1427942405295202304
1427942406272524290
1427942408994623490
1427942425453027328
1427942428779192321
1427942429815033859
1427942431639498752
1427942431723458567
1427942435481526276
1427942445438865423
1427942448995655680
1427942450325303300
1427942459657555969
1427942464221065220
1427942468201373696
1427942482843742213
1427942486366900225
1427942487839096833
1427942487906267136
1427942488338227205
1427942488485122050
1427942488371875847
1427942489248444418
1427942499243409412
1427942503005790221
1427942512858222599
1427942513906786308
1427942516301651974
1427942527164985344
1427942529870221312
1427942546873806850
1427942550527168519
1427942555669434371
1427942557003227141
1427942557108088836
1427942560668995600
1427942563307311105
1427942568671817730
1427942579702833155
1427942579815989251
1427942580290048001
1427942581477036041
1427942583083339785
1427942584287117312
1427942584811499520
1427942602356240385
1427942611843567616
1427942616860184576
1427942619829702657
1427942624405725193
1427942625294880772
1427942625739423748
1427942633385644036
1427942639018549255
1427942641317171206
1427942647105261571
1427942654894039045
1427942655007264768
1427942660925390854
1427942664394231810
1427942675219718146
1427942678289920006
1427942678487048197
1427942683641778178
1427942688599461892
1427942698007269379
1427942698175107073
1427942707561783299
1427942714113417216
1427942718127415300
1427942722254606344
1427942723558907906
1427942723642867713
1427942741862862848
1427942741863018498
1427942754915700742
1427942758262652934
1427942769369174016
1427942771512418307
1427942779053871108
1427942784015667200
1427942786456854533
1427942793226424324
1427942804018319364
1427942808141418496
1427942815720423427
1427942818262274050
1427942824461340673
1427942841674833925
1427942846636732419
1427942846464729092
1427942848851218436
1427942849845268483
1427942853548851207
1427942860825972740
1427942862193299462
1427942870384889857
1427942880765693962
1427942883932442631
1427942885299691528
1427942896695656451
1427942906216607754
1427942906506137601
1427942911732191243
1427942913925865475
1427942915645583362
1427942918501847045
1427942922188509192
1427942923740622848
1427942924310953987
1427942926601097219
1427942927481774083
1427942929138597896
1427942931856506888
1427942933026807809
1427942933400068105
1427942954522587141
1427942955738963969
1427942958976864259
1427942961787150337
1427942963263377408
1427942970502823936
1427942981340966913
1427942983869992961
1427942986223063050
1427942987343044608
1427942990857838600
1427943000680714240
1427943001154887680
1427943003415527424
1427943005844037636
1427943008532668424
1427943010629783553
1427943011804188674
1427943018401783809
1427943022113734658
1427943023405670403
1427943024877768709
1427943025418719235
1427943026257694722
1427943026555564033
1427943026933047301
1427943032591093762
1427943034449186826
1427943035103584257
1427943037070626816
1427943038492499974
1427943047610970125
1427943051415236610
1427943061166907400
1427943067651280900
1427943069035421701
1427943069148717058
1427943080297222146
1427943089067503616
1427943092888514565
1427943097485467655
1427943109573369863
1427943115227164674
1427943124001705986
1427943126325420038
1427943131648040966
1427943133992656902
1427943141357899776
1427943146621603840
1427943147619954692
1427943149163487234
1427943151210176516
1427943153978445824
1427943164686573569
1427943166980861961
1427943169547767812
1427943172311711751
1427943176694808577
1427943180327170058
1427943183154139137
1427943194227060736
1427943197611896833
1427943198178021378
1427943199935434761
1427943211608195072
1427943212539334660
1427943217459204097
1427943221494272003
1427943222547030028
1427943223884931072
1427943230017085454
1427943231325618180
1427943231510220801
1427943242708836352
1427943249126338563
1427943257900830730
1427943279132299266
1427943283397955585
1427943294877712385
1427943296630931459
1427943297948045324
1427943312477073423
1427943315530522628
1427943322270814208
1427943325613453315
1427943326162948099
1427943326880354304
1427943337076527106
1427943348250324996
1427943349349191680
1427943354986377222
1427943355745546247
1427943358023020551
1427943359826604037
1427943362896793600
1427943366885617667
1427943372774203395
1427943379288170500
1427943381976616960
1427943382110904332
1427943384937811975
1427943391216742406
1427943396858028043
1427943400683327490
1427943401996144641
1427943408916733960
1427943413366800386
1427943416474873856
1427943417355587592
1427943423680651268
1427943428046868488
1427943430865375241
1427943432232787974
1427943442286514177
1427943446073929734
1427943448032731141
1427943449131683852
1427943457696387076
1427943468882698245
1427943472997142532
1427943474297516035
1427943484087013381
1427943485508816896
1427943488084131840
1427943489237565443
1427943490936311813
1427943491108212738
1427943521646911495
1427943524629024770
1427943527229673476
1427943530538934273
1427943533802098696
1427943539887861766
1427943546716364812
1427943554102484995
1427943556480634882
1427943558343012352
1427943558926020608
1427943560817651712
1427943570053353476
1427943572167446528
1427943573056593921
1427943573962563587
1427943600814497792
1427943601498165248
1427943606980161538
1427943611098931201
1427943618208223234
1427943620032798721
1427943624499732485
1427943629306441731
1427943639003672576
1427943640232509442
1427943642384289795
1427943643982143488
1427943644435259403
1427943646981095428
1427943657483735044
1427943664647610371
1427943677918388230
1427943678614675461
1427943680736960513
1427943689679261702
1427943695157014532
1427943697593872393
1427943698935975941
1427943711921557509
1427943715528749061
1427943715730038787
1427943715843231744
1427943719299289088
1427943723929784320
1427943725104238595
1427943730317828106
1427943736294592524
1427943738978996224
1427943739369033730
1427943745618464768
1427943757895327748
1427943760898428928
1427943768712482817
1427943773758230532
1427943774609620999
1427943791965712384
1427943795438596096
1427943799972577284
1427943801751015425
1427943827902550017
1427943828506304516
1427943828690923524
1427943831941550086
1427943837280964613
1427943842460876803
1427943847175200774
1427943852376305667
1427943858604740608
1427943867282870275
1427943869220630528
1427943882831060996
1427943889470730240
1427943896886218756
1427943900002586626
1427943901080559624
1427943905274695690
1427943912027697158
1427943921334816776
1427943921863168006
1427943923096358926
1427943934538534913
1427943935591292939
1427943937088577545
1427943938921480195
1427943942625054730
1427943943401091075
1427943948035706880
1427943949944115202
1427943953446227975
1427943958668357637
1427943969858605063
1427943972912177157
1427943973772054530
1427943974514446341
1427943980390658062
1427943986233176070
1427943988867174401
1427943989404217346
1427943989739720714
1427943994814877700
1427943994886172673
1427943995875934212
1427944003224457223
1427944004600074248
1427944007242485770
1427944010325401607
1427944010656714758
1427944016398753792
1427944016742658048
1427944022325309444
1427944041015136259
1427944042004983808
1427944044265492500
1427944054969536514
1427944066747183108
1427944068445839360
1427944070308106243
1427944072757481473
1427944078533144579
1427944080210862084
1427944081569759234
1427944084132487172
1427944087404130311
1427944088880435201
1427944092755968000
1427944103120195585
1427944107163402245
1427944116789391361
1427944121843568651
1427944124821475332
1427944130164887553
1427944133700853761
1427944145570746372
1427944152105463818
1427944156400340995
1427944165309046785
1427944169230770176
1427944181624885248
1427944181880786945
1427944185244442630
1427944187836706816
1427944195294121987
1427944195264851970
1427944195445112840
1427944198175543297
1427944200214138884
1427944211295342597
1427944211823874053
1427944218387963904
1427944221588312074
1427944222389260293
1427944237019054084
1427944237992235016
1427944248188542979
1427944252022169600
1427944262247895048
1427944262763679750
1427944265833910277
1427944278056185857
1427944282607001602
1427944288915099649
1427944296238432261
1427944305881227268
1427944309865680899
1427944311685935111
1427944316802981890
1427944320745803786
1427944321702060034
1427944324831010818
1427944332032716808
1427944332724744194
1427944346989518848
1427944350739206148
1427944361900318725
1427944367847784454
1427944370150408200
1427944382603227137
1427944401632903169
1427944404594085895
1427944407790145543
1427944423577604099
1427944425498554372
1427944432037339137
1427944432389742597
1427944437590773763
1427944439280979972
1427944439499182081
1427944441050980363
1427944441344663554
1427944446344110090
1427944452488777731
1427944454439198726
1427944459543711757
1427944464186634244
1427944466984456193
1427944470998253569
1427944475460915205
1427944480917884928
1427944486139801602
1427944491164573703
1427944497732890625
1427944500446519303
1427944501033660424
1427944516732981251
1427944518389616648
1427944521640382474
1427944527512412160
1427944529991188482
1427944534533681157
1427944537163436032
1427944542834204682
1427944557640044545
1427944560710275073
1427944563172429830
1427944573897166855
1427944577781145603
1427944594738667521
1427944597750259712
1427944607241932804
1427944607405416451
1427944611469725699
1427944618235150344
1427944620080582656
1427944634379030530
1427944636182634504
1427944642503495683
1427944653978996739
1427944655526711298
1427944656059437057
1427944659783987208
1427944664729104388
1427944669141479431
1427944671133716483
1427944673729986565
1427944677320413191
1427944678561812488
1427944690935111680
1427944706089029642
1427944706114265088
1427944715060715520
1427944716428009480
1427944716914630661
1427944718177087489
1427944718869147648
1427944723063263234
1427944731913371654
1427944737445609473
1427944744475299849
1427944753124069376
1427944756081045517
1427944763983007745
1427944766700810241
1427944778365276165
1427944778726088705
1427944779099348996
1427944796283342849
1427944798028238850
1427944800616075272
1427944805905096708
1427944808509702145
1427944810896314370
1427944815266775044
1427944816294473732
1427944816986492928
1427944826365005827
1427944828336214026
1427944831670788096
1427944836640952322
1427944840076136449
1427944841531609090
1427944843599286282
1427944848221380610
1427944850389938182
1427944853820821505
1427944854940753934
1427944858174492679
1427944858610774028
1427944859877265411
1427944860116525057
1427944867280396290
1427944869885005824
1427944872066142208
1427944874305855489
1427944878391107585
1427944880249229317
1427944886263812096
1427944891766743054
1427944897940709377
1427944903196221449
1427944906341994501
1427944906752987138
1427944908304826371
1427944909936398336
1427944915720445954
1427944919654567939
1427944925962948611
1427944928718561288
1427944945055318023
1427944945529364480
1427944946468851720
1427944950038097921
1427944957109735424
1427944957378277379
1427944989171015680
1427944996313784326
1427945001992998913
1427945002328416262
1427945010117451776
1427945011476377604
1427945013225435137
1427945016354381826
1427945024118038531
1427945034578595841
1427945054635708419
1427945055172636675
1427945055956967430
1427945064156712966
1427945069106106370
1427945076211208192
1427945083010260996
1427945098180956160
1427945100492038146
1427945106129264640
1427945114920488964
1427945115209830400
1427945115520311300
1427945124504293379
1427945134394679305
1427945141764038657
1427945141990531075
1427945144356122625
1427945144242872325
1427945160122458116
1427945161221447687
1427945161372278787
1427945173464530948
1427945179089014790
1427945195035844609
1427945201532870660
1427945209028091905
1427945209149669378
1427945210743599105
1427945215583682565
1427945215688646660
1427945219861979147
1427945221820669961
1427945224484044802
1427945229550825484
1427945232033779713
1427945238711177217
1427945239550074880
1427945244209856516
1427945248840458247
1427945250841038852
1427945260932603911
1427945264657149955
1427945267941228546
1427945269631471616
1427945274102714370
1427945279567712260
1427945289357271047
1427945291739660302
1427945292721164289
1427945299700559873
1427945306306584587
1427945309204848646
1427945309305442304
1427945312048590858
1427945314430894083
1427945322886664198
1427945324539154433
1427945326191726602
1427945338111934466
1427945339240075270
1427945340796162051
1427945342767534089
1427945347276546051
1427945349650567179
1427945354104823810
1427945356529123332
1427945360975175685
1427945367773933568
1427945373058977795
1427945372824047617
1427945385990004739
1427945389769076736
1427945399076196356
1427945406453977099
1427945416751042560
1427945427526111234
1427945427760996353
1427945438313959427
1427945449957199878
1427945449500053509
1427945452318646273
1427945452490698754
1427945453820198919
1427945454302638083
1427945454935941121
1427945458224320513
1427945461051117570
1427945467627806721
1427945470190624769
1427945474691063812
1427945478809862144
1427945485575368704
1427945511886147585
1427945517951209478
1427945518618091524
1427945524901163009
1427945525333090306
1427945536376684545
1427945541472772097
1427945545763594246
1427945547588067332
1427945551316852743
1427945558606495745
1427945559210532865
1427945559931895810
1427945561034878976
1427945562146492420
1427945562851139585
1427945568752570368
1427945571575341060
1427945574012174344
1427945574968532993
1427945585643036672
1427945602386743298
1427945612360699905
1427945613509922819
1427945615410008068
1427945617070960642
1427945621076512771
1427945630379479040
1427945632195436546
1427945633135083529
1427945633491521539
1427945636998131712
1427945642928771075
1427945643411132418
1427945644291993601
1427945646812647430
1427945654584848391
1427945673161326597
1427945678383239168
1427945678588764161
1427945681180839938
1427945701753991170
1427945702919970817
1427945705411334148
1427945708301152256
1427945710813474822
1427945711740628996
1427945714840215559
1427945716660555778
1427945717339877382
1427945719760101382
1427945720972206082
1427945722620563458
1427945723266572299
1427945724994596871
1427945725246197760
1427945729264336898
1427945731583877122
1427945732590358531
1427945740274479108
1427945742791057409
1427945747819991040
1427945751439503367
1427945758309986304
1427945759769604098
1427945763250769932
1427945773258444804
1427945780388810758
1427945781009387525
1427945792204070918
1427945793542000644
1427945801733529608
1427945806179471366
1427945810038304770
1427945811124576261
1427945812936597509
1427945816375836672
1427945816728260613
1427945823585853444
1427945825238454274
1427945829248159745
1427945831479525379
1427945842720313348
1427945845446619137
1427945852929200128
1427945853688467462
1427945855265411074
1427945864539037704
1427945864945938440
1427945865528987652
1427945873305128964
1427945880770990087
1427945885980372993
1427945892007620609
1427945894754746379
1427945897195970561
1427945899041468416
1427945899184033794
1427945914698813443
1427945921946570758
1427945931190775814
1427945933766004743
1427945942632726535
1427945961582596108
1427945966603280386
1427945972483698692
1427945988665315335
1427945995619508226
1427945999444631555
1427946000031928327
1427946013810118658
1427946017551523848
1427946017966723076
1427946021204766725
1427946031442976784
1427946032432918528
1427946034001584128
1427946034815250435
1427946037965164545
1427946042486579213
1427946043421904901
1427946043900059655
1427946062115790857
1427946071423000580
1427946080231206913
1427946086048669708
1427946091018956807
1427946097452924929
1427946109679411201
1427946114037256194
1427946116457320452
1427946118734831619
1427946131669979141
1427946133180100610
1427946138699665415
1427946138930450434
1427946139945472008
1427946141577093124
1427946156559118339
1427946160535310349
1427946163429335043
1427946170790285315
1427946176389726211
1427946178260475907
1427946181980741638
1427946183889244164
1427946184023367685
1427946188955951106
1427946192093204484
1427946193108226050
1427946201069019140
1427946211038961667
1427946211483467781
1427946221830815753
1427946228223029254
1427946232605990912
1427946234564775945
1427946235835584515
1427946236452159491
1427946239463731200
1427946253439193092
1427946266328141831
1427946272393138176
1427946275056623619
1427946275513700358
1427946276621103104
1427946278554591243
1427946281066844167
1427946285492064257
1427946289166159873
1427946291317940227
1427946297215143937
1427946298045603844
1427946298758483968
1427946302789328906
1427946307155464200
1427946312729759747
1427946316550840320
1427946319759429632
1427946330417254411
1427946334275964929
1427946336851222528
1427946338201780231
1427946342874157062
1427946346288459780
1427946354777731072
1427946358422528003
1427946359248891907
1427946359114637312
1427946365666136067
1427946366974713856
1427946377204703238
1427946379750428677
1427946380480425988
1427946387174428677
1427946394791251980
1427946395596623883
1427946398507544577
1427946402102063113
1427946404467589126
1427946407235780612
1427946413313257473
1427946416928866309
1427946417713082376
1427946420066213894
1427946421924372486
1427946426697388033
1427946429184679938
1427946430283587585
1427946436847669250
1427946440144433154
1427946440668684291
1427946440698081284
1427946440819712005
1427946443634008067
1427946448771973121
1427946450332250112
1427946459132006405
1427946460339965952
1427946462571270154
1427946466769768449
1427946468896292867
1427946484398448644
1427946484167856129
1427946491189071872
1427946496121614337
1427946498889818113
1427946513620213770
1427946525968281613
1427946527599722497
1427946530384842752
1427946546000285701
1427946549624115202
1427946553264726018
1427946555575783431
1427946555793883137
1427946558893563911
1427946571279355904
1427946572453609474
1427946582083780608
1427946583426019328
1427946586924097544
1427946594247249923
1427946594876346375
1427946597133045760
1427946597191720960
1427946602241658885
1427946603655139328
1427946603881582595
1427946613708886023
1427946615248130057
1427946619576725504
1427946625603878919
1427946626367242244
1427946627126501384
1427946628430901248
1427946629533995010
1427946636920111105
1427946637146607618
1427946638123884548
1427946641118617600
1427946645182877699
1427946655610032130
1427946660160843777
1427946662945861642
1427946666800332805
1427946666557153283
1427946673435725825
1427946674320658438
1427946674459140099
1427946678036963336
1427946688883404802
1427946689579474946
1427946689428561927
1427946690514989062
1427946705165692929
1427946711780106241
1427946715299164160
1427946722517471237
1427946727617748996
1427946737004687362
1427946737700950019
1427946746693439493
1427946748241059848
1427946752682962946
1427946759825854465
1427946766293422083
1427946779799130114
1427946783150387208
1427946783842308096
1427946784702312461
1427946791396327425
1427946796890927107
1427946797952114692
1427946800145653764
1427946803085955081
1427946808655843329
1427946815916331009
1427946835814014977
1427946852536684548
1427946856034734088
1427946866356928518
1427946868659605508
1427946874300997632
1427946878579056645
1427946883251589128
1427946887097856005
1427946890872635392
1427946906475540485
1427946906731302919
1427946907205259268
1427946911617617928
1427946912334979074
1427946915577085960
1427946920304156675
1427946921830719489
1427946921767936003
1427946936259186693
1427946938901663747
1427946948108066821
1427946962045784069
1427946963312521216
1427946965925457925
1427946966399418370
1427946971663380485
1427946973097828365
1427946976432345094
1427946977170378757
1427946978865041410
1427946981188591618
1427946981322801154
1427946982782509059
1427946984107921416
1427946984082640899
1427946989162045448
1427946990189559809
1427946995520610304
1427946996762124292
1427947002055245826
1427947005419081728
1427947005633077252
1427947006274805767
1427947021793730565
1427947027300765696
1427947028970156036
1427947037333630978
1427947039841718282
1427947039992733703
1427947042232573952
1427947042932936705
1427947045525106690
1427947055960440842
1427947059215228934
1427947062381920258
1427947068509802497
1427947070292377606
1427947076063801344
1427947079326896132
1427947085068914688
1427947086629199882
1427947088168456198
1427947088952889345
1427947090177675270
1427947091850977282
1427947092820074500
1427947092979458049
1427947102819295242
1427947106719862797
1427947114437414918
1427947114793996289
1427947115607691268
1427947119688790017
1427947126835798020
1427947129474101256
1427947132212977668
1427947134561792002
1427947135316729862
1427947139901104132
1427947147815706638
1427947152056242177
1427947157097574401
1427947161963085830
1427947166123708419
1427947172729851908
1427947174739030018
1427947188928270339
1427947191830728706
1427947192258465794
1427947194875711489
1427947201192398858
1427947202610085894
1427947205936168963
1427947206628290560
1427947208893255684
1427947210340061185
1427947213783805952
1427947214916268034
1427947223648817155
1427947233060741122
1427947241021579277
1427947241227100166
1427947248202158085
1427947250731429890
1427947252018974728
1427947257416994816
1427947263020748802
1427947267814830080
1427947268565504004
1427947269463158784
1427947280414371841
1427947284038393864
1427947290400989188
1427947293945200645
1427947300836442116
1427947300886781955
1427947301130092545
1427947310391205897
1427947315520851969
1427947317324173321
1427947320625307651
1427947324702085128
1427947326941892616
1427947327243882504
1427947334873370625
1427947344423751684
1427947352078364674
1427947360408195081
1427947365378531336
1427947367106482182
1427947367702089729
1427947374832496646
1427947383405559813
1427947386479992836
1427947389487353860
1427947391244816392
1427947397288656897
1427947410534305792
1427947415118639111
1427947416578297863
1427947421708005381
1427947436710928388
1427947438011203588
1427947446768971776
1427947447465254917
1427947448836759558
1427947451097436162
1427947457787404294
1427947458085195779
1427947467534966788
1427947469082533891
1427947474816311304
1427947486652424198
1427947486765850630
1427947488464588803
1427947492394639363
1427947499193520131
1427947505715748875
1427947513575665675
1427947515194667008
1427947526087401474
1427947532546621444
1427947536040566790
1427947543401480197
1427947544739450881
1427947549164507141
1427947557372588034
1427947558446387204
1427947559985758218
1427947563169296387
1427947573176770565
1427947574401589254
1427947577270546435
1427947578243657730
1427947585340387328
1427947588481867784
1427947589370998788
1427947597650661376
1427947603535204358
1427947611823161344
1427947612271939585
1427947619423113217
1427947619616165895
1427947641019768836
1427947642584190977
1427947655880138755
1427947661827641346
1427947663379636227
1427947679905206280
1427947690990706691
1427947691699474444
1427947694245437440
1427947695071715333
1427947695059185675
1427947703649046530
1427947705146515463
1427947712679268354
1427947713430163458
1427947722565464065
1427947724582752256
1427947734770794496
1427947734854770696
1427947742479880199
1427947749417291780
1427947750289813509
1427947750541385728
1427947753980706817
1427947757264900103
1427947763367567364
1427947767188447241
1427947767528263690
1427947768509779971
1427947775778594821
1427947777515008000
1427947780727771137
1427947784917897217
1427947798394249217
1427947798700322822
1427947800722083843
1427947805797240835
1427947813019734017
1427947813820944388
1427947817146912775
1427947818140913666
1427947821601284096
1427947822473752580
1427947823421591555
1427947823874650113
1427947825514561541
1427947826437361670
1427947828140285955
1427947832607133700
1427947836365225989
1427947840156876802
1427947840328830977
1427947840370741251
1427947840580562951
1427947841872437252
1427947845861191684
1427947846989344771
1427947848453083146
1427947851657646089
1427947856074354688
1427947864962052110
1427947865293340683
1427947869177323521
1427947873258205185
1427947877477888004
1427947879335874564
1427947891331588097
1427947892904394755
1427947898097053698
1427947903620878337
1427947905902645260
1427947909920837634
1427947911862800395
1427947913196433413
1427947914937212930
1427947920410693634
1427947920477859842
1427947925141954562
1427947930527404035
1427947940388081666
1427947940669235201
1427947944649572360
1427947948512587779
1427947955542241280
1427947964274810887
1427947964668985346
1427947968905170949
1427947972172603397
1427947972159967236
1427947976228474888
1427947980863197198
1427947982222249992
1427947986865295360
1427947986827501568
1427947996185079818
1427947997954990080
1427948002090569731
1427948002761711621
1427948003223089153
1427948005727129600
1427948005676695558
1427948006771470342
1427948009854230530
1427948009879339011
1427948012190449670
1427948014472204297
1427948029986971650
1427948034630070272
1427948044826329091
1427948046101454850
1427948056943677444
1427948071284101126
1427948079483920387
1427948079886606339
1427948080263991304
1427948080498757639
1427948080754794503
1427948084265426950
1427948089206140931
1427948089080524802
1427948094616862724
1427948098740015106
1427948099104874502
1427948099331403778
1427948102154080258
1427948104737718278
1427948105400528899
1427948105954103297
1427948108697247744
1427948109544542210
1427948111947698178
1427948112832761859
1427948115454316548
1427948116100063232
1427948116590751751
1427948119069765635
1427948119577137155
1427948120005128200
1427948121141698561
1427948122479775750
1427948128389455881
1427948128746065921
1427948129714847747
1427948132751613953
1427948136044105732
1427948143325454341
1427948147704217602
1427948150929645572
1427948158529810436
1427948174476517381
1427948175160078347
1427948176007483393
1427948178519863312
1427948179429937159
1427948179484516352
1427948180335906817
1427948189055922187
1427948198002372613
1427948198698520581
1427948202712453123
1427948206474895362
1427948207095562243
1427948207930322944
1427948218130735112
1427948222891405312
1427948224178909188
1427948226070646787
1427948226582392833
1427948226699841536
1427948231569387521
1427948242172526595
1427948242793345028
1427948243363713036
1427948246970871811
1427948257334992900
1427948261797765124
1427948262078681093
1427948262556803072
1427948264268046338
1427948269112635394
1427948289781993472
1427948291195539456
1427948291510112264
1427948293456162819
1427948297336016897
1427948299236126722
1427948299433222144
1427948303174430724
1427948311315681289
1427948320350167049
1427948339945951233
1427948344983293952
1427948354823196675
1427948354982526978
1427948357285289990
1427948362452537344
1427948362880389127
