1425698542501326849
1425698544040693760
1425698544850071553
1425698549367414788
1425698549346443269
1425698553058500608
1425698558141878277
1425698560482361346
1425698562139172864
1425698562919174146
1425698565012148236
1425698571043676165
1425698573816004610
1425698585841213444
1425698588382875651
1425698590245142532
1425698592564539392
1425698595991220225
1425698599892099072
1425698607651459072
1425698609199124483
1425698610268737536
1425698611069861888
1425698611892047876
1425698615578791938
1425698615465545734
1425698618191851521
1425698619622047753
1425698620364496897
1425698625028456450
1425698626991534084
1425698632934649863
1425698633068908544
1425698638433505283
1425698641465982980
1425698644565499905
1425698645555433472
1425698659442774016
1425698660986281984
1425698661086810115
1425698662370447362
1425698664673067010
1425698669467033604
1425698670192648193
1425698673523007488
1425698673883631617
1425698676500877316
1425698683358638080
1425698686688841734
1425698691575341062
1425698692359655425
1425698694062555140
1425698695991894016
1425698696168198147
1425698699049455621
1425698700181995522
1425698706368565249
1425698713813626883
1425698722260860929
1425698723003133952
1425698728753745921
1425698729277935616
1425698729596653571
1425698731094155264
1425698739050536961
1425698739100913665
1425698741961510913
1425698744067051527
1425698748357697544
1425698751063068675
1425698752141070336
1425698759359537152
1425698760135520256
1425698761964081157
1425698763478224900
1425698765562732556
1425698766099603457
1425698767500718081
1425698767500677123
1425698768075190277
1425698771262914561
1425698773183782912
1425698773758451716
1425698775172063233
1425698779571712001
1425698779995332611
1425698780741914628
1425698786907668483
1425698788166017030
1425698794314747913
1425698798324666369
1425698799733727240
1425698799805030403
1425698799926661120
1425698806998437890
1425698822215413762
1425698825675677696
1425698831874801665
1425698835561598977
1425698835863457798
1425698837377601538
1425698840292646914
1425698843790741504
1425698853064486917
1425698870978392065
1425698872173727746
1425698873389903878
1425698879954202627
1425698883234009091
1425698884731379716
1425698886513881089
1425698888355299328
1425698889164677123
1425698893036150792
1425698893396905985
1425698893635878920
1425698897700089861
1425698900112035844
1425698902112497666
1425698904629075977
1425698911268720646
1425698913059737603
1425698918759759872
1425698924115939329
1425698924275200003
1425698925588074496
1425698926250835970
1425698927278542850
1425698929283276803
1425698929849606150
1425698931548192773
1425698931598495744
1425698934517911556
1425698941929238529
1425698942273171457
1425698944118579203
1425698954075938816
1425698957922115590
1425698961705164801
1425698963252994051
1425698964851019779
1425698966046494722
1425698972165939200
1425698977714999299
1425698979937927170
1425698979543752704
1425698980747382788
1425698984090165249
1425698984765452289
1425698994911596552
1425698995364450305
1425698997545562118
1425699007368732676
1425699015983702016
1425699017661374464
1425699019158745093
1425699022266789902
1425699024028327938
1425699024766648320
1425699024753987590
1425699025169248257
1425699025542656005
1425699027044212737
1425699027337715721
1425699042693103620
1425699045570490373
1425699046266531842
1425699052755333121
1425699059197751301
1425699059449348096
1425699064134488066
1425699065120051205
1425699066244177921
1425699066881536004
1425699068949499909
1425699068999704576
1425699069700149248
1425699076574629889
1425699077438726144
1425699084166262784
1425699092315840512
1425699094165606400
1425699099395772416
1425699099374800896
1425699100805062659
1425699104173264901
1425699108921171971
1425699109302767624
1425699110955503621
1425699114436546565
1425699115678134273
1425699121910984705
1425699125819891722
1425699125882851334
1425699126034018304
1425699132253958147
1425699137060626432
1425699145558470661
1425699146636271621
1425699150084071429
1425699153644908548
1425699157168115722
1425699160422977537
1425699162587291651
1425699165858828289
1425699167960145920
1425699176579571714
1425699180102684675
1425699180987695106
1425699183885959169
1425699185093795857
1425699186989834242
1425699190496190472
1425699198289072129
1425699209706147844
1425699209886552065
1425699210347913216
1425699214336479234
1425699215511011330
1425699216072998912
1425699219038429185
1425699219667443713
1425699228286955522
1425699232304881667
1425699236562100224
1425699237422112773
1425699238038556674
1425699239301103620
1425699239812767744
1425699241511591937
1425699244774670338
1425699245009424384
1425699245747851265
1425699251649011714
1425699254090141696
1425699254526304257
1425699262885675008
1425699268409499648
1425699268845768708
1425699271483944962
1425699271890800641
1425699279138476036
1425699280308903938
1425699283005808641
1425699285794951170
1425699287627878403
1425699287707668480
1425699291910320132
1425699292870635521
1425699293688651776
1425699296624656384
1425699297719431171
1425699304979714051
1425699305919287298
1425699311644516352
1425699317256388608
1425699322566381573
1425699323409469440
1425699326009901063
1425699329445085187
1425699330350936066
1425699330334199809
1425699335539462144
1425699338479706113
1425699339607973890
1425699345014214660
1425699346301865990
1425699347652612096
1425699359228710915
1425699359723720705
1425699361829367808
1425699369274204164
1425699370004013061
1425699370800795651
1425699371559964672
1425699372533260294
1425699373074108418
1425699373963378690
1425699380678385670
1425699381458595847
1425699382100316166
1425699389314637824
1425699389889073152
1425699396902014978
1425699400878202881
1425699400945336331
1425699401276792834
1425699406553264128
1425699407488450561
1425699409724116993
1425699415361155078
1425699416543924226
1425699418762891266
1425699419828236294
1425699419907833856
1425699420360871937
1425699424160858113
1425699432717340673
1425699435292479501
1425699444255641601
1425699449964097541
1425699450480041984
1425699452476477442
1425699452505952256
1425699461368516609
1425699461469073409
1425699461829902341
1425699467194511361
1425699469308305411
1425699469559881736
1425699472852586500
1425699474635063299
1425699476027576320
1425699481438367747
1425699484634341376
1425699486429368323
1425699505479946244
1425699507858075648
1425699508105539585
1425699516959895553
1425699520319574016
1425699522873790465
1425699530582892549
1425699535217586177
1425699536564068354
1425699540942917633
1425699550497546240
1425699555018948610
1425699556918894604
1425699562581233674
1425699564468588548
1425699564745420802
1425699566624460804
1425699566809141252
1425699568411299847
1425699569317433346
1425699577496145923
1425699577873772545
1425699579534602240
1425699585134104576
1425699586929270785
1425699587486928900
1425699588229402625
1425699588900417539
1425699590024671234
1425699591110934529
1425699592574734338
1425699596735590404
1425699598581092355
1425699598635397122
1425699603375173634
1425699602938822658
1425699608622157828
1425699608727105539
1425699609322553348
1425699620143861762
1425699621863624711
1425699622308175872
1425699622958342154
1425699626036961280
1425699631179210755
1425699639920111623
1425699640821702659
1425699643896352770
1425699646349975556
1425699649134936069
1425699651114520579
1425699652838506498
1425699654100946944
1425699655850004480
1425699656323981312
1425699659192938496
1425699660010643460
1425699662477111297
1425699663437438976
1425699664247021570
1425699666037981187
1425699667057078276
1425699667887677443
1425699675462529030
1425699678453071873
1425699679216492544
1425699681837932549
1425699684866088962
1425699686359441409
1425699689630867456
1425699696077590529
1425699698942357504
1425699700821291011
1425699705443348485
1425699707289018370
1425699714817687553
1425699715568574465
1425699717820960768
1425699718571585539
1425699721218297863
1425699724129099776
1425699726456852480
1425699726679216128
1425699727497117697
1425699728776470528
1425699730009427972
1425699733536874502
1425699736330424323
1425699744219766787
1425699745738084357
1425699747231240203
1425699747818471428
1425699748531609603
1425699749999509506
1425699751182409731
1425699754537721857
1425699759180763139
1425699763530338315
1425699765220749321
1425699765480738820
1425699769155002369
1425699773382893568
1425699782702637058
1425699786536095746
1425699787068907520
1425699790864662529
1425699792160702466
1425699793934893057
1425699794073182208
1425699796967378946
1425699802319314946
1425699802352861185
1425699804038971396
1425699805859225601
1425699805951578114
1425699813597663236
1425699815397023745
1425699817238368258
1425699825836724230
1425699829389266951
1425699832757465088
1425699836649689089
1425699843499077634
1425699848133640196
1425699848985133058
1425699852227387396
1425699852600569864
1425699857373835266
1425699860087443457
1425699861651939333
1425699868387987458
1425699870510288899
1425699872842342402
1425699873077317633
1425699877271523332
1425699878706032644
1425699881822326786
1425699886335471618
1425699888902270976
1425699889862778886
1425699891573968900
1425699896732971012
1425699896590471172
1425699901980164096
1425699908984532995
1425699909114552323
1425699911308390400
1425699917519937540
1425699918203654150
1425699918543560704
1425699918488997888
1425699921001283586
1425699924834885638
1425699926902812674
1425699927934439424
1425699932418179078
1425699934280380419
1425699939200294917
1425699942643949570
1425699944384503813
1425699944673865732
1425699944699105285
1425699955067408384
1425699960645832708
1425699961803460609
1425699969726664705
1425699970347192323
1425699975627948035
1425699979100708864
1425699979314700290
1425699983257374720
1425699989104336899
1425699992673656833
1425699994355388417
1425699994594652160
1425699996972769281
1425700000512847879
1425700001263591427
1425700004526792713
1425700007554916353
1425700018107867138
1425700019227619330
1425700024323698688
1425700026148212736
1425700028543295491
1425700028669218819
1425700029415792640
1425700032527937536
1425700035329597441
1425700039209406465
1425700041767989254
1425700045173653511
1425700046100582404
1425700046541103106
1425700050252931072
1425700051242786816
1425700052601917441
1425700053004394504
1425700054594203650
1425700055923806210
1425700056548610054
1425700057433534466
1425700063251030016
1425700065675419648
1425700066359193603
1425700066342359040
1425700071149117440
1425700076408635392
1425700078073823236
1425700084772220935
1425700087435468805
1425700096474185729
1425700099305484289
1425700109417918470
1425700119891136514
1425700121900199944
1425700122906738691
1425700124823539714
1425700137167433729
1425700140443185153
1425700140560490506
1425700140124356612
1425700144595443715
1425700145904107522
1425700148282150912
1425700150580813824
1425700152111685633
1425700153273503744
1425700159489396738
1425700161766846464
1425700162718994437
1425700164543688709
1425700165306880008
1425700167177621504
1425700169673281538
1425700172525355010
1425700175251660800
1425700178808479747
1425700179877969923
1425700180666458112
1425700183837265922
1425700202392952833
1425700203877879810
1425700212434251781
1425700213662961668
1425700217689571332
1425700221657313283
1425700225906184193
1425700231803412486
1425700236517789697
1425700239596470275
1425700240645050369
1425700241609662467
1425700241878261761
1425700246630240257
1425700252078809091
1425700252363935744
1425700255010537476
1425700256998637568
1425700259028742147
1425700260060405766
1425700267085942788
1425700270839779329
1425700272966311939
1425700279694004224
1425700280440557572
1425700284982956034
1425700298459254784
1425700298677444612
1425700301886078977
1425700304167731209
1425700305409175559
1425700306352963586
1425700313239937024
1425700314309611524
1425700315945373696
1425700319124549639
1425700319359422465
1425700326204641282
1425700330281578496
1425700334232506368
1425700339240538113
1425700341190901761
1425700342017167360
1425700342604484609
1425700344047169545
1425700344324005893
1425700344328163329
1425700346253352963
1425700348530995207
1425700351123001346
1425700354256109570
1425700357389303809
1425700361675808768
1425700362451931139
1425700364213489665
1425700364934946827
1425700366532943872
1425700369976410115
1425700370437885952
1425700387147898882
1425700390956408833
1425700404461916164
1425700409893548032
1425700411458035716
1425700412242472965
1425700414582894596
1425700418793971715
1425700425546690568
1425700427031465987
1425700430768578566
1425700433083998213
1425700436183453701
1425700440147169280
1425700441132781571
1425700442151993348
1425700444119130113
1425700447424180230
1425700449848418305
1425700450444079106
1425700455024300033
1425700462653845508
1425700464398643205
1425700476239056901
1425700477392625666
1425700478759866371
1425700480571805696
1425700504076697600
1425700504395517952
1425700507952336896
1425700512494669834
1425700513547358210
1425700519121620995
1425700519511826438
1425700524209414145
1425700527443120128
1425700530668593153
1425700532316893186
1425700533290029056
1425700534351122434
1425700539564765185
1425700539656900610
1425700540818747392
1425700543045914625
1425700546019676162
1425700548548964355
1425700549010333696
1425700549958062089
1425700550482485249
1425700560695701505
1425700565531627520
1425700570552180737
1425700570703163394
1425700571617456135
1425700575316901899
1425700577388883968
1425700578399858690
1425700578764627981
1425700578852671493
1425700584024207364
1425700585920245764
1425700599094448128
1425700601543942147
1425700602542178304
1425700604127506434
1425700606077915136
1425700608774971401
1425700609416601600
1425700610930741248
1425700618358779905
1425700620535623684
1425700622846791681
1425700628311937024
1425700631034179585
1425700631910617090
1425700632095125505
1425700635425402881
1425700636394393604
1425700637967364100
1425700639309398016
1425700646309662721
1425700646796382212
1425700649216397317
1425700652500410369
1425700655629430790
1425700658800254980
1425700660230561792
1425700663728775172
1425700663640485891
1425700666828328960
1425700668245958656
1425700668547866629
1425700670938619911
1425700671320334339
1425700675053187077
1425700677246914561
1425700680967200771
1425700681353089024
1425700681675984901
1425700689645248512
1425700690115112963
1425700694472859648
1425700694976253963
1425700700156088323
1425700700068012036
1425700701649326082
1425700705864622084
1425700706464395268
1425700707508830208
1425700709090140160
1425700709228503041
1425700712139218944
1425700712776884225
1425700715188695041
1425700716492976131
1425700719005511681
1425700721001844742
1425700722792976385
1425700725980545028
1425700731412123650
1425700736973766659
1425700739066830850
1425700741168222210
1425700741134655494
1425700742623481859
1425700751809069059
1425700753717424129
1425700765516111877
1425700765860040706
1425700767860621317
1425700771199430659
1425700789318717442
1425700789679321090
1425700790254006273
1425700790572929025
1425700793274015745
1425700794435784715
1425700797510299649
1425700800915853316
1425700801561862147
1425700805571719170
1425700807920455684
1425700810294452226
1425700811573657603
1425700815872741376
1425700816724238341
1425700823401648129
1425700828816363520
1425700837683195907
1425700838337433604
1425700841735036931
1425700841714065409
1425700843446095877
1425700844167733250
1425700848621940740
1425700851180445696
1425700852786892801
1425700861662187525
1425700864619073538
1425700869006262276
1425700871510298626
1425700872386879488
1425700872999346177
1425700874064564224
1425700877814272001
1425700885431087107
1425700889281527808
1425700891537993734
1425700900543156227
1425700908579659776
1425700920697004033
1425700922219319299
1425700928607371265
1425700932130586628
1425700940036857859
1425700943748812802
1425700947309731844
1425700950736445442
1425700951801860098
1425700953416679424
1425700954607951874
1425700957451661316
1425700960546918402
1425700961343864836
1425700963155955722
1425700964665790464
1425700973201268748
1425700973473792006
1425700977634549768
1425700997360361479
1425700998207578112
1425700999826706434
1425701000569139209
1425701000543834112
1425701004528418822
1425701007393181697
1425701009653854211
1425701010069151751
1425701016222060549
1425701017786589185
1425701018453512194
1425701018113765377
1425701020932337665
1425701032533790722
1425701034626895873
1425701035406807041
1425701041975308290
1425701043795546113
1425701044189753351
1425701046287015936
1425701047532720132
1425701051198439430
1425701053236867077
1425701064175616000
1425701064150437890
1425701066595700740
1425701067782705154
1425701069418491909
1425701071981211649
1425701077546987522
1425701077861666817
1425701078583099394
1425701079128412162
1425701079434604547
1425701080596291589
1425701082655707138
1425701089827987458
1425701091006500875
1425701092248199168
1425701094617849861
1425701095444078594
1425701095670681601
1425701102364803073
1425701104164159491
1425701115535011842
1425701121025212421
1425701120958152708
1425701122195394561
1425701122711465984
1425701133129949185
1425701134929387521
1425701139899502592
1425701142579777539
1425701145456963586
1425701149190115329
1425701150355988480
1425701151203155968
1425701153858195459
1425701159059148800
1425701159420010497
1425701164587184129
1425701166084595713
1425701167787429888
1425701169368870914
1425701174364106752
1425701174657884160
1425701178579427335
1425701181926612992
1425701182182354945
1425701183449190400
1425701183541350401
1425701185315647492
1425701186636709891
1425701190889844745
1425701198322098176
1425701199790051338
1425701202872868865
1425701204114296834
1425701204785520646
1425701206656110600
1425701207050539010
1425701210636660738
1425701222242295812
1425701229594767364
1425701230345601028
1425701231201239050
1425701232744800263
1425701233294196736
1425701234837753856
1425701235173203968
1425701236020441092
1425701243620667392
1425701247286456320
1425701255813509126
1425701256945836033
1425701257591754753
1425701259038838786
1425701261077327877
1425701265334423555
1425701268568301573
1425701268496977923
1425701270887796736
1425701274251452416
1425701276260741121
1425701277779075074
1425701279708241923
1425701285425078275
1425701287933341698
1425701291209101313
1425701294162030595
1425701295571169284
1425701300885364738
1425701300864393216
1425701307541753861
1425701308338606080
1425701309789900803
1425701310809010184
1425701314277908480
1425701319587766274
1425701323438133252
1425701324272844802
1425701324826492931
1425701326634340354
1425701329947660295
1425701335660253184
1425701338625761283
1425701351770624007
1425701352445857800
1425701354081644547
1425701359693836291
1425701361136508932
1425701368791191553
1425701368933883906
1425701372066926593
1425701372305891330
1425701377364291584
1425701388286406656
1425701389758607362
1425701391050285057
1425701394510618624
1425701402920292358
1425701410340052993
1425701412894248962
1425701414974771203
1425701424135081984
1425701424915173378
1425701430636302339
1425701441142808577
1425701441197559809
1425701441331769349
1425701443831468038
1425701444414410754
1425701445035339779
1425701446956191745
1425701448923320324
1425701449091096577
1425701449422360576
1425701454191288320
1425701459107139587
1425701460617011201
1425701462294757389
1425701465428004865
1425701467273400324
1425701467831349249
1425701469005574144
1425701469697691650
1425701474114416641
1425701474466676736
1425701477130113025
1425701477364928516
1425701478094753796
1425701481030856706
1425701483756941312
1425701488517468162
1425701488500908037
1425701496495120387
1425701497787060226
1425701502216114176
1425701505680744453
1425701507165458434
1425701512366497793
1425701518011899906
1425701519635083273
1425701521476395011
1425701525482086403
1425701525473484807
1425701526383861763
1425701526748733444
1425701531790110720
1425701531723075586
1425701536018038784
1425701536823496706
1425701540195704832
1425701540279504897
1425701545111289858
1425701546101116929
1425701551272759298
1425701558226984963
1425701561884360704
1425701562152886275
1425701563155296258
1425701566909198340
1425701571136876546
1425701571246141445
1425701574765072387
1425701575767461890
1425701579521282061
1425701584952987648
1425701594130051080
1425701596957085696
1425701597259046912
1425701600547393541
1425701600811634690
1425701605324771329
1425701607577198593
1425701610513174534
1425701620717924352
1425701622672367620
1425701624371191808
1425701626610921473
1425701627714019331
1425701631321010176
1425701632440819714
1425701636324749318
1425701637499195394
1425701646651248643
1425701651583836162
1425701659544592386
1425701660488253444
1425701666100105216
1425701669296349184
1425701669468319747
1425701677030539266
1425701680377704451
1425701685414952964
1425701685972905988
1425701697733627904
1425701703261638656
1425701712770179074
1425701716670963713
1425701719783116800
1425701726967894018
1425701729006354440
1425701730537312258
1425701732575744000
1425701741148966913
1425701741450903557
1425701743657164800
1425701745771036678
1425701747075452929
1425701753899700231
1425701757192048643
1425701760262311938
1425701763945050114
1425701764309950468
1425701771217887236
1425701773239484416
1425701775240142850
1425701777723199493
1425701778599911432
1425701790293446663
1425701794718666753
1425701797830619137
1425701800573865984
1425701803849515010
1425701803996418048
1425701805862838278
1425701806793973765
1425701809193095169
1425701809654575110
1425701813651640324
1425701815732035586
1425701815983632387
1425701826251292674
1425701829623656448
1425701831938691075
1425701832538591233
1425701846375571461
1425701847986106371
1425701853459746816
1425701854738935812
1425701861479358467
1425701861638557702
1425701865870610432
1425701867418357760
1425701868118872069
1425701872833282050
1425701876608028675
1425701884287873024
1425701887651684356
1425701888217993217
1425701889270632450
1425701890206150659
1425701895453257728
1425701897638346755
1425701904278073349
1425701904642940933
1425701907172151302
1425701914306617344
1425701921139036163
1425701925022932993
1425701927673864192
1425701934770573312
1425701936456736770
1425701949748355076
1425701951132430337
1425701953175126023
1425701954236211203
1425701955272249345
1425701958900350983
1425701963908321280
1425701969079848967
1425701970657042434
1425701976134746115
1425701976319291397
1425701980903657476
1425701982044557312
1425701982770278400
1425701983848042497
1425701984821252096
1425701987870380035
1425702000491212800
1425702001472466948
1425702005448843265
1425702007873196033
1425702009135501315
1425702012541235203
1425702012851732481
1425702017452937223
1425702017654300676
1425702022481842179
1425702027687038976
1425702033047187456
1425702048029282309
1425702049564352512
1425702055553863682
1425702062298472449
1425702064781283333
1425702073903976449
1425702075950718979
1425702078421377026
1425702081273352194
1425702082254868484
1425702086965006338
1425702088730808321
1425702089737396225
1425702092950294530
1425702094045028361
1425702101523386369
1425702101989183491
1425702102215573504
1425702105860378631
1425702111053033473
1425702112516661249
1425702117990350852
1425702118690676739
1425702119785521159
1425702125468749833
1425702126311804930
1425702126961848323
1425702133316440069
1425702133832159234
1425702137170993153
1425702139226050570
1425702144728961024
1425702151095865348
1425702151863504898
1425702154359119873
1425702161854332931
1425702162978394120
1425702167399124999
1425702169500606464
1425702169949442048
1425702174932221952
1425702178279378944
1425702179269091331
1425702179206275080
1425702184444841994
1425702185103331329
1425702185308856320
1425702189989720066
1425702193336782856
1425702194184134659
1425702194670555142
1425702197342396418
1425702200404324355
1425702201087901703
1425702215252168710
1425702216241876994
1425702228711464960
1425702233908289539
1425702236110348291
1425702243752284161
1425702244410920963
1425702249997688833
1425702250622586883
1425702251260227585
1425702255618150408
1425702256855371776
1425702272751706115
1425702274454675461
1425702276757430273
1425702277684342787
1425702280150532096
1425702282784501769
1425702282738343945
1425702289570877447
1425702292234383363
1425702301272920064
1425702302887727106
1425702306046164994
1425702306973200391
1425702306935414785
1425702307161804801
1425702313813938178
1425702315449884673
1425702323259547650
1425702328510959616
1425702330159157253
1425702338656833537
1425702339382439942
1425702339982233600
1425702342192680961
1425702361545203720
1425702366649663489
1425702368536973312
1425702374694215683
1425702377756102660
1425702380176351242
1425702383385038851
1425702386568470534
1425702391584808965
1425702393606393859
1425702396752171010
1425702397050081282
1425702402766753803
1425702406902460419
1425702407523143680
1425702410555691012
1425702414393384968
1425702416427610112
1425702416847020040
1425702417677623300
1425702418273116167
1425702418541694977
1425702421863534593
1425702424107380747
1425702424426078211
1425702425684414464
1425702429543251974
1425702435364892676
1425702439651446784
1425702440783867906
1425702444655386625
1425702445125038085
1425702448388132864
1425702450686799875
1425702451768877056
1425702458689417216
1425702462493663232
1425702463848386562
1425702473793220609
1425702474422366209
1425702475256922119
1425702476653727744
1425702479807713286
1425702485264453636
1425702488284483584
1425702489559474178
1425702492831199235
1425702493632090116
1425702495490293763
1425702497503432704
1425702499382484993
1425702499663585282
1425702501433581569
1425702503056691205
1425702504558305282
1425702506999521280
1425702514578628609
1425702514612006916
1425702514687627266
1425702515530625030
1425702517946605571
1425702519964008457
1425702522707120129
1425702528830775305
1425702531750051840
1425702532152659968
1425702532437921792
1425702537483616262
1425702540428017664
1425702543980580865
1425702545947721728
1425702546883194883
1425702548489572352
1425702551127830528
1425702551681486850
1425702552507764737
1425702554004979713
1425702558446784517
1425702558614630402
1425702560086691841
1425702561450020866
1425702569096089602
1425702572308971521
1425702573797900292
1425702577350524933
1425702583985786882
1425702588998209537
1425702589182656513
1425702591900573698
1425702593028706304
1425702594706563072
1425702596543721473
1425702609751576576
1425702613367074817
1425702620744732672
1425702629871587328
1425702630618140680
1425702633541562380
1425702636628623362
1425702637152915456
1425702641745633282
1425702641582186497
1425702644589506562
1425702646447435781
1425702647571562498
1425702651132452871
1425702651929432065
1425702664340267011
1425702665762136064
1425702668144574466
1425702673165160455
1425702675329474561
1425702675623161859
1425702676151558145
1425702686561771526
1425702689954992132
1425702693259997188
1425702694900146176
1425702695218860035
1425702698566012935
1425702702940495876
1425702704064602113
1425702713879236613
1425702715963891713
1425702723593199622
1425702724134481922
1425702727884083201
1425702729268203524
1425702729750568964
1425702730279137282
1425702732112048133
1425702734582489090
1425702739045076993
1425702740165005312
1425702740731195399
1425702745294753794
1425702749123923970
1425702749908336645
1425702760129859587
1425702765297164294
1425702768006811652
1425702776152027145
1425702776814796809
1425702776785424387
1425702778811424770
1425702786847559686
1425702789980856324
1425702791096332291
1425702791822168064
1425702797622878213
1425702798943932419
1425702799208116225
1425702805025796097
1425702805671579649
1425702809589231616
1425702810889326595
1425702812265111556
1425702814840344577
1425702817982029832
1425702825963622403
1425702829759549441
1425702831340736513
1425702836185165826
1425702839486013440
1425702840979230724
1425702842296279044
1425702844838072320
1425702846582820865
1425702848134729729
1425702851297300482
1425702852836528130
1425702857450278921
1425702861372022789
1425702861682401281
1425702862768807941
1425702863704104967
1425702864601681920
1425702864664498181
1425702867499950080
1425702867755704320
1425702869081247751
1425702869722800131
1425702877511704579
1425702878228873220
1425702879575347201
1425702880376279046
1425702881076862976
1425702887049465860
1425702891168309250
1425702894045601793
1425702901171752972
1425702904804089856
1425702908759355394
1425702916631908358
1425702919442255874
1425702925792333825
1425702929709867010
1425702931832000512
1425702932243042304
1425702935779029002
1425702943244922880
1425702944385605633
1425702946352685059
1425702947313180672
1425702948156313602
1425702951302144002
1425702953059377159
1425702954745565184
1425702958813962244
1425702959657095176
1425702960923910144
1425702962597355521
1425702963746574342
1425702964765863937
1425702967127150593
1425702968217817092
1425702968024784896
1425702970780528640
1425702979043151875
1425702981857648640
1425702988316758024
1425702989990408196
1425702992259526657
1425702992724905984
1425702997271531524
1425702998257201154
1425703000832503811
1425703001176436737
1425703004842303489
1425703004972355584
1425703006788628486
1425703009435201539
1425703011523891201
1425703014774579202
1425703024815575040
1425703027097448450
1425703028716363778
1425703031316918272
1425703035469287429
1425703041060114432
1425703040888279041
1425703047166980096
1425703047901089795
1425703050178711554
1425703051852062723
1425703056231043072
1425703057371799553
1425703062329430019
1425703068168040450
1425703068226703364
1425703068528615434
1425703076183166979
1425703078985039874
1425703079526207494
1425703081879166983
1425703086379634689
1425703087340142594
1425703088455835651
1425703094533246981
1425703096357855234
1425703101290274816
1425703101441343488
1425703103890919430
1425703105782554624
1425703105996283914
1425703112606724096
1425703112795246598
1425703117639884800
1425703119170641923
1425703120819130371
1425703123264294913
1425703128083705856
1425703129165795332
1425703132676464643
1425703134651817991
1425703137172615168
1425703138691014658
1425703139601117192
1425703141647929348
1425703143069863941
1425703145309495300
1425703146056212481
1425703146517524482
1425703156634238976
1425703164045561856
1425703169279942658
1425703172245389321
1425703179920973828
1425703192055083014
1425703193699364864
1425703194487705607
1425703202561794049
1425703205518839811
1425703210409410563
1425703214406635520
1425703217736785922
1425703222572879874
1425703224149897217
1425703224581885952
1425703225039130628
1425703226351886337
1425703227534807041
1425703228226691076
1425703230567337984
1425703232450404355
1425703233591386113
1425703243384967170
1425703244131495937
1425703244291006470
1425703245708730373
1425703245977210882
1425703249860993026
1425703250913742851
1425703251458940931
1425703253900136449
1425703253652692997
1425703256009756675
1425703257658204166
1425703258014707715
1425703262259335168
1425703262708277248
1425703263857352707
1425703268076847107
1425703269012185097
1425703272678137863
1425703275576184835
1425703277199511552
1425703278223011845
1425703279346995202
1425703280890445824
1425703284216672258
1425703291573477379
1425703295306305536
1425703296468197379
1425703310577651713
1425703313060761604
1425703319150862339
1425703321206095877
1425703320543506432
1425703328189669377
1425703329032720385
1425703330727088128
1425703334539894790
1425703335991119874
1425703345474392067
1425703350310367234
1425703352810229763
1425703360133570562
1425703366462779394
1425703377267269635
1425703380110909441
1425703381297811460
1425703381524377600
1425703385915920388
1425703387467685891
1425703389740949505
1425703391645339651
1425703393138409474
1425703394233118720
1425703400721850371
1425703401304825863
1425703404698054656
1425703407956811786
1425703411392126979
1425703413556256771
1425703413614931974
1425703416546795520
1425703416551153668
1425703416685228032
1425703419420069888
1425703419763838977
1425703425568825345
1425703427414265859
1425703427489902600
1425703428974469122
1425703429289226243
1425703429179994112
1425703429163282435
1425703429440253954
1425703435504996353
1425703442597613576
1425703446234206208
1425703446674644997
1425703452970299392
1425703453888716811
1425703454853373953
1425703459983003649
1425703461291659275
1425703465288753157
1425703467327365121
1425703470905057281
1425703471546765313
1425703476814700545
1425703477553074178
1425703479360753668
1425703482242211851
1425703484758929411
1425703485249576960
1425703491717066757
1425703496385318917
1425703496733634562
1425703497329266691
1425703498738331649
1425703502618185737
1425703508724965381
1425703509098442753
1425703509928906754
1425703520532107266
1425703522541080576
1425703525057708034
1425703529298022400
1425703531751870470
1425703533148459011
1425703539179810819
1425703542161960961
1425703544062025731
1425703546893127682
1425703547765547008
1425703549283958786
1425703554199732225
1425703556905058304
1425703558591258626
1425703564668661764
1425703571014754309
1425703573170630657
1425703573891870724
1425703574055661568
1425703577306255361
1425703581160599552
1425703581651378184
1425703581773189120
1425703583987736577
1425703592523075584
1425703593500348416
1425703594204954633
1425703594775437317
1425703596214132736
1425703601658286084
1425703602245472258
1425703610751520772
1425703612630536196
1425703619316178946
1425703620339658756
1425703621052805124
1425703622659108870
1425703623368101889
1425703626656210956
1425703627151212545
1425703630615715841
1425703632100478984
1425703632909987843
1425703637611945984
1425703642829627392
1425703651557838853
1425703651918503938
1425703652929327104
1425703653810212869
1425703662853099522
1425703663696285701
1425703664962793480
1425703667521445889
1425703668662276106
1425703673598857221
1425703673636835331
1425703675406680071
1425703677130465282
1425703681610051586
1425703682507608064
1425703683975782400
1425703684885860354
1425703684789346307
1425703685707890697
1425703686454476807
1425703688857800704
1425703693236666370
1425703694994010116
1425703695614939140
1425703697263349764
1425703699972861952
1425703707581112325
1425703711226011648
1425703712371224577
1425703713969217538
1425703719191007235
1425703740938534915
1425703745170575361
1425703746810613763
1425703747859197955
1425703751256473602
1425703752065961986
1425703753739644928
1425703754238660612
1425703758659469313
1425703759624118274
1425703762753163265
1425703762950242304
1425703763080323074
1425703771871465472
1425703775197536258
1425703781770043397
1425703783477104644
1425703787520565252
1425703788719923207
1425703793505619970
1425703794977898498
1425703795120513028
1425703803802636292
1425703805925031938
1425703809934897154
1425703814796034054
1425703816306044929
1425703818004766720
1425703819216920578
1425703821137776641
1425703823847350277
1425703824459800580
1425703827047473159
1425703834635042819
1425703834790219776
1425703835893485573
1425703837713637377
1425703838233731076
1425703844730785796
1425703846991392774
1425703847477977093
1425703847796740102
1425703866163625985
1425703878125703171
1425703882974433281
1425703884471865344
1425703885038043136
1425703888196276227
1425703889135755267
1425703891459579904
1425703895695650819
1425703906240307206
1425703907083399168
1425703911768350726
1425703912066076672
1425703914578407425
1425703915027324931
1425703916004679680
1425703932769169408
1425703934807527433
1425703935847845889
1425703936661626882
1425703940654522368
1425703940964880384
1425703943502446596
1425703944190263305
1425703948275445766
1425703951727538178
1425703953539371009
1425703955225399303
1425703957985304582
1425703961340821505
1425703963828047872
1425703964583079936
1425703965069619200
1425703968831856644
1425703970731806724
1425703970773872647
1425703972677963777
1425703973353254917
1425703974683004930
1425703975580405765
1425703980655644673
1425703982287097865
1425703983075766276
1425703985889955842
1425703985801949189
1425703987139973124
1425703988419252224
1425703988473868288
1425703998636675074
1425704001140580354
1425704001639694342
1425704004919513090
1425704022699253767
1425704025513730048
1425704030232211464
1425704040843943939
1425704048846462976
1425704050431954948
1425704054487846921
1425704061479886849
1425704063266553859
1425704063925112833
1425704070661148682
1425704072838066176
1425704073991438337
1425704086029094914
1425704087123898373
1425704096183500805
1425704096569380867
1425704099496939527
1425704105045938191
1425704105926930446
1425704107180916737
1425704107793260545
1425704125346598914
1425704125711323139
1425704129779875841
1425704130157367298
1425704133223407617
1425704133101723650
1425704133789511687
1425704135291248644
1425704138873217030
1425704141414965248
1425704142614548480
1425704143553851395
1425704143906172931
1425704144233320449
1425704144791289859
1425704148729831426
1425704154224373765
1425704154719211521
1425704155105042438
1425704157483204611
1425704159349669888
1425704160062808064
1425704164538028032
1425704166077333504
1425704171752378371
1425704171840307202
1425704176873521153
1425704180820234240
1425704180967170049
1425704183139758080
1425704183357870080
1425704184108621827
1425704191826141193
1425704191742431233
1425704196272054280
1425704200437129219
1425704201888354312
1425704208485937158
1425704210042015745
1425704211153444866
1425704211728134146
1425704215658201094
1425704217591771138
1425704219911196674
1425704220108509184
1425704220188160001
1425704220313915393
1425704221140267008
1425704221647638529
1425704222461358083
1425704223103193092
1425704224063688709
1425704224550232065
1425704224571207684
1425704225112170499
1425704226072694785
1425704226550796290
1425704227960197124
1425704235274883073
1425704243155984389
1425704244598824964
1425704247434301440
1425704251850907649
1425704259396333571
1425704259379675137
1425704264396120064
1425704265759199232
1425704267143335939
1425704267537534977
1425704269068476423
1425704269433421832
1425704275976474630
1425704276353982467
1425704281039048709
1425704298713784321
1425704302643867648
1425704304548139010
1425704307777810432
1425704309669318656
1425704312244555779
1425704317856661505
1425704318246686724
1425704323070242820
1425704326480244738
1425704327239409666
1425704329139441664
1425704329638412298
1425704333421662217
1425704333862187011
1425704339037843463
1425704344389705730
1425704346617057284
1425704351847239691
1425704362559426560
1425704363670990850
1425704364396716032
1425704366833504261
1425704368448417795
1425704369970991107
1425704370516152320
1425704377189232642
1425704377449271302
1425704383254200322
1425704383564566537
1425704388660695044
1425704389768065029
1425704390283784194
1425704393958051844
1425704395421806594
1425704395455430657
1425704396260794369
1425704396491472897
1425704396961292291
1425704407899987975
1425704409250418693
1425704412123734018
1425704418645667843
1425704422827446272
1425704424756944899
1425704433485242368
1425704436177854465
1425704440254894084
1425704440879714305
1425704453592829954
1425704459112304642
1425704463466057733
1425704469740785665
1425704475122077700
1425704476913057794
1425704482940194818
1425704488317460482
1425704493392429056
1425704498173911042
1425704503144194051
1425704504406601730
1425704506075979778
1425704509678919684
1425704512774356995
1425704515416829955
1425704525520941060
1425704525776576514
1425704528549191680
1425704531195834368
1425704533863411714
1425704535146729479
1425704535553576966
1425704540045660160
1425704543539580933
1425704545833738242
1425704546605559816
1425704549927428096
1425704559297630208
1425704561801453574
1425704571490426886
1425704574996865028
1425704575269445632
1425704581913354246
1425704583351836672
1425704590360518658
1425704593191849984
1425704593846112256
1425704601630564355
1425704602469535745
1425704606273662979
1425704607628464133
1425704609776029699
1425704609868361732
1425704613097873410
1425704613244776448
1425704613752147973
1425704613932503049
1425704614821699586
1425704615853633539
1425704615878828033
1425704620794388480
1425704624296587271
1425704625865297922
1425704629493551104
1425704630323798020
1425704637315772425
1425704642164502528
1425704647742791687
1425704657289158660
1425704658341965824
1425704671285587972
1425704673147826183
1425704673529401345
1425704673630048258
1425704673823109122
1425704673915326466
1425704677564248064
1425704679296704513
1425704679728500738
1425704679753793538
1425704685315366917
1425704685248204807
1425704686020091911
1425704691745255427
1425704693146308609
1425704695771828226
1425704703107604480
1425704704818905088
1425704705590644736
1425704705813061632
1425704711429132293
1425704711810846726
1425704711915806721
1425704712746135553
1425704712888782854
1425704715791179782
1425704715950575624
1425704716965613569
1425704717888278530
1425704718475608076
1425704721159921674
1425704721130475527
1425704722472787968
1425704723034824705
1425704727120023552
1425704731368988676
1425704732472004613
1425704737156997122
1425704742299262976
1425704744417439753
1425704746883506179
1425704755054227457
1425704756111036418
1425704756564082695
1425704759269347329
1425704761802756096
1425704764285857794
1425704767586701315
1425704775434309632
1425704780672868354
1425704782673575939
1425704783957082117
1425704789166280715
1425704792601419776
1425704795080253443
1425704796741259272
1425704803284443145
1425704810091778051
1425704811744219146
1425704812763615232
1425704815015907329
1425704825921052674
1425704830799028231
1425704830937432064
1425704832673878016
1425704833038884864
1425704840626274308
1425704841364611072
1425704842706698241
1425704844766191616
1425704849962934275
1425704852517052416
1425704854383591432
1425704856161906690
1425704857210691588
1425704857587965954
1425704867486584835
1425704869017440262
1425704870456201222
1425704870917677061
1425704874637938691
1425704886025408513
1425704887791280130
1425704890832244738
1425704892476370944
1425704900252610566
1425704900453797889
1425704901288595457
1425704901875732482
1425704903511474176
1425704905407406080
1425704911816347653
1425704911795273729
1425704912067907590
1425704914001485826
1425704917843554310
1425704917717630978
1425704917872697345
1425704921706401796
1425704930602491906
1425704933374840834
1425704933450473478
1425704937636331525
1425704942900191232
1425704951783821319
1425704954661150721
1425704955604766723
1425704958872231936
1425704959341998080
1425704959727706116
1425704963515117570
1425704963653529603
1425704965423525895
1425704965796888580
1425704970024718337
1425704970830102528
1425704974638411783
1425704981408010241
1425704983299772420
1425704986953068544
1425704987880005633
1425704995807236097
1425705002371358724
1425705003600289800
1425705004577562625
1425705005990875137
1425705008763338756
1425705013981057026
1425705029499985923
1425705031341252608
1425705036080947201
1425705040098910210
1425705047963361280
1425705048860860418
1425705051343908865
1425705052543623168
1425705052510035969
1425705053789298689
1425705055815090178
1425705061230039043
1425705061791981568
1425705064807768072
1425705066653110273
1425705069169762305
1425705069484253194
1425705076715229184
1425705080364306434
1425705082394353665
1425705084583874560
1425705086643105798
1425705088811667465
1425705089411420162
1425705092284522496
1425705098760577031
1425705101457465348
1425705103671980034
1425705104703950848
1425705106457210883
1425705109401468929
1425705110202724355
1425705116636573698
1425705121774809088
1425705136098357250
1425705139063582723
1425705138837245952
1425705142737805313
1425705145640394759
1425705145527148546
1425705147754291210
1425705147796123653
1425705148324536325
1425705157069836292
1425705158302830606
1425705159087251456
1425705160966393864
1425705161255649282
1425705170114027522
1425705171560980484
1425705176967655424
1425705184693571586
1425705194315083782
1425705195288219658
1425705195921608708
1425705199478448130
1425705206277312524
1425705212766040064
1425705216930942980
1425705221489975298
1425705222362451974
1425705224015122435
1425705225491423236
1425705229052428294
1425705229845245953
1425705236027514881
1425705238980296709
1425705239022243843
1425705240272285699
1425705246563528706
1425705246597259265
1425705248866201600
1425705252536258561
1425705259398225920
1425705259788296194
1425705267707072513
1425705273956519945
1425705274812284930
1425705280306876423
1425705280550051843
1425705286162173952
1425705287055519744
1425705287340593156
1425705287525146631
1425705289123303432
1425705290675150849
1425705299642621952
1425705300925898756
1425705303211876354
1425705311764058114
1425705312070275074
1425705313349431303
1425705314188337152
1425705315975184392
1425705316830760962
1425705318491856896
1425705320215687169
1425705324401643520
1425705325840175107
1425705326658027523
1425705330701393924
1425705346287296513
1425705348447485955
1425705348908916736
1425705350204952579
1425705356324392960
1425705356613795844
1425705359512064006
1425705362544635906
1425705366537392131
1425705367325929474
1425705368630476800
1425705370878726146
1425705373135097856
1425705375412621315
1425705377837027332
1425705379208437762
1425705383839076354
1425705384933617672
1425705385990758400
1425705385730744324
1425705387311829001
1425705391837618177
1425705398305128451
1425705399316066309
1425705410107953152
1425705410867122177
1425705410867171328
1425705414167912451
1425705419352182784
1425705420669132800
1425705420576940034
1425705420967055363
1425705423773044738
1425705425626755072
1425705426100891651
1425705427036082178
1425705427715641345
1425705429372375047
1425705432476098565
1425705432941690881
1425705433163964418
1425705434019684356
1425705434107817986
1425705435051421696
1425705437987549185
1425705438406791171
1425705448439652358
1425705451426041860
1425705455385554948
1425705456090112002
1425705457721569281
1425705458300563458
1425705460271833089
1425705460565377036
1425705462465503233
1425705465946726402
1425705471516626949
1425705473957793795
1425705476382208002
1425705482900045824
1425705483449602048
1425705484749873154
1425705484879745027
1425705487517970433
1425705491057897476
1425705491800412160
1425705495914979331
1425705499069009922
1425705500927266820
1425705501166276610
1425705501015220229
1425705503775240192
1425705510297214982
1425705513413582852
1425705514105589763
1425705514848059393
1425705516983009283
1425705518178488320
1425705519629496325
1425705521617637376
1425705523047960577
1425705524440440833
1425705529297539075
1425705533273686018
1425705533990789123
1425705536591380481
1425705536964673536
1425705537832996865
1425705541796573184
1425705543604183040
1425705547622338565
1425705547773267972
1425705549333626881
1425705550856302593
1425705551799934978
1425705555767664640
1425705560649834498
1425705562667323395
1425705564940742659
1425705565620211720
1425705565771104257
1425705566400401408
1425705566555369474
1425705570166738947
1425705574298181632
1425705577284444162
1425705582212886529
1425705591884943364
1425705592425906178
1425705593927618563
1425705595101921289
1425705595957432320
1425705596565606405
1425705613376385026
1425705618007003136
1425705621731647489
1425705621802921984
1425705631990829056
1425705635371524100
1425705636650758150
1425705637900701700
1425705639997812738
1425705642052898818
1425705643630018560
1425705658578444290
1425705665289404416
1425705667294281731
1425705669055889411
1425705672629497856
1425705673602617344
1425705675859054592
1425705677427642370
1425705678174253058
1425705679428464640
1425705689356279810
1425705690509631497
1425705691361206275
1425705691399004162
1425705704392994821
1425705705823215616
1425705707169529857
1425705707232432134
1425705707580579842
1425705707828039682
1425705708146855936
1425705717265100807
1425705717814767621
1425705721006596096
1425705728514404352
1425705732058587138
1425705732171784192
1425705740132618244
1425705741080539142
1425705746415505414
1425705747225055233
1425705754800050185
1425705757924757504
1425705758788775939
1425705769186447360
1425705771292000266
1425705771757498368
1425705773053595651
1425705774475530242
1425705775100485632
1425705776669147138
1425705776987967489
1425705782448885760
1425705783367409664
1425705787972755456
1425705788438466564
1425705799809122310
1425705803923787776
1425705805274304513
1425705806905884673
1425705807358873600
1425705811209293824
1425705811435659267
1425705817647443968
1425705818083663876
1425705821447483407
1425705821837479943
1425705823704162304
1425705830872010753
1425705833527087104
1425705852254789639
1425705857757683714
1425705860035141639
1425705861163458562
1425705863239462912
1425705863046746112
1425705864535494656
1425705865634410496
1425705865856888832
1425705867018608643
1425705868461477890
1425705875176509443
1425705878435602432
1425705881077837824
1425705881518231553
1425705889135169541
1425705889260924932
1425705889147887622
1425705892197113857
1425705893161627650
1425705895355424780
1425705904402362370
1425705914309431296
1425705915982954499
1425705917400690690
1425705922077216774
1425705922970624001
1425705925168484353
1425705928993640456
1425705931489357828
1425705936186875904
1425705937378189312
1425705938204323846
1425705938250518529
1425705946421018628
1425705949076115457
1425705957615616004
1425705969909047300
1425705970576015361
1425705973369430017
1425705974296465411
1425705978733895681
1425705982643027972
1425705983930552326
1425705985155293188
1425705988686893059
1425705993082744835
1425705998031884288
1425706001785753610
1425706010799263756
1425706012393234438
1425706024816627713
1425706028004429826
1425706029761900547
1425706032899272704
1425706033029074946
1425706038536261633
1425706041564565504
1425706048115986438
1425706048359309316
1425706058631184388
1425706062070501376
1425706062733271043
1425706063727321094
1425706065585397764
1425706069007896581
1425706070857568258
1425706071138598913
1425706072115843073
1425706081276342272
1425706083469774851
1425706085361520645
1425706086250729474
1425706086552670208
1425706091719970818
1425706097243951107
1425706101396414469
1425706103992688643
1425706105787883527
1425706106840616965
1425706107113066501
1425706112175644675
1425706112955785217
1425706128529362944
1425706130630709249
1425706133864337408
1425706137861636096
1425706143511363589
1425706145080041473
1425706145101066241
1425706145424056321
1425706147030265857
1425706152688504837
1425706155649769474
1425706157780332545
1425706168022814727
1425706170799431686
1425706171080523780
1425706171860717569
1425706175023124482
1425706182090674180
1425706187228602371
1425706190022062081
1425706190747705344
1425706194535071745
1425706196946849792
1425706198582530049
1425706205498855427
1425706216907411458
1425706218279034884
1425706224490799105
1425706225405087750
1425706234934595585
1425706236197052419
1425706238504050690
1425706239229628421
1425706241251217409
1425706254555516938
1425706258003152899
1425706260289236993
1425706260318597120
1425706263342587905
1425706263527280641
1425706266161123329
1425706269701255173
1425706269814493187
1425706281885749249
1425706282653163523
1425706289183612928
1425706291939495937
1425706304753086465
1425706309748416514
1425706309895311370
1425706321286811649
1425706323744862212
1425706323673501696
1425706326101987329
1425706329256054793
1425706331097292802
1425706331462381572
1425706336260603909
1425706341444689925
1425706343613222912
1425706347375386627
1425706347748679687
1425706355420278784
1425706356414111744
1425706369479430151
1425706371299872771
1425706375888347148
1425706389666684931
1425706391503720448
1425706394355965953
1425706400005738496
1425706401335177218
1425706407085678595
1425706409035853834
1425706411992915968
1425706411908997120
1425706413310029826
1425706414065033216
1425706418406137856
1425706418754162689
1425706419102240769
1425706419173486599
1425706420570402818
1425706422365528070
1425706426035544067
1425706438618275843
1425706442644881409
1425706455231975427
1425706459266961410
1425706460068016129
1425706463800999937
1425706465457852419
1425706467726856195
1425706479244414979
1425706479840022532
1425706480301268997
1425706484952748034
1425706486060261380
1425706491063930883
1425706493052022785
1425706495379902464
1425706496944345093
1425706498353549314
1425706513348186112
1425706516255023104
1425706516439609345
1425706542314127365
1425706543291322376
1425706543509540864
1425706543966789639
1425706545182957572
1425706545174650885
1425706548458708993
1425706553378840580
1425706559775064066
1425706563503853575
1425706571305132033
1425706574475976707
1425706574828367878
1425706579127508995
1425706580771803136
1425706581208018945
1425706589202362371
1425706591056236545
1425706591970631680
1425706592175935489
1425706603974590465
1425706607480999936
1425706610421342210
1425706612342329345
1425706614766465029
1425706618184896519
1425706623389995008
1425706623373303811
1425706634572148736
1425706636618895367
1425706637260636168
1425706640729387009
1425706642721710081
1425706648530739200
1425706662812393475
1425706664485801984
1425706665136074756
1425706667358900224
1425706667178532870
1425706669334401024
1425706675089117188
1425706676649398274
1425706680575201280
1425706680969580549
1425706684454948865
1425706688494010370
1425706693535600641
1425706693829091337
1425706699797762050
1425706705606873091
1425706707829727233
1425706708358340608
1425706711071920131
1425706715656331269
1425706718432940036
1425706726662234119
1425706733423497217
1425706733410951170
1425706735499571202
1425706738515279873
1425706745318412288
1425706752557867013
1425706753765818369
1425706755254886402
1425706757557563394
1425706758480277506
1425706759843459072
1425706764964663296
1425706768374505472
1425706770735927296
1425706777337860098
1425706778256416771
1425706782459039746
1425706782647857153
1425706788758999040
1425706788872245249
1425706788872081415
1425706789044113409
1425706794303823875
1425706794408505346
1425706797902467072
1425706800876118018
1425706801257795587
1425706801396424704
1425706811974426625
1425706822388707329
1425706826692136971
1425706827401109505
1425706830144188416
1425706834049081344
1425706837073186821
1425706853208576008
1425706857537146884
1425706860007526405
1425706860317904897
1425706862855471109
1425706869432012805
1425706870925406210
1425706882908438532
1425706892085665792
1425706892790099968
1425706893637414917
1425706898263662592
1425706899761160195
1425706901191282696
1425706906224521216
1425706910322470916
1425706910544633861
1425706910712483842
1425706914638336002
1425706916471136257
1425706929456885762
1425706934217285632
1425706939669831686
1425706945860624391
1425706948725456898
1425706952365985792
1425706959085391872
1425706970602872832
1425706971240538117
1425706975455813637
1425706977317904395
1425706983349489668
1425706990748291077
1425706992589496323
1425706992648269831
1425706992698630147
1425706992908349444
1425706999082278914
1425707006137090051
1425707009362599936
1425707014001369089
1425707016593498112
1425707018396979203
1425707019776905216
1425707021395955712
1425707033228038146
1425707039276339204
1425707039175622657
1425707042799382536
1425707051070615558
1425707053444734977
1425707054614736898
1425707055483023364
1425707057408319493
1425707068862996482
1425707069852717062
1425707071228547078
1425707071509602307
1425707076253147137
1425707078006435844
1425707078694277122
1425707081546489860
1425707081600888832
1425707082632679425
1425707087724638208
1425707088345370628
1425707091646455813
1425707090581102597
1425707093722640384
1425707094485860352
1425707094674526210
1425707094741684225
1425707095043702790
1425707095173865472
1425707096507625472
1425707106183700481
1425707107207323651
1425707115671261190
1425707118766796803
1425707120327073793
1425707125901185027
1425707127306338304
1425707133476253702
1425707134117949442
1425707137091600387
1425707140086263814
1425707141478817800
1425707142246502403
1425707143236308994
1425707145757143041
1425707149053808645
1425707151415144451
1425707157018796033
1425707157710905346
1425707164664877057
1425707173091450882
1425707174567845889
1425707176044154880
1425707177608626176
1425707182251814913
1425707183409287171
1425707195627343875
1425707203151892481
1425707204884107270
1425707205685248007
1425707207690264577
1425707211188101123
1425707215646650374
1425707217311969283
1425707219279089666
1425707220495335431
1425707220843450377
1425707222948999171
1425707223422885888
1425707223632728064
1425707223200649216
1425707229160742912
1425707229257285632
1425707235221544961
1425707250069475331
1425707250891382790
1425707252338495497
1425707255270359042
1425707260567769097
1425707267026952199
1425707268708970497
1425707271707795456
1425707275868536834
1425707280784297990
1425707285175685128
1425707287654453254
1425707288933904387
1425707290783404034
1425707298471694337
1425707305073405953
1425707305320914945
1425707306470187010
1425707309536317440
1425707312120016903
1425707314988797958
1425707315689361410
1425707317031432194
1425707327831756800
1425707330063126528
1425707353245114369
1425707355648450560
1425707374707453955
1425707377945423875
1425707379178491906
1425707383616114688
1425707384391929856
1425707386770059267
1425707393162178561
1425707393149804548
1425707394311483399
1425707402121277443
1425707403677368327
1425707409394253827
1425707411394945028
1425707424871223299
1425707427173912578
1425707428293742596
1425707428193124354
1425707446270562304
1425707460682203136
1425707461277802499
1425707462032728066
1425707462607261699
1425707463383388160
1425707467514597378
1425707470215782403
1425707470299701251
1425707480156278785
1425707482668752898
1425707487626502148
1425707489572659205
1425707490193326084
1425707499110338560
1425707500104413185
1425707501769695234
1425707504332324864
1425707510325989378
1425707517049462785
1425707525144551427
1425707528848035846
1425707530328608768
1425707531293310976
1425707538964570112
1425707544287367171
1425707546212458499
1425707552969531394
1425707556635303940
1425707560229916672
1425707562725412864
1425707563526463496
1425707571155931137
1425707574918189062
1425707581335642113
1425707582417739776
1425707587014598664
1425707603582234627
1425707605305999361
1425707607793283073
1425707609122762758
1425707612276883458
1425707612977475586
1425707615590420482
1425707618199289856
1425707619302486018
1425707620120375298
1425707626575372292
1425707628232052736
1425707629850947585
1425707630610223105
1425707631876788227
1425707632317276164
1425707638696853508
1425707638994739204
1425707643189055488
1425707652324069377
1425707656392675333
1425707657416093697
1425707665771175936
1425707667063033860
1425707670951055362
1425707673085825024
1425707674054782982
1425707685241102338
1425707685987586051
1425707688906825733
1425707695420547078
1425707695437500421
1425707700667748352
1425707700944523264
1425707702878101508
1425707703217889280
1425707705382182919
1425707705746984960
1425707709081407491
1425707710390038535
1425707712843763717
1425707712856395776
1425707718505947140
1425707720963870721
1425707722926825474
1425707726177452032
1425707727389663236
1425707730313097221
1425707730388492293
1425707733345443840
1425707734364610562
1425707739217637379
1425707739280515081
1425707740777746432
1425707744938663937
1425707750089240577
1425707753859780608
1425707754748989444
1425707761518714881
1425707764614057984
1425707770410590211
1425707772369375233
1425707773451542533
1425707773069709314
1425707777167564804
1425707788081242112
1425707792376152067
1425707794452422660
1425707795119177732
1425707795207254026
1425707796071391235
1425707797631565825
1425707800366354435
1425707807035117572
1425707811045089284
1425707811669827588
1425707815583338498
1425707822004809730
1425707828447219713
1425707842976116737
1425707846507790338
1425707847401181187
1425707847858462721
1425707848147914754
1425707849330544643
1425707859061391361
1425707860520947712
1425707861225590789
1425707865323544576
1425707866711904258
1425707868137787395
1425707870071500803
1425707873129074689
1425707874047639556
1425707876539109382
1425707882281119746
1425707890006839299
1425707891399401473
1425707893421076485
1425707898303250435
1425707901159682053
1425707901570719746
1425707902543749125
1425707905970487297
1425707907681816576
1425707911049711616
1425707911540576257
1425707911603384326
1425707912551407616
1425707918171717632
1425707919740309509
1425707931312472064
1425707934357487621
1425707937788485636
1425707940456112139
1425707942079303683
1425707942888628224
1425707943979278339
1425707947678572574
1425707947737419777
1425707951176699907
1425707951415648257
1425707953064009728
1425707953382903811
1425707954410455041
1425707954624417800
1425707957669429251
1425707958210596865
1425707959712104450
1425707965042937859
1425707965617774592
1425707968293658626
1425707970919235594
1425707976086675457
1425707977504403464
1425707977777065984
1425707995661488131
1425707996529762308
1425708002510843904
1425708006214447104
1425708006675730432
1425708006868590592
1425708010094030858
1425708016305774595
1425708017597652992
1425708020361740291
1425708025734737920
1425708027215237120
1425708037915004929
1425708040188309506
1425708045418520576
1425708045674369028
1425708057670082562
1425708080344440835
1425708081887907840
1425708082009628675
1425708083343503369
1425708087105581061
1425708090813472768
1425708092294111237
1425708094122696707
1425708099097305090
1425708100087132160
1425708099533516804
1425708104071753732
1425708123919028227
1425708124250411010
1425708129912721414
1425708135734411266
1425708144387235843
1425708145578418177
1425708145645694976
1425708149009432576
1425708155594371078
1425708161407852544
1425708163026857984
1425708163098103808
1425708171495043072
1425708172875022336
1425708175819423745
1425708187102089217
1425708194291019776
1425708196589543425
1425708200368672771
1425708209193553920
1425708216004931590
1425708216512565249
1425708218508972032
1425708221835059206
1425708225668665349
1425708230584451074
1425708234334167045
1425708235907125248
1425708240470515712
1425708244270526464
1425708245453205507
1425708247714082818
1425708249970528256
1425708257272795140
1425708259793588224
1425708260460478468
1425708263446880261
1425708264017121284
1425708264910635008
1425708270543585284
1425708273395802116
1425708274867974147
1425708275023204354
1425708275035779073
1425708278097485829
1425708279796146181
1425708280169439236
1425708285500395524
1425708286834356226
1425708289636061184
1425708289845825536
1425708290709798914
1425708290714087426
1425708294346186754
1425708295227121665
1425708296485236738
1425708297764569090
1425708302252523528
1425708302441193477
1425708302478954497
1425708305825992708
1425708308787126272
1425708321126879233
1425708324604022785
1425708328559071236
1425708328781418499
1425708330140454918
1425708331470102534
1425708333412061188
1425708335739719686
1425708336385646594
1425708340751986691
1425708342211596291
1425708343109242880
1425708343000289281
1425708343016841223
1425708343402717190
1425708345927733249
1425708349509754882
1425708350415593473
1425708356073885699
1425708357990576128
1425708362272972804
1425708367591391236
1425708368841347072
1425708369789132801
1425708369852002306
1425708372440010756
1425708377313775618
1425708384729305091
1425708387644313612
1425708389192056834
1425708398440505345
1425708399434604545
1425708401430982656
1425708405470203905
1425708406413873152
1425708410960596994
1425708422461370370
1425708426173296648
1425708428438220800
1425708431126708225
1425708431864832001
1425708433676804103
1425708435903897604
1425708445349683202
1425708445529956352
1425708446100254724
1425708447023046657
1425708450231762944
1425708452370866177
1425708463297028100
1425708464177762306
1425708467877289988
1425708467936022533
1425708470964207616
1425708472281321472
1425708472189034502
1425708475217104899
1425708490534756360
1425708490648027136
1425708495781965831
1425708498281709572
1425708500613664777
1425708507077087235
1425708509979684868
1425708513070927875
1425708513217499137
1425708517231665157
1425708519471390726
1425708521291669506
1425708521438519296
1425708524873543680
1425708529780871168
1425708534612717570
1425708539369205760
1425708541986304005
1425708545689853952
1425708545752936454
1425708553587740674
1425708571812052993
1425708575914029056
1425708577776447488
1425708581987495940
1425708586617892867
1425708587347709952
1425708588635365381
1425708593173569540
1425708593215537158
1425708600966750211
1425708602250117123
1425708602204037120
1425708604204617728
1425708604066254853
1425708608839462912
1425708613943775232
1425708614161813507
1425708615780945921
1425708616179359744
1425708619060977665
1425708625058668546
1425708625658515456
1425708629437521928
1425708633791160325
1425708635275988995
1425708635368218626
1425708639357063176
1425708641932517377
1425708643547181056
1425708646462230529
1425708650702671872
1425708652804009990
1425708654653628421
1425708663851917315
1425708663931478024
1425708672928387076
1425708673599369223
1425708675306557442
1425708680318685185
1425708683284164609
1425708683917369345
1425708693253885952
1425708694403158017
1425708697599168513
1425708698190585857
1425708698299678722
1425708705878663170
1425708710425411587
1425708713030135811
1425708713676058626
1425708713558659072
1425708715852722178
1425708719455621127
1425708719912927234
1425708722471391234
1425708736052486145
1425708739722633219
1425708740137922563
1425708740217561095
1425708750149619713
1425708751391117320
1425708752376848388
1425708770517192711
1425708776838123524
1425708776963801097
1425708780570955778
1425708785704718341
1425708790733676555
1425708793107664900
1425708795766792205
1425708797520134147
1425708799055204357
1425708809209606145
1425708811306692609
1425708819175415809
1425708821238796288
1425708825546530820
1425708825974173702
1425708837470973954
1425708841727975433
1425708843116351494
1425708845419147264
1425708849466691586
1425708851878273026
1425708851999825922
1425708853107232774
1425708853384024073
1425708855930015749
1425708859809619975
1425708860397006848
1425708865493127173
1425708866331947010
1425708866151591937
1425708869049896967
1425708871218122755
1425708881993363456
1425708885273362435
1425708896115519493
1425708896883204096
1425708900335034371
1425708900586639360
1425708902319116288
1425708906852937733
1425708909273108486
1425708909201854467
1425708918173491204
1425708920618635269
1425708921608556545
1425708921575063554
1425708922321702912
1425708925995962369
1425708935844139009
1425708939472252930
1425708940516487170
1425708941028339716
1425708950352285706
1425708956689698818
1425708961546731521
1425708961836146691
1425708964038156290
1425708965753622532
1425708972116426754
1425708982807711744
1425708991578099713
1425708991829594112
1425708992119119872
1425708993100632070
1425708996523089923
1425708998691536898
1425709001019326474
1425709006094540802
1425709009630154752
1425709014436900873
1425709015623897089
1425709018614353920
1425709019663114243
1425709020678078466
1425709025295994881
1425709025627312140
1425709026403360769
1425709030777966596
1425709031901990917
1425709035723051008
1425709036964515840
1425709038189387780
1425709038298337281
1425709039804059651
1425709040705761280
1425709043990114306
1425709050818220036
1425709054723297286
1425709054656081921
1425709055847419907
1425709056258449411
1425709058615558147
1425709061790703624
1425709066807037955
1425709069105520641
1425709069852086274
1425709072951693313
1425709081625464837
1425709083848552450
1425709086075613188
1425709086566400002
1425709087434559493
1425709090043539456
1425709093948383234
1425709097165410306
1425709099463766025
1425709100701155333
1425709114701664259
1425709116098502656
1425709120041091073
1425709128412971011
1425709130526777345
1425709130422030336
1425709133609717760
1425709143957118978
1425709144376418305
1425709156414201858
1425709162315538435
1425709163171094530
1425709167755419654
1425709171219963917
1425709175879831554
1425709180481122310
1425709184360800259
1425709194511069185
1425709196905828365
1425709197702877184
1425709197493080064
1425709201108602881
1425709202853535746
1425709204241895425
1425709204510228480
1425709206146064386
1425709208880570371
1425709214635229184
1425709221748699136
1425709222713507842
1425709231546712065
1425709231995441153
1425709234000482307
1425709234231169025
1425709235619319812
1425709236424695816
1425709236693180416
1425709238039482372
1425709239423717376
1425709240207904770
1425709240895815683
1425709242384666637
1425709246113632256
1425709246327398404
1425709248009281538
1425709249611583493
1425709251691831296
1425709265868578816
1425709266799927297
1425709268859228163
1425709272722202625
1425709272801824774
1425709274827689988
1425709277713506306
1425709288207564803
1425709288274620424
1425709289826443266
1425709291495956480
1425709294335533057
1425709304087207936
1425709307954356226
1425709308390510604
1425709313205542915
1425709313335693312
1425709316749893634
1425709316926054404
1425709320302432262
1425709326098894851
1425709331652173824
1425709332306567174
1425709333548048390
1425709334932066307
1425709337570254848
1425709338522435588
1425709340242055168
1425709342158823425
1425709343589093381
1425709349683433475
1425709352124510211
1425709354502684672
1425709355706507265
1425709356876632073
1425709358889914368
1425709362438316032
1425709368243273729
1425709373477765123
1425709379110653953
1425709381916712964
1425709382054993921
1425709390133272581
1425709400627445760
1425709403496460290
1425709409985048576
1425709412421865473
1425709412761673728
1425709419338235909
1425709422161104896
1425709423490572288
1425709423566024710
1425709423637323777
1425709424841211907
1425709424958525447
1425709426774724608
1425709427630518272
1425709430528782340
1425709443250016262
1425709444143337476
1425709444495708164
1425709452930412550
1425709454729916416
1425709455031771136
1425709454918619138
1425709457913307136
1425709460534743045
1425709460828401667
1425709467585241088
1425709469003046912
1425709469615501313
1425709469527429123
1425709470525665281
1425709486564515842
1425709489177595908
1425709490008207365
1425709491295690756
1425709495095685125
1425709496379248643
1425709497260003328
1425709516855840771
1425709521205448706
1425709521930964992
1425709529099116544
1425709530076393474
1425709535184883712
1425709538087522308
1425709540318715906
1425709541585522688
1425709542764068865
1425709546660585475
1425709548271284224
1425709552935215105
1425709560631808003
1425709560954822656
1425709565077753856
1425709565530632192
1425709565887254538
1425709567342751747
1425709568965758981
1425709568835862528
1425709571847327745
1425709572568674308
1425709575592947714
1425709576993734659
1425709579392913412
1425709590096662532
1425709591359229952
1425709598602842112
1425709603753398278
1425709603795341314
1425709607184437250
1425709608065245187
1425709608178491392
1425709620392124416
1425709621579288576
1425709627707060230
1425709628273270784
1425709628789121027
1425709655930535937
1425709657910218759
1425709667632648198
1425709673697746944
1425709676730126336
1425709677485166600
1425709679611682816
1425709680739852289
1425709682862219268
1425709684145590279
1425709693725466625
1425709694593679365
1425709702797619203
1425709713988141057
1425709716362067970
1425709733034426368
1425709738268971009
1425709739376271369
1425709741175623688
1425709744409300993
1425709748184178690
1425709751686471680
1425709760544874498
1425709761295618050
1425709764353224704
1425709764932210693
1425709764936310789
1425709771739463688
1425709772502822917
1425709774205767681
1425709776131039237
1425709777217212420
1425709780233072643
1425709784007778307
1425709797576384516
1425709797882613761
1425709802064281603
1425709806564827136
1425709809358102535
1425709814722748419
1425709816421535745
1425709818015358977
1425709818526928896
1425709818552127488
1425709819160301570
1425709826840141825
1425709837665509376
1425709841562050568
1425709842942119939
1425709846305804290
1425709848579108864
1425709848881242114
1425709850248499203
1425709852102381573
1425709852911833090
1425709862688681987
1425709863141711878
1425709868942462976
1425709875074457601
1425709875628228610
1425709892887715840
1425709896109068294
1425709898617311233
1425709904258424836
1425709913343365123
1425709918133407744
1425709920482119683
1425709921589370880
1425709923975917571
1425709926354092032
1425709929583812608
1425709930120613889
1425709932511440897
1425709937485697032
1425709938240745473
1425709937850601472
1425709941181005825
1425709943529910272
1425709947157979136
1425709954204200964
1425709954976026624
1425709959497621505
1425709961225465858
1425709969102426119
1425709972025839618
1425709974764851203
1425709975691677701
1425709976065036292
1425709979730726914
1425709980397629445
1425709983593758721
1425709985728712705
1425709986617827330
1425709989138677761
1425709996147449861
1425710000475840516
1425710000807235586
1425710007295922176
1425710008704987136
1425710012836421632
1425710014509944837
1425710015441084427
1425710016384937984
1425710021753462788
1425710025868197888
1425710026316976133
1425710036450488323
1425710037100552192
1425710038023352320
1425710038790938625
1425710039646494724
1425710045128396803
1425710045782700037
1425710050044116995
1425710056419512323
1425710057921015815
1425710058168414208
1425710061045706753
1425710062601863173
1425710068792758274
1425710068947820549
1425710069736300548
1425710074543157250
1425710079047868417
1425710078955511813
1425710080171724806
1425710080767533058
1425710081115578368
1425710086333239299
1425710086484152323
1425710090703806464
1425710098417020932
1425710100921126914
1425710101143322624
1425710109095829509
1425710109125193729
1425710119396990980
1425710121372508161
1425710121565442049
1425710121858994179
1425710136237215744
1425710137679876096
1425710139789746179
1425710143539347466
1425710144470622210
1425710145942687749
1425710147654111235
1425710149478486018
1425710150136975366
1425710150799794179
1425710151881793536
1425710153668517891
1425710154373337088
1425710159746125827
1425710163000971265
1425710163005149186
1425710167081984003
1425710169762172932
1425710172488355845
1425710175655059459
1425710177915838466
1425710177991413760
1425710181481164804
1425710182915510275
1425710183473352705
1425710184425398273
1425710184706449408
1425710190616264707
1425710190813274119
1425710193300672512
1425710199231369219
1425710203476062210
1425710208404361216
1425710210019209222
1425710212053454849
1425710212778971136
1425710213483548676
1425710214859345921
1425710215073255424
1425710215832367105
1425710217715752960
1425710218546229250
1425710220479770624
1425710230126661632
1425710231372369921
1425710233104445441
1425710233926574085
1425710236728545287
1425710239127506946
1425710243376467969
1425710243594395650
1425710245456850944
1425710254415695873
1425710255959330820
1425710265497133058
1425710266126270468
1425710276356214787
1425710279883726848
1425710292302852097
1425710297474650118
1425710300217724928
1425710301744300032
1425710305812832258
1425710307968757763
1425710309231058945
1425710309818343434
1425710310036549633
1425710312104206343
1425710315753279493
1425710322896162819
1425710326075568132
1425710330756296704
1425710331280560134
1425710334413783043
1425710337412718594
1425710338205487105
1425710342244536322
1425710346514231303
1425710348628369411
1425710349488214017
1425710351723634690
1425710357377470469
1425710361597120517
1425710364470259719
1425710369381789696
1425710381276680198
1425710382539284480
1425710389363286022
1425710389556252685
1425710391259287554
1425710393578590211
1425710395562549252
1425710403481489411
1425710409571573760
1425710417972658178
1425710417930764288
1425710422183739393
1425710422263427072
1425710424842936327
1425710428496171010
1425710433269321730
1425710435852976128
1425710437929295872
1425710442991783942
1425710446057766915
1425710451107659777
1425710452139495424
1425710459227869186
1425710460947603458
1425710469822783493
1425710473677348864
1425710476722417668
1425710482925752322
1425710486855815168
1425710488256647168
1425710493344403456
1425710493797289985
1425710496104140805
1425710497807036416
1425710499933523970
1425710500730441734
1425710505973460996
1425710506409558017
1425710509542842368
1425710514890498048
1425710523761442816
1425710530166018052
1425710532275834881
1425710534385553414
1425710534909890566
1425710546326802434
1425710547643912197
1425710554421866499
1425710557970186243
1425710561526882309
1425710564882456576
1425710566497193984
1425710566736154634
1425710567449366537
1425710567969411075
1425710570708246530
1425710571278639106
1425710574688632837
1425710574873321472
1425710575636652032
1425710576827838465
1425710581219094528
1425710581726728192
1425710584859873282
1425710590098501635
1425710591130353665
1425710603704930309
1425710605651128329
1425710607882506243
1425710616644243457
1425710625221709826
1425710626190462983
1425710626609844229
1425710635829006344
1425710637464883208
1425710637922066435
1425710645899632640
1425710647338323971
1425710647849934856
1425710652388216834
1425710654711734272
1425710656796315651
1425710659610759174
1425710662454493184
1425710663658213377
1425710664220385281
1425710666568978433
1425710675851038729
1425710677314863106
1425710690803740678
1425710691630010375
1425710696524701699
1425710705647390723
1425710707035750407
1425710708159705090
1425710713306157057
1425710714702999553
1425710717089378309
1425710723775143941
1425710724760801284
1425710724890849282
1425710732641976324
1425710735531859968
1425710742418821121
1425710746067947522
1425710763952455686
1425710765764489217
1425710768574586880
1425710773448298500
1425710775100866560
1425710780255674372
1425710796336738307
1425710796902998018
1425710797250961411
1425710809821302784
1425710814355415045
1425710815089410053
1425710816762994689
1425710825252163592
1425710831023529986
1425710832697106436
1425710832822878212
1425710833355665410
1425710833993125891
1425710839114436618
1425710839185788932
1425710839877701634
1425710849113608192
1425710855853789184
1425710856986316802
1425710859725180930
1425710863403687936
1425710872005996548
1425710875063713794
1425710878746370055
1425710884907716614
1425710886212169732
1425710886824517633
1425710887982321668
1425710896425279490
1425710899835330567
1425710900837707776
1425710905858224128
1425710907158515713
1425710915152801792
1425710918588157952
1425710918793670659
1425710918609035267
1425710922660683779
1425710925852471308
1425710926737469440
1425710928717402114
1425710928738152449
1425710930432778240
1425710931296747525
1425710931280007168
1425710935893815298
1425710937202335751
1425710937475108871
1425710937584111616
1425710938620055553
1425710939064655872
1425710939626745861
1425710946157137920
1425710948652814336
1425710949755854851
1425710952415117312
1425710953358774275
1425710953816014850
1425710956840202241
1425710961407758338
1425710962351484928
1425710971218133006
1425710985780793347
1425710986057617413
1425710996220485633
1425711002084024326
1425711005120729094
1425711011265486849
1425711012871905283
1425711015690326019
1425711031695777797
1425711034829000704
1425711037777686532
1425711040197652483
1425711042731159553
1425711048464683008
1425711049668431873
1425711053351002120
1425711056035401734
1425711059319496705
1425711060007354371
1425711060204589056
1425711060695269377
1425711062284861440
1425711063778021380
1425711063912288257
1425711066022096899
1425711067649413120
1425711068215578632
1425711069712961540
1425711069754847234
1425711071189520384
1425711074163167235
1425711075752914946
1425711077648519169
1425711087534575623
1425711092920111104
1425711094127988742
1425711097810624519
1425711098020433923
1425711098561368067
1425711102021849096
1425711104194383876
1425711104353652742
1425711107419754503
1425711114407628801
1425711117934862338
1425711119969177605
1425711123706175492
1425711124704493571
1425711129175732224
1425711130069114883
1425711134406025218
1425711135324577794
1425711135857258505
1425711138235248641
1425711139388682246
1425711146678591489
1425711147651506176
1425711149589295106
1425711150763741187
1425711151967612929
1425711153859031050
1425711154890948609
1425711157617168384
1425711160377200644
1425711169499709440
1425711172561498115
1425711178257416192
1425711181570920451
1425711183739424771
1425711185458913283
1425711193503649792
1425711193767829508
1425711199379939336
1425711207483420679
1425711209500876802
1425711210205380611
1425711214978506757
1425711219676127242
1425711220603211776
1425711221672660992
1425711222851260417
1425711231747428357
1425711242602287106
1425711246633062401
1425711247694065665
1425711253272551425
1425711254383980544
1425711255428296707
1425711269676421121
1425711286512349186
1425711289607786497
1425711300714409985
1425711304904429571
1425711304703021062
1425711309530619917
1425711309748723716
1425711310587584516
1425711311434833921
1425711312722669568
1425711314089938947
1425711314412969985
1425711315709014017
1425711318481481728
1425711319597129728
1425711321916461056
1425711322688282624
1425711323095068678
1425711324097482757
1425711325926371330
1425711330732937224
1425711339088011268
1425711342334496768
1425711342338592769
1425711343076876293
1425711351469682692
1425711351817719809
1425711353210179586
1425711361061965824
1425711361057861636
1425711362022445066
1425711365746954243
1425711370050363394
1425711372088725504
1425711372764069889
1425711376136237062
1425711377298173955
1425711381651902471
1425711384222830599
1425711386030710784
1425711389687967747
1425711389671260161
1425711399133761536
1425711404145942530
1425711407685849088
1425711408100958209
1425711409925697537
1425711412748324867
1425711413352353796
1425711419799056384
1425711421975900161
1425711423162765312
1425711424773312516
1425711426354565125
1425711432398557189
1425711439575195648
1425711446860738565
1425711446864760837
1425711446873182209
1425711450417352705
1425711451142909954
1425711452019740680
1425711453911371779
1425711471904894976
1425711483770519552
1425711485645430791
1425711499968909312
1425711501411819524
1425711501755654146
1425711504310034432
1425711514414166022
1425711514992857093
1425711515751968775
1425711518147043331
1425711519443021832
1425711519526965249
1425711522576228353
1425711533812686851
1425711534504914944
1425711536647983105
1425711537553952768
1425711540670373891
1425711543300227072
1425711548140560391
1425711552322174980
1425711559205064704
1425711562610798594
1425711564653572097
1425711568675753986
1425711569543917571
1425711572572327940
1425711575818670084
1425711582550532098
1425711583108419584
1425711584920412162
1425711585658556417
1425711585830576129
1425711586157768708
1425711587357118467
1425711588301021184
1425711597096509443
1425711599034187776
1425711601965932544
1425711607196180480
1425711610077851648
1425711611738742793
1425711619477147648
1425711619737366535
1425711620613804039
1425711628973117442
1425711630499807238
1425711631548534787
1425711632378998788
1425711641488883712
1425711641505714179
1425711647776288776
1425711659298000896
1425711661520928776
1425711663693668352
1425711666889584640
1425711667292348425
1425711677597786117
1425711677882998785
1425711682920144909
1425711688758677508
1425711693250891777
1425711694597300233
1425711696459485189
1425711703346479104
1425711704994979841
1425711708128022529
1425711710149783556
1425711711923838979
1425711712901152774
1425711713542832131
1425711718710267905
1425711726725640195
1425711726729699330
1425711732878712835
1425711735969828869
1425711745348227076
1425711753065734145
1425711753619382272
1425711761886523394
1425711769155260419
1425711769427841026
1425711776830693379
1425711779829534729
1425711781561909249
1425711783285825539
1425711785676509192
1425711788419657730
1425711790990798851
1425711797235900416
1425711798477496328
1425711800453062658
1425711800998408194
1425711802029993993
1425711803401740288
1425711805008171009
1425711805486206977
1425711811437944834
1425711817049903107
1425711820891820032
1425711824532606979
1425711824389935108
1425711826134728715
1425711835928350728
1425711840571674626
1425711841561522177
1425711842203029510
1425711844602392576
1425711847492100096
1425711854203113477
1425711854651944961
1425711863828996099
1425711867356454912
1425711869898072068
1425711871068315649
1425711875711455233
1425711876999155712
1425711881554124801
1425711882820796423
1425711885618384899
1425711887841439750
1425711893818355717
1425711898323038209
1425711898910085120
1425711900759715841
1425711915507011584
1425711917939580931
1425711929495068675
1425711930568814592
1425711932653244416
1425711939209019392
1425711939489959939
1425711941973012488
1425711944535838722
1425711949631737858
1425711949870940162
1425711956644798468
1425711961317249026
1425711967310946304
1425711972637679619
1425711974030082055
1425711975435177992
1425711994917867526
1425711996842958849
1425711997513912325
1425712002048028675
1425712003100946433
1425712003444842497
1425712010445135874
1425712018217181188
1425712019387428867
1425712023539703808
1425712025997496323
1425712028979712002
1425712030015754247
1425712029860388870
1425712033165549568
1425712041554321411
1425712042627854337
1425712051297652740
1425712055009513472
1425712056066580480
1425712059212255235
1425712067256807427
1425712071195471873
1425712073443581955
1425712078954901510
1425712080590495745
1425712082087911425
1425712082364796930
1425712084373835784
1425712087016386567
1425712087142068239
1425712094763175939
1425712105118965763
1425712107471872005
1425712107924992000
1425712109204037634
1425712114988044293
1425712119438143492
1425712129584283650
1425712134059696128
1425712139914948608
1425712143542935553
1425712144021180416
1425712144591507462
1425712152950853633
1425712155282665473
1425712159988887552
1425712163772006402
1425712172051599362
1425712171745378304
1425712172894756865
1425712175142813696
1425712176514228224
1425712176757628930
1425712180574388225
1425712184219246597
1425712185951539201
1425712186660380675
1425712189764034569
1425712192939122690
1425712194038161409
1425712194419892227
1425712194608672768
1425712203404128258
1425712205455142915
1425712206554058756
1425712209297133570
1425712212551905281
1425712216741924868
1425712224916545536
1425712226908786690
1425712228272070664
1425712233359712261
1425712234282504193
1425712237906378752
1425712239089176577
1425712241853272068
1425712250514382851
1425712252842295300
1425712253450473477
1425712255723659268
1425712262661120001
1425712264821235714
1425712267887214597
1425712269518950403
1425712272177987585
1425712273662873604
1425712274099085312
1425712277546749959
1425712280700850180
1425712281082548225
1425712286719614982
1425712292214280193
1425712294374297604
1425712295653560323
1425712296454594560
1425712297075298305
1425712298786709505
1425712303001976833
1425712303907999746
1425712306185412610
1425712308844597250
1425712315316330506
1425712315995987970
1425712318722232320
1425712325802303489
1425712326578036738
1425712326775250946
1425712332748042242
1425712339869790208
1425712347352547330
1425712347738345478
1425712351270084610
1425712357657960453
1425712363664072710
1425712365321035776
1425712366902079488
1425712371587174404
1425712372770029573
1425712379476721668
1425712382018478083
1425712390365188096
1425712390386200576
1425712399391330304
1425712400360148993
1425712400435613696
1425712401379434497
1425712414473871367
1425712414868217863
1425712415552020482
1425712415732387843
1425712418680942592
1425712421973499910
1425712427530952713
1425712429942534147
1425712435638546433
1425712450247274497
1425712452013072388
1425712454256914434
1425712459759894530
1425712466198102017
1425712472552525826
1425712476453212163
1425712481578668034
1425712488612605953
1425712490978086917
1425712495616987136
1425712497567309824
1425712500188848128
1425712501644316677
1425712504559181835
1425712505666613249
1425712505964224515
1425712515540000768
1425712517314007050
1425712521638461445
1425712527888027648
1425712529817227269
1425712530190741507
1425712531604074499
1425712534481522688
1425712535395717126
1425712535840428032
1425712537358585858
1425712539099410433
1425712540181467136
1425712542589071360
1425712547882315776
1425712553045360641
1425712555670994944
1425712570560831488
1425712572284629000
1425712574109143041
1425712577376489473
1425712582518657025
1425712584393596928
1425712585182167040
1425712584959877123
1425712585886900224
1425712597723144192
1425712607114276869
1425712617423781891
1425712617717444611
1425712621139886080
1425712621840322561
1425712623337754632
1425712627171352584
1425712630073724930
1425712631994896390
1425712636235325444
1425712636612722689
1425712646859329536
1425712648251920389
1425712649275207680
1425712651804413961
1425712658020511744
1425712671559585793
1425712675644973061
1425712677263843330
1425712688001216512
1425712690752753666
1425712690970902529
1425712692581568516
1425712694078754824
1425712700349423621
1425712706192093188
1425712706393280518
1425712710432460806
1425712710780473345
1425712712680546306
1425712713552957442
1425712716728184833
1425712720037376004
1425712726983204865
1425712734755164165
1425712735166210049
1425712741885562883
1425712744129449985
1425712747585675265
1425712753805824002
1425712758394400770
1425712759568748544
1425712761963642886
1425712766212460548
1425712770004045824
1425712780758462464
1425712781312110592
1425712785917452288
1425712789465624584
1425712789923016705
1425712790946336770
1425712791772557316
1425712797619560451
1425712798634500097
1425712800522018816
1425712813125865475
1425712813184622595
1425712816691023877
1425712817097691144
1425712817122938885
1425712820084162561
1425712823003500544
1425712828426592257
1425712832906149889
1425712835401748481
1425712838010605572
1425712838828445698
1425712841819136000
1425712845233270785
1425712851780526080
1425712856289345541
1425712858185314307
1425712859611209733
1425712860869533705
1425712862584922114
1425712866758258690
1425712875130302464
1425712875226734596
1425712875646095364
1425712877751603200
1425712881543303168
1425712894474285060
1425712895422201859
1425712895875174406
1425712903106203648
1425712907812179969
1425712908458250242
1425712909234151425
1425712919476584450
1425712919644446724
1425712921993269250
1425712923872161797
1425712925013053441
1425712933695213568
1425712934106271754
1425712937235193859
1425712939118518279
1425712948392103939
1425712950229143552
1425712954041794563
1425712954247352322
1425712955887427585
1425712957028110342
1425712957019738114
1425712958793998340
1425712958995378177
1425712962661199873
1425712964758163465
1425712968478728193
1425712983561412609
1425712983687192582
1425712993673699334
1425712998400860160
1425713000107872257
1425713021062729728
1425713022304092165
1425713024464146433
1425713030038376452
1425713030193500163
1425713038099992577
1425713040859693057
1425713041056833539
1425713042625503233
1425713045498732546
1425713046773649411
1425713054675767298
1425713055149830145
1425713055569170435
1425713056634400770
1425713063760568321
1425713070802968577
1425713072442855427
1425713078616924160
1425713078704824322
1425713102239141889
1425713104906858501
1425713108333498369
1425713110107627523
1425713118710218757
1425713123638530048
1425713126494846979
1425713131276357632
1425713137425149955
1425713138733883394
1425713139648245764
1425713141468499973
1425713141841678342
1425713143301345286
1425713143313887234
1425713145331453953
1425713145981521921
1425713146732466176
1425713147537551364
1425713151350394883
1425713156538519557
1425713167309713410
1425713167343054851
1425713168278605824
1425713171663314945
1425713175069089795
1425713175161307144
1425713179233980417
1425713179968118792
1425713180504772616
1425713181322739718
1425713184338444295
1425713184141361153
1425713193209450499
1425713196753592320
1425713199077281802
1425713199370752002
1425713200000024584
1425713213790769153
1425713214457847811
1425713214449491971
1425713220942245888
1425713225161711617
1425713228860977152
1425713236599623682
1425713247085228034
1425713258971996164
1425713259206877184
1425713263107469312
1425713268883038210
1425713269206093829
1425713271328284676
1425713272813023234
1425713276860571652
1425713277607170049
1425713277540122625
1425713281516281862
1425713286406975489
1425713287442878465
1425713296955478016
1425713300436766723
1425713304199065602
1425713305373478914
1425713306267013121
1425713311031627778
1425713314047270912
1425713316203089921
1425713322507202563
1425713323916550144
1425713327930548225
1425713330140950530
1425713332787441664
1425713334561624064
1425713335371243522
1425713341838864385
1425713342878990336
1425713343491297283
1425713346657935363
1425713347542929408
1425713348038045701
1425713350952980481
1425713353117274113
1425713363368087555
1425713376588611594
1425713378358489092
1425713382267637772
1425713384482344972
1425713386692644864
1425713391939702788
1425713396935106562
1425713400022175745
1425713399971958785
1425713401293115400
1425713403713265664
1425713408880615429
1425713411179098114
1425713412349300740
1425713412789649408
1425713414555410433
1425713416073797633
1425713422377709577
1425713423409553413
1425713424076529669
1425713437280116747
1425713439897489410
1425713441604571137
1425713449091403780
1425713450416803840
1425713455059726341
1425713455290540033
1425713456766988289
1425713460248125444
1425713465281245184
1425713465327427591
1425713472382259200
1425713477004537858
1425713499104112640
1425713500345806854
1425713505387225096
1425713506012123137
1425713508734291970
1425713510302961666
1425713515172532230
1425713516288282625
1425713516615438336
1425713526329339904
1425713530662178822
1425713532658671624
1425713536487989256
1425713539738738690
1425713541542158339
1425713544759332866
1425713551302438912
1425713555387473924
1425713555534487555
1425713556318670848
1425713560009670657
1425713561867804672
1425713566523482120
1425713568087937026
1425713580121411586
1425713587859775491
1425713589210525697
1425713594444963843
1425713605320736769
1425713606977536001
1425713608512638976
1425713611352256513
1425713614707646472
1425713616033038340
1425713633015713795
1425713634689396740
1425713636861825030
1425713637784707072
